0.25000 0.00000000
0.25400 0.01678151
0.25800 0.03300585
0.26200 0.04869224
0.26600 0.06385926
0.27000 0.07852485
0.27400 0.09270636
0.27800 0.10642049
0.28200 0.11968341
0.28600 0.13251067
0.29000 0.14491730
0.29400 0.15691777
0.29800 0.16852605
0.30200 0.17975558
0.30600 0.19061935
0.31000 0.20112984
0.31400 0.21129911
0.31800 0.22113874
0.32200 0.23065993
0.32600 0.23987344
0.33000 0.24878965
0.33400 0.25741855
0.33800 0.26576979
0.34200 0.27385263
0.34600 0.28167602
0.35000 0.28924858
0.35400 0.29657860
0.35800 0.30367409
0.36200 0.31054274
0.36600 0.31719200
0.37000 0.32362902
0.37400 0.32986069
0.37800 0.33589369
0.38200 0.34173441
0.38600 0.34738905
0.39000 0.35286357
0.39400 0.35816371
0.39800 0.36329503
0.40200 0.36826287
0.40600 0.37307240
0.41000 0.37772860
0.41400 0.38223627
0.41800 0.38660004
0.42200 0.39082440
0.42600 0.39491367
0.43000 0.39887201
0.43400 0.40270345
0.43800 0.40641188
0.44200 0.41000105
0.44600 0.41347460
0.45000 0.41683603
0.45400 0.42008872
0.45800 0.42323595
0.46200 0.42628087
0.46600 0.42922654
0.47000 0.43207592
0.47400 0.43483187
0.47800 0.43749713
0.48200 0.44007439
0.48600 0.44256623
0.49000 0.44497514
0.49400 0.44730354
0.49800 0.44955378
0.50200 0.45172811
0.50600 0.45382872
0.51000 0.45585773
0.51400 0.45781721
0.51800 0.45970912
0.52200 0.46153541
0.52600 0.46329792
0.53000 0.46499847
0.53400 0.46663881
0.53800 0.46822062
0.54200 0.46974555
0.54600 0.47121519
0.55000 0.47263108
0.55400 0.47399472
0.55800 0.47530755
0.56200 0.47657098
0.56600 0.47778636
0.57000 0.47895503
0.57400 0.48007825
0.57800 0.48115728
0.58200 0.48219332
0.58600 0.48318753
0.59000 0.48414105
0.59400 0.48505499
0.59800 0.48593040
0.60200 0.48676833
0.60600 0.48756979
0.61000 0.48833575
0.61400 0.48906716
0.61800 0.48976495
0.62200 0.49043000
0.62600 0.49106319
0.63000 0.49166536
0.63400 0.49223734
0.63800 0.49277992
0.64200 0.49329387
0.64600 0.49377995
0.65000 0.49423889
0.65400 0.49467140
0.65800 0.49507817
0.66200 0.49545988
0.66600 0.49581718
0.67000 0.49615070
0.67400 0.49646106
0.67800 0.49674886
0.68200 0.49701469
0.68600 0.49725912
0.69000 0.49748270
0.69400 0.49768597
0.69800 0.49786944
0.70200 0.49803364
0.70600 0.49817906
0.71000 0.49830618
0.71400 0.49841546
0.71800 0.49850738
0.72200 0.49858236
0.72600 0.49864086
0.73000 0.49868328
0.73400 0.49871004
0.73800 0.49872154
0.74200 0.49871818
0.74600 0.49870032
0.75000 0.49866834
0.75400 0.49862260
0.75800 0.49856346
0.76200 0.49849125
0.76600 0.49840630
0.77000 0.49830895
0.77400 0.49819950
0.77800 0.49807828
0.78200 0.49794557
0.78600 0.49780167
0.79000 0.49764686
0.79400 0.49748144
0.79800 0.49730565
0.80200 0.49711978
0.80600 0.49692408
0.81000 0.49671881
0.81400 0.49650419
0.81800 0.49628049
0.82200 0.49604792
0.82600 0.49580673
0.83000 0.49555712
0.83400 0.49529932
0.83800 0.49503354
0.84200 0.49475998
0.84600 0.49447886
0.85000 0.49419035
0.85400 0.49389466
0.85800 0.49359197
0.86200 0.49328246
0.86600 0.49296632
0.87000 0.49264371
0.87400 0.49231481
0.87800 0.49197978
0.88200 0.49163878
0.88600 0.49129198
0.89000 0.49093952
0.89400 0.49058156
0.89800 0.49021824
0.90200 0.48984971
0.90600 0.48947611
0.91000 0.48909757
0.91400 0.48871423
0.91800 0.48832621
0.92200 0.48793365
0.92600 0.48753668
0.93000 0.48713540
0.93400 0.48672995
0.93800 0.48632043
0.94200 0.48590696
0.94600 0.48548966
0.95000 0.48506862
0.95400 0.48464396
0.95800 0.48421577
0.96200 0.48378417
0.96600 0.48334924
0.97000 0.48291109
0.97400 0.48246981
0.97800 0.48202548
0.98200 0.48157821
0.98600 0.48112808
0.99000 0.48067517
0.99400 0.48021956
0.99800 0.47976135
1.00200 0.47930061
1.00600 0.47883742
1.01000 0.47837185
1.01400 0.47790399
1.01800 0.47743389
1.02200 0.47696165
1.02600 0.47648732
1.03000 0.47601097
1.03400 0.47553267
1.03800 0.47505249
1.04200 0.47457048
1.04600 0.47408672
1.05000 0.47360127
1.05400 0.47311417
1.05800 0.47262550
1.06200 0.47213531
1.06600 0.47164365
1.07000 0.47115058
1.07400 0.47065615
1.07800 0.47016042
1.08200 0.46966343
1.08600 0.46916524
1.09000 0.46866590
1.09400 0.46816544
1.09800 0.46766393
1.10200 0.46716140
1.10600 0.46665790
1.11000 0.46615347
1.11400 0.46564815
1.11800 0.46514200
1.12200 0.46463504
1.12600 0.46412732
1.13000 0.46361888
1.13400 0.46310975
1.13800 0.46259998
1.14200 0.46208960
1.14600 0.46157864
1.15000 0.46106714
1.15400 0.46055513
1.15800 0.46004266
1.16200 0.45952974
1.16600 0.45901641
1.17000 0.45850271
1.17400 0.45798866
1.17800 0.45747430
1.18200 0.45695965
1.18600 0.45644474
1.19000 0.45592960
1.19400 0.45541426
1.19800 0.45489874
1.20200 0.45438307
1.20600 0.45386728
1.21000 0.45335138
1.21400 0.45283542
1.21800 0.45231940
1.22200 0.45180335
1.22600 0.45128730
1.23000 0.45077126
1.23400 0.45025526
1.23800 0.44973933
1.24200 0.44922347
1.24600 0.44870772
1.25000 0.44819209
1.25400 0.44767660
1.25800 0.44716127
1.26200 0.44664612
1.26600 0.44613117
1.27000 0.44561643
1.27400 0.44510192
1.27800 0.44458767
1.28200 0.44407368
1.28600 0.44355997
1.29000 0.44304656
1.29400 0.44253346
1.29800 0.44202069
1.30200 0.44150827
1.30600 0.44099620
1.31000 0.44048450
1.31400 0.43997319
1.31800 0.43946228
1.32200 0.43895179
1.32600 0.43844172
1.33000 0.43793208
1.33400 0.43742290
1.33800 0.43691418
1.34200 0.43640593
1.34600 0.43589817
1.35000 0.43539090
1.35400 0.43488415
1.35800 0.43437791
1.36200 0.43387219
1.36600 0.43336702
1.37000 0.43286240
1.37400 0.43235833
1.37800 0.43185483
1.38200 0.43135191
1.38600 0.43084957
1.39000 0.43034783
1.39400 0.42984669
1.39800 0.42934616
1.40200 0.42884625
1.40600 0.42834697
1.41000 0.42784832
1.41400 0.42735032
1.41800 0.42685296
1.42200 0.42635626
1.42600 0.42586023
1.43000 0.42536486
1.43400 0.42487017
1.43800 0.42437617
1.44200 0.42388285
1.44600 0.42339023
1.45000 0.42289831
1.45400 0.42240710
1.45800 0.42191660
1.46200 0.42142682
1.46600 0.42093777
1.47000 0.42044944
1.47400 0.41996184
1.47800 0.41947499
1.48200 0.41898888
1.48600 0.41850351
1.49000 0.41801890
1.49400 0.41753504
1.49800 0.41705195
1.50200 0.41656962
1.50600 0.41608805
1.51000 0.41560726
1.51400 0.41512725
1.51800 0.41464802
1.52200 0.41416957
1.52600 0.41369190
1.53000 0.41321503
1.53400 0.41273895
1.53800 0.41226366
1.54200 0.41178917
1.54600 0.41131549
1.55000 0.41084261
1.55400 0.41037054
1.55800 0.40989927
1.56200 0.40942882
1.56600 0.40895918
1.57000 0.40849036
1.57400 0.40802236
1.57800 0.40755518
1.58200 0.40708882
1.58600 0.40662329
1.59000 0.40615858
1.59400 0.40569471
1.59800 0.40523166
1.60200 0.40476944
1.60600 0.40430806
1.61000 0.40384752
1.61400 0.40338780
1.61800 0.40292893
1.62200 0.40247090
1.62600 0.40201370
1.63000 0.40155735
1.63400 0.40110184
1.63800 0.40064717
1.64200 0.40019334
1.64600 0.39974036
1.65000 0.39928823
1.65400 0.39883694
1.65800 0.39838650
1.66200 0.39793691
1.66600 0.39748817
1.67000 0.39704027
1.67400 0.39659323
1.67800 0.39614703
1.68200 0.39570169
1.68600 0.39525719
1.69000 0.39481355
1.69400 0.39437076
1.69800 0.39392881
1.70200 0.39348773
1.70600 0.39304749
1.71000 0.39260810
1.71400 0.39216956
1.71800 0.39173188
1.72200 0.39129505
1.72600 0.39085907
1.73000 0.39042394
1.73400 0.38998966
1.73800 0.38955623
1.74200 0.38912366
1.74600 0.38869193
1.75000 0.38826105
1.75400 0.38783102
1.75800 0.38740185
1.76200 0.38697352
1.76600 0.38654603
1.77000 0.38611940
1.77400 0.38569361
1.77800 0.38526867
1.78200 0.38484458
1.78600 0.38442133
1.79000 0.38399892
1.79400 0.38357736
1.79800 0.38315665
1.80200 0.38273677
1.80600 0.38231774
1.81000 0.38189955
1.81400 0.38148220
1.81800 0.38106569
1.82200 0.38065001
1.82600 0.38023518
1.83000 0.37982118
1.83400 0.37940801
1.83800 0.37899569
1.84200 0.37858419
1.84600 0.37817353
1.85000 0.37776370
1.85400 0.37735470
1.85800 0.37694653
1.86200 0.37653919
1.86600 0.37613268
1.87000 0.37572699
1.87400 0.37532213
1.87800 0.37491809
1.88200 0.37451488
1.88600 0.37411249
1.89000 0.37371092
1.89400 0.37331016
1.89800 0.37291023
1.90200 0.37251111
1.90600 0.37211281
1.91000 0.37171533
1.91400 0.37131865
1.91800 0.37092279
1.92200 0.37052774
1.92600 0.37013350
1.93000 0.36974007
1.93400 0.36934744
1.93800 0.36895562
1.94200 0.36856460
1.94600 0.36817439
1.95000 0.36778497
1.95400 0.36739636
1.95800 0.36700854
1.96200 0.36662152
1.96600 0.36623530
1.97000 0.36584987
1.97400 0.36546523
1.97800 0.36508138
1.98200 0.36469833
1.98600 0.36431606
1.99000 0.36393458
1.99400 0.36355388
1.99800 0.36317397
2.00200 0.36279483
2.00600 0.36241648
2.01000 0.36203891
2.01400 0.36166212
2.01800 0.36128610
2.02200 0.36091086
2.02600 0.36053639
2.03000 0.36016269
2.03400 0.35978976
2.03800 0.35941759
2.04200 0.35904620
2.04600 0.35867557
2.05000 0.35830570
2.05400 0.35793660
2.05800 0.35756826
2.06200 0.35720067
2.06600 0.35683384
2.07000 0.35646777
2.07400 0.35610245
2.07800 0.35573788
2.08200 0.35537407
2.08600 0.35501100
2.09000 0.35464868
2.09400 0.35428710
2.09800 0.35392627
2.10200 0.35356619
2.10600 0.35320684
2.11000 0.35284823
2.11400 0.35249036
2.11800 0.35213323
2.12200 0.35177683
2.12600 0.35142116
2.13000 0.35106622
2.13400 0.35071202
2.13800 0.35035854
2.14200 0.35000578
2.14600 0.34965375
2.15000 0.34930245
2.15400 0.34895186
2.15800 0.34860199
2.16200 0.34825285
2.16600 0.34790441
2.17000 0.34755670
2.17400 0.34720969
2.17800 0.34686339
2.18200 0.34651781
2.18600 0.34617293
2.19000 0.34582876
2.19400 0.34548529
2.19800 0.34514253
2.20200 0.34480046
2.20600 0.34445910
2.21000 0.34411843
2.21400 0.34377846
2.21800 0.34343919
2.22200 0.34310060
2.22600 0.34276271
2.23000 0.34242551
2.23400 0.34208899
2.23800 0.34175316
2.24200 0.34141802
2.24600 0.34108355
2.25000 0.34074977
2.25400 0.34041667
2.25800 0.34008424
2.26200 0.33975249
2.26600 0.33942142
2.27000 0.33909102
2.27400 0.33876129
2.27800 0.33843223
2.28200 0.33810383
2.28600 0.33777611
2.29000 0.33744904
2.29400 0.33712264
2.29800 0.33679690
2.30200 0.33647182
2.30600 0.33614740
2.31000 0.33582364
2.31400 0.33550052
2.31800 0.33517807
2.32200 0.33485626
2.32600 0.33453510
2.33000 0.33421459
2.33400 0.33389473
2.33800 0.33357551
2.34200 0.33325694
2.34600 0.33293900
2.35000 0.33262171
2.35400 0.33230506
2.35800 0.33198904
2.36200 0.33167365
2.36600 0.33135890
2.37000 0.33104479
2.37400 0.33073130
2.37800 0.33041844
2.38200 0.33010621
2.38600 0.32979460
2.39000 0.32948362
2.39400 0.32917325
2.39800 0.32886351
2.40200 0.32855439
2.40600 0.32824589
2.41000 0.32793800
2.41400 0.32763073
2.41800 0.32732407
2.42200 0.32701802
2.42600 0.32671258
2.43000 0.32640775
2.43400 0.32610352
2.43800 0.32579990
2.44200 0.32549688
2.44600 0.32519447
2.45000 0.32489265
2.45400 0.32459143
2.45800 0.32429081
2.46200 0.32399079
2.46600 0.32369136
2.47000 0.32339252
2.47400 0.32309427
2.47800 0.32279662
2.48200 0.32249955
2.48600 0.32220306
2.49000 0.32190717
2.49400 0.32161185
2.49800 0.32131712
2.50200 0.32102297
2.50600 0.32072939
2.51000 0.32043640
2.51400 0.32014397
2.51800 0.31985213
2.52200 0.31956085
2.52600 0.31927015
2.53000 0.31898002
2.53400 0.31869045
2.53800 0.31840146
2.54200 0.31811302
2.54600 0.31782516
2.55000 0.31753785
2.55400 0.31725111
2.55800 0.31696492
2.56200 0.31667929
2.56600 0.31639422
2.57000 0.31610971
2.57400 0.31582574
2.57800 0.31554233
2.58200 0.31525948
2.58600 0.31497717
2.59000 0.31469540
2.59400 0.31441419
2.59800 0.31413352
2.60200 0.31385339
2.60600 0.31357381
2.61000 0.31329476
2.61400 0.31301626
2.61800 0.31273829
2.62200 0.31246086
2.62600 0.31218397
2.63000 0.31190761
2.63400 0.31163178
2.63800 0.31135648
2.64200 0.31108171
2.64600 0.31080747
2.65000 0.31053376
2.65400 0.31026057
2.65800 0.30998791
2.66200 0.30971576
2.66600 0.30944414
2.67000 0.30917304
2.67400 0.30890246
2.67800 0.30863240
2.68200 0.30836285
2.68600 0.30809382
2.69000 0.30782529
2.69400 0.30755729
2.69800 0.30728979
2.70200 0.30702280
2.70600 0.30675631
2.71000 0.30649034
2.71400 0.30622487
2.71800 0.30595990
2.72200 0.30569544
2.72600 0.30543148
2.73000 0.30516801
2.73400 0.30490505
2.73800 0.30464258
2.74200 0.30438061
2.74600 0.30411913
2.75000 0.30385815
2.75400 0.30359766
2.75800 0.30333766
2.76200 0.30307815
2.76600 0.30281912
2.77000 0.30256059
2.77400 0.30230254
2.77800 0.30204497
2.78200 0.30178789
2.78600 0.30153129
2.79000 0.30127517
2.79400 0.30101953
2.79800 0.30076437
2.80200 0.30050968
2.80600 0.30025547
2.81000 0.30000173
2.81400 0.29974847
2.81800 0.29949568
2.82200 0.29924336
2.82600 0.29899151
2.83000 0.29874013
2.83400 0.29848921
2.83800 0.29823876
2.84200 0.29798878
2.84600 0.29773925
2.85000 0.29749019
2.85400 0.29724160
2.85800 0.29699346
2.86200 0.29674578
2.86600 0.29649855
2.87000 0.29625179
2.87400 0.29600547
2.87800 0.29575962
2.88200 0.29551421
2.88600 0.29526926
2.89000 0.29502475
2.89400 0.29478070
2.89800 0.29453709
2.90200 0.29429393
2.90600 0.29405122
2.91000 0.29380895
2.91400 0.29356712
2.91800 0.29332574
2.92200 0.29308480
2.92600 0.29284429
2.93000 0.29260423
2.93400 0.29236460
2.93800 0.29212541
2.94200 0.29188666
2.94600 0.29164834
2.95000 0.29141045
2.95400 0.29117299
2.95800 0.29093597
2.96200 0.29069937
2.96600 0.29046321
2.97000 0.29022747
2.97400 0.28999216
2.97800 0.28975727
2.98200 0.28952281
2.98600 0.28928877
2.99000 0.28905515
2.99400 0.28882196
2.99800 0.28858918
3.00200 0.28835682
3.00600 0.28812488
3.01000 0.28789336
3.01400 0.28766226
3.01800 0.28743156
3.02200 0.28720128
3.02600 0.28697142
3.03000 0.28674196
3.03400 0.28651292
3.03800 0.28628428
3.04200 0.28605605
3.04600 0.28582823
3.05000 0.28560082
3.05400 0.28537381
3.05800 0.28514721
3.06200 0.28492101
3.06600 0.28469521
3.07000 0.28446981
3.07400 0.28424481
3.07800 0.28402021
3.08200 0.28379601
3.08600 0.28357220
3.09000 0.28334880
3.09400 0.28312578
3.09800 0.28290316
3.10200 0.28268094
3.10600 0.28245910
3.11000 0.28223766
3.11400 0.28201660
3.11800 0.28179594
3.12200 0.28157566
3.12600 0.28135577
3.13000 0.28113627
3.13400 0.28091715
3.13800 0.28069841
3.14200 0.28048006
3.14600 0.28026209
3.15000 0.28004450
3.15400 0.27982729
3.15800 0.27961046
3.16200 0.27939401
3.16600 0.27917794
3.17000 0.27896224
3.17400 0.27874692
3.17800 0.27853197
3.18200 0.27831740
3.18600 0.27810320
3.19000 0.27788937
3.19400 0.27767591
3.19800 0.27746282
3.20200 0.27725010
3.20600 0.27703775
3.21000 0.27682576
3.21400 0.27661415
3.21800 0.27640289
3.22200 0.27619200
3.22600 0.27598148
3.23000 0.27577131
3.23400 0.27556151
3.23800 0.27535207
3.24200 0.27514299
3.24600 0.27493426
3.25000 0.27472590
3.25400 0.27451789
3.25800 0.27431024
3.26200 0.27410294
3.26600 0.27389600
3.27000 0.27368941
3.27400 0.27348318
3.27800 0.27327730
3.28200 0.27307176
3.28600 0.27286658
3.29000 0.27266175
3.29400 0.27245726
3.29800 0.27225312
3.30200 0.27204933
3.30600 0.27184589
3.31000 0.27164278
3.31400 0.27144003
3.31800 0.27123761
3.32200 0.27103554
3.32600 0.27083381
3.33000 0.27063242
3.33400 0.27043137
3.33800 0.27023066
3.34200 0.27003029
3.34600 0.26983026
3.35000 0.26963056
3.35400 0.26943120
3.35800 0.26923217
3.36200 0.26903347
3.36600 0.26883511
3.37000 0.26863708
3.37400 0.26843939
3.37800 0.26824202
3.38200 0.26804498
3.38600 0.26784828
3.39000 0.26765190
3.39400 0.26745585
3.39800 0.26726012
3.40200 0.26706472
3.40600 0.26686965
3.41000 0.26667490
3.41400 0.26648048
3.41800 0.26628637
3.42200 0.26609259
3.42600 0.26589913
3.43000 0.26570599
3.43400 0.26551317
3.43800 0.26532067
3.44200 0.26512849
3.44600 0.26493662
3.45000 0.26474508
3.45400 0.26455384
3.45800 0.26436292
3.46200 0.26417232
3.46600 0.26398203
3.47000 0.26379205
3.47400 0.26360239
3.47800 0.26341303
3.48200 0.26322399
3.48600 0.26303525
3.49000 0.26284683
3.49400 0.26265871
3.49800 0.26247090
3.50200 0.26228340
3.50600 0.26209620
3.51000 0.26190931
3.51400 0.26172272
3.51800 0.26153644
3.52200 0.26135046
3.52600 0.26116478
3.53000 0.26097941
3.53400 0.26079433
3.53800 0.26060956
3.54200 0.26042508
3.54600 0.26024091
3.55000 0.26005703
3.55400 0.25987345
3.55800 0.25969016
3.56200 0.25950717
3.56600 0.25932448
3.57000 0.25914208
3.57400 0.25895998
3.57800 0.25877817
3.58200 0.25859665
3.58600 0.25841542
3.59000 0.25823448
3.59400 0.25805384
3.59800 0.25787348
3.60200 0.25769341
3.60600 0.25751363
3.61000 0.25733414
3.61400 0.25715494
3.61800 0.25697602
3.62200 0.25679739
3.62600 0.25661904
3.63000 0.25644097
3.63400 0.25626319
3.63800 0.25608570
3.64200 0.25590848
3.64600 0.25573155
3.65000 0.25555490
3.65400 0.25537852
3.65800 0.25520243
3.66200 0.25502662
3.66600 0.25485108
3.67000 0.25467582
3.67400 0.25450084
3.67800 0.25432614
3.68200 0.25415171
3.68600 0.25397756
3.69000 0.25380368
3.69400 0.25363007
3.69800 0.25345674
3.70200 0.25328368
3.70600 0.25311089
3.71000 0.25293838
3.71400 0.25276613
3.71800 0.25259415
3.72200 0.25242245
3.72600 0.25225101
3.73000 0.25207984
3.73400 0.25190894
3.73800 0.25173830
3.74200 0.25156793
3.74600 0.25139783
3.75000 0.25122799
3.75400 0.25105842
3.75800 0.25088911
3.76200 0.25072006
3.76600 0.25055127
3.77000 0.25038275
3.77400 0.25021449
3.77800 0.25004649
3.78200 0.24987875
3.78600 0.24971127
3.79000 0.24954404
3.79400 0.24937708
3.79800 0.24921038
3.80200 0.24904393
3.80600 0.24887773
3.81000 0.24871180
3.81400 0.24854612
3.81800 0.24838069
3.82200 0.24821552
3.82600 0.24805060
3.83000 0.24788594
3.83400 0.24772152
3.83800 0.24755736
3.84200 0.24739346
3.84600 0.24722980
3.85000 0.24706639
3.85400 0.24690323
3.85800 0.24674032
3.86200 0.24657766
3.86600 0.24641525
3.87000 0.24625308
3.87400 0.24609116
3.87800 0.24592949
3.88200 0.24576806
3.88600 0.24560688
3.89000 0.24544595
3.89400 0.24528525
3.89800 0.24512480
3.90200 0.24496460
3.90600 0.24480463
3.91000 0.24464491
3.91400 0.24448543
3.91800 0.24432619
3.92200 0.24416719
3.92600 0.24400843
3.93000 0.24384991
3.93400 0.24369163
3.93800 0.24353358
3.94200 0.24337578
3.94600 0.24321821
3.95000 0.24306087
3.95400 0.24290378
3.95800 0.24274691
3.96200 0.24259029
3.96600 0.24243389
3.97000 0.24227774
3.97400 0.24212181
3.97800 0.24196612
3.98200 0.24181066
3.98600 0.24165543
3.99000 0.24150043
3.99400 0.24134566
3.99800 0.24119113
4.00200 0.24103682
4.00600 0.24088274
4.01000 0.24072890
4.01400 0.24057527
4.01800 0.24042188
4.02200 0.24026872
4.02600 0.24011578
4.03000 0.23996306
4.03400 0.23981058
4.03800 0.23965831
4.04200 0.23950628
4.04600 0.23935446
4.05000 0.23920287
4.05400 0.23905151
4.05800 0.23890036
4.06200 0.23874944
4.06600 0.23859874
4.07000 0.23844826
4.07400 0.23829801
4.07800 0.23814797
4.08200 0.23799815
4.08600 0.23784855
4.09000 0.23769917
4.09400 0.23755001
4.09800 0.23740107
4.10200 0.23725234
4.10600 0.23710383
4.11000 0.23695554
4.11400 0.23680746
4.11800 0.23665960
4.12200 0.23651196
4.12600 0.23636453
4.13000 0.23621731
4.13400 0.23607030
4.13800 0.23592351
4.14200 0.23577694
4.14600 0.23563057
4.15000 0.23548442
4.15400 0.23533847
4.15800 0.23519274
4.16200 0.23504722
4.16600 0.23490191
4.17000 0.23475681
4.17400 0.23461191
4.17800 0.23446723
4.18200 0.23432275
4.18600 0.23417848
4.19000 0.23403442
4.19400 0.23389057
4.19800 0.23374692
4.20200 0.23360348
4.20600 0.23346024
4.21000 0.23331721
4.21400 0.23317438
4.21800 0.23303176
4.22200 0.23288934
4.22600 0.23274712
4.23000 0.23260511
4.23400 0.23246330
4.23800 0.23232169
4.24200 0.23218028
4.24600 0.23203908
4.25000 0.23189807
4.25400 0.23175727
4.25800 0.23161666
4.26200 0.23147625
4.26600 0.23133605
4.27000 0.23119604
4.27400 0.23105623
4.27800 0.23091662
4.28200 0.23077720
4.28600 0.23063798
4.29000 0.23049896
4.29400 0.23036013
4.29800 0.23022150
4.30200 0.23008307
4.30600 0.22994483
4.31000 0.22980678
4.31400 0.22966893
4.31800 0.22953127
4.32200 0.22939380
4.32600 0.22925653
4.33000 0.22911945
4.33400 0.22898256
4.33800 0.22884586
4.34200 0.22870936
4.34600 0.22857304
4.35000 0.22843692
4.35400 0.22830098
4.35800 0.22816524
4.36200 0.22802968
4.36600 0.22789431
4.37000 0.22775913
4.37400 0.22762414
4.37800 0.22748934
4.38200 0.22735472
4.38600 0.22722029
4.39000 0.22708605
4.39400 0.22695199
4.39800 0.22681812
4.40200 0.22668443
4.40600 0.22655093
4.41000 0.22641761
4.41400 0.22628448
4.41800 0.22615153
4.42200 0.22601876
4.42600 0.22588618
4.43000 0.22575378
4.43400 0.22562156
4.43800 0.22548952
4.44200 0.22535766
4.44600 0.22522599
4.45000 0.22509449
4.45400 0.22496318
4.45800 0.22483205
4.46200 0.22470109
4.46600 0.22457032
4.47000 0.22443972
4.47400 0.22430930
4.47800 0.22417906
4.48200 0.22404900
4.48600 0.22391911
4.49000 0.22378941
4.49400 0.22365987
4.49800 0.22353052
4.50200 0.22340134
4.50600 0.22327233
4.51000 0.22314351
4.51400 0.22301485
4.51800 0.22288637
4.52200 0.22275807
4.52600 0.22262993
4.53000 0.22250198
4.53400 0.22237419
4.53800 0.22224658
4.54200 0.22211914
4.54600 0.22199187
4.55000 0.22186477
4.55400 0.22173784
4.55800 0.22161109
4.56200 0.22148450
4.56600 0.22135809
4.57000 0.22123185
4.57400 0.22110577
4.57800 0.22097987
4.58200 0.22085413
4.58600 0.22072856
4.59000 0.22060316
4.59400 0.22047793
4.59800 0.22035286
4.60200 0.22022796
4.60600 0.22010323
4.61000 0.21997867
4.61400 0.21985427
4.61800 0.21973004
4.62200 0.21960597
4.62600 0.21948207
4.63000 0.21935833
4.63400 0.21923476
4.63800 0.21911135
4.64200 0.21898810
4.64600 0.21886502
4.65000 0.21874210
4.65400 0.21861935
4.65800 0.21849676
4.66200 0.21837432
4.66600 0.21825206
4.67000 0.21812995
4.67400 0.21800800
4.67800 0.21788622
4.68200 0.21776459
4.68600 0.21764313
4.69000 0.21752182
4.69400 0.21740068
4.69800 0.21727969
4.70200 0.21715886
4.70600 0.21703819
4.71000 0.21691768
4.71400 0.21679733
4.71800 0.21667714
4.72200 0.21655710
4.72600 0.21643722
4.73000 0.21631750
4.73400 0.21619793
4.73800 0.21607852
4.74200 0.21595927
4.74600 0.21584017
4.75000 0.21572122
4.75400 0.21560243
4.75800 0.21548380
4.76200 0.21536532
4.76600 0.21524699
4.77000 0.21512882
4.77400 0.21501080
4.77800 0.21489293
4.78200 0.21477522
4.78600 0.21465766
4.79000 0.21454025
4.79400 0.21442299
4.79800 0.21430589
4.80200 0.21418893
4.80600 0.21407213
4.81000 0.21395548
4.81400 0.21383898
4.81800 0.21372263
4.82200 0.21360642
4.82600 0.21349037
4.83000 0.21337447
4.83400 0.21325871
4.83800 0.21314311
4.84200 0.21302765
4.84600 0.21291234
4.85000 0.21279718
4.85400 0.21268217
4.85800 0.21256730
4.86200 0.21245258
4.86600 0.21233801
4.87000 0.21222358
4.87400 0.21210930
4.87800 0.21199517
4.88200 0.21188118
4.88600 0.21176733
4.89000 0.21165363
4.89400 0.21154008
4.89800 0.21142667
4.90200 0.21131340
4.90600 0.21120028
4.91000 0.21108730
4.91400 0.21097447
4.91800 0.21086177
4.92200 0.21074922
4.92600 0.21063682
4.93000 0.21052455
4.93400 0.21041243
4.93800 0.21030045
4.94200 0.21018861
4.94600 0.21007691
4.95000 0.20996535
4.95400 0.20985393
4.95800 0.20974266
4.96200 0.20963152
4.96600 0.20952052
4.97000 0.20940966
4.97400 0.20929894
4.97800 0.20918836
4.98200 0.20907792
4.98600 0.20896762
4.99000 0.20885745
4.99400 0.20874743
4.99800 0.20863754
5.00200 0.20852779
5.00600 0.20841817
5.01000 0.20830869
5.01400 0.20819935
5.01800 0.20809015
5.02200 0.20798108
5.02600 0.20787215
5.03000 0.20776335
5.03400 0.20765469
5.03800 0.20754616
5.04200 0.20743777
5.04600 0.20732951
5.05000 0.20722138
5.05400 0.20711340
5.05800 0.20700554
5.06200 0.20689782
5.06600 0.20679023
5.07000 0.20668277
5.07400 0.20657545
5.07800 0.20646826
5.08200 0.20636120
5.08600 0.20625427
5.09000 0.20614748
5.09400 0.20604082
5.09800 0.20593428
5.10200 0.20582788
5.10600 0.20572161
5.11000 0.20561547
5.11400 0.20550946
5.11800 0.20540358
5.12200 0.20529784
5.12600 0.20519222
5.13000 0.20508673
5.13400 0.20498136
5.13800 0.20487613
5.14200 0.20477103
5.14600 0.20466605
5.15000 0.20456120
5.15400 0.20445648
5.15800 0.20435189
5.16200 0.20424743
5.16600 0.20414309
5.17000 0.20403888
5.17400 0.20393480
5.17800 0.20383084
5.18200 0.20372701
5.18600 0.20362330
5.19000 0.20351973
5.19400 0.20341627
5.19800 0.20331294
5.20200 0.20320974
5.20600 0.20310666
5.21000 0.20300371
5.21400 0.20290088
5.21800 0.20279817
5.22200 0.20269559
5.22600 0.20259313
5.23000 0.20249080
5.23400 0.20238859
5.23800 0.20228650
5.24200 0.20218454
5.24600 0.20208269
5.25000 0.20198097
5.25400 0.20187938
5.25800 0.20177790
5.26200 0.20167655
5.26600 0.20157531
5.27000 0.20147420
5.27400 0.20137321
5.27800 0.20127234
5.28200 0.20117159
5.28600 0.20107096
5.29000 0.20097045
5.29400 0.20087006
5.29800 0.20076979
5.30200 0.20066964
5.30600 0.20056961
5.31000 0.20046970
5.31400 0.20036991
5.31800 0.20027024
5.32200 0.20017068
5.32600 0.20007124
5.33000 0.19997192
5.33400 0.19987272
5.33800 0.19977364
5.34200 0.19967467
5.34600 0.19957582
5.35000 0.19947709
5.35400 0.19937847
5.35800 0.19927997
5.36200 0.19918159
5.36600 0.19908332
5.37000 0.19898517
5.37400 0.19888713
5.37800 0.19878921
5.38200 0.19869141
5.38600 0.19859372
5.39000 0.19849614
5.39400 0.19839868
5.39800 0.19830133
5.40200 0.19820410
5.40600 0.19810698
5.41000 0.19800998
5.41400 0.19791309
5.41800 0.19781631
5.42200 0.19771965
5.42600 0.19762309
5.43000 0.19752666
5.43400 0.19743033
5.43800 0.19733412
5.44200 0.19723801
5.44600 0.19714202
5.45000 0.19704615
5.45400 0.19695038
5.45800 0.19685473
5.46200 0.19675918
5.46600 0.19666375
5.47000 0.19656843
5.47400 0.19647322
5.47800 0.19637812
5.48200 0.19628312
5.48600 0.19618824
5.49000 0.19609347
5.49400 0.19599881
5.49800 0.19590426
5.50200 0.19580982
5.50600 0.19571548
5.51000 0.19562126
5.51400 0.19552714
5.51800 0.19543313
5.52200 0.19533924
5.52600 0.19524544
5.53000 0.19515176
5.53400 0.19505818
5.53800 0.19496472
5.54200 0.19487136
5.54600 0.19477810
5.55000 0.19468495
5.55400 0.19459191
5.55800 0.19449898
5.56200 0.19440615
5.56600 0.19431343
5.57000 0.19422082
5.57400 0.19412831
5.57800 0.19403590
5.58200 0.19394361
5.58600 0.19385141
5.59000 0.19375933
5.59400 0.19366734
5.59800 0.19357546
5.60200 0.19348369
5.60600 0.19339202
5.61000 0.19330046
5.61400 0.19320899
5.61800 0.19311764
5.62200 0.19302638
5.62600 0.19293523
5.63000 0.19284419
5.63400 0.19275324
5.63800 0.19266240
5.64200 0.19257166
5.64600 0.19248103
5.65000 0.19239049
5.65400 0.19230006
5.65800 0.19220973
5.66200 0.19211950
5.66600 0.19202938
5.67000 0.19193935
5.67400 0.19184943
5.67800 0.19175961
5.68200 0.19166989
5.68600 0.19158027
5.69000 0.19149075
5.69400 0.19140133
5.69800 0.19131201
5.70200 0.19122279
5.70600 0.19113367
5.71000 0.19104466
5.71400 0.19095574
5.71800 0.19086692
5.72200 0.19077820
5.72600 0.19068957
5.73000 0.19060105
5.73400 0.19051263
5.73800 0.19042430
5.74200 0.19033607
5.74600 0.19024795
5.75000 0.19015991
5.75400 0.19007198
5.75800 0.18998415
5.76200 0.18989641
5.76600 0.18980877
5.77000 0.18972123
5.77400 0.18963378
5.77800 0.18954643
5.78200 0.18945918
5.78600 0.18937202
5.79000 0.18928496
5.79400 0.18919800
5.79800 0.18911113
5.80200 0.18902436
5.80600 0.18893769
5.81000 0.18885111
5.81400 0.18876462
5.81800 0.18867823
5.82200 0.18859194
5.82600 0.18850574
5.83000 0.18841964
5.83400 0.18833363
5.83800 0.18824771
5.84200 0.18816189
5.84600 0.18807616
5.85000 0.18799053
5.85400 0.18790499
5.85800 0.18781955
5.86200 0.18773419
5.86600 0.18764894
5.87000 0.18756377
5.87400 0.18747870
5.87800 0.18739372
5.88200 0.18730883
5.88600 0.18722404
5.89000 0.18713934
5.89400 0.18705473
5.89800 0.18697021
5.90200 0.18688579
5.90600 0.18680145
5.91000 0.18671721
5.91400 0.18663306
5.91800 0.18654900
5.92200 0.18646503
5.92600 0.18638116
5.93000 0.18629737
5.93400 0.18621368
5.93800 0.18613007
5.94200 0.18604656
5.94600 0.18596313
5.95000 0.18587980
5.95400 0.18579656
5.95800 0.18571340
5.96200 0.18563034
5.96600 0.18554736
5.97000 0.18546448
5.97400 0.18538168
5.97800 0.18529897
5.98200 0.18521636
5.98600 0.18513383
5.99000 0.18505139
5.99400 0.18496903
5.99800 0.18488677
6.00200 0.18480460
6.00600 0.18472251
6.01000 0.18464051
6.01400 0.18455860
6.01800 0.18447677
6.02200 0.18439504
6.02600 0.18431339
6.03000 0.18423182
6.03400 0.18415035
6.03800 0.18406896
6.04200 0.18398766
6.04600 0.18390644
6.05000 0.18382532
6.05400 0.18374427
6.05800 0.18366332
6.06200 0.18358245
6.06600 0.18350167
6.07000 0.18342097
6.07400 0.18334036
6.07800 0.18325983
6.08200 0.18317939
6.08600 0.18309903
6.09000 0.18301876
6.09400 0.18293857
6.09800 0.18285847
6.10200 0.18277846
6.10600 0.18269852
6.11000 0.18261868
6.11400 0.18253891
6.11800 0.18245923
6.12200 0.18237964
6.12600 0.18230013
6.13000 0.18222070
6.13400 0.18214135
6.13800 0.18206209
6.14200 0.18198291
6.14600 0.18190382
6.15000 0.18182481
6.15400 0.18174588
6.15800 0.18166703
6.16200 0.18158827
6.16600 0.18150959
6.17000 0.18143099
6.17400 0.18135248
6.17800 0.18127404
6.18200 0.18119569
6.18600 0.18111742
6.19000 0.18103923
6.19400 0.18096112
6.19800 0.18088310
6.20200 0.18080515
6.20600 0.18072729
6.21000 0.18064951
6.21400 0.18057181
6.21800 0.18049419
6.22200 0.18041665
6.22600 0.18033919
6.23000 0.18026181
6.23400 0.18018451
6.23800 0.18010729
6.24200 0.18003016
6.24600 0.17995310
6.25000 0.17987612
6.25400 0.17979922
6.25800 0.17972240
6.26200 0.17964566
6.26600 0.17956900
6.27000 0.17949242
6.27400 0.17941591
6.27800 0.17933949
6.28200 0.17926315
6.28600 0.17918688
6.29000 0.17911069
6.29400 0.17903458
6.29800 0.17895855
6.30200 0.17888260
6.30600 0.17880672
6.31000 0.17873092
6.31400 0.17865520
6.31800 0.17857956
6.32200 0.17850400
6.32600 0.17842851
6.33000 0.17835310
6.33400 0.17827777
6.33800 0.17820251
6.34200 0.17812733
6.34600 0.17805223
6.35000 0.17797721
6.35400 0.17790226
6.35800 0.17782738
6.36200 0.17775259
6.36600 0.17767787
6.37000 0.17760322
6.37400 0.17752866
6.37800 0.17745416
6.38200 0.17737975
6.38600 0.17730541
6.39000 0.17723114
6.39400 0.17715695
6.39800 0.17708284
6.40200 0.17700880
6.40600 0.17693483
6.41000 0.17686094
6.41400 0.17678713
6.41800 0.17671338
6.42200 0.17663972
6.42600 0.17656613
6.43000 0.17649261
6.43400 0.17641917
6.43800 0.17634580
6.44200 0.17627250
6.44600 0.17619928
6.45000 0.17612613
6.45400 0.17605306
6.45800 0.17598006
6.46200 0.17590713
6.46600 0.17583428
6.47000 0.17576149
6.47400 0.17568879
6.47800 0.17561615
6.48200 0.17554359
6.48600 0.17547110
6.49000 0.17539868
6.49400 0.17532634
6.49800 0.17525407
6.50200 0.17518187
6.50600 0.17510974
6.51000 0.17503768
6.51400 0.17496570
6.51800 0.17489379
6.52200 0.17482194
6.52600 0.17475018
6.53000 0.17467848
6.53400 0.17460685
6.53800 0.17453530
6.54200 0.17446381
6.54600 0.17439240
6.55000 0.17432106
6.55400 0.17424979
6.55800 0.17417859
6.56200 0.17410746
6.56600 0.17403640
6.57000 0.17396541
6.57400 0.17389449
6.57800 0.17382364
6.58200 0.17375286
6.58600 0.17368215
6.59000 0.17361152
6.59400 0.17354095
6.59800 0.17347045
6.60200 0.17340002
6.60600 0.17332966
6.61000 0.17325936
6.61400 0.17318914
6.61800 0.17311899
6.62200 0.17304891
6.62600 0.17297889
6.63000 0.17290894
6.63400 0.17283907
6.63800 0.17276926
6.64200 0.17269952
6.64600 0.17262984
6.65000 0.17256024
6.65400 0.17249070
6.65800 0.17242124
6.66200 0.17235184
6.66600 0.17228250
6.67000 0.17221324
6.67400 0.17214404
6.67800 0.17207491
6.68200 0.17200585
6.68600 0.17193686
6.69000 0.17186793
6.69400 0.17179907
6.69800 0.17173028
6.70200 0.17166155
6.70600 0.17159289
6.71000 0.17152430
6.71400 0.17145577
6.71800 0.17138731
6.72200 0.17131892
6.72600 0.17125059
6.73000 0.17118233
6.73400 0.17111414
6.73800 0.17104601
6.74200 0.17097794
6.74600 0.17090995
6.75000 0.17084202
6.75400 0.17077415
6.75800 0.17070635
6.76200 0.17063862
6.76600 0.17057095
6.77000 0.17050334
6.77400 0.17043580
6.77800 0.17036833
6.78200 0.17030092
6.78600 0.17023358
6.79000 0.17016630
6.79400 0.17009908
6.79800 0.17003193
6.80200 0.16996485
6.80600 0.16989783
6.81000 0.16983087
6.81400 0.16976398
6.81800 0.16969715
6.82200 0.16963038
6.82600 0.16956368
6.83000 0.16949704
6.83400 0.16943047
6.83800 0.16936396
6.84200 0.16929751
6.84600 0.16923113
6.85000 0.16916481
6.85400 0.16909855
6.85800 0.16903236
6.86200 0.16896623
6.86600 0.16890016
6.87000 0.16883416
6.87400 0.16876822
6.87800 0.16870234
6.88200 0.16863652
6.88600 0.16857077
6.89000 0.16850508
6.89400 0.16843945
6.89800 0.16837388
6.90200 0.16830837
6.90600 0.16824293
6.91000 0.16817755
6.91400 0.16811223
6.91800 0.16804697
6.92200 0.16798178
6.92600 0.16791664
6.93000 0.16785157
6.93400 0.16778656
6.93800 0.16772161
6.94200 0.16765672
6.94600 0.16759189
6.95000 0.16752712
6.95400 0.16746242
6.95800 0.16739777
6.96200 0.16733319
6.96600 0.16726866
6.97000 0.16720420
6.97400 0.16713980
6.97800 0.16707545
6.98200 0.16701117
6.98600 0.16694695
6.99000 0.16688279
6.99400 0.16681869
6.99800 0.16675465
7.00200 0.16669066
7.00600 0.16662674
7.01000 0.16656288
7.01400 0.16649908
7.01800 0.16643533
7.02200 0.16637165
7.02600 0.16630803
7.03000 0.16624446
7.03400 0.16618096
7.03800 0.16611751
7.04200 0.16605412
7.04600 0.16599079
7.05000 0.16592752
7.05400 0.16586431
7.05800 0.16580116
7.06200 0.16573806
7.06600 0.16567503
7.07000 0.16561205
7.07400 0.16554913
7.07800 0.16548627
7.08200 0.16542347
7.08600 0.16536073
7.09000 0.16529804
7.09400 0.16523541
7.09800 0.16517284
7.10200 0.16511033
7.10600 0.16504787
7.11000 0.16498548
7.11400 0.16492314
7.11800 0.16486085
7.12200 0.16479863
7.12600 0.16473646
7.13000 0.16467435
7.13400 0.16461230
7.13800 0.16455030
7.14200 0.16448836
7.14600 0.16442648
7.15000 0.16436465
7.15400 0.16430288
7.15800 0.16424117
7.16200 0.16417951
7.16600 0.16411791
7.17000 0.16405637
7.17400 0.16399488
7.17800 0.16393345
7.18200 0.16387207
7.18600 0.16381075
7.19000 0.16374949
7.19400 0.16368828
7.19800 0.16362713
7.20200 0.16356604
7.20600 0.16350500
7.21000 0.16344401
7.21400 0.16338308
7.21800 0.16332221
7.22200 0.16326139
7.22600 0.16320063
7.23000 0.16313992
7.23400 0.16307927
7.23800 0.16301867
7.24200 0.16295813
7.24600 0.16289764
7.25000 0.16283721
7.25400 0.16277683
7.25800 0.16271651
7.26200 0.16265624
7.26600 0.16259602
7.27000 0.16253586
7.27400 0.16247575
7.27800 0.16241570
7.28200 0.16235571
7.28600 0.16229576
7.29000 0.16223587
7.29400 0.16217604
7.29800 0.16211625
7.30200 0.16205653
7.30600 0.16199685
7.31000 0.16193723
7.31400 0.16187766
7.31800 0.16181815
7.32200 0.16175869
7.32600 0.16169928
7.33000 0.16163993
7.33400 0.16158063
7.33800 0.16152138
7.34200 0.16146219
7.34600 0.16140305
7.35000 0.16134396
7.35400 0.16128492
7.35800 0.16122594
7.36200 0.16116701
7.36600 0.16110813
7.37000 0.16104931
7.37400 0.16099054
7.37800 0.16093182
7.38200 0.16087315
7.38600 0.16081453
7.39000 0.16075597
7.39400 0.16069746
7.39800 0.16063900
7.40200 0.16058059
7.40600 0.16052223
7.41000 0.16046393
7.41400 0.16040568
7.41800 0.16034748
7.42200 0.16028933
7.42600 0.16023123
7.43000 0.16017319
7.43400 0.16011519
7.43800 0.16005725
7.44200 0.15999936
7.44600 0.15994151
7.45000 0.15988372
7.45400 0.15982599
7.45800 0.15976830
7.46200 0.15971066
7.46600 0.15965308
7.47000 0.15959554
7.47400 0.15953806
7.47800 0.15948062
7.48200 0.15942324
7.48600 0.15936590
7.49000 0.15930862
7.49400 0.15925139
7.49800 0.15919421
7.50200 0.15913707
7.50600 0.15907999
7.51000 0.15902296
7.51400 0.15896598
7.51800 0.15890905
7.52200 0.15885216
7.52600 0.15879533
7.53000 0.15873855
7.53400 0.15868182
7.53800 0.15862513
7.54200 0.15856850
7.54600 0.15851191
7.55000 0.15845538
7.55400 0.15839889
7.55800 0.15834246
7.56200 0.15828607
7.56600 0.15822973
7.57000 0.15817344
7.57400 0.15811720
7.57800 0.15806101
7.58200 0.15800487
7.58600 0.15794877
7.59000 0.15789273
7.59400 0.15783673
7.59800 0.15778078
7.60200 0.15772488
7.60600 0.15766903
7.61000 0.15761323
7.61400 0.15755747
7.61800 0.15750177
7.62200 0.15744611
7.62600 0.15739050
7.63000 0.15733494
7.63400 0.15727942
7.63800 0.15722396
7.64200 0.15716854
7.64600 0.15711317
7.65000 0.15705785
7.65400 0.15700257
7.65800 0.15694734
7.66200 0.15689216
7.66600 0.15683703
7.67000 0.15678195
7.67400 0.15672691
7.67800 0.15667192
7.68200 0.15661697
7.68600 0.15656208
7.69000 0.15650723
7.69400 0.15645243
7.69800 0.15639767
7.70200 0.15634296
7.70600 0.15628830
7.71000 0.15623369
7.71400 0.15617912
7.71800 0.15612460
7.72200 0.15607012
7.72600 0.15601569
7.73000 0.15596131
7.73400 0.15590698
7.73800 0.15585269
7.74200 0.15579844
7.74600 0.15574425
7.75000 0.15569010
7.75400 0.15563599
7.75800 0.15558193
7.76200 0.15552792
7.76600 0.15547396
7.77000 0.15542003
7.77400 0.15536616
7.77800 0.15531233
7.78200 0.15525855
7.78600 0.15520481
7.79000 0.15515112
7.79400 0.15509747
7.79800 0.15504387
7.80200 0.15499031
7.80600 0.15493680
7.81000 0.15488333
7.81400 0.15482991
7.81800 0.15477654
7.82200 0.15472321
7.82600 0.15466992
7.83000 0.15461668
7.83400 0.15456349
7.83800 0.15451034
7.84200 0.15445723
7.84600 0.15440417
7.85000 0.15435115
7.85400 0.15429818
7.85800 0.15424525
7.86200 0.15419237
7.86600 0.15413953
7.87000 0.15408674
7.87400 0.15403399
7.87800 0.15398128
7.88200 0.15392862
7.88600 0.15387600
7.89000 0.15382343
7.89400 0.15377090
7.89800 0.15371841
7.90200 0.15366597
7.90600 0.15361357
7.91000 0.15356122
7.91400 0.15350891
7.91800 0.15345664
7.92200 0.15340442
7.92600 0.15335224
7.93000 0.15330010
7.93400 0.15324801
7.93800 0.15319596
7.94200 0.15314395
7.94600 0.15309199
7.95000 0.15304007
7.95400 0.15298819
7.95800 0.15293636
7.96200 0.15288457
7.96600 0.15283282
7.97000 0.15278112
7.97400 0.15272946
7.97800 0.15267784
7.98200 0.15262626
7.98600 0.15257473
7.99000 0.15252324
7.99400 0.15247179
7.99800 0.15242038
8.00200 0.15236902
8.00600 0.15231770
8.01000 0.15226642
8.01400 0.15221518
8.01800 0.15216399
8.02200 0.15211284
8.02600 0.15206173
8.03000 0.15201066
8.03400 0.15195963
8.03800 0.15190865
8.04200 0.15185771
8.04600 0.15180681
8.05000 0.15175595
8.05400 0.15170514
8.05800 0.15165436
8.06200 0.15160363
8.06600 0.15155294
8.07000 0.15150229
8.07400 0.15145168
8.07800 0.15140111
8.08200 0.15135059
8.08600 0.15130010
8.09000 0.15124966
8.09400 0.15119926
8.09800 0.15114890
8.10200 0.15109858
8.10600 0.15104830
8.11000 0.15099806
8.11400 0.15094787
8.11800 0.15089771
8.12200 0.15084760
8.12600 0.15079753
8.13000 0.15074749
8.13400 0.15069750
8.13800 0.15064755
8.14200 0.15059764
8.14600 0.15054777
8.15000 0.15049794
8.15400 0.15044815
8.15800 0.15039840
8.16200 0.15034869
8.16600 0.15029902
8.17000 0.15024940
8.17400 0.15019981
8.17800 0.15015026
8.18200 0.15010075
8.18600 0.15005128
8.19000 0.15000186
8.19400 0.14995247
8.19800 0.14990312
8.20200 0.14985381
8.20600 0.14980454
8.21000 0.14975532
8.21400 0.14970613
8.21800 0.14965698
8.22200 0.14960787
8.22600 0.14955880
8.23000 0.14950977
8.23400 0.14946078
8.23800 0.14941182
8.24200 0.14936291
8.24600 0.14931404
8.25000 0.14926520
8.25400 0.14921641
8.25800 0.14916765
8.26200 0.14911894
8.26600 0.14907026
8.27000 0.14902162
8.27400 0.14897302
8.27800 0.14892446
8.28200 0.14887594
8.28600 0.14882746
8.29000 0.14877901
8.29400 0.14873061
8.29800 0.14868224
8.30200 0.14863391
8.30600 0.14858562
8.31000 0.14853737
8.31400 0.14848916
8.31800 0.14844098
8.32200 0.14839285
8.32600 0.14834475
8.33000 0.14829669
8.33400 0.14824867
8.33800 0.14820068
8.34200 0.14815274
8.34600 0.14810483
8.35000 0.14805696
8.35400 0.14800913
8.35800 0.14796134
8.36200 0.14791358
8.36600 0.14786586
8.37000 0.14781818
8.37400 0.14777054
8.37800 0.14772294
8.38200 0.14767537
8.38600 0.14762784
8.39000 0.14758035
8.39400 0.14753290
8.39800 0.14748548
8.40200 0.14743810
8.40600 0.14739076
8.41000 0.14734346
8.41400 0.14729619
8.41800 0.14724896
8.42200 0.14720177
8.42600 0.14715461
8.43000 0.14710749
8.43400 0.14706041
8.43800 0.14701336
8.44200 0.14696636
8.44600 0.14691939
8.45000 0.14687245
8.45400 0.14682556
8.45800 0.14677869
8.46200 0.14673187
8.46600 0.14668508
8.47000 0.14663833
8.47400 0.14659162
8.47800 0.14654494
8.48200 0.14649830
8.48600 0.14645170
8.49000 0.14640513
8.49400 0.14635860
8.49800 0.14631210
8.50200 0.14626564
8.50600 0.14621922
8.51000 0.14617284
8.51400 0.14612649
8.51800 0.14608017
8.52200 0.14603389
8.52600 0.14598765
8.53000 0.14594144
8.53400 0.14589527
8.53800 0.14584914
8.54200 0.14580304
8.54600 0.14575698
8.55000 0.14571095
8.55400 0.14566496
8.55800 0.14561900
8.56200 0.14557308
8.56600 0.14552720
8.57000 0.14548135
8.57400 0.14543554
8.57800 0.14538976
8.58200 0.14534401
8.58600 0.14529831
8.59000 0.14525264
8.59400 0.14520700
8.59800 0.14516140
8.60200 0.14511583
8.60600 0.14507030
8.61000 0.14502480
8.61400 0.14497934
8.61800 0.14493392
8.62200 0.14488852
8.62600 0.14484317
8.63000 0.14479785
8.63400 0.14475256
8.63800 0.14470731
8.64200 0.14466209
8.64600 0.14461691
8.65000 0.14457176
8.65400 0.14452665
8.65800 0.14448157
8.66200 0.14443653
8.66600 0.14439152
8.67000 0.14434654
8.67400 0.14430160
8.67800 0.14425669
8.68200 0.14421182
8.68600 0.14416698
8.69000 0.14412218
8.69400 0.14407741
8.69800 0.14403268
8.70200 0.14398798
8.70600 0.14394331
8.71000 0.14389868
8.71400 0.14385408
8.71800 0.14380951
8.72200 0.14376498
8.72600 0.14372049
8.73000 0.14367602
8.73400 0.14363159
8.73800 0.14358720
8.74200 0.14354284
8.74600 0.14349851
8.75000 0.14345421
8.75400 0.14340995
8.75800 0.14336573
8.76200 0.14332153
8.76600 0.14327737
8.77000 0.14323325
8.77400 0.14318915
8.77800 0.14314509
8.78200 0.14310106
8.78600 0.14305707
8.79000 0.14301311
8.79400 0.14296918
8.79800 0.14292529
8.80200 0.14288143
8.80600 0.14283760
8.81000 0.14279381
8.81400 0.14275005
8.81800 0.14270632
8.82200 0.14266262
8.82600 0.14261896
8.83000 0.14257533
8.83400 0.14253173
8.83800 0.14248817
8.84200 0.14244463
8.84600 0.14240114
8.85000 0.14235767
8.85400 0.14231424
8.85800 0.14227083
8.86200 0.14222747
8.86600 0.14218413
8.87000 0.14214083
8.87400 0.14209755
8.87800 0.14205432
8.88200 0.14201111
8.88600 0.14196794
8.89000 0.14192479
8.89400 0.14188168
8.89800 0.14183861
8.90200 0.14179556
8.90600 0.14175255
8.91000 0.14170957
8.91400 0.14166662
8.91800 0.14162370
8.92200 0.14158081
8.92600 0.14153796
8.93000 0.14149514
8.93400 0.14145235
8.93800 0.14140959
8.94200 0.14136687
8.94600 0.14132417
8.95000 0.14128151
8.95400 0.14123888
8.95800 0.14119628
8.96200 0.14115371
8.96600 0.14111118
8.97000 0.14106867
8.97400 0.14102620
8.97800 0.14098376
8.98200 0.14094135
8.98600 0.14089897
8.99000 0.14085662
8.99400 0.14081431
8.99800 0.14077202
9.00200 0.14072977
9.00600 0.14068754
9.01000 0.14064535
9.01400 0.14060319
9.01800 0.14056106
9.02200 0.14051897
9.02600 0.14047690
9.03000 0.14043486
9.03400 0.14039286
9.03800 0.14035088
9.04200 0.14030894
9.04600 0.14026703
9.05000 0.14022515
9.05400 0.14018329
9.05800 0.14014147
9.06200 0.14009968
9.06600 0.14005793
9.07000 0.14001620
9.07400 0.13997450
9.07800 0.13993283
9.08200 0.13989120
9.08600 0.13984959
9.09000 0.13980801
9.09400 0.13976647
9.09800 0.13972495
9.10200 0.13968347
9.10600 0.13964201
9.11000 0.13960059
9.11400 0.13955920
9.11800 0.13951783
9.12200 0.13947650
9.12600 0.13943519
9.13000 0.13939392
9.13400 0.13935268
9.13800 0.13931146
9.14200 0.13927028
9.14600 0.13922913
9.15000 0.13918800
9.15400 0.13914691
9.15800 0.13910585
9.16200 0.13906481
9.16600 0.13902381
9.17000 0.13898284
9.17400 0.13894189
9.17800 0.13890098
9.18200 0.13886009
9.18600 0.13881923
9.19000 0.13877841
9.19400 0.13873761
9.19800 0.13869684
9.20200 0.13865611
9.20600 0.13861540
9.21000 0.13857472
9.21400 0.13853407
9.21800 0.13849345
9.22200 0.13845286
9.22600 0.13841230
9.23000 0.13837177
9.23400 0.13833126
9.23800 0.13829079
9.24200 0.13825034
9.24600 0.13820993
9.25000 0.13816954
9.25400 0.13812918
9.25800 0.13808886
9.26200 0.13804856
9.26600 0.13800829
9.27000 0.13796804
9.27400 0.13792783
9.27800 0.13788765
9.28200 0.13784749
9.28600 0.13780736
9.29000 0.13776727
9.29400 0.13772720
9.29800 0.13768716
9.30200 0.13764715
9.30600 0.13760716
9.31000 0.13756721
9.31400 0.13752728
9.31800 0.13748739
9.32200 0.13744752
9.32600 0.13740768
9.33000 0.13736786
9.33400 0.13732808
9.33800 0.13728833
9.34200 0.13724860
9.34600 0.13720890
9.35000 0.13716923
9.35400 0.13712959
9.35800 0.13708997
9.36200 0.13705039
9.36600 0.13701083
9.37000 0.13697130
9.37400 0.13693180
9.37800 0.13689232
9.38200 0.13685288
9.38600 0.13681346
9.39000 0.13677407
9.39400 0.13673471
9.39800 0.13669538
9.40200 0.13665607
9.40600 0.13661679
9.41000 0.13657754
9.41400 0.13653832
9.41800 0.13649913
9.42200 0.13645996
9.42600 0.13642082
9.43000 0.13638171
9.43400 0.13634262
9.43800 0.13630357
9.44200 0.13626454
9.44600 0.13622554
9.45000 0.13618656
9.45400 0.13614761
9.45800 0.13610870
9.46200 0.13606980
9.46600 0.13603094
9.47000 0.13599210
9.47400 0.13595329
9.47800 0.13591451
9.48200 0.13587575
9.48600 0.13583703
9.49000 0.13579832
9.49400 0.13575965
9.49800 0.13572100
9.50200 0.13568238
9.50600 0.13564379
9.51000 0.13560523
9.51400 0.13556669
9.51800 0.13552818
9.52200 0.13548969
9.52600 0.13545123
9.53000 0.13541280
9.53400 0.13537440
9.53800 0.13533602
9.54200 0.13529767
9.54600 0.13525935
9.55000 0.13522105
9.55400 0.13518278
9.55800 0.13514454
9.56200 0.13510632
9.56600 0.13506813
9.57000 0.13502996
9.57400 0.13499183
9.57800 0.13495372
9.58200 0.13491563
9.58600 0.13487757
9.59000 0.13483954
9.59400 0.13480154
9.59800 0.13476356
9.60200 0.13472561
9.60600 0.13468768
9.61000 0.13464978
9.61400 0.13461191
9.61800 0.13457406
9.62200 0.13453624
9.62600 0.13449845
9.63000 0.13446068
9.63400 0.13442293
9.63800 0.13438522
9.64200 0.13434753
9.64600 0.13430986
9.65000 0.13427223
9.65400 0.13423461
9.65800 0.13419703
9.66200 0.13415947
9.66600 0.13412193
9.67000 0.13408442
9.67400 0.13404694
9.67800 0.13400948
9.68200 0.13397205
9.68600 0.13393465
9.69000 0.13389727
9.69400 0.13385991
9.69800 0.13382258
9.70200 0.13378528
9.70600 0.13374800
9.71000 0.13371075
9.71400 0.13367353
9.71800 0.13363633
9.72200 0.13359915
9.72600 0.13356200
9.73000 0.13352488
9.73400 0.13348778
9.73800 0.13345070
9.74200 0.13341366
9.74600 0.13337663
9.75000 0.13333964
9.75400 0.13330266
9.75800 0.13326572
9.76200 0.13322880
9.76600 0.13319190
9.77000 0.13315503
9.77400 0.13311818
9.77800 0.13308136
9.78200 0.13304456
9.78600 0.13300779
9.79000 0.13297105
9.79400 0.13293433
9.79800 0.13289763
9.80200 0.13286096
9.80600 0.13282431
9.81000 0.13278769
9.81400 0.13275110
9.81800 0.13271453
9.82200 0.13267798
9.82600 0.13264146
9.83000 0.13260496
9.83400 0.13256849
9.83800 0.13253204
9.84200 0.13249562
9.84600 0.13245922
9.85000 0.13242285
9.85400 0.13238650
9.85800 0.13235017
9.86200 0.13231387
9.86600 0.13227760
9.87000 0.13224135
9.87400 0.13220512
9.87800 0.13216892
9.88200 0.13213274
9.88600 0.13209659
9.89000 0.13206046
9.89400 0.13202435
9.89800 0.13198827
9.90200 0.13195222
9.90600 0.13191619
9.91000 0.13188018
9.91400 0.13184420
9.91800 0.13180824
9.92200 0.13177230
9.92600 0.13173639
9.93000 0.13170051
9.93400 0.13166464
9.93800 0.13162881
9.94200 0.13159299
9.94600 0.13155720
9.95000 0.13152143
9.95400 0.13148569
9.95800 0.13144997
9.96200 0.13141428
9.96600 0.13137861
9.97000 0.13134296
9.97400 0.13130734
9.97800 0.13127174
9.98200 0.13123616
9.98600 0.13120061
9.99000 0.13116508
9.99400 0.13112958
9.99800 0.13109410
10.00200 0.13105864
10.00600 0.13102321
10.01000 0.13098780
10.01400 0.13095241
10.01800 0.13091705
10.02200 0.13088171
10.02600 0.13084640
10.03000 0.13081111
10.03400 0.13077584
10.03800 0.13074059
10.04200 0.13070537
10.04600 0.13067017
10.05000 0.13063500
10.05400 0.13059985
10.05800 0.13056472
10.06200 0.13052961
10.06600 0.13049453
10.07000 0.13045947
10.07400 0.13042444
10.07800 0.13038942
10.08200 0.13035443
10.08600 0.13031947
10.09000 0.13028453
10.09400 0.13024961
10.09800 0.13021471
10.10200 0.13017984
10.10600 0.13014499
10.11000 0.13011016
10.11400 0.13007535
10.11800 0.13004057
10.12200 0.13000581
10.12600 0.12997108
10.13000 0.12993636
10.13400 0.12990167
10.13800 0.12986701
10.14200 0.12983236
10.14600 0.12979774
10.15000 0.12976314
10.15400 0.12972857
10.15800 0.12969401
10.16200 0.12965948
10.16600 0.12962497
10.17000 0.12959049
10.17400 0.12955602
10.17800 0.12952158
10.18200 0.12948717
10.18600 0.12945277
10.19000 0.12941840
10.19400 0.12938405
10.19800 0.12934972
10.20200 0.12931541
10.20600 0.12928113
10.21000 0.12924687
10.21400 0.12921263
10.21800 0.12917842
10.22200 0.12914422
10.22600 0.12911005
10.23000 0.12907590
10.23400 0.12904178
10.23800 0.12900767
10.24200 0.12897359
10.24600 0.12893953
10.25000 0.12890549
10.25400 0.12887148
10.25800 0.12883748
10.26200 0.12880351
10.26600 0.12876956
10.27000 0.12873564
10.27400 0.12870173
10.27800 0.12866785
10.28200 0.12863399
10.28600 0.12860015
10.29000 0.12856633
10.29400 0.12853253
10.29800 0.12849876
10.30200 0.12846501
10.30600 0.12843128
10.31000 0.12839757
10.31400 0.12836388
10.31800 0.12833022
10.32200 0.12829658
10.32600 0.12826296
10.33000 0.12822936
10.33400 0.12819578
10.33800 0.12816222
10.34200 0.12812869
10.34600 0.12809518
10.35000 0.12806169
10.35400 0.12802822
10.35800 0.12799477
10.36200 0.12796134
10.36600 0.12792794
10.37000 0.12789455
10.37400 0.12786119
10.37800 0.12782785
10.38200 0.12779453
10.38600 0.12776124
10.39000 0.12772796
10.39400 0.12769470
10.39800 0.12766147
10.40200 0.12762826
10.40600 0.12759507
10.41000 0.12756190
10.41400 0.12752875
10.41800 0.12749562
10.42200 0.12746252
10.42600 0.12742943
10.43000 0.12739637
10.43400 0.12736333
10.43800 0.12733031
10.44200 0.12729731
10.44600 0.12726433
10.45000 0.12723137
10.45400 0.12719843
10.45800 0.12716552
10.46200 0.12713262
10.46600 0.12709975
10.47000 0.12706689
10.47400 0.12703406
10.47800 0.12700125
10.48200 0.12696846
10.48600 0.12693569
10.49000 0.12690294
10.49400 0.12687022
10.49800 0.12683751
10.50200 0.12680482
10.50600 0.12677216
10.51000 0.12673951
10.51400 0.12670689
10.51800 0.12667429
10.52200 0.12664170
10.52600 0.12660914
10.53000 0.12657660
10.53400 0.12654408
10.53800 0.12651158
10.54200 0.12647910
10.54600 0.12644664
10.55000 0.12641420
10.55400 0.12638179
10.55800 0.12634939
10.56200 0.12631701
10.56600 0.12628466
10.57000 0.12625232
10.57400 0.12622000
10.57800 0.12618771
10.58200 0.12615543
10.58600 0.12612318
10.59000 0.12609095
10.59400 0.12605873
10.59800 0.12602654
10.60200 0.12599437
10.60600 0.12596221
10.61000 0.12593008
10.61400 0.12589797
10.61800 0.12586588
10.62200 0.12583380
10.62600 0.12580175
10.63000 0.12576972
10.63400 0.12573771
10.63800 0.12570572
10.64200 0.12567374
10.64600 0.12564179
10.65000 0.12560986
10.65400 0.12557795
10.65800 0.12554606
10.66200 0.12551419
10.66600 0.12548234
10.67000 0.12545050
10.67400 0.12541869
10.67800 0.12538690
10.68200 0.12535513
10.68600 0.12532338
10.69000 0.12529164
10.69400 0.12525993
10.69800 0.12522824
10.70200 0.12519657
10.70600 0.12516491
10.71000 0.12513328
10.71400 0.12510167
10.71800 0.12507007
10.72200 0.12503850
10.72600 0.12500694
10.73000 0.12497541
10.73400 0.12494389
10.73800 0.12491240
10.74200 0.12488092
10.74600 0.12484946
10.75000 0.12481803
10.75400 0.12478661
10.75800 0.12475521
10.76200 0.12472383
10.76600 0.12469247
10.77000 0.12466113
10.77400 0.12462981
10.77800 0.12459851
10.78200 0.12456723
10.78600 0.12453597
10.79000 0.12450473
10.79400 0.12447350
10.79800 0.12444230
10.80200 0.12441111
10.80600 0.12437995
10.81000 0.12434880
10.81400 0.12431767
10.81800 0.12428657
10.82200 0.12425548
10.82600 0.12422441
10.83000 0.12419336
10.83400 0.12416233
10.83800 0.12413131
10.84200 0.12410032
10.84600 0.12406935
10.85000 0.12403839
10.85400 0.12400746
10.85800 0.12397654
10.86200 0.12394564
10.86600 0.12391476
10.87000 0.12388390
10.87400 0.12385306
10.87800 0.12382224
10.88200 0.12379144
10.88600 0.12376065
10.89000 0.12372989
10.89400 0.12369914
10.89800 0.12366841
10.90200 0.12363770
10.90600 0.12360701
10.91000 0.12357634
10.91400 0.12354569
10.91800 0.12351506
10.92200 0.12348444
10.92600 0.12345385
10.93000 0.12342327
10.93400 0.12339271
10.93800 0.12336217
10.94200 0.12333165
10.94600 0.12330115
10.95000 0.12327066
10.95400 0.12324020
10.95800 0.12320975
10.96200 0.12317932
10.96600 0.12314891
10.97000 0.12311852
10.97400 0.12308815
10.97800 0.12305779
10.98200 0.12302745
10.98600 0.12299714
10.99000 0.12296684
10.99400 0.12293656
10.99800 0.12290629
11.00200 0.12287605
11.00600 0.12284582
11.01000 0.12281562
11.01400 0.12278543
11.01800 0.12275526
11.02200 0.12272511
11.02600 0.12269497
11.03000 0.12266486
11.03400 0.12263476
11.03800 0.12260468
11.04200 0.12257462
11.04600 0.12254457
11.05000 0.12251455
11.05400 0.12248454
11.05800 0.12245455
11.06200 0.12242458
11.06600 0.12239463
11.07000 0.12236470
11.07400 0.12233478
11.07800 0.12230488
11.08200 0.12227500
11.08600 0.12224514
11.09000 0.12221529
11.09400 0.12218547
11.09800 0.12215566
11.10200 0.12212587
11.10600 0.12209610
11.11000 0.12206634
11.11400 0.12203661
11.11800 0.12200689
11.12200 0.12197719
11.12600 0.12194750
11.13000 0.12191784
11.13400 0.12188819
11.13800 0.12185856
11.14200 0.12182895
11.14600 0.12179935
11.15000 0.12176978
11.15400 0.12174022
11.15800 0.12171068
11.16200 0.12168115
11.16600 0.12165165
11.17000 0.12162216
11.17400 0.12159269
11.17800 0.12156324
11.18200 0.12153380
11.18600 0.12150438
11.19000 0.12147498
11.19400 0.12144560
11.19800 0.12141624
11.20200 0.12138689
11.20600 0.12135756
11.21000 0.12132825
11.21400 0.12129895
11.21800 0.12126967
11.22200 0.12124041
11.22600 0.12121117
11.23000 0.12118194
11.23400 0.12115274
11.23800 0.12112355
11.24200 0.12109437
11.24600 0.12106522
11.25000 0.12103608
11.25400 0.12100696
11.25800 0.12097785
11.26200 0.12094877
11.26600 0.12091970
11.27000 0.12089064
11.27400 0.12086161
11.27800 0.12083259
11.28200 0.12080359
11.28600 0.12077461
11.29000 0.12074564
11.29400 0.12071669
11.29800 0.12068776
11.30200 0.12065884
11.30600 0.12062995
11.31000 0.12060107
11.31400 0.12057220
11.31800 0.12054335
11.32200 0.12051453
11.32600 0.12048571
11.33000 0.12045692
11.33400 0.12042814
11.33800 0.12039938
11.34200 0.12037063
11.34600 0.12034190
11.35000 0.12031319
11.35400 0.12028450
11.35800 0.12025582
11.36200 0.12022716
11.36600 0.12019852
11.37000 0.12016989
11.37400 0.12014128
11.37800 0.12011269
11.38200 0.12008411
11.38600 0.12005555
11.39000 0.12002701
11.39400 0.11999848
11.39800 0.11996997
11.40200 0.11994148
11.40600 0.11991301
11.41000 0.11988455
11.41400 0.11985610
11.41800 0.11982768
11.42200 0.11979927
11.42600 0.11977088
11.43000 0.11974250
11.43400 0.11971414
11.43800 0.11968580
11.44200 0.11965747
11.44600 0.11962916
11.45000 0.11960087
11.45400 0.11957259
11.45800 0.11954433
11.46200 0.11951609
11.46600 0.11948786
11.47000 0.11945965
11.47400 0.11943146
11.47800 0.11940328
11.48200 0.11937512
11.48600 0.11934697
11.49000 0.11931884
11.49400 0.11929073
11.49800 0.11926263
11.50200 0.11923455
11.50600 0.11920649
11.51000 0.11917844
11.51400 0.11915041
11.51800 0.11912240
11.52200 0.11909440
11.52600 0.11906642
11.53000 0.11903845
11.53400 0.11901050
11.53800 0.11898257
11.54200 0.11895465
11.54600 0.11892675
11.55000 0.11889886
11.55400 0.11887099
11.55800 0.11884314
11.56200 0.11881531
11.56600 0.11878748
11.57000 0.11875968
11.57400 0.11873189
11.57800 0.11870412
11.58200 0.11867636
11.58600 0.11864862
11.59000 0.11862090
11.59400 0.11859319
11.59800 0.11856550
11.60200 0.11853782
11.60600 0.11851016
11.61000 0.11848252
11.61400 0.11845489
11.61800 0.11842727
11.62200 0.11839968
11.62600 0.11837210
11.63000 0.11834453
11.63400 0.11831698
11.63800 0.11828945
11.64200 0.11826193
11.64600 0.11823443
11.65000 0.11820694
11.65400 0.11817947
11.65800 0.11815202
11.66200 0.11812458
11.66600 0.11809715
11.67000 0.11806975
11.67400 0.11804235
11.67800 0.11801498
11.68200 0.11798762
11.68600 0.11796027
11.69000 0.11793294
11.69400 0.11790563
11.69800 0.11787833
11.70200 0.11785105
11.70600 0.11782378
11.71000 0.11779653
11.71400 0.11776930
11.71800 0.11774208
11.72200 0.11771487
11.72600 0.11768768
11.73000 0.11766051
11.73400 0.11763335
11.73800 0.11760621
11.74200 0.11757908
11.74600 0.11755197
11.75000 0.11752487
11.75400 0.11749779
11.75800 0.11747073
11.76200 0.11744368
11.76600 0.11741664
11.77000 0.11738962
11.77400 0.11736262
11.77800 0.11733563
11.78200 0.11730866
11.78600 0.11728170
11.79000 0.11725476
11.79400 0.11722783
11.79800 0.11720092
11.80200 0.11717402
11.80600 0.11714714
11.81000 0.11712027
11.81400 0.11709342
11.81800 0.11706658
11.82200 0.11703976
11.82600 0.11701296
11.83000 0.11698617
11.83400 0.11695939
11.83800 0.11693263
11.84200 0.11690588
11.84600 0.11687915
11.85000 0.11685244
11.85400 0.11682574
11.85800 0.11679905
11.86200 0.11677238
11.86600 0.11674573
11.87000 0.11671909
11.87400 0.11669246
11.87800 0.11666585
11.88200 0.11663926
11.88600 0.11661268
11.89000 0.11658611
11.89400 0.11655956
11.89800 0.11653303
11.90200 0.11650651
11.90600 0.11648000
11.91000 0.11645351
11.91400 0.11642704
11.91800 0.11640058
11.92200 0.11637413
11.92600 0.11634770
11.93000 0.11632128
11.93400 0.11629488
11.93800 0.11626849
11.94200 0.11624212
11.94600 0.11621576
11.95000 0.11618942
11.95400 0.11616309
11.95800 0.11613678
11.96200 0.11611048
11.96600 0.11608420
11.97000 0.11605793
11.97400 0.11603168
11.97800 0.11600544
11.98200 0.11597921
11.98600 0.11595300
11.99000 0.11592681
11.99400 0.11590062
11.99800 0.11587446
12.00200 0.11584831
12.00600 0.11582217
12.01000 0.11579605
12.01400 0.11576994
12.01800 0.11574384
12.02200 0.11571776
12.02600 0.11569170
12.03000 0.11566565
12.03400 0.11563961
12.03800 0.11561359
12.04200 0.11558759
12.04600 0.11556159
12.05000 0.11553562
12.05400 0.11550965
12.05800 0.11548370
12.06200 0.11545777
12.06600 0.11543185
12.07000 0.11540594
12.07400 0.11538005
12.07800 0.11535417
12.08200 0.11532831
12.08600 0.11530246
12.09000 0.11527663
12.09400 0.11525081
12.09800 0.11522500
12.10200 0.11519921
12.10600 0.11517343
12.11000 0.11514767
12.11400 0.11512192
12.11800 0.11509618
12.12200 0.11507046
12.12600 0.11504476
12.13000 0.11501907
12.13400 0.11499339
12.13800 0.11496772
12.14200 0.11494207
12.14600 0.11491644
12.15000 0.11489082
12.15400 0.11486521
12.15800 0.11483962
12.16200 0.11481404
12.16600 0.11478847
12.17000 0.11476292
12.17400 0.11473738
12.17800 0.11471186
12.18200 0.11468635
12.18600 0.11466086
12.19000 0.11463538
12.19400 0.11460991
12.19800 0.11458446
12.20200 0.11455902
12.20600 0.11453359
12.21000 0.11450818
12.21400 0.11448278
12.21800 0.11445740
12.22200 0.11443203
12.22600 0.11440667
12.23000 0.11438133
12.23400 0.11435600
12.23800 0.11433069
12.24200 0.11430539
12.24600 0.11428010
12.25000 0.11425483
12.25400 0.11422957
12.25800 0.11420433
12.26200 0.11417910
12.26600 0.11415388
12.27000 0.11412867
12.27400 0.11410348
12.27800 0.11407831
12.28200 0.11405315
12.28600 0.11402800
12.29000 0.11400286
12.29400 0.11397774
12.29800 0.11395263
12.30200 0.11392754
12.30600 0.11390246
12.31000 0.11387739
12.31400 0.11385234
12.31800 0.11382730
12.32200 0.11380227
12.32600 0.11377726
12.33000 0.11375226
12.33400 0.11372727
12.33800 0.11370230
12.34200 0.11367734
12.34600 0.11365240
12.35000 0.11362747
12.35400 0.11360255
12.35800 0.11357765
12.36200 0.11355275
12.36600 0.11352788
12.37000 0.11350301
12.37400 0.11347816
12.37800 0.11345333
12.38200 0.11342850
12.38600 0.11340369
12.39000 0.11337889
12.39400 0.11335411
12.39800 0.11332934
12.40200 0.11330458
12.40600 0.11327984
12.41000 0.11325511
12.41400 0.11323039
12.41800 0.11320569
12.42200 0.11318100
12.42600 0.11315632
12.43000 0.11313166
12.43400 0.11310701
12.43800 0.11308237
12.44200 0.11305775
12.44600 0.11303314
12.45000 0.11300854
12.45400 0.11298396
12.45800 0.11295939
12.46200 0.11293483
12.46600 0.11291028
12.47000 0.11288575
12.47400 0.11286123
12.47800 0.11283673
12.48200 0.11281224
12.48600 0.11278776
12.49000 0.11276329
12.49400 0.11273884
12.49800 0.11271440
12.50200 0.11268997
12.50600 0.11266556
12.51000 0.11264116
12.51400 0.11261677
12.51800 0.11259240
12.52200 0.11256804
12.52600 0.11254369
12.53000 0.11251935
12.53400 0.11249503
12.53800 0.11247072
12.54200 0.11244643
12.54600 0.11242214
12.55000 0.11239787
12.55400 0.11237362
12.55800 0.11234937
12.56200 0.11232514
12.56600 0.11230092
12.57000 0.11227671
12.57400 0.11225252
12.57800 0.11222834
12.58200 0.11220417
12.58600 0.11218002
12.59000 0.11215588
12.59400 0.11213175
12.59800 0.11210763
12.60200 0.11208353
12.60600 0.11205944
12.61000 0.11203536
12.61400 0.11201130
12.61800 0.11198725
12.62200 0.11196321
12.62600 0.11193918
12.63000 0.11191517
12.63400 0.11189117
12.63800 0.11186718
12.64200 0.11184320
12.64600 0.11181924
12.65000 0.11179529
12.65400 0.11177135
12.65800 0.11174743
12.66200 0.11172351
12.66600 0.11169961
12.67000 0.11167573
12.67400 0.11165185
12.67800 0.11162799
12.68200 0.11160414
12.68600 0.11158031
12.69000 0.11155648
12.69400 0.11153267
12.69800 0.11150887
12.70200 0.11148508
12.70600 0.11146131
12.71000 0.11143755
12.71400 0.11141380
12.71800 0.11139006
12.72200 0.11136634
12.72600 0.11134263
12.73000 0.11131893
12.73400 0.11129524
12.73800 0.11127157
12.74200 0.11124791
12.74600 0.11122426
12.75000 0.11120062
12.75400 0.11117700
12.75800 0.11115338
12.76200 0.11112978
12.76600 0.11110620
12.77000 0.11108262
12.77400 0.11105906
12.77800 0.11103551
12.78200 0.11101197
12.78600 0.11098845
12.79000 0.11096493
12.79400 0.11094143
12.79800 0.11091794
12.80200 0.11089447
12.80600 0.11087100
12.81000 0.11084755
12.81400 0.11082411
12.81800 0.11080068
12.82200 0.11077727
12.82600 0.11075387
12.83000 0.11073047
12.83400 0.11070710
12.83800 0.11068373
12.84200 0.11066038
12.84600 0.11063703
12.85000 0.11061370
12.85400 0.11059039
12.85800 0.11056708
12.86200 0.11054379
12.86600 0.11052051
12.87000 0.11049724
12.87400 0.11047398
12.87800 0.11045073
12.88200 0.11042750
12.88600 0.11040428
12.89000 0.11038107
12.89400 0.11035787
12.89800 0.11033469
12.90200 0.11031152
12.90600 0.11028836
12.91000 0.11026521
12.91400 0.11024207
12.91800 0.11021895
12.92200 0.11019583
12.92600 0.11017273
12.93000 0.11014964
12.93400 0.11012657
12.93800 0.11010350
12.94200 0.11008045
12.94600 0.11005741
12.95000 0.11003438
12.95400 0.11001136
12.95800 0.10998836
12.96200 0.10996536
12.96600 0.10994238
12.97000 0.10991941
12.97400 0.10989645
12.97800 0.10987351
12.98200 0.10985057
12.98600 0.10982765
12.99000 0.10980474
12.99400 0.10978184
12.99800 0.10975895
13.00200 0.10973608
13.00600 0.10971321
13.01000 0.10969036
13.01400 0.10966752
13.01800 0.10964469
13.02200 0.10962188
13.02600 0.10959907
13.03000 0.10957628
13.03400 0.10955350
13.03800 0.10953073
13.04200 0.10950797
13.04600 0.10948522
13.05000 0.10946249
13.05400 0.10943977
13.05800 0.10941705
13.06200 0.10939436
13.06600 0.10937167
13.07000 0.10934899
13.07400 0.10932633
13.07800 0.10930367
13.08200 0.10928103
13.08600 0.10925840
13.09000 0.10923578
13.09400 0.10921318
13.09800 0.10919058
13.10200 0.10916800
13.10600 0.10914542
13.11000 0.10912286
13.11400 0.10910031
13.11800 0.10907778
13.12200 0.10905525
13.12600 0.10903273
13.13000 0.10901023
13.13400 0.10898774
13.13800 0.10896526
13.14200 0.10894279
13.14600 0.10892033
13.15000 0.10889789
13.15400 0.10887545
13.15800 0.10885303
13.16200 0.10883062
13.16600 0.10880822
13.17000 0.10878583
13.17400 0.10876345
13.17800 0.10874108
13.18200 0.10871873
13.18600 0.10869638
13.19000 0.10867405
13.19400 0.10865173
13.19800 0.10862942
13.20200 0.10860712
13.20600 0.10858484
13.21000 0.10856256
13.21400 0.10854030
13.21800 0.10851804
13.22200 0.10849580
13.22600 0.10847357
13.23000 0.10845135
13.23400 0.10842914
13.23800 0.10840695
13.24200 0.10838476
13.24600 0.10836259
13.25000 0.10834042
13.25400 0.10831827
13.25800 0.10829613
13.26200 0.10827400
13.26600 0.10825188
13.27000 0.10822977
13.27400 0.10820768
13.27800 0.10818559
13.28200 0.10816352
13.28600 0.10814145
13.29000 0.10811940
13.29400 0.10809736
13.29800 0.10807533
13.30200 0.10805331
13.30600 0.10803131
13.31000 0.10800931
13.31400 0.10798733
13.31800 0.10796535
13.32200 0.10794339
13.32600 0.10792144
13.33000 0.10789949
13.33400 0.10787756
13.33800 0.10785565
13.34200 0.10783374
13.34600 0.10781184
13.35000 0.10778995
13.35400 0.10776808
13.35800 0.10774622
13.36200 0.10772436
13.36600 0.10770252
13.37000 0.10768069
13.37400 0.10765887
13.37800 0.10763706
13.38200 0.10761526
13.38600 0.10759347
13.39000 0.10757170
13.39400 0.10754993
13.39800 0.10752817
13.40200 0.10750643
13.40600 0.10748470
13.41000 0.10746297
13.41400 0.10744126
13.41800 0.10741956
13.42200 0.10739787
13.42600 0.10737619
13.43000 0.10735452
13.43400 0.10733287
13.43800 0.10731122
13.44200 0.10728958
13.44600 0.10726796
13.45000 0.10724634
13.45400 0.10722474
13.45800 0.10720315
13.46200 0.10718157
13.46600 0.10715999
13.47000 0.10713843
13.47400 0.10711688
13.47800 0.10709534
13.48200 0.10707382
13.48600 0.10705230
13.49000 0.10703079
13.49400 0.10700929
13.49800 0.10698781
13.50200 0.10696633
13.50600 0.10694487
13.51000 0.10692341
13.51400 0.10690197
13.51800 0.10688054
13.52200 0.10685912
13.52600 0.10683770
13.53000 0.10681630
13.53400 0.10679491
13.53800 0.10677353
13.54200 0.10675216
13.54600 0.10673081
13.55000 0.10670946
13.55400 0.10668812
13.55800 0.10666679
13.56200 0.10664548
13.56600 0.10662417
13.57000 0.10660288
13.57400 0.10658159
13.57800 0.10656032
13.58200 0.10653905
13.58600 0.10651780
13.59000 0.10649656
13.59400 0.10647532
13.59800 0.10645410
13.60200 0.10643289
13.60600 0.10641169
13.61000 0.10639050
13.61400 0.10636932
13.61800 0.10634815
13.62200 0.10632699
13.62600 0.10630584
13.63000 0.10628470
13.63400 0.10626357
13.63800 0.10624245
13.64200 0.10622135
13.64600 0.10620025
13.65000 0.10617916
13.65400 0.10615809
13.65800 0.10613702
13.66200 0.10611596
13.66600 0.10609492
13.67000 0.10607388
13.67400 0.10605286
13.67800 0.10603184
13.68200 0.10601084
13.68600 0.10598984
13.69000 0.10596886
13.69400 0.10594789
13.69800 0.10592692
13.70200 0.10590597
13.70600 0.10588503
13.71000 0.10586410
13.71400 0.10584317
13.71800 0.10582226
13.72200 0.10580136
13.72600 0.10578047
13.73000 0.10575959
13.73400 0.10573871
13.73800 0.10571785
13.74200 0.10569700
13.74600 0.10567616
13.75000 0.10565533
13.75400 0.10563451
13.75800 0.10561370
13.76200 0.10559290
13.76600 0.10557211
13.77000 0.10555133
13.77400 0.10553056
13.77800 0.10550980
13.78200 0.10548905
13.78600 0.10546831
13.79000 0.10544758
13.79400 0.10542686
13.79800 0.10540615
13.80200 0.10538545
13.80600 0.10536476
13.81000 0.10534408
13.81400 0.10532341
13.81800 0.10530275
13.82200 0.10528210
13.82600 0.10526146
13.83000 0.10524084
13.83400 0.10522022
13.83800 0.10519961
13.84200 0.10517901
13.84600 0.10515842
13.85000 0.10513784
13.85400 0.10511727
13.85800 0.10509671
13.86200 0.10507616
13.86600 0.10505562
13.87000 0.10503509
13.87400 0.10501457
13.87800 0.10499406
13.88200 0.10497356
13.88600 0.10495307
13.89000 0.10493259
13.89400 0.10491212
13.89800 0.10489166
13.90200 0.10487121
13.90600 0.10485077
13.91000 0.10483033
13.91400 0.10480991
13.91800 0.10478950
13.92200 0.10476910
13.92600 0.10474871
13.93000 0.10472833
13.93400 0.10470795
13.93800 0.10468759
13.94200 0.10466724
13.94600 0.10464690
13.95000 0.10462656
13.95400 0.10460624
13.95800 0.10458593
13.96200 0.10456562
13.96600 0.10454533
13.97000 0.10452504
13.97400 0.10450477
13.97800 0.10448450
13.98200 0.10446425
13.98600 0.10444400
13.99000 0.10442377
13.99400 0.10440354
13.99800 0.10438333
14.00200 0.10436312
14.00600 0.10434292
14.01000 0.10432273
14.01400 0.10430256
14.01800 0.10428239
14.02200 0.10426223
14.02600 0.10424208
14.03000 0.10422194
14.03400 0.10420181
14.03800 0.10418169
14.04200 0.10416158
14.04600 0.10414148
14.05000 0.10412139
14.05400 0.10410131
14.05800 0.10408124
14.06200 0.10406117
14.06600 0.10404112
14.07000 0.10402108
14.07400 0.10400104
14.07800 0.10398102
14.08200 0.10396100
14.08600 0.10394100
14.09000 0.10392100
14.09400 0.10390101
14.09800 0.10388104
14.10200 0.10386107
14.10600 0.10384111
14.11000 0.10382116
14.11400 0.10380123
14.11800 0.10378130
14.12200 0.10376138
14.12600 0.10374147
14.13000 0.10372156
14.13400 0.10370167
14.13800 0.10368179
14.14200 0.10366192
14.14600 0.10364205
14.15000 0.10362220
14.15400 0.10360235
14.15800 0.10358252
14.16200 0.10356269
14.16600 0.10354288
14.17000 0.10352307
14.17400 0.10350327
14.17800 0.10348348
14.18200 0.10346370
14.18600 0.10344393
14.19000 0.10342417
14.19400 0.10340442
14.19800 0.10338468
14.20200 0.10336495
14.20600 0.10334523
14.21000 0.10332551
14.21400 0.10330581
14.21800 0.10328611
14.22200 0.10326643
14.22600 0.10324675
14.23000 0.10322708
14.23400 0.10320742
14.23800 0.10318777
14.24200 0.10316813
14.24600 0.10314850
14.25000 0.10312888
14.25400 0.10310927
14.25800 0.10308967
14.26200 0.10307007
14.26600 0.10305049
14.27000 0.10303091
14.27400 0.10301135
14.27800 0.10299179
14.28200 0.10297224
14.28600 0.10295271
14.29000 0.10293318
14.29400 0.10291366
14.29800 0.10289414
14.30200 0.10287464
14.30600 0.10285515
14.31000 0.10283567
14.31400 0.10281619
14.31800 0.10279673
14.32200 0.10277727
14.32600 0.10275782
14.33000 0.10273838
14.33400 0.10271896
14.33800 0.10269954
14.34200 0.10268012
14.34600 0.10266072
14.35000 0.10264133
14.35400 0.10262195
14.35800 0.10260257
14.36200 0.10258321
14.36600 0.10256385
14.37000 0.10254450
14.37400 0.10252516
14.37800 0.10250583
14.38200 0.10248651
14.38600 0.10246720
14.39000 0.10244790
14.39400 0.10242860
14.39800 0.10240932
14.40200 0.10239004
14.40600 0.10237078
14.41000 0.10235152
14.41400 0.10233227
14.41800 0.10231303
14.42200 0.10229380
14.42600 0.10227458
14.43000 0.10225537
14.43400 0.10223616
14.43800 0.10221697
14.44200 0.10219778
14.44600 0.10217860
14.45000 0.10215943
14.45400 0.10214027
14.45800 0.10212112
14.46200 0.10210198
14.46600 0.10208285
14.47000 0.10206372
14.47400 0.10204461
14.47800 0.10202550
14.48200 0.10200641
14.48600 0.10198732
14.49000 0.10196824
14.49400 0.10194917
14.49800 0.10193010
14.50200 0.10191105
14.50600 0.10189200
14.51000 0.10187297
14.51400 0.10185394
14.51800 0.10183492
14.52200 0.10181591
14.52600 0.10179691
14.53000 0.10177792
14.53400 0.10175894
14.53800 0.10173996
14.54200 0.10172100
14.54600 0.10170204
14.55000 0.10168309
14.55400 0.10166415
14.55800 0.10164522
14.56200 0.10162630
14.56600 0.10160739
14.57000 0.10158848
14.57400 0.10156958
14.57800 0.10155070
14.58200 0.10153182
14.58600 0.10151295
14.59000 0.10149409
14.59400 0.10147523
14.59800 0.10145639
14.60200 0.10143756
14.60600 0.10141873
14.61000 0.10139991
14.61400 0.10138110
14.61800 0.10136230
14.62200 0.10134351
14.62600 0.10132472
14.63000 0.10130595
14.63400 0.10128718
14.63800 0.10126842
14.64200 0.10124968
14.64600 0.10123093
14.65000 0.10121220
14.65400 0.10119348
14.65800 0.10117476
14.66200 0.10115606
14.66600 0.10113736
14.67000 0.10111867
14.67400 0.10109999
14.67800 0.10108132
14.68200 0.10106265
14.68600 0.10104400
14.69000 0.10102535
14.69400 0.10100671
14.69800 0.10098808
14.70200 0.10096946
14.70600 0.10095085
14.71000 0.10093224
14.71400 0.10091365
14.71800 0.10089506
14.72200 0.10087648
14.72600 0.10085791
14.73000 0.10083935
14.73400 0.10082080
14.73800 0.10080225
14.74200 0.10078371
14.74600 0.10076519
14.75000 0.10074667
14.75400 0.10072816
14.75800 0.10070965
14.76200 0.10069116
14.76600 0.10067267
14.77000 0.10065419
14.77400 0.10063572
14.77800 0.10061726
14.78200 0.10059881
14.78600 0.10058037
14.79000 0.10056193
14.79400 0.10054350
14.79800 0.10052508
14.80200 0.10050667
14.80600 0.10048827
14.81000 0.10046988
14.81400 0.10045149
14.81800 0.10043311
14.82200 0.10041474
14.82600 0.10039638
14.83000 0.10037803
14.83400 0.10035968
14.83800 0.10034135
14.84200 0.10032302
14.84600 0.10030470
14.85000 0.10028639
14.85400 0.10026809
14.85800 0.10024979
14.86200 0.10023150
14.86600 0.10021323
14.87000 0.10019496
14.87400 0.10017669
14.87800 0.10015844
14.88200 0.10014020
14.88600 0.10012196
14.89000 0.10010373
14.89400 0.10008551
14.89800 0.10006730
14.90200 0.10004909
14.90600 0.10003089
14.91000 0.10001271
14.91400 0.09999453
14.91800 0.09997636
14.92200 0.09995819
14.92600 0.09994004
14.93000 0.09992189
14.93400 0.09990375
14.93800 0.09988562
14.94200 0.09986750
14.94600 0.09984938
14.95000 0.09983127
14.95400 0.09981318
14.95800 0.09979509
14.96200 0.09977700
14.96600 0.09975893
14.97000 0.09974086
14.97400 0.09972281
14.97800 0.09970476
14.98200 0.09968671
14.98600 0.09966868
14.99000 0.09965065
14.99400 0.09963264
14.99800 0.09961463
15.00200 0.09959663
15.00600 0.09957863
15.01000 0.09956065
15.01400 0.09954267
15.01800 0.09952470
15.02200 0.09950674
15.02600 0.09948879
15.03000 0.09947084
15.03400 0.09945290
15.03800 0.09943497
15.04200 0.09941705
15.04600 0.09939914
15.05000 0.09938123
15.05400 0.09936334
15.05800 0.09934545
15.06200 0.09932756
15.06600 0.09930969
15.07000 0.09929183
15.07400 0.09927397
15.07800 0.09925612
15.08200 0.09923828
15.08600 0.09922044
15.09000 0.09920262
15.09400 0.09918480
15.09800 0.09916699
15.10200 0.09914919
15.10600 0.09913139
15.11000 0.09911361
15.11400 0.09909583
15.11800 0.09907806
15.12200 0.09906029
15.12600 0.09904254
15.13000 0.09902479
15.13400 0.09900705
15.13800 0.09898932
15.14200 0.09897160
15.14600 0.09895388
15.15000 0.09893617
15.15400 0.09891847
15.15800 0.09890078
15.16200 0.09888310
15.16600 0.09886542
15.17000 0.09884775
15.17400 0.09883009
15.17800 0.09881244
15.18200 0.09879479
15.18600 0.09877716
15.19000 0.09875953
15.19400 0.09874190
15.19800 0.09872429
15.20200 0.09870668
15.20600 0.09868909
15.21000 0.09867149
15.21400 0.09865391
15.21800 0.09863634
15.22200 0.09861877
15.22600 0.09860121
15.23000 0.09858366
15.23400 0.09856611
15.23800 0.09854858
15.24200 0.09853105
15.24600 0.09851352
15.25000 0.09849601
15.25400 0.09847851
15.25800 0.09846101
15.26200 0.09844352
15.26600 0.09842603
15.27000 0.09840856
15.27400 0.09839109
15.27800 0.09837363
15.28200 0.09835618
15.28600 0.09833873
15.29000 0.09832130
15.29400 0.09830387
15.29800 0.09828645
15.30200 0.09826903
15.30600 0.09825163
15.31000 0.09823423
15.31400 0.09821684
15.31800 0.09819945
15.32200 0.09818208
15.32600 0.09816471
15.33000 0.09814735
15.33400 0.09813000
15.33800 0.09811265
15.34200 0.09809531
15.34600 0.09807798
15.35000 0.09806066
15.35400 0.09804334
15.35800 0.09802604
15.36200 0.09800874
15.36600 0.09799144
15.37000 0.09797416
15.37400 0.09795688
15.37800 0.09793961
15.38200 0.09792235
15.38600 0.09790509
15.39000 0.09788785
15.39400 0.09787061
15.39800 0.09785337
15.40200 0.09783615
15.40600 0.09781893
15.41000 0.09780172
15.41400 0.09778452
15.41800 0.09776732
15.42200 0.09775014
15.42600 0.09773296
15.43000 0.09771579
15.43400 0.09769862
15.43800 0.09768146
15.44200 0.09766431
15.44600 0.09764717
15.45000 0.09763003
15.45400 0.09761291
15.45800 0.09759579
15.46200 0.09757867
15.46600 0.09756157
15.47000 0.09754447
15.47400 0.09752738
15.47800 0.09751030
15.48200 0.09749322
15.48600 0.09747615
15.49000 0.09745909
15.49400 0.09744204
15.49800 0.09742499
15.50200 0.09740795
15.50600 0.09739092
15.51000 0.09737390
15.51400 0.09735688
15.51800 0.09733987
15.52200 0.09732287
15.52600 0.09730587
15.53000 0.09728888
15.53400 0.09727190
15.53800 0.09725493
15.54200 0.09723797
15.54600 0.09722101
15.55000 0.09720406
15.55400 0.09718711
15.55800 0.09717018
15.56200 0.09715325
15.56600 0.09713633
15.57000 0.09711941
15.57400 0.09710250
15.57800 0.09708560
15.58200 0.09706871
15.58600 0.09705183
15.59000 0.09703495
15.59400 0.09701808
15.59800 0.09700121
15.60200 0.09698436
15.60600 0.09696751
15.61000 0.09695067
15.61400 0.09693383
15.61800 0.09691700
15.62200 0.09690018
15.62600 0.09688337
15.63000 0.09686657
15.63400 0.09684977
15.63800 0.09683298
15.64200 0.09681619
15.64600 0.09679942
15.65000 0.09678265
15.65400 0.09676588
15.65800 0.09674913
15.66200 0.09673238
15.66600 0.09671564
15.67000 0.09669890
15.67400 0.09668218
15.67800 0.09666546
15.68200 0.09664875
15.68600 0.09663204
15.69000 0.09661534
15.69400 0.09659865
15.69800 0.09658197
15.70200 0.09656529
15.70600 0.09654862
15.71000 0.09653196
15.71400 0.09651530
15.71800 0.09649866
15.72200 0.09648201
15.72600 0.09646538
15.73000 0.09644875
15.73400 0.09643213
15.73800 0.09641552
15.74200 0.09639891
15.74600 0.09638232
15.75000 0.09636572
15.75400 0.09634914
15.75800 0.09633256
15.76200 0.09631599
15.76600 0.09629943
15.77000 0.09628287
15.77400 0.09626632
15.77800 0.09624978
15.78200 0.09623325
15.78600 0.09621672
15.79000 0.09620020
15.79400 0.09618368
15.79800 0.09616717
15.80200 0.09615067
15.80600 0.09613418
15.81000 0.09611770
15.81400 0.09610122
15.81800 0.09608474
15.82200 0.09606828
15.82600 0.09605182
15.83000 0.09603537
15.83400 0.09601892
15.83800 0.09600249
15.84200 0.09598606
15.84600 0.09596963
15.85000 0.09595322
15.85400 0.09593681
15.85800 0.09592041
15.86200 0.09590401
15.86600 0.09588762
15.87000 0.09587124
15.87400 0.09585486
15.87800 0.09583850
15.88200 0.09582214
15.88600 0.09580578
15.89000 0.09578943
15.89400 0.09577309
15.89800 0.09575676
15.90200 0.09574043
15.90600 0.09572411
15.91000 0.09570780
15.91400 0.09569150
15.91800 0.09567520
15.92200 0.09565890
15.92600 0.09564262
15.93000 0.09562634
15.93400 0.09561007
15.93800 0.09559380
15.94200 0.09557755
15.94600 0.09556130
15.95000 0.09554505
15.95400 0.09552881
15.95800 0.09551258
15.96200 0.09549636
15.96600 0.09548014
15.97000 0.09546393
15.97400 0.09544773
15.97800 0.09543153
15.98200 0.09541534
15.98600 0.09539916
15.99000 0.09538298
15.99400 0.09536681
15.99800 0.09535065
16.00200 0.09533450
16.00600 0.09531835
16.01000 0.09530220
16.01400 0.09528607
16.01800 0.09526994
16.02200 0.09525382
16.02600 0.09523770
16.03000 0.09522159
16.03400 0.09520549
16.03800 0.09518940
16.04200 0.09517331
16.04600 0.09515723
16.05000 0.09514115
16.05400 0.09512508
16.05800 0.09510902
16.06200 0.09509297
16.06600 0.09507692
16.07000 0.09506088
16.07400 0.09504484
16.07800 0.09502882
16.08200 0.09501280
16.08600 0.09499678
16.09000 0.09498077
16.09400 0.09496477
16.09800 0.09494878
16.10200 0.09493279
16.10600 0.09491681
16.11000 0.09490083
16.11400 0.09488487
16.11800 0.09486890
16.12200 0.09485295
16.12600 0.09483700
16.13000 0.09482106
16.13400 0.09480513
16.13800 0.09478920
16.14200 0.09477328
16.14600 0.09475736
16.15000 0.09474145
16.15400 0.09472555
16.15800 0.09470966
16.16200 0.09469377
16.16600 0.09467789
16.17000 0.09466201
16.17400 0.09464614
16.17800 0.09463028
16.18200 0.09461442
16.18600 0.09459857
16.19000 0.09458273
16.19400 0.09456690
16.19800 0.09455107
16.20200 0.09453524
16.20600 0.09451943
16.21000 0.09450362
16.21400 0.09448782
16.21800 0.09447202
16.22200 0.09445623
16.22600 0.09444044
16.23000 0.09442467
16.23400 0.09440890
16.23800 0.09439313
16.24200 0.09437738
16.24600 0.09436163
16.25000 0.09434588
16.25400 0.09433014
16.25800 0.09431441
16.26200 0.09429869
16.26600 0.09428297
16.27000 0.09426726
16.27400 0.09425155
16.27800 0.09423585
16.28200 0.09422016
16.28600 0.09420447
16.29000 0.09418879
16.29400 0.09417312
16.29800 0.09415745
16.30200 0.09414179
16.30600 0.09412614
16.31000 0.09411049
16.31400 0.09409485
16.31800 0.09407922
16.32200 0.09406359
16.32600 0.09404797
16.33000 0.09403235
16.33400 0.09401674
16.33800 0.09400114
16.34200 0.09398554
16.34600 0.09396995
16.35000 0.09395437
16.35400 0.09393879
16.35800 0.09392322
16.36200 0.09390766
16.36600 0.09389210
16.37000 0.09387655
16.37400 0.09386100
16.37800 0.09384547
16.38200 0.09382993
16.38600 0.09381441
16.39000 0.09379889
16.39400 0.09378338
16.39800 0.09376787
16.40200 0.09375237
16.40600 0.09373687
16.41000 0.09372139
16.41400 0.09370590
16.41800 0.09369043
16.42200 0.09367496
16.42600 0.09365950
16.43000 0.09364404
16.43400 0.09362859
16.43800 0.09361315
16.44200 0.09359771
16.44600 0.09358228
16.45000 0.09356686
16.45400 0.09355144
16.45800 0.09353602
16.46200 0.09352062
16.46600 0.09350522
16.47000 0.09348983
16.47400 0.09347444
16.47800 0.09345906
16.48200 0.09344368
16.48600 0.09342832
16.49000 0.09341295
16.49400 0.09339760
16.49800 0.09338225
16.50200 0.09336690
16.50600 0.09335157
16.51000 0.09333624
16.51400 0.09332091
16.51800 0.09330559
16.52200 0.09329028
16.52600 0.09327498
16.53000 0.09325968
16.53400 0.09324438
16.53800 0.09322910
16.54200 0.09321381
16.54600 0.09319854
16.55000 0.09318327
16.55400 0.09316801
16.55800 0.09315275
16.56200 0.09313750
16.56600 0.09312226
16.57000 0.09310702
16.57400 0.09309179
16.57800 0.09307656
16.58200 0.09306134
16.58600 0.09304613
16.59000 0.09303092
16.59400 0.09301572
16.59800 0.09300053
16.60200 0.09298534
16.60600 0.09297016
16.61000 0.09295498
16.61400 0.09293981
16.61800 0.09292465
16.62200 0.09290949
16.62600 0.09289434
16.63000 0.09287919
16.63400 0.09286405
16.63800 0.09284892
16.64200 0.09283379
16.64600 0.09281867
16.65000 0.09280356
16.65400 0.09278845
16.65800 0.09277334
16.66200 0.09275825
16.66600 0.09274316
16.67000 0.09272807
16.67400 0.09271299
16.67800 0.09269792
16.68200 0.09268285
16.68600 0.09266779
16.69000 0.09265274
16.69400 0.09263769
16.69800 0.09262265
16.70200 0.09260761
16.70600 0.09259258
16.71000 0.09257756
16.71400 0.09256254
16.71800 0.09254753
16.72200 0.09253252
16.72600 0.09251752
16.73000 0.09250253
16.73400 0.09248754
16.73800 0.09247256
16.74200 0.09245758
16.74600 0.09244261
16.75000 0.09242765
16.75400 0.09241269
16.75800 0.09239774
16.76200 0.09238279
16.76600 0.09236785
16.77000 0.09235291
16.77400 0.09233799
16.77800 0.09232306
16.78200 0.09230815
16.78600 0.09229324
16.79000 0.09227833
16.79400 0.09226344
16.79800 0.09224854
16.80200 0.09223366
16.80600 0.09221878
16.81000 0.09220390
16.81400 0.09218903
16.81800 0.09217417
16.82200 0.09215931
16.82600 0.09214446
16.83000 0.09212962
16.83400 0.09211478
16.83800 0.09209995
16.84200 0.09208512
16.84600 0.09207030
16.85000 0.09205548
16.85400 0.09204067
16.85800 0.09202587
16.86200 0.09201107
16.86600 0.09199628
16.87000 0.09198149
16.87400 0.09196671
16.87800 0.09195194
16.88200 0.09193717
16.88600 0.09192241
16.89000 0.09190765
16.89400 0.09189290
16.89800 0.09187816
16.90200 0.09186342
16.90600 0.09184868
16.91000 0.09183396
16.91400 0.09181924
16.91800 0.09180452
16.92200 0.09178981
16.92600 0.09177511
16.93000 0.09176041
16.93400 0.09174572
16.93800 0.09173103
16.94200 0.09171635
16.94600 0.09170167
16.95000 0.09168700
16.95400 0.09167234
16.95800 0.09165768
16.96200 0.09164303
16.96600 0.09162839
16.97000 0.09161375
16.97400 0.09159911
16.97800 0.09158448
16.98200 0.09156986
16.98600 0.09155524
16.99000 0.09154063
16.99400 0.09152603
16.99800 0.09151143
17.00200 0.09149683
17.00600 0.09148225
17.01000 0.09146766
17.01400 0.09145309
17.01800 0.09143852
17.02200 0.09142395
17.02600 0.09140939
17.03000 0.09139484
17.03400 0.09138029
17.03800 0.09136575
17.04200 0.09135121
17.04600 0.09133668
17.05000 0.09132216
17.05400 0.09130764
17.05800 0.09129312
17.06200 0.09127862
17.06600 0.09126411
17.07000 0.09124962
17.07400 0.09123513
17.07800 0.09122064
17.08200 0.09120616
17.08600 0.09119169
17.09000 0.09117722
17.09400 0.09116276
17.09800 0.09114830
17.10200 0.09113385
17.10600 0.09111941
17.11000 0.09110497
17.11400 0.09109053
17.11800 0.09107610
17.12200 0.09106168
17.12600 0.09104727
17.13000 0.09103285
17.13400 0.09101845
17.13800 0.09100405
17.14200 0.09098965
17.14600 0.09097527
17.15000 0.09096088
17.15400 0.09094650
17.15800 0.09093213
17.16200 0.09091777
17.16600 0.09090341
17.17000 0.09088905
17.17400 0.09087470
17.17800 0.09086036
17.18200 0.09084602
17.18600 0.09083169
17.19000 0.09081736
17.19400 0.09080304
17.19800 0.09078872
17.20200 0.09077441
17.20600 0.09076011
17.21000 0.09074581
17.21400 0.09073152
17.21800 0.09071723
17.22200 0.09070295
17.22600 0.09068867
17.23000 0.09067440
17.23400 0.09066013
17.23800 0.09064587
17.24200 0.09063162
17.24600 0.09061737
17.25000 0.09060312
17.25400 0.09058889
17.25800 0.09057465
17.26200 0.09056043
17.26600 0.09054621
17.27000 0.09053199
17.27400 0.09051778
17.27800 0.09050358
17.28200 0.09048938
17.28600 0.09047518
17.29000 0.09046099
17.29400 0.09044681
17.29800 0.09043263
17.30200 0.09041846
17.30600 0.09040430
17.31000 0.09039014
17.31400 0.09037598
17.31800 0.09036183
17.32200 0.09034769
17.32600 0.09033355
17.33000 0.09031942
17.33400 0.09030529
17.33800 0.09029117
17.34200 0.09027705
17.34600 0.09026294
17.35000 0.09024883
17.35400 0.09023473
17.35800 0.09022064
17.36200 0.09020655
17.36600 0.09019246
17.37000 0.09017838
17.37400 0.09016431
17.37800 0.09015024
17.38200 0.09013618
17.38600 0.09012212
17.39000 0.09010807
17.39400 0.09009402
17.39800 0.09007998
17.40200 0.09006595
17.40600 0.09005192
17.41000 0.09003789
17.41400 0.09002388
17.41800 0.09000986
17.42200 0.08999585
17.42600 0.08998185
17.43000 0.08996785
17.43400 0.08995386
17.43800 0.08993987
17.44200 0.08992589
17.44600 0.08991192
17.45000 0.08989795
17.45400 0.08988398
17.45800 0.08987002
17.46200 0.08985607
17.46600 0.08984212
17.47000 0.08982817
17.47400 0.08981424
17.47800 0.08980030
17.48200 0.08978638
17.48600 0.08977245
17.49000 0.08975854
17.49400 0.08974463
17.49800 0.08973072
17.50200 0.08971682
17.50600 0.08970292
17.51000 0.08968903
17.51400 0.08967515
17.51800 0.08966127
17.52200 0.08964739
17.52600 0.08963352
17.53000 0.08961966
17.53400 0.08960580
17.53800 0.08959195
17.54200 0.08957810
17.54600 0.08956426
17.55000 0.08955042
17.55400 0.08953659
17.55800 0.08952276
17.56200 0.08950894
17.56600 0.08949513
17.57000 0.08948132
17.57400 0.08946751
17.57800 0.08945371
17.58200 0.08943991
17.58600 0.08942612
17.59000 0.08941234
17.59400 0.08939856
17.59800 0.08938479
17.60200 0.08937102
17.60600 0.08935726
17.61000 0.08934350
17.61400 0.08932974
17.61800 0.08931600
17.62200 0.08930225
17.62600 0.08928852
17.63000 0.08927479
17.63400 0.08926106
17.63800 0.08924734
17.64200 0.08923362
17.64600 0.08921991
17.65000 0.08920620
17.65400 0.08919250
17.65800 0.08917881
17.66200 0.08916512
17.66600 0.08915143
17.67000 0.08913775
17.67400 0.08912408
17.67800 0.08911041
17.68200 0.08909674
17.68600 0.08908309
17.69000 0.08906943
17.69400 0.08905578
17.69800 0.08904214
17.70200 0.08902850
17.70600 0.08901487
17.71000 0.08900124
17.71400 0.08898762
17.71800 0.08897400
17.72200 0.08896039
17.72600 0.08894678
17.73000 0.08893318
17.73400 0.08891958
17.73800 0.08890599
17.74200 0.08889240
17.74600 0.08887882
17.75000 0.08886524
17.75400 0.08885167
17.75800 0.08883811
17.76200 0.08882455
17.76600 0.08881099
17.77000 0.08879744
17.77400 0.08878389
17.77800 0.08877035
17.78200 0.08875682
17.78600 0.08874329
17.79000 0.08872976
17.79400 0.08871624
17.79800 0.08870273
17.80200 0.08868922
17.80600 0.08867571
17.81000 0.08866221
17.81400 0.08864872
17.81800 0.08863523
17.82200 0.08862174
17.82600 0.08860826
17.83000 0.08859479
17.83400 0.08858132
17.83800 0.08856785
17.84200 0.08855440
17.84600 0.08854094
17.85000 0.08852749
17.85400 0.08851405
17.85800 0.08850061
17.86200 0.08848718
17.86600 0.08847375
17.87000 0.08846032
17.87400 0.08844690
17.87800 0.08843349
17.88200 0.08842008
17.88600 0.08840668
17.89000 0.08839328
17.89400 0.08837989
17.89800 0.08836650
17.90200 0.08835311
17.90600 0.08833974
17.91000 0.08832636
17.91400 0.08831299
17.91800 0.08829963
17.92200 0.08828627
17.92600 0.08827292
17.93000 0.08825957
17.93400 0.08824623
17.93800 0.08823289
17.94200 0.08821955
17.94600 0.08820623
17.95000 0.08819290
17.95400 0.08817958
17.95800 0.08816627
17.96200 0.08815296
17.96600 0.08813966
17.97000 0.08812636
17.97400 0.08811307
17.97800 0.08809978
17.98200 0.08808649
17.98600 0.08807322
17.99000 0.08805994
17.99400 0.08804667
17.99800 0.08803341
18.00200 0.08802015
18.00600 0.08800690
18.01000 0.08799365
18.01400 0.08798040
18.01800 0.08796716
18.02200 0.08795393
18.02600 0.08794070
18.03000 0.08792748
18.03400 0.08791426
18.03800 0.08790104
18.04200 0.08788783
18.04600 0.08787463
18.05000 0.08786143
18.05400 0.08784823
18.05800 0.08783504
18.06200 0.08782186
18.06600 0.08780868
18.07000 0.08779550
18.07400 0.08778233
18.07800 0.08776917
18.08200 0.08775601
18.08600 0.08774285
18.09000 0.08772970
18.09400 0.08771655
18.09800 0.08770341
18.10200 0.08769028
18.10600 0.08767714
18.11000 0.08766402
18.11400 0.08765090
18.11800 0.08763778
18.12200 0.08762467
18.12600 0.08761156
18.13000 0.08759846
18.13400 0.08758536
18.13800 0.08757227
18.14200 0.08755918
18.14600 0.08754610
18.15000 0.08753302
18.15400 0.08751995
18.15800 0.08750688
18.16200 0.08749382
18.16600 0.08748076
18.17000 0.08746770
18.17400 0.08745466
18.17800 0.08744161
18.18200 0.08742857
18.18600 0.08741554
18.19000 0.08740251
18.19400 0.08738948
18.19800 0.08737646
18.20200 0.08736345
18.20600 0.08735044
18.21000 0.08733743
18.21400 0.08732443
18.21800 0.08731143
18.22200 0.08729844
18.22600 0.08728546
18.23000 0.08727248
18.23400 0.08725950
18.23800 0.08724653
18.24200 0.08723356
18.24600 0.08722060
18.25000 0.08720764
18.25400 0.08719469
18.25800 0.08718174
18.26200 0.08716879
18.26600 0.08715585
18.27000 0.08714292
18.27400 0.08712999
18.27800 0.08711707
18.28200 0.08710415
18.28600 0.08709123
18.29000 0.08707832
18.29400 0.08706542
18.29800 0.08705252
18.30200 0.08703962
18.30600 0.08702673
18.31000 0.08701384
18.31400 0.08700096
18.31800 0.08698808
18.32200 0.08697521
18.32600 0.08696234
18.33000 0.08694948
18.33400 0.08693662
18.33800 0.08692377
18.34200 0.08691092
18.34600 0.08689807
18.35000 0.08688524
18.35400 0.08687240
18.35800 0.08685957
18.36200 0.08684675
18.36600 0.08683392
18.37000 0.08682111
18.37400 0.08680830
18.37800 0.08679549
18.38200 0.08678269
18.38600 0.08676989
18.39000 0.08675710
18.39400 0.08674431
18.39800 0.08673153
18.40200 0.08671875
18.40600 0.08670597
18.41000 0.08669321
18.41400 0.08668044
18.41800 0.08666768
18.42200 0.08665493
18.42600 0.08664218
18.43000 0.08662943
18.43400 0.08661669
18.43800 0.08660395
18.44200 0.08659122
18.44600 0.08657849
18.45000 0.08656577
18.45400 0.08655305
18.45800 0.08654034
18.46200 0.08652763
18.46600 0.08651492
18.47000 0.08650222
18.47400 0.08648953
18.47800 0.08647684
18.48200 0.08646415
18.48600 0.08645147
18.49000 0.08643879
18.49400 0.08642612
18.49800 0.08641346
18.50200 0.08640079
18.50600 0.08638813
18.51000 0.08637548
18.51400 0.08636283
18.51800 0.08635019
18.52200 0.08633755
18.52600 0.08632491
18.53000 0.08631228
18.53400 0.08629966
18.53800 0.08628703
18.54200 0.08627442
18.54600 0.08626180
18.55000 0.08624920
18.55400 0.08623659
18.55800 0.08622399
18.56200 0.08621140
18.56600 0.08619881
18.57000 0.08618623
18.57400 0.08617364
18.57800 0.08616107
18.58200 0.08614850
18.58600 0.08613593
18.59000 0.08612337
18.59400 0.08611081
18.59800 0.08609826
18.60200 0.08608571
18.60600 0.08607316
18.61000 0.08606062
18.61400 0.08604809
18.61800 0.08603556
18.62200 0.08602303
18.62600 0.08601051
18.63000 0.08599799
18.63400 0.08598548
18.63800 0.08597297
18.64200 0.08596047
18.64600 0.08594797
18.65000 0.08593548
18.65400 0.08592299
18.65800 0.08591050
18.66200 0.08589802
18.66600 0.08588554
18.67000 0.08587307
18.67400 0.08586060
18.67800 0.08584814
18.68200 0.08583568
18.68600 0.08582323
18.69000 0.08581078
18.69400 0.08579833
18.69800 0.08578589
18.70200 0.08577346
18.70600 0.08576102
18.71000 0.08574860
18.71400 0.08573617
18.71800 0.08572376
18.72200 0.08571134
18.72600 0.08569893
18.73000 0.08568653
18.73400 0.08567413
18.73800 0.08566173
18.74200 0.08564934
18.74600 0.08563695
18.75000 0.08562457
18.75400 0.08561219
18.75800 0.08559982
18.76200 0.08558745
18.76600 0.08557508
18.77000 0.08556272
18.77400 0.08555037
18.77800 0.08553801
18.78200 0.08552567
18.78600 0.08551332
18.79000 0.08550098
18.79400 0.08548865
18.79800 0.08547632
18.80200 0.08546400
18.80600 0.08545167
18.81000 0.08543936
18.81400 0.08542705
18.81800 0.08541474
18.82200 0.08540243
18.82600 0.08539014
18.83000 0.08537784
18.83400 0.08536555
18.83800 0.08535327
18.84200 0.08534098
18.84600 0.08532871
18.85000 0.08531643
18.85400 0.08530417
18.85800 0.08529190
18.86200 0.08527964
18.86600 0.08526739
18.87000 0.08525514
18.87400 0.08524289
18.87800 0.08523065
18.88200 0.08521841
18.88600 0.08520618
18.89000 0.08519395
18.89400 0.08518172
18.89800 0.08516950
18.90200 0.08515729
18.90600 0.08514507
18.91000 0.08513287
18.91400 0.08512066
18.91800 0.08510847
18.92200 0.08509627
18.92600 0.08508408
18.93000 0.08507190
18.93400 0.08505971
18.93800 0.08504754
18.94200 0.08503536
18.94600 0.08502320
18.95000 0.08501103
18.95400 0.08499887
18.95800 0.08498672
18.96200 0.08497457
18.96600 0.08496242
18.97000 0.08495028
18.97400 0.08493814
18.97800 0.08492600
18.98200 0.08491387
18.98600 0.08490175
18.99000 0.08488963
18.99400 0.08487751
18.99800 0.08486540
19.00200 0.08485329
19.00600 0.08484119
19.01000 0.08482909
19.01400 0.08481699
19.01800 0.08480490
19.02200 0.08479281
19.02600 0.08478073
19.03000 0.08476865
19.03400 0.08475658
19.03800 0.08474451
19.04200 0.08473244
19.04600 0.08472038
19.05000 0.08470832
19.05400 0.08469627
19.05800 0.08468422
19.06200 0.08467218
19.06600 0.08466014
19.07000 0.08464810
19.07400 0.08463607
19.07800 0.08462404
19.08200 0.08461202
19.08600 0.08460000
19.09000 0.08458799
19.09400 0.08457598
19.09800 0.08456397
19.10200 0.08455197
19.10600 0.08453997
19.11000 0.08452798
19.11400 0.08451599
19.11800 0.08450400
19.12200 0.08449202
19.12600 0.08448005
19.13000 0.08446807
19.13400 0.08445611
19.13800 0.08444414
19.14200 0.08443218
19.14600 0.08442023
19.15000 0.08440827
19.15400 0.08439633
19.15800 0.08438438
19.16200 0.08437245
19.16600 0.08436051
19.17000 0.08434858
19.17400 0.08433665
19.17800 0.08432473
19.18200 0.08431281
19.18600 0.08430090
19.19000 0.08428899
19.19400 0.08427708
19.19800 0.08426518
19.20200 0.08425329
19.20600 0.08424139
19.21000 0.08422950
19.21400 0.08421762
19.21800 0.08420574
19.22200 0.08419386
19.22600 0.08418199
19.23000 0.08417012
19.23400 0.08415826
19.23800 0.08414640
19.24200 0.08413454
19.24600 0.08412269
19.25000 0.08411084
19.25400 0.08409900
19.25800 0.08408716
19.26200 0.08407533
19.26600 0.08406350
19.27000 0.08405167
19.27400 0.08403985
19.27800 0.08402803
19.28200 0.08401621
19.28600 0.08400440
19.29000 0.08399260
19.29400 0.08398080
19.29800 0.08396900
19.30200 0.08395720
19.30600 0.08394542
19.31000 0.08393363
19.31400 0.08392185
19.31800 0.08391007
19.32200 0.08389830
19.32600 0.08388653
19.33000 0.08387476
19.33400 0.08386300
19.33800 0.08385125
19.34200 0.08383949
19.34600 0.08382774
19.35000 0.08381600
19.35400 0.08380426
19.35800 0.08379252
19.36200 0.08378079
19.36600 0.08376906
19.37000 0.08375734
19.37400 0.08374562
19.37800 0.08373390
19.38200 0.08372219
19.38600 0.08371048
19.39000 0.08369878
19.39400 0.08368708
19.39800 0.08367538
19.40200 0.08366369
19.40600 0.08365200
19.41000 0.08364032
19.41400 0.08362864
19.41800 0.08361696
19.42200 0.08360529
19.42600 0.08359362
19.43000 0.08358196
19.43400 0.08357030
19.43800 0.08355864
19.44200 0.08354699
19.44600 0.08353535
19.45000 0.08352370
19.45400 0.08351206
19.45800 0.08350043
19.46200 0.08348880
19.46600 0.08347717
19.47000 0.08346555
19.47400 0.08345393
19.47800 0.08344231
19.48200 0.08343070
19.48600 0.08341909
19.49000 0.08340749
19.49400 0.08339589
19.49800 0.08338429
19.50200 0.08337270
19.50600 0.08336112
19.51000 0.08334953
19.51400 0.08333795
19.51800 0.08332638
19.52200 0.08331481
19.52600 0.08330324
19.53000 0.08329168
19.53400 0.08328012
19.53800 0.08326856
19.54200 0.08325701
19.54600 0.08324546
19.55000 0.08323392
19.55400 0.08322238
19.55800 0.08321084
19.56200 0.08319931
19.56600 0.08318778
19.57000 0.08317626
19.57400 0.08316474
19.57800 0.08315322
19.58200 0.08314171
19.58600 0.08313020
19.59000 0.08311870
19.59400 0.08310720
19.59800 0.08309571
19.60200 0.08308421
19.60600 0.08307272
19.61000 0.08306124
19.61400 0.08304976
19.61800 0.08303828
19.62200 0.08302681
19.62600 0.08301534
19.63000 0.08300388
19.63400 0.08299242
19.63800 0.08298096
19.64200 0.08296951
19.64600 0.08295806
19.65000 0.08294661
19.65400 0.08293517
19.65800 0.08292374
19.66200 0.08291230
19.66600 0.08290087
19.67000 0.08288945
19.67400 0.08287803
19.67800 0.08286661
19.68200 0.08285520
19.68600 0.08284379
19.69000 0.08283238
19.69400 0.08282098
19.69800 0.08280958
19.70200 0.08279818
19.70600 0.08278679
19.71000 0.08277541
19.71400 0.08276403
19.71800 0.08275265
19.72200 0.08274127
19.72600 0.08272990
19.73000 0.08271853
19.73400 0.08270717
19.73800 0.08269581
19.74200 0.08268446
19.74600 0.08267310
19.75000 0.08266176
19.75400 0.08265041
19.75800 0.08263907
19.76200 0.08262774
19.76600 0.08261640
19.77000 0.08260508
19.77400 0.08259375
19.77800 0.08258243
19.78200 0.08257111
19.78600 0.08255980
19.79000 0.08254849
19.79400 0.08253718
19.79800 0.08252588
19.80200 0.08251459
19.80600 0.08250329
19.81000 0.08249200
19.81400 0.08248072
19.81800 0.08246943
19.82200 0.08245815
19.82600 0.08244688
19.83000 0.08243561
19.83400 0.08242434
19.83800 0.08241308
19.84200 0.08240182
19.84600 0.08239056
19.85000 0.08237931
19.85400 0.08236806
19.85800 0.08235682
19.86200 0.08234558
19.86600 0.08233434
19.87000 0.08232311
19.87400 0.08231188
19.87800 0.08230065
19.88200 0.08228943
19.88600 0.08227822
19.89000 0.08226700
19.89400 0.08225579
19.89800 0.08224458
19.90200 0.08223338
19.90600 0.08222218
19.91000 0.08221099
19.91400 0.08219980
19.91800 0.08218861
19.92200 0.08217743
19.92600 0.08216625
19.93000 0.08215507
19.93400 0.08214390
19.93800 0.08213273
19.94200 0.08212156
19.94600 0.08211040
19.95000 0.08209925
19.95400 0.08208809
19.95800 0.08207694
19.96200 0.08206580
19.96600 0.08205465
19.97000 0.08204352
19.97400 0.08203238
19.97800 0.08202125
19.98200 0.08201012
19.98600 0.08199900
19.99000 0.08198788
19.99400 0.08197676
19.99800 0.08196565
20.00200 0.08195454
20.00600 0.08194344
20.01000 0.08193234
20.01400 0.08192124
20.01800 0.08191015
20.02200 0.08189906
20.02600 0.08188797
20.03000 0.08187689
20.03400 0.08186581
20.03800 0.08185473
20.04200 0.08184366
20.04600 0.08183259
20.05000 0.08182153
20.05400 0.08181047
20.05800 0.08179941
20.06200 0.08178836
20.06600 0.08177731
20.07000 0.08176627
20.07400 0.08175523
20.07800 0.08174419
20.08200 0.08173315
20.08600 0.08172212
20.09000 0.08171110
20.09400 0.08170007
20.09800 0.08168905
20.10200 0.08167804
20.10600 0.08166702
20.11000 0.08165602
20.11400 0.08164501
20.11800 0.08163401
20.12200 0.08162301
20.12600 0.08161202
20.13000 0.08160103
20.13400 0.08159004
20.13800 0.08157906
20.14200 0.08156808
20.14600 0.08155710
20.15000 0.08154613
20.15400 0.08153516
20.15800 0.08152420
20.16200 0.08151324
20.16600 0.08150228
20.17000 0.08149133
20.17400 0.08148038
20.17800 0.08146943
20.18200 0.08145849
20.18600 0.08144755
20.19000 0.08143662
20.19400 0.08142568
20.19800 0.08141476
20.20200 0.08140383
20.20600 0.08139291
20.21000 0.08138199
20.21400 0.08137108
20.21800 0.08136017
20.22200 0.08134926
20.22600 0.08133836
20.23000 0.08132746
20.23400 0.08131657
20.23800 0.08130568
20.24200 0.08129479
20.24600 0.08128390
20.25000 0.08127302
