0.25000 3.04063908
0.25400 3.02462700
0.25800 3.00901196
0.26200 2.99377721
0.26600 2.97890670
0.27000 2.96438537
0.27400 2.95019897
0.27800 2.93633407
0.28200 2.92277795
0.28600 2.90951858
0.29000 2.89654457
0.29400 2.88384515
0.29800 2.87141007
0.30200 2.85922962
0.30600 2.84729458
0.31000 2.83559621
0.31400 2.82412615
0.31800 2.81287650
0.32200 2.80183969
0.32600 2.79100855
0.33000 2.78037623
0.33400 2.76993617
0.33800 2.75968216
0.34200 2.74960822
0.34600 2.73970867
0.35000 2.72997808
0.35400 2.72041122
0.35800 2.71100314
0.36200 2.70174905
0.36600 2.69264440
0.37000 2.68368480
0.37400 2.67486605
0.37800 2.66618414
0.38200 2.65763519
0.38600 2.64921550
0.39000 2.64092150
0.39400 2.63274976
0.39800 2.62469700
0.40200 2.61676004
0.40600 2.60893583
0.41000 2.60122144
0.41400 2.59361404
0.41800 2.58611091
0.42200 2.57870943
0.42600 2.57140706
0.43000 2.56420136
0.43400 2.55708998
0.43800 2.55007065
0.44200 2.54314116
0.44600 2.53629940
0.45000 2.52954333
0.45400 2.52287095
0.45800 2.51628036
0.46200 2.50976970
0.46600 2.50333719
0.47000 2.49698108
0.47400 2.49069970
0.47800 2.48449143
0.48200 2.47835468
0.48600 2.47228794
0.49000 2.46628972
0.49400 2.46035860
0.49800 2.45449317
0.50200 2.44869210
0.50600 2.44295406
0.51000 2.43727780
0.51400 2.43166208
0.51800 2.42610569
0.52200 2.42060749
0.52600 2.41516632
0.53000 2.40978111
0.53400 2.40445078
0.53800 2.39917429
0.54200 2.39395063
0.54600 2.38877882
0.55000 2.38365790
0.55400 2.37858695
0.55800 2.37356505
0.56200 2.36859133
0.56600 2.36366493
0.57000 2.35878501
0.57400 2.35395076
0.57800 2.34916138
0.58200 2.34441610
0.58600 2.33971416
0.59000 2.33505484
0.59400 2.33043741
0.59800 2.32586116
0.60200 2.32132543
0.60600 2.31682955
0.61000 2.31237285
0.61400 2.30795472
0.61800 2.30357452
0.62200 2.29923166
0.62600 2.29492554
0.63000 2.29065559
0.63400 2.28642125
0.63800 2.28222195
0.64200 2.27805717
0.64600 2.27392637
0.65000 2.26982905
0.65400 2.26576469
0.65800 2.26173281
0.66200 2.25773292
0.66600 2.25376456
0.67000 2.24982726
0.67400 2.24592058
0.67800 2.24204406
0.68200 2.23819729
0.68600 2.23437983
0.69000 2.23059127
0.69400 2.22683121
0.69800 2.22309924
0.70200 2.21939499
0.70600 2.21571807
0.71000 2.21206810
0.71400 2.20844472
0.71800 2.20484758
0.72200 2.20127631
0.72600 2.19773058
0.73000 2.19421004
0.73400 2.19071438
0.73800 2.18724325
0.74200 2.18379634
0.74600 2.18037335
0.75000 2.17697396
0.75400 2.17359787
0.75800 2.17024478
0.76200 2.16691442
0.76600 2.16360649
0.77000 2.16032071
0.77400 2.15705681
0.77800 2.15381452
0.78200 2.15059358
0.78600 2.14739373
0.79000 2.14421471
0.79400 2.14105627
0.79800 2.13791816
0.80200 2.13480016
0.80600 2.13170201
0.81000 2.12862348
0.81400 2.12556435
0.81800 2.12252439
0.82200 2.11950338
0.82600 2.11650109
0.83000 2.11351733
0.83400 2.11055187
0.83800 2.10760452
0.84200 2.10467505
0.84600 2.10176329
0.85000 2.09886903
0.85400 2.09599207
0.85800 2.09313223
0.86200 2.09028931
0.86600 2.08746314
0.87000 2.08465354
0.87400 2.08186032
0.87800 2.07908330
0.88200 2.07632233
0.88600 2.07357722
0.89000 2.07084781
0.89400 2.06813393
0.89800 2.06543542
0.90200 2.06275213
0.90600 2.06008389
0.91000 2.05743055
0.91400 2.05479195
0.91800 2.05216795
0.92200 2.04955840
0.92600 2.04696315
0.93000 2.04438207
0.93400 2.04181499
0.93800 2.03926180
0.94200 2.03672234
0.94600 2.03419649
0.95000 2.03168411
0.95400 2.02918507
0.95800 2.02669924
0.96200 2.02422649
0.96600 2.02176670
0.97000 2.01931974
0.97400 2.01688549
0.97800 2.01446383
0.98200 2.01205463
0.98600 2.00965779
0.99000 2.00727319
0.99400 2.00490071
0.99800 2.00254023
1.00200 2.00019166
1.00600 1.99785487
1.01000 1.99552976
1.01400 1.99321623
1.01800 1.99091417
1.02200 1.98862347
1.02600 1.98634404
1.03000 1.98407576
1.03400 1.98181855
1.03800 1.97957230
1.04200 1.97733692
1.04600 1.97511230
1.05000 1.97289837
1.05400 1.97069501
1.05800 1.96850215
1.06200 1.96631968
1.06600 1.96414753
1.07000 1.96198559
1.07400 1.95983379
1.07800 1.95769203
1.08200 1.95556023
1.08600 1.95343831
1.09000 1.95132619
1.09400 1.94922377
1.09800 1.94713099
1.10200 1.94504775
1.10600 1.94297398
1.11000 1.94090961
1.11400 1.93885455
1.11800 1.93680873
1.12200 1.93477207
1.12600 1.93274450
1.13000 1.93072594
1.13400 1.92871632
1.13800 1.92671557
1.14200 1.92472362
1.14600 1.92274040
1.15000 1.92076584
1.15400 1.91879987
1.15800 1.91684242
1.16200 1.91489342
1.16600 1.91295281
1.17000 1.91102053
1.17400 1.90909650
1.17800 1.90718067
1.18200 1.90527297
1.18600 1.90337333
1.19000 1.90148171
1.19400 1.89959803
1.19800 1.89772223
1.20200 1.89585426
1.20600 1.89399405
1.21000 1.89214155
1.21400 1.89029670
1.21800 1.88845944
1.22200 1.88662972
1.22600 1.88480747
1.23000 1.88299265
1.23400 1.88118520
1.23800 1.87938507
1.24200 1.87759219
1.24600 1.87580653
1.25000 1.87402802
1.25400 1.87225661
1.25800 1.87049226
1.26200 1.86873491
1.26600 1.86698451
1.27000 1.86524101
1.27400 1.86350437
1.27800 1.86177453
1.28200 1.86005144
1.28600 1.85833507
1.29000 1.85662535
1.29400 1.85492225
1.29800 1.85322571
1.30200 1.85153570
1.30600 1.84985217
1.31000 1.84817506
1.31400 1.84650435
1.31800 1.84483997
1.32200 1.84318190
1.32600 1.84153009
1.33000 1.83988448
1.33400 1.83824506
1.33800 1.83661176
1.34200 1.83498455
1.34600 1.83336339
1.35000 1.83174823
1.35400 1.83013905
1.35800 1.82853579
1.36200 1.82693842
1.36600 1.82534689
1.37000 1.82376118
1.37400 1.82218124
1.37800 1.82060704
1.38200 1.81903853
1.38600 1.81747568
1.39000 1.81591846
1.39400 1.81436682
1.39800 1.81282073
1.40200 1.81128016
1.40600 1.80974506
1.41000 1.80821541
1.41400 1.80669117
1.41800 1.80517230
1.42200 1.80365877
1.42600 1.80215055
1.43000 1.80064761
1.43400 1.79914990
1.43800 1.79765740
1.44200 1.79617008
1.44600 1.79468790
1.45000 1.79321082
1.45400 1.79173883
1.45800 1.79027188
1.46200 1.78880995
1.46600 1.78735301
1.47000 1.78590102
1.47400 1.78445395
1.47800 1.78301178
1.48200 1.78157448
1.48600 1.78014200
1.49000 1.77871434
1.49400 1.77729145
1.49800 1.77587331
1.50200 1.77445989
1.50600 1.77305116
1.51000 1.77164709
1.51400 1.77024766
1.51800 1.76885284
1.52200 1.76746259
1.52600 1.76607691
1.53000 1.76469574
1.53400 1.76331908
1.53800 1.76194690
1.54200 1.76057916
1.54600 1.75921584
1.55000 1.75785692
1.55400 1.75650238
1.55800 1.75515217
1.56200 1.75380629
1.56600 1.75246471
1.57000 1.75112739
1.57400 1.74979433
1.57800 1.74846548
1.58200 1.74714084
1.58600 1.74582037
1.59000 1.74450405
1.59400 1.74319186
1.59800 1.74188377
1.60200 1.74057976
1.60600 1.73927982
1.61000 1.73798391
1.61400 1.73669201
1.61800 1.73540411
1.62200 1.73412018
1.62600 1.73284019
1.63000 1.73156413
1.63400 1.73029197
1.63800 1.72902370
1.64200 1.72775928
1.64600 1.72649871
1.65000 1.72524196
1.65400 1.72398901
1.65800 1.72273983
1.66200 1.72149441
1.66600 1.72025273
1.67000 1.71901477
1.67400 1.71778051
1.67800 1.71654992
1.68200 1.71532299
1.68600 1.71409970
1.69000 1.71288003
1.69400 1.71166396
1.69800 1.71045147
1.70200 1.70924254
1.70600 1.70803716
1.71000 1.70683530
1.71400 1.70563695
1.71800 1.70444209
1.72200 1.70325070
1.72600 1.70206276
1.73000 1.70087825
1.73400 1.69969716
1.73800 1.69851947
1.74200 1.69734516
1.74600 1.69617422
1.75000 1.69500662
1.75400 1.69384235
1.75800 1.69268139
1.76200 1.69152373
1.76600 1.69036935
1.77000 1.68921824
1.77400 1.68807036
1.77800 1.68692572
1.78200 1.68578429
1.78600 1.68464606
1.79000 1.68351101
1.79400 1.68237913
1.79800 1.68125039
1.80200 1.68012479
1.80600 1.67900231
1.81000 1.67788293
1.81400 1.67676664
1.81800 1.67565342
1.82200 1.67454326
1.82600 1.67343614
1.83000 1.67233205
1.83400 1.67123097
1.83800 1.67013289
1.84200 1.66903779
1.84600 1.66794566
1.85000 1.66685649
1.85400 1.66577026
1.85800 1.66468695
1.86200 1.66360656
1.86600 1.66252906
1.87000 1.66145445
1.87400 1.66038271
1.87800 1.65931383
1.88200 1.65824779
1.88600 1.65718458
1.89000 1.65612418
1.89400 1.65506659
1.89800 1.65401179
1.90200 1.65295977
1.90600 1.65191051
1.91000 1.65086400
1.91400 1.64982023
1.91800 1.64877918
1.92200 1.64774085
1.92600 1.64670522
1.93000 1.64567227
1.93400 1.64464200
1.93800 1.64361439
1.94200 1.64258943
1.94600 1.64156711
1.95000 1.64054742
1.95400 1.63953034
1.95800 1.63851586
1.96200 1.63750398
1.96600 1.63649467
1.97000 1.63548793
1.97400 1.63448374
1.97800 1.63348210
1.98200 1.63248299
1.98600 1.63148640
1.99000 1.63049232
1.99400 1.62950074
1.99800 1.62851164
2.00200 1.62752502
2.00600 1.62654087
2.01000 1.62555917
2.01400 1.62457991
2.01800 1.62360308
2.02200 1.62262868
2.02600 1.62165669
2.03000 1.62068709
2.03400 1.61971989
2.03800 1.61875507
2.04200 1.61779261
2.04600 1.61683251
2.05000 1.61587476
2.05400 1.61491935
2.05800 1.61396627
2.06200 1.61301550
2.06600 1.61206705
2.07000 1.61112089
2.07400 1.61017701
2.07800 1.60923542
2.08200 1.60829609
2.08600 1.60735902
2.09000 1.60642420
2.09400 1.60549162
2.09800 1.60456127
2.10200 1.60363314
2.10600 1.60270722
2.11000 1.60178350
2.11400 1.60086198
2.11800 1.59994263
2.12200 1.59902546
2.12600 1.59811046
2.13000 1.59719761
2.13400 1.59628690
2.13800 1.59537833
2.14200 1.59447190
2.14600 1.59356758
2.15000 1.59266537
2.15400 1.59176527
2.15800 1.59086725
2.16200 1.58997133
2.16600 1.58907747
2.17000 1.58818569
2.17400 1.58729597
2.17800 1.58640829
2.18200 1.58552266
2.18600 1.58463906
2.19000 1.58375749
2.19400 1.58287794
2.19800 1.58200039
2.20200 1.58112485
2.20600 1.58025129
2.21000 1.57937973
2.21400 1.57851014
2.21800 1.57764252
2.22200 1.57677686
2.22600 1.57591315
2.23000 1.57505139
2.23400 1.57419156
2.23800 1.57333367
2.24200 1.57247769
2.24600 1.57162364
2.25000 1.57077149
2.25400 1.56992123
2.25800 1.56907287
2.26200 1.56822640
2.26600 1.56738180
2.27000 1.56653907
2.27400 1.56569820
2.27800 1.56485919
2.28200 1.56402202
2.28600 1.56318670
2.29000 1.56235321
2.29400 1.56152154
2.29800 1.56069170
2.30200 1.55986366
2.30600 1.55903743
2.31000 1.55821300
2.31400 1.55739036
2.31800 1.55656950
2.32200 1.55575042
2.32600 1.55493311
2.33000 1.55411757
2.33400 1.55330378
2.33800 1.55249174
2.34200 1.55168145
2.34600 1.55087289
2.35000 1.55006606
2.35400 1.54926096
2.35800 1.54845757
2.36200 1.54765589
2.36600 1.54685592
2.37000 1.54605765
2.37400 1.54526106
2.37800 1.54446617
2.38200 1.54367295
2.38600 1.54288140
2.39000 1.54209152
2.39400 1.54130330
2.39800 1.54051673
2.40200 1.53973181
2.40600 1.53894853
2.41000 1.53816689
2.41400 1.53738688
2.41800 1.53660849
2.42200 1.53583171
2.42600 1.53505655
2.43000 1.53428300
2.43400 1.53351104
2.43800 1.53274068
2.44200 1.53197191
2.44600 1.53120471
2.45000 1.53043910
2.45400 1.52967505
2.45800 1.52891257
2.46200 1.52815165
2.46600 1.52739228
2.47000 1.52663447
2.47400 1.52587819
2.47800 1.52512345
2.48200 1.52437024
2.48600 1.52361856
2.49000 1.52286839
2.49400 1.52211975
2.49800 1.52137261
2.50200 1.52062697
2.50600 1.51988284
2.51000 1.51914020
2.51400 1.51839904
2.51800 1.51765937
2.52200 1.51692118
2.52600 1.51618445
2.53000 1.51544920
2.53400 1.51471541
2.53800 1.51398307
2.54200 1.51325219
2.54600 1.51252275
2.55000 1.51179475
2.55400 1.51106820
2.55800 1.51034307
2.56200 1.50961937
2.56600 1.50889709
2.57000 1.50817622
2.57400 1.50745677
2.57800 1.50673873
2.58200 1.50602208
2.58600 1.50530684
2.59000 1.50459298
2.59400 1.50388052
2.59800 1.50316943
2.60200 1.50245973
2.60600 1.50175139
2.61000 1.50104443
2.61400 1.50033883
2.61800 1.49963459
2.62200 1.49893170
2.62600 1.49823017
2.63000 1.49752997
2.63400 1.49683112
2.63800 1.49613361
2.64200 1.49543743
2.64600 1.49474257
2.65000 1.49404904
2.65400 1.49335683
2.65800 1.49266593
2.66200 1.49197633
2.66600 1.49128805
2.67000 1.49060106
2.67400 1.48991537
2.67800 1.48923098
2.68200 1.48854787
2.68600 1.48786604
2.69000 1.48718550
2.69400 1.48650623
2.69800 1.48582822
2.70200 1.48515149
2.70600 1.48447602
2.71000 1.48380180
2.71400 1.48312884
2.71800 1.48245713
2.72200 1.48178667
2.72600 1.48111745
2.73000 1.48044946
2.73400 1.47978271
2.73800 1.47911719
2.74200 1.47845289
2.74600 1.47778982
2.75000 1.47712796
2.75400 1.47646732
2.75800 1.47580789
2.76200 1.47514966
2.76600 1.47449263
2.77000 1.47383681
2.77400 1.47318217
2.77800 1.47252873
2.78200 1.47187647
2.78600 1.47122540
2.79000 1.47057550
2.79400 1.46992678
2.79800 1.46927923
2.80200 1.46863285
2.80600 1.46798764
2.81000 1.46734358
2.81400 1.46670068
2.81800 1.46605893
2.82200 1.46541833
2.82600 1.46477888
2.83000 1.46414057
2.83400 1.46350340
2.83800 1.46286736
2.84200 1.46223245
2.84600 1.46159868
2.85000 1.46096602
2.85400 1.46033449
2.85800 1.45970407
2.86200 1.45907477
2.86600 1.45844657
2.87000 1.45781949
2.87400 1.45719350
2.87800 1.45656862
2.88200 1.45594483
2.88600 1.45532214
2.89000 1.45470053
2.89400 1.45408002
2.89800 1.45346058
2.90200 1.45284223
2.90600 1.45222495
2.91000 1.45160874
2.91400 1.45099360
2.91800 1.45037953
2.92200 1.44976652
2.92600 1.44915458
2.93000 1.44854368
2.93400 1.44793385
2.93800 1.44732506
2.94200 1.44671732
2.94600 1.44611062
2.95000 1.44550496
2.95400 1.44490035
2.95800 1.44429676
2.96200 1.44369421
2.96600 1.44309268
2.97000 1.44249218
2.97400 1.44189270
2.97800 1.44129424
2.98200 1.44069680
2.98600 1.44010037
2.99000 1.43950495
2.99400 1.43891053
2.99800 1.43831712
3.00200 1.43772471
3.00600 1.43713330
3.01000 1.43654288
3.01400 1.43595346
3.01800 1.43536502
3.02200 1.43477757
3.02600 1.43419110
3.03000 1.43360562
3.03400 1.43302110
3.03800 1.43243757
3.04200 1.43185500
3.04600 1.43127341
3.05000 1.43069278
3.05400 1.43011311
3.05800 1.42953440
3.06200 1.42895665
3.06600 1.42837986
3.07000 1.42780402
3.07400 1.42722912
3.07800 1.42665517
3.08200 1.42608217
3.08600 1.42551010
3.09000 1.42493898
3.09400 1.42436879
3.09800 1.42379953
3.10200 1.42323120
3.10600 1.42266380
3.11000 1.42209732
3.11400 1.42153177
3.11800 1.42096713
3.12200 1.42040342
3.12600 1.41984061
3.13000 1.41927872
3.13400 1.41871773
3.13800 1.41815765
3.14200 1.41759848
3.14600 1.41704021
3.15000 1.41648283
3.15400 1.41592635
3.15800 1.41537077
3.16200 1.41481607
3.16600 1.41426226
3.17000 1.41370934
3.17400 1.41315731
3.17800 1.41260615
3.18200 1.41205587
3.18600 1.41150647
3.19000 1.41095794
3.19400 1.41041028
3.19800 1.40986349
3.20200 1.40931757
3.20600 1.40877251
3.21000 1.40822831
3.21400 1.40768497
3.21800 1.40714249
3.22200 1.40660086
3.22600 1.40606008
3.23000 1.40552015
3.23400 1.40498107
3.23800 1.40444284
3.24200 1.40390544
3.24600 1.40336889
3.25000 1.40283317
3.25400 1.40229829
3.25800 1.40176424
3.26200 1.40123103
3.26600 1.40069864
3.27000 1.40016708
3.27400 1.39963634
3.27800 1.39910642
3.28200 1.39857732
3.28600 1.39804904
3.29000 1.39752158
3.29400 1.39699493
3.29800 1.39646909
3.30200 1.39594405
3.30600 1.39541983
3.31000 1.39489641
3.31400 1.39437378
3.31800 1.39385196
3.32200 1.39333094
3.32600 1.39281071
3.33000 1.39229128
3.33400 1.39177263
3.33800 1.39125478
3.34200 1.39073771
3.34600 1.39022143
3.35000 1.38970593
3.35400 1.38919121
3.35800 1.38867727
3.36200 1.38816410
3.36600 1.38765171
3.37000 1.38714009
3.37400 1.38662924
3.37800 1.38611916
3.38200 1.38560985
3.38600 1.38510130
3.39000 1.38459351
3.39400 1.38408649
3.39800 1.38358022
3.40200 1.38307470
3.40600 1.38256994
3.41000 1.38206594
3.41400 1.38156268
3.41800 1.38106017
3.42200 1.38055841
3.42600 1.38005739
3.43000 1.37955711
3.43400 1.37905758
3.43800 1.37855878
3.44200 1.37806072
3.44600 1.37756339
3.45000 1.37706680
3.45400 1.37657094
3.45800 1.37607580
3.46200 1.37558140
3.46600 1.37508772
3.47000 1.37459476
3.47400 1.37410252
3.47800 1.37361100
3.48200 1.37312020
3.48600 1.37263012
3.49000 1.37214075
3.49400 1.37165209
3.49800 1.37116414
3.50200 1.37067690
3.50600 1.37019037
3.51000 1.36970454
3.51400 1.36921942
3.51800 1.36873499
3.52200 1.36825127
3.52600 1.36776824
3.53000 1.36728591
3.53400 1.36680428
3.53800 1.36632333
3.54200 1.36584308
3.54600 1.36536352
3.55000 1.36488464
3.55400 1.36440645
3.55800 1.36392894
3.56200 1.36345211
3.56600 1.36297597
3.57000 1.36250050
3.57400 1.36202571
3.57800 1.36155160
3.58200 1.36107815
3.58600 1.36060538
3.59000 1.36013328
3.59400 1.35966185
3.59800 1.35919109
3.60200 1.35872099
3.60600 1.35825155
3.61000 1.35778278
3.61400 1.35731466
3.61800 1.35684721
3.62200 1.35638041
3.62600 1.35591426
3.63000 1.35544877
3.63400 1.35498393
3.63800 1.35451975
3.64200 1.35405621
3.64600 1.35359332
3.65000 1.35313107
3.65400 1.35266947
3.65800 1.35220851
3.66200 1.35174819
3.66600 1.35128851
3.67000 1.35082947
3.67400 1.35037106
3.67800 1.34991329
3.68200 1.34945615
3.68600 1.34899964
3.69000 1.34854377
3.69400 1.34808852
3.69800 1.34763390
3.70200 1.34717990
3.70600 1.34672653
3.71000 1.34627378
3.71400 1.34582165
3.71800 1.34537014
3.72200 1.34491925
3.72600 1.34446897
3.73000 1.34401931
3.73400 1.34357026
3.73800 1.34312183
3.74200 1.34267400
3.74600 1.34222679
3.75000 1.34178018
3.75400 1.34133418
3.75800 1.34088878
3.76200 1.34044398
3.76600 1.33999979
3.77000 1.33955620
3.77400 1.33911320
3.77800 1.33867081
3.78200 1.33822901
3.78600 1.33778780
3.79000 1.33734719
3.79400 1.33690717
3.79800 1.33646774
3.80200 1.33602890
3.80600 1.33559064
3.81000 1.33515298
3.81400 1.33471590
3.81800 1.33427940
3.82200 1.33384348
3.82600 1.33340814
3.83000 1.33297339
3.83400 1.33253921
3.83800 1.33210560
3.84200 1.33167258
3.84600 1.33124013
3.85000 1.33080824
3.85400 1.33037694
3.85800 1.32994620
3.86200 1.32951603
3.86600 1.32908642
3.87000 1.32865739
3.87400 1.32822891
3.87800 1.32780100
3.88200 1.32737366
3.88600 1.32694687
3.89000 1.32652064
3.89400 1.32609497
3.89800 1.32566986
3.90200 1.32524531
3.90600 1.32482130
3.91000 1.32439785
3.91400 1.32397496
3.91800 1.32355261
3.92200 1.32313081
3.92600 1.32270956
3.93000 1.32228886
3.93400 1.32186870
3.93800 1.32144909
3.94200 1.32103002
3.94600 1.32061149
3.95000 1.32019350
3.95400 1.31977605
3.95800 1.31935914
3.96200 1.31894277
3.96600 1.31852693
3.97000 1.31811162
3.97400 1.31769685
3.97800 1.31728261
3.98200 1.31686891
3.98600 1.31645573
3.99000 1.31604308
3.99400 1.31563095
3.99800 1.31521936
4.00200 1.31480829
4.00600 1.31439774
4.01000 1.31398771
4.01400 1.31357821
4.01800 1.31316922
4.02200 1.31276075
4.02600 1.31235281
4.03000 1.31194538
4.03400 1.31153846
4.03800 1.31113206
4.04200 1.31072617
4.04600 1.31032079
4.05000 1.30991593
4.05400 1.30951157
4.05800 1.30910772
4.06200 1.30870439
4.06600 1.30830155
4.07000 1.30789922
4.07400 1.30749740
4.07800 1.30709608
4.08200 1.30669526
4.08600 1.30629494
4.09000 1.30589512
4.09400 1.30549580
4.09800 1.30509698
4.10200 1.30469866
4.10600 1.30430083
4.11000 1.30390349
4.11400 1.30350665
4.11800 1.30311030
4.12200 1.30271444
4.12600 1.30231907
4.13000 1.30192419
4.13400 1.30152979
4.13800 1.30113589
4.14200 1.30074246
4.14600 1.30034953
4.15000 1.29995708
4.15400 1.29956511
4.15800 1.29917362
4.16200 1.29878261
4.16600 1.29839208
4.17000 1.29800203
4.17400 1.29761246
4.17800 1.29722336
4.18200 1.29683474
4.18600 1.29644659
4.19000 1.29605892
4.19400 1.29567171
4.19800 1.29528498
4.20200 1.29489872
4.20600 1.29451293
4.21000 1.29412761
4.21400 1.29374275
4.21800 1.29335836
4.22200 1.29297444
4.22600 1.29259098
4.23000 1.29220798
4.23400 1.29182545
4.23800 1.29144337
4.24200 1.29106176
4.24600 1.29068060
4.25000 1.29029991
4.25400 1.28991967
4.25800 1.28953989
4.26200 1.28916056
4.26600 1.28878169
4.27000 1.28840327
4.27400 1.28802530
4.27800 1.28764779
4.28200 1.28727072
4.28600 1.28689411
4.29000 1.28651794
4.29400 1.28614222
4.29800 1.28576695
4.30200 1.28539213
4.30600 1.28501775
4.31000 1.28464381
4.31400 1.28427032
4.31800 1.28389726
4.32200 1.28352465
4.32600 1.28315249
4.33000 1.28278075
4.33400 1.28240946
4.33800 1.28203861
4.34200 1.28166819
4.34600 1.28129821
4.35000 1.28092866
4.35400 1.28055955
4.35800 1.28019087
4.36200 1.27982262
4.36600 1.27945481
4.37000 1.27908742
4.37400 1.27872046
4.37800 1.27835394
4.38200 1.27798784
4.38600 1.27762216
4.39000 1.27725691
4.39400 1.27689209
4.39800 1.27652769
4.40200 1.27616372
4.40600 1.27580017
4.41000 1.27543704
4.41400 1.27507433
4.41800 1.27471204
4.42200 1.27435017
4.42600 1.27398871
4.43000 1.27362768
4.43400 1.27326706
4.43800 1.27290686
4.44200 1.27254707
4.44600 1.27218769
4.45000 1.27182873
4.45400 1.27147018
4.45800 1.27111204
4.46200 1.27075432
4.46600 1.27039700
4.47000 1.27004009
4.47400 1.26968359
4.47800 1.26932750
4.48200 1.26897181
4.48600 1.26861653
4.49000 1.26826166
4.49400 1.26790718
4.49800 1.26755311
4.50200 1.26719945
4.50600 1.26684618
4.51000 1.26649332
4.51400 1.26614086
4.51800 1.26578879
4.52200 1.26543712
4.52600 1.26508586
4.53000 1.26473498
4.53400 1.26438451
4.53800 1.26403443
4.54200 1.26368474
4.54600 1.26333545
4.55000 1.26298655
4.55400 1.26263804
4.55800 1.26228993
4.56200 1.26194220
4.56600 1.26159486
4.57000 1.26124792
4.57400 1.26090136
4.57800 1.26055519
4.58200 1.26020940
4.58600 1.25986401
4.59000 1.25951899
4.59400 1.25917436
4.59800 1.25883012
4.60200 1.25848626
4.60600 1.25814278
4.61000 1.25779968
4.61400 1.25745696
4.61800 1.25711462
4.62200 1.25677266
4.62600 1.25643108
4.63000 1.25608988
4.63400 1.25574905
4.63800 1.25540860
4.64200 1.25506853
4.64600 1.25472883
4.65000 1.25438951
4.65400 1.25405055
4.65800 1.25371197
4.66200 1.25337377
4.66600 1.25303593
4.67000 1.25269846
4.67400 1.25236137
4.67800 1.25202464
4.68200 1.25168828
4.68600 1.25135229
4.69000 1.25101667
4.69400 1.25068141
4.69800 1.25034652
4.70200 1.25001199
4.70600 1.24967782
4.71000 1.24934402
4.71400 1.24901059
4.71800 1.24867751
4.72200 1.24834480
4.72600 1.24801244
4.73000 1.24768045
4.73400 1.24734881
4.73800 1.24701754
4.74200 1.24668662
4.74600 1.24635606
4.75000 1.24602585
4.75400 1.24569600
4.75800 1.24536651
4.76200 1.24503737
4.76600 1.24470858
4.77000 1.24438015
4.77400 1.24405207
4.77800 1.24372434
4.78200 1.24339696
4.78600 1.24306993
4.79000 1.24274326
4.79400 1.24241693
4.79800 1.24209095
4.80200 1.24176532
4.80600 1.24144003
4.81000 1.24111509
4.81400 1.24079050
4.81800 1.24046625
4.82200 1.24014235
4.82600 1.23981879
4.83000 1.23949558
4.83400 1.23917270
4.83800 1.23885017
4.84200 1.23852798
4.84600 1.23820613
4.85000 1.23788462
4.85400 1.23756346
4.85800 1.23724262
4.86200 1.23692213
4.86600 1.23660198
4.87000 1.23628216
4.87400 1.23596268
4.87800 1.23564353
4.88200 1.23532472
4.88600 1.23500624
4.89000 1.23468810
4.89400 1.23437029
4.89800 1.23405281
4.90200 1.23373567
4.90600 1.23341885
4.91000 1.23310237
4.91400 1.23278622
4.91800 1.23247039
4.92200 1.23215490
4.92600 1.23183973
4.93000 1.23152489
4.93400 1.23121038
4.93800 1.23089620
4.94200 1.23058234
4.94600 1.23026880
4.95000 1.22995559
4.95400 1.22964271
4.95800 1.22933015
4.96200 1.22901791
4.96600 1.22870599
4.97000 1.22839440
4.97400 1.22808312
4.97800 1.22777217
4.98200 1.22746154
4.98600 1.22715122
4.99000 1.22684123
4.99400 1.22653155
4.99800 1.22622219
5.00200 1.22591315
5.00600 1.22560443
5.01000 1.22529602
5.01400 1.22498792
5.01800 1.22468015
5.02200 1.22437268
5.02600 1.22406553
5.03000 1.22375869
5.03400 1.22345217
5.03800 1.22314595
5.04200 1.22284005
5.04600 1.22253446
5.05000 1.22222918
5.05400 1.22192421
5.05800 1.22161955
5.06200 1.22131519
5.06600 1.22101115
5.07000 1.22070741
5.07400 1.22040398
5.07800 1.22010086
5.08200 1.21979804
5.08600 1.21949553
5.09000 1.21919332
5.09400 1.21889142
5.09800 1.21858982
5.10200 1.21828852
5.10600 1.21798752
5.11000 1.21768683
5.11400 1.21738644
5.11800 1.21708635
5.12200 1.21678656
5.12600 1.21648708
5.13000 1.21618789
5.13400 1.21588900
5.13800 1.21559040
5.14200 1.21529211
5.14600 1.21499411
5.15000 1.21469641
5.15400 1.21439901
5.15800 1.21410190
5.16200 1.21380509
5.16600 1.21350857
5.17000 1.21321235
5.17400 1.21291642
5.17800 1.21262078
5.18200 1.21232544
5.18600 1.21203039
5.19000 1.21173563
5.19400 1.21144116
5.19800 1.21114698
5.20200 1.21085309
5.20600 1.21055950
5.21000 1.21026619
5.21400 1.20997317
5.21800 1.20968043
5.22200 1.20938799
5.22600 1.20909583
5.23000 1.20880396
5.23400 1.20851237
5.23800 1.20822108
5.24200 1.20793006
5.24600 1.20763933
5.25000 1.20734889
5.25400 1.20705873
5.25800 1.20676885
5.26200 1.20647925
5.26600 1.20618994
5.27000 1.20590091
5.27400 1.20561216
5.27800 1.20532369
5.28200 1.20503550
5.28600 1.20474759
5.29000 1.20445996
5.29400 1.20417261
5.29800 1.20388553
5.30200 1.20359874
5.30600 1.20331222
5.31000 1.20302598
5.31400 1.20274001
5.31800 1.20245433
5.32200 1.20216891
5.32600 1.20188378
5.33000 1.20159891
5.33400 1.20131432
5.33800 1.20103001
5.34200 1.20074597
5.34600 1.20046220
5.35000 1.20017870
5.35400 1.19989547
5.35800 1.19961252
5.36200 1.19932984
5.36600 1.19904742
5.37000 1.19876528
5.37400 1.19848341
5.37800 1.19820180
5.38200 1.19792047
5.38600 1.19763940
5.39000 1.19735860
5.39400 1.19707807
5.39800 1.19679780
5.40200 1.19651780
5.40600 1.19623807
5.41000 1.19595860
5.41400 1.19567940
5.41800 1.19540046
5.42200 1.19512179
5.42600 1.19484338
5.43000 1.19456523
5.43400 1.19428735
5.43800 1.19400972
5.44200 1.19373236
5.44600 1.19345526
5.45000 1.19317843
5.45400 1.19290185
5.45800 1.19262553
5.46200 1.19234948
5.46600 1.19207368
5.47000 1.19179814
5.47400 1.19152286
5.47800 1.19124784
5.48200 1.19097307
5.48600 1.19069857
5.49000 1.19042432
5.49400 1.19015032
5.49800 1.18987658
5.50200 1.18960310
5.50600 1.18932987
5.51000 1.18905690
5.51400 1.18878418
5.51800 1.18851172
5.52200 1.18823950
5.52600 1.18796754
5.53000 1.18769584
5.53400 1.18742438
5.53800 1.18715318
5.54200 1.18688223
5.54600 1.18661153
5.55000 1.18634108
5.55400 1.18607088
5.55800 1.18580093
5.56200 1.18553123
5.56600 1.18526178
5.57000 1.18499258
5.57400 1.18472362
5.57800 1.18445492
5.58200 1.18418646
5.58600 1.18391824
5.59000 1.18365028
5.59400 1.18338256
5.59800 1.18311508
5.60200 1.18284785
5.60600 1.18258087
5.61000 1.18231413
5.61400 1.18204763
5.61800 1.18178138
5.62200 1.18151537
5.62600 1.18124960
5.63000 1.18098408
5.63400 1.18071880
5.63800 1.18045376
5.64200 1.18018896
5.64600 1.17992440
5.65000 1.17966008
5.65400 1.17939601
5.65800 1.17913217
5.66200 1.17886857
5.66600 1.17860521
5.67000 1.17834209
5.67400 1.17807921
5.67800 1.17781657
5.68200 1.17755416
5.68600 1.17729199
5.69000 1.17703006
5.69400 1.17676836
5.69800 1.17650690
5.70200 1.17624568
5.70600 1.17598469
5.71000 1.17572393
5.71400 1.17546341
5.71800 1.17520312
5.72200 1.17494307
5.72600 1.17468325
5.73000 1.17442367
5.73400 1.17416431
5.73800 1.17390519
5.74200 1.17364630
5.74600 1.17338765
5.75000 1.17312922
5.75400 1.17287102
5.75800 1.17261306
5.76200 1.17235532
5.76600 1.17209782
5.77000 1.17184054
5.77400 1.17158349
5.77800 1.17132668
5.78200 1.17107009
5.78600 1.17081372
5.79000 1.17055759
5.79400 1.17030168
5.79800 1.17004600
5.80200 1.16979055
5.80600 1.16953532
5.81000 1.16928031
5.81400 1.16902554
5.81800 1.16877099
5.82200 1.16851666
5.82600 1.16826256
5.83000 1.16800868
5.83400 1.16775502
5.83800 1.16750159
5.84200 1.16724838
5.84600 1.16699540
5.85000 1.16674263
5.85400 1.16649009
5.85800 1.16623777
5.86200 1.16598567
5.86600 1.16573379
5.87000 1.16548213
5.87400 1.16523070
5.87800 1.16497948
5.88200 1.16472848
5.88600 1.16447770
5.89000 1.16422714
5.89400 1.16397680
5.89800 1.16372668
5.90200 1.16347677
5.90600 1.16322708
5.91000 1.16297761
5.91400 1.16272836
5.91800 1.16247932
5.92200 1.16223050
5.92600 1.16198190
5.93000 1.16173351
5.93400 1.16148533
5.93800 1.16123737
5.94200 1.16098963
5.94600 1.16074210
5.95000 1.16049478
5.95400 1.16024768
5.95800 1.16000079
5.96200 1.15975411
5.96600 1.15950764
5.97000 1.15926139
5.97400 1.15901535
5.97800 1.15876952
5.98200 1.15852390
5.98600 1.15827850
5.99000 1.15803330
5.99400 1.15778832
5.99800 1.15754354
6.00200 1.15729898
6.00600 1.15705462
6.01000 1.15681047
6.01400 1.15656653
6.01800 1.15632280
6.02200 1.15607928
6.02600 1.15583597
6.03000 1.15559286
6.03400 1.15534996
6.03800 1.15510727
6.04200 1.15486478
6.04600 1.15462250
6.05000 1.15438043
6.05400 1.15413856
6.05800 1.15389689
6.06200 1.15365544
6.06600 1.15341418
6.07000 1.15317313
6.07400 1.15293229
6.07800 1.15269165
6.08200 1.15245121
6.08600 1.15221098
6.09000 1.15197094
6.09400 1.15173111
6.09800 1.15149149
6.10200 1.15125206
6.10600 1.15101284
6.11000 1.15077382
6.11400 1.15053500
6.11800 1.15029638
6.12200 1.15005796
6.12600 1.14981974
6.13000 1.14958172
6.13400 1.14934390
6.13800 1.14910628
6.14200 1.14886886
6.14600 1.14863163
6.15000 1.14839461
6.15400 1.14815778
6.15800 1.14792115
6.16200 1.14768472
6.16600 1.14744849
6.17000 1.14721245
6.17400 1.14697661
6.17800 1.14674097
6.18200 1.14650552
6.18600 1.14627027
6.19000 1.14603521
6.19400 1.14580035
6.19800 1.14556568
6.20200 1.14533121
6.20600 1.14509694
6.21000 1.14486285
6.21400 1.14462896
6.21800 1.14439527
6.22200 1.14416176
6.22600 1.14392845
6.23000 1.14369534
6.23400 1.14346241
6.23800 1.14322968
6.24200 1.14299714
6.24600 1.14276479
6.25000 1.14253263
6.25400 1.14230066
6.25800 1.14206889
6.26200 1.14183730
6.26600 1.14160591
6.27000 1.14137470
6.27400 1.14114368
6.27800 1.14091286
6.28200 1.14068222
6.28600 1.14045177
6.29000 1.14022151
6.29400 1.13999144
6.29800 1.13976155
6.30200 1.13953185
6.30600 1.13930234
6.31000 1.13907302
6.31400 1.13884389
6.31800 1.13861494
6.32200 1.13838618
6.32600 1.13815760
6.33000 1.13792921
6.33400 1.13770100
6.33800 1.13747298
6.34200 1.13724515
6.34600 1.13701750
6.35000 1.13679003
6.35400 1.13656275
6.35800 1.13633565
6.36200 1.13610874
6.36600 1.13588201
6.37000 1.13565546
6.37400 1.13542910
6.37800 1.13520292
6.38200 1.13497692
6.38600 1.13475110
6.39000 1.13452547
6.39400 1.13430001
6.39800 1.13407474
6.40200 1.13384965
6.40600 1.13362474
6.41000 1.13340001
6.41400 1.13317546
6.41800 1.13295109
6.42200 1.13272690
6.42600 1.13250289
6.43000 1.13227906
6.43400 1.13205541
6.43800 1.13183193
6.44200 1.13160864
6.44600 1.13138552
6.45000 1.13116258
6.45400 1.13093982
6.45800 1.13071724
6.46200 1.13049484
6.46600 1.13027261
6.47000 1.13005056
6.47400 1.12982868
6.47800 1.12960698
6.48200 1.12938546
6.48600 1.12916411
6.49000 1.12894294
6.49400 1.12872194
6.49800 1.12850112
6.50200 1.12828048
6.50600 1.12806001
6.51000 1.12783971
6.51400 1.12761958
6.51800 1.12739964
6.52200 1.12717986
6.52600 1.12696026
6.53000 1.12674083
6.53400 1.12652157
6.53800 1.12630249
6.54200 1.12608358
6.54600 1.12586484
6.55000 1.12564627
6.55400 1.12542787
6.55800 1.12520965
6.56200 1.12499160
6.56600 1.12477371
6.57000 1.12455600
6.57400 1.12433846
6.57800 1.12412109
6.58200 1.12390389
6.58600 1.12368686
6.59000 1.12347000
6.59400 1.12325330
6.59800 1.12303678
6.60200 1.12282043
6.60600 1.12260424
6.61000 1.12238822
6.61400 1.12217238
6.61800 1.12195669
6.62200 1.12174118
6.62600 1.12152584
6.63000 1.12131066
6.63400 1.12109564
6.63800 1.12088080
6.64200 1.12066612
6.64600 1.12045161
6.65000 1.12023726
6.65400 1.12002308
6.65800 1.11980907
6.66200 1.11959522
6.66600 1.11938154
6.67000 1.11916802
6.67400 1.11895466
6.67800 1.11874147
6.68200 1.11852845
6.68600 1.11831559
6.69000 1.11810289
6.69400 1.11789035
6.69800 1.11767798
6.70200 1.11746578
6.70600 1.11725373
6.71000 1.11704185
6.71400 1.11683013
6.71800 1.11661857
6.72200 1.11640718
6.72600 1.11619595
6.73000 1.11598488
6.73400 1.11577397
6.73800 1.11556322
6.74200 1.11535263
6.74600 1.11514220
6.75000 1.11493193
6.75400 1.11472183
6.75800 1.11451188
6.76200 1.11430210
6.76600 1.11409247
6.77000 1.11388300
6.77400 1.11367370
6.77800 1.11346455
6.78200 1.11325556
6.78600 1.11304673
6.79000 1.11283805
6.79400 1.11262954
6.79800 1.11242118
6.80200 1.11221298
6.80600 1.11200494
6.81000 1.11179706
6.81400 1.11158933
6.81800 1.11138176
6.82200 1.11117435
6.82600 1.11096709
6.83000 1.11075999
6.83400 1.11055304
6.83800 1.11034626
6.84200 1.11013962
6.84600 1.10993314
6.85000 1.10972682
6.85400 1.10952066
6.85800 1.10931464
6.86200 1.10910879
6.86600 1.10890308
6.87000 1.10869753
6.87400 1.10849214
6.87800 1.10828690
6.88200 1.10808181
6.88600 1.10787688
6.89000 1.10767209
6.89400 1.10746747
6.89800 1.10726299
6.90200 1.10705867
6.90600 1.10685450
6.91000 1.10665048
6.91400 1.10644662
6.91800 1.10624290
6.92200 1.10603934
6.92600 1.10583593
6.93000 1.10563267
6.93400 1.10542956
6.93800 1.10522660
6.94200 1.10502379
6.94600 1.10482114
6.95000 1.10461863
6.95400 1.10441627
6.95800 1.10421407
6.96200 1.10401201
6.96600 1.10381010
6.97000 1.10360834
6.97400 1.10340673
6.97800 1.10320527
6.98200 1.10300396
6.98600 1.10280280
6.99000 1.10260178
6.99400 1.10240091
6.99800 1.10220019
7.00200 1.10199962
7.00600 1.10179920
7.01000 1.10159892
7.01400 1.10139879
7.01800 1.10119881
7.02200 1.10099897
7.02600 1.10079928
7.03000 1.10059974
7.03400 1.10040034
7.03800 1.10020109
7.04200 1.10000199
7.04600 1.09980303
7.05000 1.09960421
7.05400 1.09940554
7.05800 1.09920702
7.06200 1.09900864
7.06600 1.09881041
7.07000 1.09861232
7.07400 1.09841437
7.07800 1.09821657
7.08200 1.09801891
7.08600 1.09782140
7.09000 1.09762403
7.09400 1.09742680
7.09800 1.09722972
7.10200 1.09703278
7.10600 1.09683598
7.11000 1.09663932
7.11400 1.09644281
7.11800 1.09624644
7.12200 1.09605021
7.12600 1.09585412
7.13000 1.09565818
7.13400 1.09546237
7.13800 1.09526671
7.14200 1.09507119
7.14600 1.09487581
7.15000 1.09468057
7.15400 1.09448547
7.15800 1.09429052
7.16200 1.09409570
7.16600 1.09390102
7.17000 1.09370648
7.17400 1.09351209
7.17800 1.09331783
7.18200 1.09312371
7.18600 1.09292973
7.19000 1.09273589
7.19400 1.09254219
7.19800 1.09234862
7.20200 1.09215520
7.20600 1.09196191
7.21000 1.09176877
7.21400 1.09157576
7.21800 1.09138288
7.22200 1.09119015
7.22600 1.09099755
7.23000 1.09080509
7.23400 1.09061277
7.23800 1.09042058
7.24200 1.09022854
7.24600 1.09003662
7.25000 1.08984485
7.25400 1.08965321
7.25800 1.08946171
7.26200 1.08927034
7.26600 1.08907911
7.27000 1.08888801
7.27400 1.08869705
7.27800 1.08850622
7.28200 1.08831553
7.28600 1.08812498
7.29000 1.08793456
7.29400 1.08774427
7.29800 1.08755412
7.30200 1.08736410
7.30600 1.08717422
7.31000 1.08698447
7.31400 1.08679485
7.31800 1.08660537
7.32200 1.08641602
7.32600 1.08622681
7.33000 1.08603772
7.33400 1.08584878
7.33800 1.08565996
7.34200 1.08547127
7.34600 1.08528272
7.35000 1.08509430
7.35400 1.08490602
7.35800 1.08471786
7.36200 1.08452984
7.36600 1.08434194
7.37000 1.08415418
7.37400 1.08396655
7.37800 1.08377906
7.38200 1.08359169
7.38600 1.08340445
7.39000 1.08321735
7.39400 1.08303037
7.39800 1.08284352
7.40200 1.08265681
7.40600 1.08247022
7.41000 1.08228377
7.41400 1.08209744
7.41800 1.08191125
7.42200 1.08172518
7.42600 1.08153924
7.43000 1.08135344
7.43400 1.08116776
7.43800 1.08098220
7.44200 1.08079678
7.44600 1.08061149
7.45000 1.08042632
7.45400 1.08024129
7.45800 1.08005638
7.46200 1.07987159
7.46600 1.07968694
7.47000 1.07950241
7.47400 1.07931801
7.47800 1.07913374
7.48200 1.07894960
7.48600 1.07876558
7.49000 1.07858169
7.49400 1.07839792
7.49800 1.07821428
7.50200 1.07803077
7.50600 1.07784738
7.51000 1.07766412
7.51400 1.07748099
7.51800 1.07729798
7.52200 1.07711509
7.52600 1.07693234
7.53000 1.07674970
7.53400 1.07656719
7.53800 1.07638481
7.54200 1.07620255
7.54600 1.07602042
7.55000 1.07583841
7.55400 1.07565652
7.55800 1.07547476
7.56200 1.07529312
7.56600 1.07511161
7.57000 1.07493022
7.57400 1.07474895
7.57800 1.07456781
7.58200 1.07438679
7.58600 1.07420589
7.59000 1.07402512
7.59400 1.07384447
7.59800 1.07366394
7.60200 1.07348354
7.60600 1.07330325
7.61000 1.07312309
7.61400 1.07294305
7.61800 1.07276313
7.62200 1.07258334
7.62600 1.07240366
7.63000 1.07222411
7.63400 1.07204468
7.63800 1.07186537
7.64200 1.07168618
7.64600 1.07150711
7.65000 1.07132817
7.65400 1.07114934
7.65800 1.07097063
7.66200 1.07079205
7.66600 1.07061358
7.67000 1.07043523
7.67400 1.07025701
7.67800 1.07007890
7.68200 1.06990092
7.68600 1.06972305
7.69000 1.06954530
7.69400 1.06936767
7.69800 1.06919016
7.70200 1.06901277
7.70600 1.06883550
7.71000 1.06865835
7.71400 1.06848131
7.71800 1.06830439
7.72200 1.06812760
7.72600 1.06795092
7.73000 1.06777435
7.73400 1.06759791
7.73800 1.06742158
7.74200 1.06724537
7.74600 1.06706928
7.75000 1.06689330
7.75400 1.06671745
7.75800 1.06654171
7.76200 1.06636608
7.76600 1.06619057
7.77000 1.06601518
7.77400 1.06583991
7.77800 1.06566475
7.78200 1.06548971
7.78600 1.06531478
7.79000 1.06513997
7.79400 1.06496528
7.79800 1.06479070
7.80200 1.06461623
7.80600 1.06444189
7.81000 1.06426765
7.81400 1.06409354
7.81800 1.06391953
7.82200 1.06374564
7.82600 1.06357187
7.83000 1.06339821
7.83400 1.06322467
7.83800 1.06305124
7.84200 1.06287792
7.84600 1.06270472
7.85000 1.06253163
7.85400 1.06235865
7.85800 1.06218579
7.86200 1.06201304
7.86600 1.06184041
7.87000 1.06166789
7.87400 1.06149548
7.87800 1.06132319
7.88200 1.06115100
7.88600 1.06097893
7.89000 1.06080698
7.89400 1.06063513
7.89800 1.06046340
7.90200 1.06029178
7.90600 1.06012027
7.91000 1.05994887
7.91400 1.05977759
7.91800 1.05960642
7.92200 1.05943535
7.92600 1.05926440
7.93000 1.05909356
7.93400 1.05892284
7.93800 1.05875222
7.94200 1.05858171
7.94600 1.05841132
7.95000 1.05824103
7.95400 1.05807086
7.95800 1.05790080
7.96200 1.05773084
7.96600 1.05756100
7.97000 1.05739127
7.97400 1.05722164
7.97800 1.05705213
7.98200 1.05688272
7.98600 1.05671343
7.99000 1.05654424
7.99400 1.05637517
7.99800 1.05620620
8.00200 1.05603734
8.00600 1.05586859
8.01000 1.05569995
8.01400 1.05553142
8.01800 1.05536300
8.02200 1.05519468
8.02600 1.05502648
8.03000 1.05485838
8.03400 1.05469039
8.03800 1.05452250
8.04200 1.05435473
8.04600 1.05418706
8.05000 1.05401950
8.05400 1.05385205
8.05800 1.05368470
8.06200 1.05351747
8.06600 1.05335034
8.07000 1.05318331
8.07400 1.05301639
8.07800 1.05284958
8.08200 1.05268288
8.08600 1.05251628
8.09000 1.05234979
8.09400 1.05218340
8.09800 1.05201713
8.10200 1.05185095
8.10600 1.05168489
8.11000 1.05151892
8.11400 1.05135307
8.11800 1.05118732
8.12200 1.05102167
8.12600 1.05085613
8.13000 1.05069070
8.13400 1.05052537
8.13800 1.05036014
8.14200 1.05019502
8.14600 1.05003001
8.15000 1.04986510
8.15400 1.04970029
8.15800 1.04953559
8.16200 1.04937099
8.16600 1.04920649
8.17000 1.04904210
8.17400 1.04887782
8.17800 1.04871364
8.18200 1.04854956
8.18600 1.04838558
8.19000 1.04822171
8.19400 1.04805794
8.19800 1.04789427
8.20200 1.04773071
8.20600 1.04756725
8.21000 1.04740390
8.21400 1.04724064
8.21800 1.04707749
8.22200 1.04691444
8.22600 1.04675149
8.23000 1.04658865
8.23400 1.04642591
8.23800 1.04626327
8.24200 1.04610073
8.24600 1.04593829
8.25000 1.04577595
8.25400 1.04561372
8.25800 1.04545159
8.26200 1.04528956
8.26600 1.04512763
8.27000 1.04496580
8.27400 1.04480407
8.27800 1.04464245
8.28200 1.04448092
8.28600 1.04431950
8.29000 1.04415817
8.29400 1.04399695
8.29800 1.04383582
8.30200 1.04367480
8.30600 1.04351388
8.31000 1.04335305
8.31400 1.04319233
8.31800 1.04303170
8.32200 1.04287118
8.32600 1.04271076
8.33000 1.04255043
8.33400 1.04239021
8.33800 1.04223008
8.34200 1.04207005
8.34600 1.04191012
8.35000 1.04175029
8.35400 1.04159056
8.35800 1.04143093
8.36200 1.04127140
8.36600 1.04111196
8.37000 1.04095263
8.37400 1.04079339
8.37800 1.04063425
8.38200 1.04047521
8.38600 1.04031626
8.39000 1.04015742
8.39400 1.03999867
8.39800 1.03984002
8.40200 1.03968146
8.40600 1.03952301
8.41000 1.03936465
8.41400 1.03920639
8.41800 1.03904822
8.42200 1.03889016
8.42600 1.03873219
8.43000 1.03857431
8.43400 1.03841654
8.43800 1.03825886
8.44200 1.03810127
8.44600 1.03794379
8.45000 1.03778639
8.45400 1.03762910
8.45800 1.03747190
8.46200 1.03731480
8.46600 1.03715779
8.47000 1.03700088
8.47400 1.03684406
8.47800 1.03668734
8.48200 1.03653072
8.48600 1.03637419
8.49000 1.03621776
8.49400 1.03606142
8.49800 1.03590517
8.50200 1.03574903
8.50600 1.03559297
8.51000 1.03543701
8.51400 1.03528115
8.51800 1.03512538
8.52200 1.03496970
8.52600 1.03481412
8.53000 1.03465863
8.53400 1.03450324
8.53800 1.03434794
8.54200 1.03419274
8.54600 1.03403762
8.55000 1.03388261
8.55400 1.03372768
8.55800 1.03357285
8.56200 1.03341812
8.56600 1.03326347
8.57000 1.03310892
8.57400 1.03295446
8.57800 1.03280010
8.58200 1.03264583
8.58600 1.03249165
8.59000 1.03233757
8.59400 1.03218357
8.59800 1.03202967
8.60200 1.03187586
8.60600 1.03172215
8.61000 1.03156852
8.61400 1.03141499
8.61800 1.03126155
8.62200 1.03110821
8.62600 1.03095495
8.63000 1.03080179
8.63400 1.03064872
8.63800 1.03049574
8.64200 1.03034285
8.64600 1.03019005
8.65000 1.03003734
8.65400 1.02988473
8.65800 1.02973220
8.66200 1.02957977
8.66600 1.02942743
8.67000 1.02927518
8.67400 1.02912302
8.67800 1.02897095
8.68200 1.02881897
8.68600 1.02866708
8.69000 1.02851528
8.69400 1.02836357
8.69800 1.02821195
8.70200 1.02806042
8.70600 1.02790899
8.71000 1.02775764
8.71400 1.02760638
8.71800 1.02745521
8.72200 1.02730413
8.72600 1.02715314
8.73000 1.02700224
8.73400 1.02685143
8.73800 1.02670071
8.74200 1.02655007
8.74600 1.02639953
8.75000 1.02624907
8.75400 1.02609871
8.75800 1.02594843
8.76200 1.02579824
8.76600 1.02564814
8.77000 1.02549813
8.77400 1.02534820
8.77800 1.02519837
8.78200 1.02504862
8.78600 1.02489896
8.79000 1.02474939
8.79400 1.02459991
8.79800 1.02445051
8.80200 1.02430121
8.80600 1.02415199
8.81000 1.02400285
8.81400 1.02385381
8.81800 1.02370485
8.82200 1.02355598
8.82600 1.02340720
8.83000 1.02325850
8.83400 1.02310989
8.83800 1.02296137
8.84200 1.02281294
8.84600 1.02266459
8.85000 1.02251633
8.85400 1.02236815
8.85800 1.02222006
8.86200 1.02207206
8.86600 1.02192414
8.87000 1.02177631
8.87400 1.02162857
8.87800 1.02148091
8.88200 1.02133334
8.88600 1.02118586
8.89000 1.02103846
8.89400 1.02089114
8.89800 1.02074391
8.90200 1.02059677
8.90600 1.02044971
8.91000 1.02030274
8.91400 1.02015585
8.91800 1.02000905
8.92200 1.01986233
8.92600 1.01971570
8.93000 1.01956915
8.93400 1.01942269
8.93800 1.01927631
8.94200 1.01913002
8.94600 1.01898381
8.95000 1.01883769
8.95400 1.01869165
8.95800 1.01854569
8.96200 1.01839982
8.96600 1.01825403
8.97000 1.01810833
8.97400 1.01796271
8.97800 1.01781717
8.98200 1.01767172
8.98600 1.01752636
8.99000 1.01738107
8.99400 1.01723587
8.99800 1.01709075
9.00200 1.01694572
9.00600 1.01680077
9.01000 1.01665590
9.01400 1.01651112
9.01800 1.01636642
9.02200 1.01622180
9.02600 1.01607726
9.03000 1.01593281
9.03400 1.01578844
9.03800 1.01564415
9.04200 1.01549995
9.04600 1.01535582
9.05000 1.01521178
9.05400 1.01506783
9.05800 1.01492395
9.06200 1.01478016
9.06600 1.01463645
9.07000 1.01449282
9.07400 1.01434927
9.07800 1.01420580
9.08200 1.01406242
9.08600 1.01391911
9.09000 1.01377589
9.09400 1.01363275
9.09800 1.01348970
9.10200 1.01334672
9.10600 1.01320382
9.11000 1.01306101
9.11400 1.01291827
9.11800 1.01277562
9.12200 1.01263305
9.12600 1.01249056
9.13000 1.01234815
9.13400 1.01220582
9.13800 1.01206357
9.14200 1.01192140
9.14600 1.01177931
9.15000 1.01163730
9.15400 1.01149538
9.15800 1.01135353
9.16200 1.01121176
9.16600 1.01107007
9.17000 1.01092847
9.17400 1.01078694
9.17800 1.01064549
9.18200 1.01050412
9.18600 1.01036283
9.19000 1.01022163
9.19400 1.01008050
9.19800 1.00993945
9.20200 1.00979847
9.20600 1.00965758
9.21000 1.00951677
9.21400 1.00937604
9.21800 1.00923538
9.22200 1.00909481
9.22600 1.00895431
9.23000 1.00881389
9.23400 1.00867355
9.23800 1.00853329
9.24200 1.00839311
9.24600 1.00825300
9.25000 1.00811298
9.25400 1.00797303
9.25800 1.00783316
9.26200 1.00769337
9.26600 1.00755366
9.27000 1.00741402
9.27400 1.00727447
9.27800 1.00713499
9.28200 1.00699558
9.28600 1.00685626
9.29000 1.00671701
9.29400 1.00657785
9.29800 1.00643875
9.30200 1.00629974
9.30600 1.00616080
9.31000 1.00602194
9.31400 1.00588316
9.31800 1.00574446
9.32200 1.00560583
9.32600 1.00546728
9.33000 1.00532880
9.33400 1.00519040
9.33800 1.00505208
9.34200 1.00491384
9.34600 1.00477567
9.35000 1.00463758
9.35400 1.00449956
9.35800 1.00436162
9.36200 1.00422376
9.36600 1.00408598
9.37000 1.00394826
9.37400 1.00381063
9.37800 1.00367307
9.38200 1.00353559
9.38600 1.00339818
9.39000 1.00326085
9.39400 1.00312360
9.39800 1.00298642
9.40200 1.00284931
9.40600 1.00271228
9.41000 1.00257533
9.41400 1.00243845
9.41800 1.00230165
9.42200 1.00216492
9.42600 1.00202827
9.43000 1.00189169
9.43400 1.00175519
9.43800 1.00161876
9.44200 1.00148241
9.44600 1.00134613
9.45000 1.00120992
9.45400 1.00107379
9.45800 1.00093774
9.46200 1.00080176
9.46600 1.00066585
9.47000 1.00053002
9.47400 1.00039426
9.47800 1.00025858
9.48200 1.00012297
9.48600 0.99998743
9.49000 0.99985197
9.49400 0.99971658
9.49800 0.99958127
9.50200 0.99944603
9.50600 0.99931086
9.51000 0.99917577
9.51400 0.99904075
9.51800 0.99890580
9.52200 0.99877093
9.52600 0.99863613
9.53000 0.99850140
9.53400 0.99836675
9.53800 0.99823217
9.54200 0.99809766
9.54600 0.99796323
9.55000 0.99782887
9.55400 0.99769458
9.55800 0.99756036
9.56200 0.99742622
9.56600 0.99729215
9.57000 0.99715815
9.57400 0.99702423
9.57800 0.99689037
9.58200 0.99675659
9.58600 0.99662288
9.59000 0.99648925
9.59400 0.99635568
9.59800 0.99622219
9.60200 0.99608877
9.60600 0.99595542
9.61000 0.99582214
9.61400 0.99568894
9.61800 0.99555581
9.62200 0.99542274
9.62600 0.99528975
9.63000 0.99515684
9.63400 0.99502399
9.63800 0.99489121
9.64200 0.99475851
9.64600 0.99462588
9.65000 0.99449331
9.65400 0.99436082
9.65800 0.99422840
9.66200 0.99409605
9.66600 0.99396377
9.67000 0.99383157
9.67400 0.99369943
9.67800 0.99356736
9.68200 0.99343537
9.68600 0.99330344
9.69000 0.99317159
9.69400 0.99303981
9.69800 0.99290809
9.70200 0.99277645
9.70600 0.99264488
9.71000 0.99251337
9.71400 0.99238194
9.71800 0.99225058
9.72200 0.99211929
9.72600 0.99198806
9.73000 0.99185691
9.73400 0.99172583
9.73800 0.99159481
9.74200 0.99146387
9.74600 0.99133299
9.75000 0.99120219
9.75400 0.99107145
9.75800 0.99094079
9.76200 0.99081019
9.76600 0.99067966
9.77000 0.99054921
9.77400 0.99041882
9.77800 0.99028850
9.78200 0.99015825
9.78600 0.99002806
9.79000 0.98989795
9.79400 0.98976791
9.79800 0.98963793
9.80200 0.98950802
9.80600 0.98937818
9.81000 0.98924841
9.81400 0.98911871
9.81800 0.98898908
9.82200 0.98885951
9.82600 0.98873002
9.83000 0.98860059
9.83400 0.98847123
9.83800 0.98834194
9.84200 0.98821271
9.84600 0.98808356
9.85000 0.98795447
9.85400 0.98782545
9.85800 0.98769650
9.86200 0.98756761
9.86600 0.98743879
9.87000 0.98731005
9.87400 0.98718136
9.87800 0.98705275
9.88200 0.98692420
9.88600 0.98679572
9.89000 0.98666731
9.89400 0.98653896
9.89800 0.98641069
9.90200 0.98628247
9.90600 0.98615433
9.91000 0.98602625
9.91400 0.98589824
9.91800 0.98577030
9.92200 0.98564242
9.92600 0.98551461
9.93000 0.98538687
9.93400 0.98525920
9.93800 0.98513159
9.94200 0.98500404
9.94600 0.98487656
9.95000 0.98474915
9.95400 0.98462181
9.95800 0.98449453
9.96200 0.98436732
9.96600 0.98424017
9.97000 0.98411309
9.97400 0.98398608
9.97800 0.98385913
9.98200 0.98373225
9.98600 0.98360543
9.99000 0.98347868
9.99400 0.98335200
9.99800 0.98322538
10.00200 0.98309883
10.00600 0.98297234
10.01000 0.98284592
10.01400 0.98271956
10.01800 0.98259327
10.02200 0.98246704
10.02600 0.98234088
10.03000 0.98221479
10.03400 0.98208875
10.03800 0.98196279
10.04200 0.98183689
10.04600 0.98171105
10.05000 0.98158528
10.05400 0.98145957
10.05800 0.98133393
10.06200 0.98120836
10.06600 0.98108284
10.07000 0.98095740
10.07400 0.98083201
10.07800 0.98070669
10.08200 0.98058144
10.08600 0.98045625
10.09000 0.98033113
10.09400 0.98020606
10.09800 0.98008107
10.10200 0.97995613
10.10600 0.97983126
10.11000 0.97970646
10.11400 0.97958172
10.11800 0.97945704
10.12200 0.97933243
10.12600 0.97920788
10.13000 0.97908339
10.13400 0.97895897
10.13800 0.97883461
10.14200 0.97871032
10.14600 0.97858608
10.15000 0.97846192
10.15400 0.97833781
10.15800 0.97821377
10.16200 0.97808979
10.16600 0.97796588
10.17000 0.97784202
10.17400 0.97771824
10.17800 0.97759451
10.18200 0.97747085
10.18600 0.97734725
10.19000 0.97722371
10.19400 0.97710024
10.19800 0.97697682
10.20200 0.97685348
10.20600 0.97673019
10.21000 0.97660697
10.21400 0.97648380
10.21800 0.97636071
10.22200 0.97623767
10.22600 0.97611470
10.23000 0.97599178
10.23400 0.97586893
10.23800 0.97574615
10.24200 0.97562342
10.24600 0.97550076
10.25000 0.97537816
10.25400 0.97525562
10.25800 0.97513314
10.26200 0.97501073
10.26600 0.97488837
10.27000 0.97476608
10.27400 0.97464385
10.27800 0.97452168
10.28200 0.97439958
10.28600 0.97427753
10.29000 0.97415555
10.29400 0.97403363
10.29800 0.97391176
10.30200 0.97378997
10.30600 0.97366823
10.31000 0.97354655
10.31400 0.97342493
10.31800 0.97330338
10.32200 0.97318188
10.32600 0.97306045
10.33000 0.97293908
10.33400 0.97281777
10.33800 0.97269652
10.34200 0.97257533
10.34600 0.97245420
10.35000 0.97233313
10.35400 0.97221212
10.35800 0.97209118
10.36200 0.97197029
10.36600 0.97184947
10.37000 0.97172870
10.37400 0.97160799
10.37800 0.97148735
10.38200 0.97136677
10.38600 0.97124624
10.39000 0.97112578
10.39400 0.97100537
10.39800 0.97088503
10.40200 0.97076474
10.40600 0.97064452
10.41000 0.97052435
10.41400 0.97040425
10.41800 0.97028421
10.42200 0.97016422
10.42600 0.97004429
10.43000 0.96992443
10.43400 0.96980462
10.43800 0.96968488
10.44200 0.96956519
10.44600 0.96944556
10.45000 0.96932599
10.45400 0.96920648
10.45800 0.96908703
10.46200 0.96896764
10.46600 0.96884831
10.47000 0.96872904
10.47400 0.96860982
10.47800 0.96849067
10.48200 0.96837157
10.48600 0.96825254
10.49000 0.96813356
10.49400 0.96801464
10.49800 0.96789578
10.50200 0.96777698
10.50600 0.96765823
10.51000 0.96753955
10.51400 0.96742092
10.51800 0.96730236
10.52200 0.96718385
10.52600 0.96706540
10.53000 0.96694700
10.53400 0.96682867
10.53800 0.96671039
10.54200 0.96659218
10.54600 0.96647402
10.55000 0.96635592
10.55400 0.96623787
10.55800 0.96611989
10.56200 0.96600196
10.56600 0.96588409
10.57000 0.96576628
10.57400 0.96564852
10.57800 0.96553083
10.58200 0.96541319
10.58600 0.96529561
10.59000 0.96517809
10.59400 0.96506062
10.59800 0.96494321
10.60200 0.96482586
10.60600 0.96470857
10.61000 0.96459133
10.61400 0.96447415
10.61800 0.96435703
10.62200 0.96423996
10.62600 0.96412296
10.63000 0.96400601
10.63400 0.96388911
10.63800 0.96377228
10.64200 0.96365550
10.64600 0.96353878
10.65000 0.96342211
10.65400 0.96330550
10.65800 0.96318895
10.66200 0.96307245
10.66600 0.96295602
10.67000 0.96283963
10.67400 0.96272331
10.67800 0.96260704
10.68200 0.96249083
10.68600 0.96237467
10.69000 0.96225857
10.69400 0.96214253
10.69800 0.96202654
10.70200 0.96191061
10.70600 0.96179473
10.71000 0.96167892
10.71400 0.96156315
10.71800 0.96144745
10.72200 0.96133180
10.72600 0.96121620
10.73000 0.96110066
10.73400 0.96098518
10.73800 0.96086975
10.74200 0.96075438
10.74600 0.96063906
10.75000 0.96052380
10.75400 0.96040860
10.75800 0.96029345
10.76200 0.96017836
10.76600 0.96006332
10.77000 0.95994834
10.77400 0.95983341
10.77800 0.95971854
10.78200 0.95960372
10.78600 0.95948896
10.79000 0.95937425
10.79400 0.95925960
10.79800 0.95914501
10.80200 0.95903047
10.80600 0.95891598
10.81000 0.95880155
10.81400 0.95868717
10.81800 0.95857285
10.82200 0.95845858
10.82600 0.95834437
10.83000 0.95823022
10.83400 0.95811611
10.83800 0.95800207
10.84200 0.95788807
10.84600 0.95777413
10.85000 0.95766025
10.85400 0.95754642
10.85800 0.95743264
10.86200 0.95731892
10.86600 0.95720526
10.87000 0.95709164
10.87400 0.95697809
10.87800 0.95686458
10.88200 0.95675113
10.88600 0.95663774
10.89000 0.95652440
10.89400 0.95641111
10.89800 0.95629787
10.90200 0.95618469
10.90600 0.95607157
10.91000 0.95595850
10.91400 0.95584548
10.91800 0.95573251
10.92200 0.95561960
10.92600 0.95550674
10.93000 0.95539394
10.93400 0.95528119
10.93800 0.95516849
10.94200 0.95505585
10.94600 0.95494326
10.95000 0.95483072
10.95400 0.95471824
10.95800 0.95460581
10.96200 0.95449343
10.96600 0.95438111
10.97000 0.95426884
10.97400 0.95415662
10.97800 0.95404446
10.98200 0.95393234
10.98600 0.95382029
10.99000 0.95370828
10.99400 0.95359633
10.99800 0.95348443
11.00200 0.95337258
11.00600 0.95326079
11.01000 0.95314904
11.01400 0.95303736
11.01800 0.95292572
11.02200 0.95281414
11.02600 0.95270260
11.03000 0.95259113
11.03400 0.95247970
11.03800 0.95236833
11.04200 0.95225700
11.04600 0.95214573
11.05000 0.95203452
11.05400 0.95192335
11.05800 0.95181224
11.06200 0.95170118
11.06600 0.95159017
11.07000 0.95147921
11.07400 0.95136831
11.07800 0.95125746
11.08200 0.95114666
11.08600 0.95103591
11.09000 0.95092521
11.09400 0.95081457
11.09800 0.95070397
11.10200 0.95059343
11.10600 0.95048294
11.11000 0.95037250
11.11400 0.95026212
11.11800 0.95015178
11.12200 0.95004150
11.12600 0.94993127
11.13000 0.94982109
11.13400 0.94971096
11.13800 0.94960088
11.14200 0.94949085
11.14600 0.94938088
11.15000 0.94927095
11.15400 0.94916108
11.15800 0.94905126
11.16200 0.94894149
11.16600 0.94883177
11.17000 0.94872210
11.17400 0.94861248
11.17800 0.94850291
11.18200 0.94839340
11.18600 0.94828393
11.19000 0.94817452
11.19400 0.94806515
11.19800 0.94795584
11.20200 0.94784658
11.20600 0.94773737
11.21000 0.94762821
11.21400 0.94751910
11.21800 0.94741003
11.22200 0.94730103
11.22600 0.94719207
11.23000 0.94708316
11.23400 0.94697430
11.23800 0.94686549
11.24200 0.94675673
11.24600 0.94664802
11.25000 0.94653937
11.25400 0.94643076
11.25800 0.94632220
11.26200 0.94621369
11.26600 0.94610524
11.27000 0.94599683
11.27400 0.94588847
11.27800 0.94578016
11.28200 0.94567191
11.28600 0.94556370
11.29000 0.94545554
11.29400 0.94534743
11.29800 0.94523937
11.30200 0.94513136
11.30600 0.94502341
11.31000 0.94491550
11.31400 0.94480764
11.31800 0.94469982
11.32200 0.94459206
11.32600 0.94448435
11.33000 0.94437669
11.33400 0.94426907
11.33800 0.94416151
11.34200 0.94405400
11.34600 0.94394653
11.35000 0.94383911
11.35400 0.94373175
11.35800 0.94362443
11.36200 0.94351716
11.36600 0.94340994
11.37000 0.94330277
11.37400 0.94319565
11.37800 0.94308857
11.38200 0.94298155
11.38600 0.94287457
11.39000 0.94276765
11.39400 0.94266077
11.39800 0.94255394
11.40200 0.94244716
11.40600 0.94234043
11.41000 0.94223374
11.41400 0.94212711
11.41800 0.94202052
11.42200 0.94191398
11.42600 0.94180749
11.43000 0.94170105
11.43400 0.94159466
11.43800 0.94148831
11.44200 0.94138202
11.44600 0.94127577
11.45000 0.94116957
11.45400 0.94106342
11.45800 0.94095731
11.46200 0.94085126
11.46600 0.94074525
11.47000 0.94063929
11.47400 0.94053338
11.47800 0.94042752
11.48200 0.94032170
11.48600 0.94021593
11.49000 0.94011021
11.49400 0.94000454
11.49800 0.93989892
11.50200 0.93979334
11.50600 0.93968781
11.51000 0.93958233
11.51400 0.93947690
11.51800 0.93937151
11.52200 0.93926617
11.52600 0.93916088
11.53000 0.93905564
11.53400 0.93895044
11.53800 0.93884529
11.54200 0.93874019
11.54600 0.93863513
11.55000 0.93853013
11.55400 0.93842517
11.55800 0.93832025
11.56200 0.93821539
11.56600 0.93811057
11.57000 0.93800580
11.57400 0.93790107
11.57800 0.93779640
11.58200 0.93769176
11.58600 0.93758718
11.59000 0.93748264
11.59400 0.93737815
11.59800 0.93727371
11.60200 0.93716931
11.60600 0.93706497
11.61000 0.93696066
11.61400 0.93685641
11.61800 0.93675220
11.62200 0.93664803
11.62600 0.93654392
11.63000 0.93643985
11.63400 0.93633582
11.63800 0.93623185
11.64200 0.93612792
11.64600 0.93602403
11.65000 0.93592019
11.65400 0.93581640
11.65800 0.93571266
11.66200 0.93560896
11.66600 0.93550530
11.67000 0.93540170
11.67400 0.93529814
11.67800 0.93519462
11.68200 0.93509115
11.68600 0.93498773
11.69000 0.93488435
11.69400 0.93478102
11.69800 0.93467774
11.70200 0.93457450
11.70600 0.93447131
11.71000 0.93436816
11.71400 0.93426506
11.71800 0.93416200
11.72200 0.93405899
11.72600 0.93395603
11.73000 0.93385311
11.73400 0.93375023
11.73800 0.93364741
11.74200 0.93354462
11.74600 0.93344189
11.75000 0.93333920
11.75400 0.93323655
11.75800 0.93313395
11.76200 0.93303139
11.76600 0.93292888
11.77000 0.93282642
11.77400 0.93272400
11.77800 0.93262163
11.78200 0.93251930
11.78600 0.93241701
11.79000 0.93231477
11.79400 0.93221258
11.79800 0.93211043
11.80200 0.93200833
11.80600 0.93190627
11.81000 0.93180426
11.81400 0.93170229
11.81800 0.93160036
11.82200 0.93149848
11.82600 0.93139665
11.83000 0.93129486
11.83400 0.93119311
11.83800 0.93109141
11.84200 0.93098976
11.84600 0.93088815
11.85000 0.93078658
11.85400 0.93068506
11.85800 0.93058358
11.86200 0.93048215
11.86600 0.93038076
11.87000 0.93027941
11.87400 0.93017811
11.87800 0.93007686
11.88200 0.92997565
11.88600 0.92987448
11.89000 0.92977336
11.89400 0.92967228
11.89800 0.92957124
11.90200 0.92947025
11.90600 0.92936931
11.91000 0.92926840
11.91400 0.92916754
11.91800 0.92906673
11.92200 0.92896596
11.92600 0.92886523
11.93000 0.92876455
11.93400 0.92866391
11.93800 0.92856332
11.94200 0.92846277
11.94600 0.92836226
11.95000 0.92826180
11.95400 0.92816138
11.95800 0.92806100
11.96200 0.92796067
11.96600 0.92786038
11.97000 0.92776013
11.97400 0.92765993
11.97800 0.92755977
11.98200 0.92745966
11.98600 0.92735959
11.99000 0.92725956
11.99400 0.92715957
11.99800 0.92705963
12.00200 0.92695973
12.00600 0.92685988
12.01000 0.92676007
12.01400 0.92666030
12.01800 0.92656057
12.02200 0.92646089
12.02600 0.92636125
12.03000 0.92626166
12.03400 0.92616210
12.03800 0.92606259
12.04200 0.92596313
12.04600 0.92586370
12.05000 0.92576432
12.05400 0.92566498
12.05800 0.92556569
12.06200 0.92546643
12.06600 0.92536722
12.07000 0.92526806
12.07400 0.92516893
12.07800 0.92506985
12.08200 0.92497081
12.08600 0.92487182
12.09000 0.92477286
12.09400 0.92467395
12.09800 0.92457508
12.10200 0.92447626
12.10600 0.92437747
12.11000 0.92427873
12.11400 0.92418003
12.11800 0.92408137
12.12200 0.92398276
12.12600 0.92388419
12.13000 0.92378566
12.13400 0.92368717
12.13800 0.92358872
12.14200 0.92349032
12.14600 0.92339196
12.15000 0.92329364
12.15400 0.92319536
12.15800 0.92309713
12.16200 0.92299894
12.16600 0.92290078
12.17000 0.92280268
12.17400 0.92270461
12.17800 0.92260658
12.18200 0.92250860
12.18600 0.92241066
12.19000 0.92231276
12.19400 0.92221490
12.19800 0.92211708
12.20200 0.92201931
12.20600 0.92192158
12.21000 0.92182388
12.21400 0.92172623
12.21800 0.92162863
12.22200 0.92153106
12.22600 0.92143353
12.23000 0.92133605
12.23400 0.92123861
12.23800 0.92114121
12.24200 0.92104385
12.24600 0.92094653
12.25000 0.92084925
12.25400 0.92075202
12.25800 0.92065482
12.26200 0.92055767
12.26600 0.92046056
12.27000 0.92036349
12.27400 0.92026646
12.27800 0.92016947
12.28200 0.92007252
12.28600 0.91997562
12.29000 0.91987875
12.29400 0.91978193
12.29800 0.91968514
12.30200 0.91958840
12.30600 0.91949170
12.31000 0.91939504
12.31400 0.91929842
12.31800 0.91920184
12.32200 0.91910530
12.32600 0.91900880
12.33000 0.91891235
12.33400 0.91881593
12.33800 0.91871956
12.34200 0.91862322
12.34600 0.91852693
12.35000 0.91843067
12.35400 0.91833446
12.35800 0.91823829
12.36200 0.91814216
12.36600 0.91804606
12.37000 0.91795001
12.37400 0.91785400
12.37800 0.91775803
12.38200 0.91766210
12.38600 0.91756621
12.39000 0.91747036
12.39400 0.91737455
12.39800 0.91727878
12.40200 0.91718305
12.40600 0.91708736
12.41000 0.91699171
12.41400 0.91689611
12.41800 0.91680054
12.42200 0.91670501
12.42600 0.91660952
12.43000 0.91651407
12.43400 0.91641866
12.43800 0.91632329
12.44200 0.91622796
12.44600 0.91613268
12.45000 0.91603743
12.45400 0.91594222
12.45800 0.91584705
12.46200 0.91575192
12.46600 0.91565683
12.47000 0.91556178
12.47400 0.91546677
12.47800 0.91537179
12.48200 0.91527686
12.48600 0.91518197
12.49000 0.91508712
12.49400 0.91499230
12.49800 0.91489753
12.50200 0.91480280
12.50600 0.91470810
12.51000 0.91461345
12.51400 0.91451883
12.51800 0.91442425
12.52200 0.91432972
12.52600 0.91423522
12.53000 0.91414076
12.53400 0.91404634
12.53800 0.91395196
12.54200 0.91385762
12.54600 0.91376331
12.55000 0.91366905
12.55400 0.91357483
12.55800 0.91348064
12.56200 0.91338650
12.56600 0.91329239
12.57000 0.91319832
12.57400 0.91310429
12.57800 0.91301030
12.58200 0.91291635
12.58600 0.91282244
12.59000 0.91272856
12.59400 0.91263473
12.59800 0.91254093
12.60200 0.91244718
12.60600 0.91235346
12.61000 0.91225978
12.61400 0.91216614
12.61800 0.91207253
12.62200 0.91197897
12.62600 0.91188544
12.63000 0.91179196
12.63400 0.91169851
12.63800 0.91160510
12.64200 0.91151173
12.64600 0.91141839
12.65000 0.91132510
12.65400 0.91123184
12.65800 0.91113862
12.66200 0.91104544
12.66600 0.91095230
12.67000 0.91085920
12.67400 0.91076613
12.67800 0.91067311
12.68200 0.91058012
12.68600 0.91048717
12.69000 0.91039426
12.69400 0.91030138
12.69800 0.91020855
12.70200 0.91011575
12.70600 0.91002299
12.71000 0.90993027
12.71400 0.90983758
12.71800 0.90974494
12.72200 0.90965233
12.72600 0.90955976
12.73000 0.90946722
12.73400 0.90937473
12.73800 0.90928227
12.74200 0.90918985
12.74600 0.90909747
12.75000 0.90900513
12.75400 0.90891282
12.75800 0.90882055
12.76200 0.90872832
12.76600 0.90863613
12.77000 0.90854397
12.77400 0.90845186
12.77800 0.90835978
12.78200 0.90826773
12.78600 0.90817573
12.79000 0.90808376
12.79400 0.90799183
12.79800 0.90789994
12.80200 0.90780808
12.80600 0.90771626
12.81000 0.90762448
12.81400 0.90753274
12.81800 0.90744103
12.82200 0.90734936
12.82600 0.90725773
12.83000 0.90716613
12.83400 0.90707458
12.83800 0.90698306
12.84200 0.90689157
12.84600 0.90680013
12.85000 0.90670872
12.85400 0.90661734
12.85800 0.90652601
12.86200 0.90643471
12.86600 0.90634345
12.87000 0.90625222
12.87400 0.90616104
12.87800 0.90606989
12.88200 0.90597877
12.88600 0.90588769
12.89000 0.90579665
12.89400 0.90570565
12.89800 0.90561468
12.90200 0.90552375
12.90600 0.90543286
12.91000 0.90534200
12.91400 0.90525118
12.91800 0.90516040
12.92200 0.90506965
12.92600 0.90497894
12.93000 0.90488827
12.93400 0.90479763
12.93800 0.90470703
12.94200 0.90461646
12.94600 0.90452594
12.95000 0.90443545
12.95400 0.90434499
12.95800 0.90425457
12.96200 0.90416419
12.96600 0.90407384
12.97000 0.90398353
12.97400 0.90389326
12.97800 0.90380302
12.98200 0.90371282
12.98600 0.90362265
12.99000 0.90353253
12.99400 0.90344243
12.99800 0.90335238
13.00200 0.90326235
13.00600 0.90317237
13.01000 0.90308242
13.01400 0.90299251
13.01800 0.90290263
13.02200 0.90281279
13.02600 0.90272299
13.03000 0.90263322
13.03400 0.90254348
13.03800 0.90245379
13.04200 0.90236413
13.04600 0.90227450
13.05000 0.90218491
13.05400 0.90209536
13.05800 0.90200584
13.06200 0.90191635
13.06600 0.90182691
13.07000 0.90173750
13.07400 0.90164812
13.07800 0.90155878
13.08200 0.90146947
13.08600 0.90138021
13.09000 0.90129097
13.09400 0.90120177
13.09800 0.90111261
13.10200 0.90102348
13.10600 0.90093439
13.11000 0.90084534
13.11400 0.90075632
13.11800 0.90066733
13.12200 0.90057838
13.12600 0.90048946
13.13000 0.90040058
13.13400 0.90031174
13.13800 0.90022293
13.14200 0.90013416
13.14600 0.90004542
13.15000 0.89995671
13.15400 0.89986804
13.15800 0.89977941
13.16200 0.89969081
13.16600 0.89960225
13.17000 0.89951372
13.17400 0.89942523
13.17800 0.89933677
13.18200 0.89924835
13.18600 0.89915996
13.19000 0.89907160
13.19400 0.89898328
13.19800 0.89889500
13.20200 0.89880675
13.20600 0.89871854
13.21000 0.89863036
13.21400 0.89854221
13.21800 0.89845410
13.22200 0.89836603
13.22600 0.89827799
13.23000 0.89818998
13.23400 0.89810201
13.23800 0.89801407
13.24200 0.89792617
13.24600 0.89783830
13.25000 0.89775047
13.25400 0.89766267
13.25800 0.89757491
13.26200 0.89748718
13.26600 0.89739949
13.27000 0.89731182
13.27400 0.89722420
13.27800 0.89713661
13.28200 0.89704905
13.28600 0.89696153
13.29000 0.89687404
13.29400 0.89678658
13.29800 0.89669916
13.30200 0.89661178
13.30600 0.89652443
13.31000 0.89643711
13.31400 0.89634982
13.31800 0.89626258
13.32200 0.89617536
13.32600 0.89608818
13.33000 0.89600103
13.33400 0.89591392
13.33800 0.89582684
13.34200 0.89573980
13.34600 0.89565278
13.35000 0.89556581
13.35400 0.89547887
13.35800 0.89539196
13.36200 0.89530508
13.36600 0.89521824
13.37000 0.89513143
13.37400 0.89504466
13.37800 0.89495792
13.38200 0.89487121
13.38600 0.89478454
13.39000 0.89469790
13.39400 0.89461130
13.39800 0.89452473
13.40200 0.89443819
13.40600 0.89435168
13.41000 0.89426521
13.41400 0.89417878
13.41800 0.89409237
13.42200 0.89400600
13.42600 0.89391967
13.43000 0.89383337
13.43400 0.89374710
13.43800 0.89366086
13.44200 0.89357466
13.44600 0.89348849
13.45000 0.89340235
13.45400 0.89331625
13.45800 0.89323018
13.46200 0.89314415
13.46600 0.89305815
13.47000 0.89297218
13.47400 0.89288624
13.47800 0.89280034
13.48200 0.89271447
13.48600 0.89262863
13.49000 0.89254283
13.49400 0.89245706
13.49800 0.89237133
13.50200 0.89228562
13.50600 0.89219995
13.51000 0.89211431
13.51400 0.89202871
13.51800 0.89194314
13.52200 0.89185760
13.52600 0.89177210
13.53000 0.89168662
13.53400 0.89160118
13.53800 0.89151578
13.54200 0.89143040
13.54600 0.89134506
13.55000 0.89125975
13.55400 0.89117448
13.55800 0.89108924
13.56200 0.89100403
13.56600 0.89091885
13.57000 0.89083371
13.57400 0.89074859
13.57800 0.89066352
13.58200 0.89057847
13.58600 0.89049346
13.59000 0.89040847
13.59400 0.89032353
13.59800 0.89023861
13.60200 0.89015373
13.60600 0.89006888
13.61000 0.88998406
13.61400 0.88989927
13.61800 0.88981452
13.62200 0.88972980
13.62600 0.88964511
13.63000 0.88956045
13.63400 0.88947583
13.63800 0.88939124
13.64200 0.88930668
13.64600 0.88922215
13.65000 0.88913766
13.65400 0.88905319
13.65800 0.88896876
13.66200 0.88888437
13.66600 0.88880000
13.67000 0.88871567
13.67400 0.88863137
13.67800 0.88854710
13.68200 0.88846286
13.68600 0.88837865
13.69000 0.88829448
13.69400 0.88821034
13.69800 0.88812623
13.70200 0.88804215
13.70600 0.88795811
13.71000 0.88787410
13.71400 0.88779012
13.71800 0.88770617
13.72200 0.88762225
13.72600 0.88753836
13.73000 0.88745451
13.73400 0.88737069
13.73800 0.88728690
13.74200 0.88720314
13.74600 0.88711942
13.75000 0.88703572
13.75400 0.88695206
13.75800 0.88686843
13.76200 0.88678483
13.76600 0.88670126
13.77000 0.88661772
13.77400 0.88653422
13.77800 0.88645075
13.78200 0.88636730
13.78600 0.88628389
13.79000 0.88620052
13.79400 0.88611717
13.79800 0.88603385
13.80200 0.88595057
13.80600 0.88586732
13.81000 0.88578410
13.81400 0.88570091
13.81800 0.88561775
13.82200 0.88553462
13.82600 0.88545153
13.83000 0.88536846
13.83400 0.88528543
13.83800 0.88520243
13.84200 0.88511946
13.84600 0.88503652
13.85000 0.88495361
13.85400 0.88487074
13.85800 0.88478789
13.86200 0.88470508
13.86600 0.88462229
13.87000 0.88453954
13.87400 0.88445682
13.87800 0.88437413
13.88200 0.88429147
13.88600 0.88420884
13.89000 0.88412625
13.89400 0.88404368
13.89800 0.88396115
13.90200 0.88387864
13.90600 0.88379617
13.91000 0.88371373
13.91400 0.88363132
13.91800 0.88354894
13.92200 0.88346659
13.92600 0.88338427
13.93000 0.88330198
13.93400 0.88321973
13.93800 0.88313750
13.94200 0.88305531
13.94600 0.88297314
13.95000 0.88289101
13.95400 0.88280890
13.95800 0.88272683
13.96200 0.88264479
13.96600 0.88256278
13.97000 0.88248080
13.97400 0.88239885
13.97800 0.88231693
13.98200 0.88223504
13.98600 0.88215318
13.99000 0.88207136
13.99400 0.88198956
13.99800 0.88190779
14.00200 0.88182606
14.00600 0.88174435
14.01000 0.88166267
14.01400 0.88158103
14.01800 0.88149941
14.02200 0.88141783
14.02600 0.88133628
14.03000 0.88125475
14.03400 0.88117326
14.03800 0.88109180
14.04200 0.88101036
14.04600 0.88092896
14.05000 0.88084759
14.05400 0.88076625
14.05800 0.88068493
14.06200 0.88060365
14.06600 0.88052240
14.07000 0.88044118
14.07400 0.88035999
14.07800 0.88027883
14.08200 0.88019769
14.08600 0.88011659
14.09000 0.88003552
14.09400 0.87995448
14.09800 0.87987347
14.10200 0.87979249
14.10600 0.87971154
14.11000 0.87963062
14.11400 0.87954972
14.11800 0.87946886
14.12200 0.87938803
14.12600 0.87930723
14.13000 0.87922646
14.13400 0.87914571
14.13800 0.87906500
14.14200 0.87898432
14.14600 0.87890367
14.15000 0.87882304
14.15400 0.87874245
14.15800 0.87866189
14.16200 0.87858135
14.16600 0.87850085
14.17000 0.87842037
14.17400 0.87833993
14.17800 0.87825951
14.18200 0.87817913
14.18600 0.87809877
14.19000 0.87801844
14.19400 0.87793814
14.19800 0.87785788
14.20200 0.87777764
14.20600 0.87769743
14.21000 0.87761725
14.21400 0.87753710
14.21800 0.87745698
14.22200 0.87737689
14.22600 0.87729683
14.23000 0.87721679
14.23400 0.87713679
14.23800 0.87705682
14.24200 0.87697687
14.24600 0.87689696
14.25000 0.87681707
14.25400 0.87673721
14.25800 0.87665738
14.26200 0.87657759
14.26600 0.87649782
14.27000 0.87641808
14.27400 0.87633837
14.27800 0.87625868
14.28200 0.87617903
14.28600 0.87609941
14.29000 0.87601981
14.29400 0.87594025
14.29800 0.87586071
14.30200 0.87578120
14.30600 0.87570173
14.31000 0.87562228
14.31400 0.87554286
14.31800 0.87546346
14.32200 0.87538410
14.32600 0.87530477
14.33000 0.87522546
14.33400 0.87514619
14.33800 0.87506694
14.34200 0.87498772
14.34600 0.87490853
14.35000 0.87482937
14.35400 0.87475024
14.35800 0.87467114
14.36200 0.87459206
14.36600 0.87451302
14.37000 0.87443400
14.37400 0.87435501
14.37800 0.87427605
14.38200 0.87419712
14.38600 0.87411822
14.39000 0.87403934
14.39400 0.87396050
14.39800 0.87388168
14.40200 0.87380289
14.40600 0.87372413
14.41000 0.87364540
14.41400 0.87356670
14.41800 0.87348803
14.42200 0.87340938
14.42600 0.87333076
14.43000 0.87325217
14.43400 0.87317361
14.43800 0.87309508
14.44200 0.87301658
14.44600 0.87293810
14.45000 0.87285966
14.45400 0.87278124
14.45800 0.87270285
14.46200 0.87262449
14.46600 0.87254615
14.47000 0.87246785
14.47400 0.87238957
14.47800 0.87231132
14.48200 0.87223310
14.48600 0.87215491
14.49000 0.87207674
14.49400 0.87199861
14.49800 0.87192050
14.50200 0.87184242
14.50600 0.87176437
14.51000 0.87168634
14.51400 0.87160835
14.51800 0.87153038
14.52200 0.87145244
14.52600 0.87137453
14.53000 0.87129665
14.53400 0.87121879
14.53800 0.87114096
14.54200 0.87106316
14.54600 0.87098539
14.55000 0.87090765
14.55400 0.87082993
14.55800 0.87075224
14.56200 0.87067458
14.56600 0.87059695
14.57000 0.87051934
14.57400 0.87044177
14.57800 0.87036422
14.58200 0.87028670
14.58600 0.87020920
14.59000 0.87013174
14.59400 0.87005430
14.59800 0.86997689
14.60200 0.86989950
14.60600 0.86982215
14.61000 0.86974482
14.61400 0.86966752
14.61800 0.86959025
14.62200 0.86951300
14.62600 0.86943579
14.63000 0.86935860
14.63400 0.86928143
14.63800 0.86920430
14.64200 0.86912719
14.64600 0.86905011
14.65000 0.86897306
14.65400 0.86889604
14.65800 0.86881904
14.66200 0.86874207
14.66600 0.86866513
14.67000 0.86858821
14.67400 0.86851132
14.67800 0.86843446
14.68200 0.86835763
14.68600 0.86828082
14.69000 0.86820404
14.69400 0.86812729
14.69800 0.86805057
14.70200 0.86797387
14.70600 0.86789720
14.71000 0.86782056
14.71400 0.86774394
14.71800 0.86766736
14.72200 0.86759080
14.72600 0.86751426
14.73000 0.86743776
14.73400 0.86736128
14.73800 0.86728482
14.74200 0.86720840
14.74600 0.86713200
14.75000 0.86705563
14.75400 0.86697928
14.75800 0.86690297
14.76200 0.86682668
14.76600 0.86675041
14.77000 0.86667418
14.77400 0.86659797
14.77800 0.86652179
14.78200 0.86644563
14.78600 0.86636950
14.79000 0.86629340
14.79400 0.86621732
14.79800 0.86614128
14.80200 0.86606526
14.80600 0.86598926
14.81000 0.86591329
14.81400 0.86583735
14.81800 0.86576144
14.82200 0.86568555
14.82600 0.86560969
14.83000 0.86553386
14.83400 0.86545805
14.83800 0.86538227
14.84200 0.86530651
14.84600 0.86523079
14.85000 0.86515509
14.85400 0.86507941
14.85800 0.86500377
14.86200 0.86492814
14.86600 0.86485255
14.87000 0.86477698
14.87400 0.86470144
14.87800 0.86462593
14.88200 0.86455044
14.88600 0.86447498
14.89000 0.86439954
14.89400 0.86432413
14.89800 0.86424875
14.90200 0.86417339
14.90600 0.86409806
14.91000 0.86402276
14.91400 0.86394748
14.91800 0.86387223
14.92200 0.86379701
14.92600 0.86372181
14.93000 0.86364664
14.93400 0.86357150
14.93800 0.86349638
14.94200 0.86342128
14.94600 0.86334622
14.95000 0.86327118
14.95400 0.86319616
14.95800 0.86312117
14.96200 0.86304621
14.96600 0.86297128
14.97000 0.86289637
14.97400 0.86282148
14.97800 0.86274663
14.98200 0.86267180
14.98600 0.86259699
14.99000 0.86252221
14.99400 0.86244746
14.99800 0.86237273
15.00200 0.86229803
15.00600 0.86222336
15.01000 0.86214871
15.01400 0.86207408
15.01800 0.86199949
15.02200 0.86192492
15.02600 0.86185037
15.03000 0.86177585
15.03400 0.86170136
15.03800 0.86162689
15.04200 0.86155245
15.04600 0.86147803
15.05000 0.86140364
15.05400 0.86132928
15.05800 0.86125494
15.06200 0.86118063
15.06600 0.86110634
15.07000 0.86103208
15.07400 0.86095785
15.07800 0.86088364
15.08200 0.86080945
15.08600 0.86073529
15.09000 0.86066116
15.09400 0.86058705
15.09800 0.86051297
15.10200 0.86043892
15.10600 0.86036489
15.11000 0.86029088
15.11400 0.86021690
15.11800 0.86014295
15.12200 0.86006902
15.12600 0.85999512
15.13000 0.85992124
15.13400 0.85984739
15.13800 0.85977357
15.14200 0.85969977
15.14600 0.85962599
15.15000 0.85955224
15.15400 0.85947852
15.15800 0.85940482
15.16200 0.85933115
15.16600 0.85925750
15.17000 0.85918387
15.17400 0.85911028
15.17800 0.85903671
15.18200 0.85896316
15.18600 0.85888964
15.19000 0.85881614
15.19400 0.85874267
15.19800 0.85866923
15.20200 0.85859581
15.20600 0.85852241
15.21000 0.85844904
15.21400 0.85837570
15.21800 0.85830238
15.22200 0.85822908
15.22600 0.85815581
15.23000 0.85808257
15.23400 0.85800935
15.23800 0.85793616
15.24200 0.85786299
15.24600 0.85778984
15.25000 0.85771673
15.25400 0.85764363
15.25800 0.85757056
15.26200 0.85749752
15.26600 0.85742450
15.27000 0.85735151
15.27400 0.85727854
15.27800 0.85720560
15.28200 0.85713268
15.28600 0.85705978
15.29000 0.85698692
15.29400 0.85691407
15.29800 0.85684125
15.30200 0.85676846
15.30600 0.85669569
15.31000 0.85662294
15.31400 0.85655022
15.31800 0.85647753
15.32200 0.85640486
15.32600 0.85633221
15.33000 0.85625959
15.33400 0.85618700
15.33800 0.85611443
15.34200 0.85604188
15.34600 0.85596936
15.35000 0.85589686
15.35400 0.85582439
15.35800 0.85575194
15.36200 0.85567952
15.36600 0.85560712
15.37000 0.85553475
15.37400 0.85546240
15.37800 0.85539007
15.38200 0.85531777
15.38600 0.85524550
15.39000 0.85517325
15.39400 0.85510102
15.39800 0.85502882
15.40200 0.85495664
15.40600 0.85488449
15.41000 0.85481236
15.41400 0.85474025
15.41800 0.85466817
15.42200 0.85459612
15.42600 0.85452409
15.43000 0.85445208
15.43400 0.85438010
15.43800 0.85430814
15.44200 0.85423621
15.44600 0.85416430
15.45000 0.85409241
15.45400 0.85402055
15.45800 0.85394872
15.46200 0.85387691
15.46600 0.85380512
15.47000 0.85373336
15.47400 0.85366162
15.47800 0.85358990
15.48200 0.85351821
15.48600 0.85344654
15.49000 0.85337490
15.49400 0.85330328
15.49800 0.85323169
15.50200 0.85316012
15.50600 0.85308857
15.51000 0.85301705
15.51400 0.85294555
15.51800 0.85287408
15.52200 0.85280263
15.52600 0.85273121
15.53000 0.85265980
15.53400 0.85258843
15.53800 0.85251707
15.54200 0.85244574
15.54600 0.85237444
15.55000 0.85230316
15.55400 0.85223190
15.55800 0.85216067
15.56200 0.85208946
15.56600 0.85201827
15.57000 0.85194711
15.57400 0.85187597
15.57800 0.85180486
15.58200 0.85173377
15.58600 0.85166270
15.59000 0.85159166
15.59400 0.85152064
15.59800 0.85144965
15.60200 0.85137867
15.60600 0.85130773
15.61000 0.85123680
15.61400 0.85116590
15.61800 0.85109503
15.62200 0.85102417
15.62600 0.85095335
15.63000 0.85088254
15.63400 0.85081176
15.63800 0.85074100
15.64200 0.85067027
15.64600 0.85059956
15.65000 0.85052887
15.65400 0.85045821
15.65800 0.85038757
15.66200 0.85031695
15.66600 0.85024636
15.67000 0.85017579
15.67400 0.85010524
15.67800 0.85003472
15.68200 0.84996422
15.68600 0.84989375
15.69000 0.84982330
15.69400 0.84975287
15.69800 0.84968246
15.70200 0.84961208
15.70600 0.84954173
15.71000 0.84947139
15.71400 0.84940108
15.71800 0.84933079
15.72200 0.84926053
15.72600 0.84919029
15.73000 0.84912007
15.73400 0.84904988
15.73800 0.84897970
15.74200 0.84890956
15.74600 0.84883943
15.75000 0.84876933
15.75400 0.84869925
15.75800 0.84862920
15.76200 0.84855917
15.76600 0.84848916
15.77000 0.84841918
15.77400 0.84834921
15.77800 0.84827928
15.78200 0.84820936
15.78600 0.84813947
15.79000 0.84806960
15.79400 0.84799975
15.79800 0.84792993
15.80200 0.84786013
15.80600 0.84779035
15.81000 0.84772060
15.81400 0.84765087
15.81800 0.84758116
15.82200 0.84751148
15.82600 0.84744182
15.83000 0.84737218
15.83400 0.84730256
15.83800 0.84723297
15.84200 0.84716340
15.84600 0.84709385
15.85000 0.84702433
15.85400 0.84695483
15.85800 0.84688535
15.86200 0.84681590
15.86600 0.84674647
15.87000 0.84667706
15.87400 0.84660767
15.87800 0.84653831
15.88200 0.84646897
15.88600 0.84639965
15.89000 0.84633035
15.89400 0.84626108
15.89800 0.84619183
15.90200 0.84612260
15.90600 0.84605340
15.91000 0.84598422
15.91400 0.84591506
15.91800 0.84584593
15.92200 0.84577681
15.92600 0.84570772
15.93000 0.84563865
15.93400 0.84556961
15.93800 0.84550059
15.94200 0.84543159
15.94600 0.84536261
15.95000 0.84529366
15.95400 0.84522472
15.95800 0.84515582
15.96200 0.84508693
15.96600 0.84501806
15.97000 0.84494922
15.97400 0.84488040
15.97800 0.84481161
15.98200 0.84474283
15.98600 0.84467408
15.99000 0.84460535
15.99400 0.84453665
15.99800 0.84446796
16.00200 0.84439930
16.00600 0.84433066
16.01000 0.84426204
16.01400 0.84419345
16.01800 0.84412488
16.02200 0.84405633
16.02600 0.84398780
16.03000 0.84391930
16.03400 0.84385081
16.03800 0.84378235
16.04200 0.84371391
16.04600 0.84364550
16.05000 0.84357711
16.05400 0.84350873
16.05800 0.84344039
16.06200 0.84337206
16.06600 0.84330375
16.07000 0.84323547
16.07400 0.84316721
16.07800 0.84309897
16.08200 0.84303076
16.08600 0.84296257
16.09000 0.84289439
16.09400 0.84282625
16.09800 0.84275812
16.10200 0.84269001
16.10600 0.84262193
16.11000 0.84255387
16.11400 0.84248583
16.11800 0.84241782
16.12200 0.84234982
16.12600 0.84228185
16.13000 0.84221390
16.13400 0.84214597
16.13800 0.84207806
16.14200 0.84201018
16.14600 0.84194232
16.15000 0.84187448
16.15400 0.84180666
16.15800 0.84173886
16.16200 0.84167109
16.16600 0.84160333
16.17000 0.84153560
16.17400 0.84146790
16.17800 0.84140021
16.18200 0.84133254
16.18600 0.84126490
16.19000 0.84119728
16.19400 0.84112968
16.19800 0.84106210
16.20200 0.84099455
16.20600 0.84092701
16.21000 0.84085950
16.21400 0.84079201
16.21800 0.84072454
16.22200 0.84065709
16.22600 0.84058967
16.23000 0.84052227
16.23400 0.84045488
16.23800 0.84038752
16.24200 0.84032018
16.24600 0.84025287
16.25000 0.84018557
16.25400 0.84011830
16.25800 0.84005105
16.26200 0.83998382
16.26600 0.83991661
16.27000 0.83984942
16.27400 0.83978226
16.27800 0.83971511
16.28200 0.83964799
16.28600 0.83958089
16.29000 0.83951381
16.29400 0.83944675
16.29800 0.83937972
16.30200 0.83931270
16.30600 0.83924571
16.31000 0.83917874
16.31400 0.83911179
16.31800 0.83904486
16.32200 0.83897795
16.32600 0.83891107
16.33000 0.83884420
16.33400 0.83877736
16.33800 0.83871054
16.34200 0.83864374
16.34600 0.83857696
16.35000 0.83851020
16.35400 0.83844347
16.35800 0.83837675
16.36200 0.83831006
16.36600 0.83824339
16.37000 0.83817674
16.37400 0.83811011
16.37800 0.83804350
16.38200 0.83797691
16.38600 0.83791035
16.39000 0.83784380
16.39400 0.83777728
16.39800 0.83771078
16.40200 0.83764430
16.40600 0.83757784
16.41000 0.83751140
16.41400 0.83744498
16.41800 0.83737858
16.42200 0.83731221
16.42600 0.83724586
16.43000 0.83717952
16.43400 0.83711321
16.43800 0.83704692
16.44200 0.83698065
16.44600 0.83691440
16.45000 0.83684818
16.45400 0.83678197
16.45800 0.83671579
16.46200 0.83664962
16.46600 0.83658348
16.47000 0.83651736
16.47400 0.83645126
16.47800 0.83638518
16.48200 0.83631912
16.48600 0.83625308
16.49000 0.83618706
16.49400 0.83612106
16.49800 0.83605509
16.50200 0.83598913
16.50600 0.83592320
16.51000 0.83585729
16.51400 0.83579140
16.51800 0.83572553
16.52200 0.83565968
16.52600 0.83559385
16.53000 0.83552804
16.53400 0.83546225
16.53800 0.83539648
16.54200 0.83533074
16.54600 0.83526501
16.55000 0.83519931
16.55400 0.83513363
16.55800 0.83506796
16.56200 0.83500232
16.56600 0.83493670
16.57000 0.83487110
16.57400 0.83480552
16.57800 0.83473996
16.58200 0.83467442
16.58600 0.83460890
16.59000 0.83454341
16.59400 0.83447793
16.59800 0.83441247
16.60200 0.83434704
16.60600 0.83428162
16.61000 0.83421623
16.61400 0.83415086
16.61800 0.83408550
16.62200 0.83402017
16.62600 0.83395486
16.63000 0.83388957
16.63400 0.83382430
16.63800 0.83375905
16.64200 0.83369382
16.64600 0.83362861
16.65000 0.83356342
16.65400 0.83349825
16.65800 0.83343310
16.66200 0.83336798
16.66600 0.83330287
16.67000 0.83323778
16.67400 0.83317272
16.67800 0.83310767
16.68200 0.83304265
16.68600 0.83297764
16.69000 0.83291266
16.69400 0.83284769
16.69800 0.83278275
16.70200 0.83271783
16.70600 0.83265292
16.71000 0.83258804
16.71400 0.83252318
16.71800 0.83245834
16.72200 0.83239351
16.72600 0.83232871
16.73000 0.83226393
16.73400 0.83219917
16.73800 0.83213443
16.74200 0.83206971
16.74600 0.83200501
16.75000 0.83194033
16.75400 0.83187567
16.75800 0.83181103
16.76200 0.83174641
16.76600 0.83168181
16.77000 0.83161723
16.77400 0.83155267
16.77800 0.83148813
16.78200 0.83142362
16.78600 0.83135912
16.79000 0.83129464
16.79400 0.83123018
16.79800 0.83116574
16.80200 0.83110132
16.80600 0.83103693
16.81000 0.83097255
16.81400 0.83090819
16.81800 0.83084385
16.82200 0.83077953
16.82600 0.83071523
16.83000 0.83065096
16.83400 0.83058670
16.83800 0.83052246
16.84200 0.83045824
16.84600 0.83039404
16.85000 0.83032987
16.85400 0.83026571
16.85800 0.83020157
16.86200 0.83013745
16.86600 0.83007335
16.87000 0.83000927
16.87400 0.82994521
16.87800 0.82988117
16.88200 0.82981716
16.88600 0.82975316
16.89000 0.82968918
16.89400 0.82962522
16.89800 0.82956128
16.90200 0.82949736
16.90600 0.82943346
16.91000 0.82936958
16.91400 0.82930571
16.91800 0.82924187
16.92200 0.82917805
16.92600 0.82911425
16.93000 0.82905047
16.93400 0.82898671
16.93800 0.82892296
16.94200 0.82885924
16.94600 0.82879554
16.95000 0.82873186
16.95400 0.82866819
16.95800 0.82860455
16.96200 0.82854092
16.96600 0.82847732
16.97000 0.82841373
16.97400 0.82835017
16.97800 0.82828662
16.98200 0.82822310
16.98600 0.82815959
16.99000 0.82809610
16.99400 0.82803263
16.99800 0.82796918
17.00200 0.82790576
17.00600 0.82784235
17.01000 0.82777896
17.01400 0.82771559
17.01800 0.82765224
17.02200 0.82758891
17.02600 0.82752559
17.03000 0.82746230
17.03400 0.82739903
17.03800 0.82733578
17.04200 0.82727254
17.04600 0.82720933
17.05000 0.82714613
17.05400 0.82708296
17.05800 0.82701980
17.06200 0.82695666
17.06600 0.82689355
17.07000 0.82683045
17.07400 0.82676737
17.07800 0.82670431
17.08200 0.82664127
17.08600 0.82657825
17.09000 0.82651525
17.09400 0.82645226
17.09800 0.82638930
17.10200 0.82632636
17.10600 0.82626343
17.11000 0.82620053
17.11400 0.82613764
17.11800 0.82607477
17.12200 0.82601193
17.12600 0.82594910
17.13000 0.82588629
17.13400 0.82582350
17.13800 0.82576073
17.14200 0.82569798
17.14600 0.82563524
17.15000 0.82557253
17.15400 0.82550984
17.15800 0.82544716
17.16200 0.82538451
17.16600 0.82532187
17.17000 0.82525925
17.17400 0.82519665
17.17800 0.82513407
17.18200 0.82507151
17.18600 0.82500897
17.19000 0.82494645
17.19400 0.82488394
17.19800 0.82482146
17.20200 0.82475899
17.20600 0.82469655
17.21000 0.82463412
17.21400 0.82457171
17.21800 0.82450932
17.22200 0.82444695
17.22600 0.82438460
17.23000 0.82432227
17.23400 0.82425996
17.23800 0.82419766
17.24200 0.82413538
17.24600 0.82407313
17.25000 0.82401089
17.25400 0.82394867
17.25800 0.82388647
17.26200 0.82382429
17.26600 0.82376213
17.27000 0.82369998
17.27400 0.82363786
17.27800 0.82357575
17.28200 0.82351367
17.28600 0.82345160
17.29000 0.82338955
17.29400 0.82332752
17.29800 0.82326550
17.30200 0.82320351
17.30600 0.82314154
17.31000 0.82307958
17.31400 0.82301764
17.31800 0.82295573
17.32200 0.82289383
17.32600 0.82283194
17.33000 0.82277008
17.33400 0.82270824
17.33800 0.82264641
17.34200 0.82258461
17.34600 0.82252282
17.35000 0.82246105
17.35400 0.82239930
17.35800 0.82233757
17.36200 0.82227586
17.36600 0.82221416
17.37000 0.82215249
17.37400 0.82209083
17.37800 0.82202919
17.38200 0.82196757
17.38600 0.82190597
17.39000 0.82184439
17.39400 0.82178282
17.39800 0.82172128
17.40200 0.82165975
17.40600 0.82159824
17.41000 0.82153675
17.41400 0.82147528
17.41800 0.82141382
17.42200 0.82135239
17.42600 0.82129097
17.43000 0.82122957
17.43400 0.82116819
17.43800 0.82110683
17.44200 0.82104549
17.44600 0.82098417
17.45000 0.82092286
17.45400 0.82086157
17.45800 0.82080030
17.46200 0.82073905
17.46600 0.82067782
17.47000 0.82061661
17.47400 0.82055541
17.47800 0.82049423
17.48200 0.82043307
17.48600 0.82037193
17.49000 0.82031081
17.49400 0.82024971
17.49800 0.82018862
17.50200 0.82012755
17.50600 0.82006650
17.51000 0.82000547
17.51400 0.81994446
17.51800 0.81988347
17.52200 0.81982249
17.52600 0.81976153
17.53000 0.81970059
17.53400 0.81963967
17.53800 0.81957877
17.54200 0.81951788
17.54600 0.81945701
17.55000 0.81939616
17.55400 0.81933533
17.55800 0.81927452
17.56200 0.81921373
17.56600 0.81915295
17.57000 0.81909219
17.57400 0.81903145
17.57800 0.81897073
17.58200 0.81891002
17.58600 0.81884934
17.59000 0.81878867
17.59400 0.81872802
17.59800 0.81866739
17.60200 0.81860677
17.60600 0.81854618
17.61000 0.81848560
17.61400 0.81842504
17.61800 0.81836450
17.62200 0.81830398
17.62600 0.81824347
17.63000 0.81818298
17.63400 0.81812251
17.63800 0.81806206
17.64200 0.81800163
17.64600 0.81794121
17.65000 0.81788081
17.65400 0.81782043
17.65800 0.81776007
17.66200 0.81769972
17.66600 0.81763940
17.67000 0.81757909
17.67400 0.81751880
17.67800 0.81745853
17.68200 0.81739827
17.68600 0.81733803
17.69000 0.81727781
17.69400 0.81721761
17.69800 0.81715743
17.70200 0.81709726
17.70600 0.81703712
17.71000 0.81697698
17.71400 0.81691687
17.71800 0.81685678
17.72200 0.81679670
17.72600 0.81673664
17.73000 0.81667660
17.73400 0.81661658
17.73800 0.81655657
17.74200 0.81649658
17.74600 0.81643661
17.75000 0.81637666
17.75400 0.81631672
17.75800 0.81625680
17.76200 0.81619690
17.76600 0.81613702
17.77000 0.81607716
17.77400 0.81601731
17.77800 0.81595748
17.78200 0.81589767
17.78600 0.81583788
17.79000 0.81577810
17.79400 0.81571834
17.79800 0.81565860
17.80200 0.81559888
17.80600 0.81553917
17.81000 0.81547948
17.81400 0.81541981
17.81800 0.81536016
17.82200 0.81530052
17.82600 0.81524090
17.83000 0.81518130
17.83400 0.81512172
17.83800 0.81506215
17.84200 0.81500260
17.84600 0.81494307
17.85000 0.81488356
17.85400 0.81482406
17.85800 0.81476458
17.86200 0.81470512
17.86600 0.81464568
17.87000 0.81458625
17.87400 0.81452684
17.87800 0.81446745
17.88200 0.81440808
17.88600 0.81434872
17.89000 0.81428938
17.89400 0.81423006
17.89800 0.81417075
17.90200 0.81411147
17.90600 0.81405220
17.91000 0.81399294
17.91400 0.81393371
17.91800 0.81387449
17.92200 0.81381529
17.92600 0.81375611
17.93000 0.81369694
17.93400 0.81363779
17.93800 0.81357866
17.94200 0.81351955
17.94600 0.81346045
17.95000 0.81340137
17.95400 0.81334231
17.95800 0.81328326
17.96200 0.81322423
17.96600 0.81316522
17.97000 0.81310623
17.97400 0.81304725
17.97800 0.81298829
17.98200 0.81292935
17.98600 0.81287043
17.99000 0.81281152
17.99400 0.81275263
17.99800 0.81269376
18.00200 0.81263490
18.00600 0.81257606
18.01000 0.81251724
18.01400 0.81245843
18.01800 0.81239964
18.02200 0.81234087
18.02600 0.81228212
18.03000 0.81222338
18.03400 0.81216466
18.03800 0.81210596
18.04200 0.81204728
18.04600 0.81198861
18.05000 0.81192996
18.05400 0.81187132
18.05800 0.81181270
18.06200 0.81175410
18.06600 0.81169552
18.07000 0.81163695
18.07400 0.81157840
18.07800 0.81151987
18.08200 0.81146136
18.08600 0.81140286
18.09000 0.81134438
18.09400 0.81128591
18.09800 0.81122746
18.10200 0.81116903
18.10600 0.81111062
18.11000 0.81105222
18.11400 0.81099384
18.11800 0.81093548
18.12200 0.81087713
18.12600 0.81081880
18.13000 0.81076049
18.13400 0.81070219
18.13800 0.81064391
18.14200 0.81058565
18.14600 0.81052741
18.15000 0.81046918
18.15400 0.81041097
18.15800 0.81035277
18.16200 0.81029459
18.16600 0.81023643
18.17000 0.81017829
18.17400 0.81012016
18.17800 0.81006205
18.18200 0.81000395
18.18600 0.80994588
18.19000 0.80988782
18.19400 0.80982977
18.19800 0.80977174
18.20200 0.80971373
18.20600 0.80965574
18.21000 0.80959776
18.21400 0.80953980
18.21800 0.80948186
18.22200 0.80942393
18.22600 0.80936602
18.23000 0.80930813
18.23400 0.80925025
18.23800 0.80919239
18.24200 0.80913454
18.24600 0.80907672
18.25000 0.80901890
18.25400 0.80896111
18.25800 0.80890333
18.26200 0.80884557
18.26600 0.80878783
18.27000 0.80873010
18.27400 0.80867239
18.27800 0.80861469
18.28200 0.80855701
18.28600 0.80849935
18.29000 0.80844171
18.29400 0.80838408
18.29800 0.80832646
18.30200 0.80826887
18.30600 0.80821129
18.31000 0.80815373
18.31400 0.80809618
18.31800 0.80803865
18.32200 0.80798114
18.32600 0.80792364
18.33000 0.80786616
18.33400 0.80780869
18.33800 0.80775125
18.34200 0.80769382
18.34600 0.80763640
18.35000 0.80757900
18.35400 0.80752162
18.35800 0.80746425
18.36200 0.80740690
18.36600 0.80734957
18.37000 0.80729225
18.37400 0.80723495
18.37800 0.80717767
18.38200 0.80712040
18.38600 0.80706315
18.39000 0.80700592
18.39400 0.80694870
18.39800 0.80689149
18.40200 0.80683431
18.40600 0.80677714
18.41000 0.80671998
18.41400 0.80666285
18.41800 0.80660573
18.42200 0.80654862
18.42600 0.80649153
18.43000 0.80643446
18.43400 0.80637740
18.43800 0.80632036
18.44200 0.80626334
18.44600 0.80620633
18.45000 0.80614934
18.45400 0.80609237
18.45800 0.80603541
18.46200 0.80597846
18.46600 0.80592154
18.47000 0.80586463
18.47400 0.80580773
18.47800 0.80575085
18.48200 0.80569399
18.48600 0.80563715
18.49000 0.80558032
18.49400 0.80552350
18.49800 0.80546670
18.50200 0.80540992
18.50600 0.80535316
18.51000 0.80529641
18.51400 0.80523967
18.51800 0.80518296
18.52200 0.80512626
18.52600 0.80506957
18.53000 0.80501290
18.53400 0.80495625
18.53800 0.80489961
18.54200 0.80484299
18.54600 0.80478638
18.55000 0.80472980
18.55400 0.80467322
18.55800 0.80461666
18.56200 0.80456012
18.56600 0.80450360
18.57000 0.80444709
18.57400 0.80439060
18.57800 0.80433412
18.58200 0.80427766
18.58600 0.80422121
18.59000 0.80416478
18.59400 0.80410837
18.59800 0.80405197
18.60200 0.80399559
18.60600 0.80393922
18.61000 0.80388287
18.61400 0.80382654
18.61800 0.80377022
18.62200 0.80371392
18.62600 0.80365763
18.63000 0.80360136
18.63400 0.80354510
18.63800 0.80348886
18.64200 0.80343264
18.64600 0.80337643
18.65000 0.80332024
18.65400 0.80326406
18.65800 0.80320790
18.66200 0.80315176
18.66600 0.80309563
18.67000 0.80303952
18.67400 0.80298342
18.67800 0.80292734
18.68200 0.80287127
18.68600 0.80281522
18.69000 0.80275919
18.69400 0.80270317
18.69800 0.80264717
18.70200 0.80259118
18.70600 0.80253521
18.71000 0.80247925
18.71400 0.80242331
18.71800 0.80236739
18.72200 0.80231148
18.72600 0.80225558
18.73000 0.80219971
18.73400 0.80214385
18.73800 0.80208800
18.74200 0.80203217
18.74600 0.80197635
18.75000 0.80192055
18.75400 0.80186477
18.75800 0.80180900
18.76200 0.80175325
18.76600 0.80169751
18.77000 0.80164179
18.77400 0.80158608
18.77800 0.80153039
18.78200 0.80147472
18.78600 0.80141906
18.79000 0.80136341
18.79400 0.80130779
18.79800 0.80125217
18.80200 0.80119658
18.80600 0.80114099
18.81000 0.80108543
18.81400 0.80102988
18.81800 0.80097434
18.82200 0.80091882
18.82600 0.80086332
18.83000 0.80080783
18.83400 0.80075235
18.83800 0.80069690
18.84200 0.80064145
18.84600 0.80058603
18.85000 0.80053061
18.85400 0.80047522
18.85800 0.80041984
18.86200 0.80036447
18.86600 0.80030912
18.87000 0.80025379
18.87400 0.80019847
18.87800 0.80014316
18.88200 0.80008787
18.88600 0.80003260
18.89000 0.79997734
18.89400 0.79992210
18.89800 0.79986687
18.90200 0.79981166
18.90600 0.79975646
18.91000 0.79970128
18.91400 0.79964611
18.91800 0.79959096
18.92200 0.79953583
18.92600 0.79948071
18.93000 0.79942560
18.93400 0.79937051
18.93800 0.79931544
18.94200 0.79926038
18.94600 0.79920533
18.95000 0.79915030
18.95400 0.79909529
18.95800 0.79904029
18.96200 0.79898531
18.96600 0.79893034
18.97000 0.79887539
18.97400 0.79882045
18.97800 0.79876553
18.98200 0.79871062
18.98600 0.79865573
18.99000 0.79860085
18.99400 0.79854599
18.99800 0.79849114
19.00200 0.79843631
19.00600 0.79838149
19.01000 0.79832669
19.01400 0.79827191
19.01800 0.79821713
19.02200 0.79816238
19.02600 0.79810764
19.03000 0.79805291
19.03400 0.79799820
19.03800 0.79794350
19.04200 0.79788882
19.04600 0.79783416
19.05000 0.79777951
19.05400 0.79772487
19.05800 0.79767025
19.06200 0.79761565
19.06600 0.79756105
19.07000 0.79750648
19.07400 0.79745192
19.07800 0.79739737
19.08200 0.79734284
19.08600 0.79728833
19.09000 0.79723383
19.09400 0.79717934
19.09800 0.79712487
19.10200 0.79707041
19.10600 0.79701597
19.11000 0.79696155
19.11400 0.79690714
19.11800 0.79685274
19.12200 0.79679836
19.12600 0.79674399
19.13000 0.79668964
19.13400 0.79663531
19.13800 0.79658098
19.14200 0.79652668
19.14600 0.79647239
19.15000 0.79641811
19.15400 0.79636385
19.15800 0.79630960
19.16200 0.79625537
19.16600 0.79620115
19.17000 0.79614695
19.17400 0.79609276
19.17800 0.79603859
19.18200 0.79598443
19.18600 0.79593028
19.19000 0.79587616
19.19400 0.79582204
19.19800 0.79576794
19.20200 0.79571386
19.20600 0.79565979
19.21000 0.79560573
19.21400 0.79555169
19.21800 0.79549767
19.22200 0.79544366
19.22600 0.79538966
19.23000 0.79533568
19.23400 0.79528172
19.23800 0.79522776
19.24200 0.79517383
19.24600 0.79511990
19.25000 0.79506600
19.25400 0.79501210
19.25800 0.79495823
19.26200 0.79490436
19.26600 0.79485051
19.27000 0.79479668
19.27400 0.79474286
19.27800 0.79468905
19.28200 0.79463526
19.28600 0.79458149
19.29000 0.79452773
19.29400 0.79447398
19.29800 0.79442025
19.30200 0.79436653
19.30600 0.79431283
19.31000 0.79425914
19.31400 0.79420547
19.31800 0.79415181
19.32200 0.79409816
19.32600 0.79404453
19.33000 0.79399092
19.33400 0.79393732
19.33800 0.79388373
19.34200 0.79383016
19.34600 0.79377660
19.35000 0.79372306
19.35400 0.79366953
19.35800 0.79361602
19.36200 0.79356252
19.36600 0.79350904
19.37000 0.79345557
19.37400 0.79340211
19.37800 0.79334867
19.38200 0.79329524
19.38600 0.79324183
19.39000 0.79318843
19.39400 0.79313505
19.39800 0.79308168
19.40200 0.79302832
19.40600 0.79297498
19.41000 0.79292166
19.41400 0.79286835
19.41800 0.79281505
19.42200 0.79276177
19.42600 0.79270850
19.43000 0.79265525
19.43400 0.79260201
19.43800 0.79254878
19.44200 0.79249557
19.44600 0.79244237
19.45000 0.79238919
19.45400 0.79233602
19.45800 0.79228287
19.46200 0.79222973
19.46600 0.79217661
19.47000 0.79212350
19.47400 0.79207040
19.47800 0.79201732
19.48200 0.79196425
19.48600 0.79191120
19.49000 0.79185816
19.49400 0.79180514
19.49800 0.79175212
19.50200 0.79169913
19.50600 0.79164615
19.51000 0.79159318
19.51400 0.79154023
19.51800 0.79148729
19.52200 0.79143436
19.52600 0.79138145
19.53000 0.79132855
19.53400 0.79127567
19.53800 0.79122280
19.54200 0.79116995
19.54600 0.79111711
19.55000 0.79106428
19.55400 0.79101147
19.55800 0.79095868
19.56200 0.79090589
19.56600 0.79085312
19.57000 0.79080037
19.57400 0.79074763
19.57800 0.79069490
19.58200 0.79064219
19.58600 0.79058949
19.59000 0.79053681
19.59400 0.79048414
19.59800 0.79043148
19.60200 0.79037884
19.60600 0.79032621
19.61000 0.79027360
19.61400 0.79022100
19.61800 0.79016841
19.62200 0.79011584
19.62600 0.79006328
19.63000 0.79001074
19.63400 0.78995821
19.63800 0.78990569
19.64200 0.78985319
19.64600 0.78980071
19.65000 0.78974823
19.65400 0.78969577
19.65800 0.78964333
19.66200 0.78959090
19.66600 0.78953848
19.67000 0.78948608
19.67400 0.78943369
19.67800 0.78938131
19.68200 0.78932895
19.68600 0.78927660
19.69000 0.78922427
19.69400 0.78917195
19.69800 0.78911964
19.70200 0.78906735
19.70600 0.78901507
19.71000 0.78896281
19.71400 0.78891056
19.71800 0.78885832
19.72200 0.78880610
19.72600 0.78875389
19.73000 0.78870170
19.73400 0.78864952
19.73800 0.78859735
19.74200 0.78854520
19.74600 0.78849306
19.75000 0.78844093
19.75400 0.78838882
19.75800 0.78833672
19.76200 0.78828464
19.76600 0.78823257
19.77000 0.78818051
19.77400 0.78812847
19.77800 0.78807644
19.78200 0.78802443
19.78600 0.78797243
19.79000 0.78792044
19.79400 0.78786847
19.79800 0.78781651
19.80200 0.78776456
19.80600 0.78771263
19.81000 0.78766071
19.81400 0.78760881
19.81800 0.78755692
19.82200 0.78750504
19.82600 0.78745318
19.83000 0.78740133
19.83400 0.78734949
19.83800 0.78729767
19.84200 0.78724586
19.84600 0.78719407
19.85000 0.78714229
19.85400 0.78709052
19.85800 0.78703876
19.86200 0.78698702
19.86600 0.78693530
19.87000 0.78688358
19.87400 0.78683189
19.87800 0.78678020
19.88200 0.78672853
19.88600 0.78667687
19.89000 0.78662523
19.89400 0.78657359
19.89800 0.78652198
19.90200 0.78647037
19.90600 0.78641878
19.91000 0.78636721
19.91400 0.78631564
19.91800 0.78626409
19.92200 0.78621256
19.92600 0.78616104
19.93000 0.78610953
19.93400 0.78605803
19.93800 0.78600655
19.94200 0.78595508
19.94600 0.78590363
19.95000 0.78585219
19.95400 0.78580076
19.95800 0.78574935
19.96200 0.78569795
19.96600 0.78564656
19.97000 0.78559519
19.97400 0.78554383
19.97800 0.78549248
19.98200 0.78544115
19.98600 0.78538983
19.99000 0.78533852
19.99400 0.78528723
19.99800 0.78523595
20.00200 0.78518468
20.00600 0.78513343
20.01000 0.78508219
20.01400 0.78503097
20.01800 0.78497976
20.02200 0.78492856
20.02600 0.78487737
20.03000 0.78482620
20.03400 0.78477504
20.03800 0.78472390
20.04200 0.78467277
20.04600 0.78462165
20.05000 0.78457054
20.05400 0.78451945
20.05800 0.78446838
20.06200 0.78441731
20.06600 0.78436626
20.07000 0.78431522
20.07400 0.78426420
20.07800 0.78421319
20.08200 0.78416219
20.08600 0.78411120
20.09000 0.78406023
20.09400 0.78400927
20.09800 0.78395833
20.10200 0.78390740
20.10600 0.78385648
20.11000 0.78380558
20.11400 0.78375468
20.11800 0.78370381
20.12200 0.78365294
20.12600 0.78360209
20.13000 0.78355125
20.13400 0.78350043
20.13800 0.78344961
20.14200 0.78339882
20.14600 0.78334803
20.15000 0.78329726
20.15400 0.78324650
20.15800 0.78319575
20.16200 0.78314502
20.16600 0.78309430
20.17000 0.78304359
20.17400 0.78299290
20.17800 0.78294222
20.18200 0.78289155
20.18600 0.78284090
20.19000 0.78279026
20.19400 0.78273963
20.19800 0.78268902
20.20200 0.78263842
20.20600 0.78258783
20.21000 0.78253726
20.21400 0.78248670
20.21800 0.78243615
20.22200 0.78238561
20.22600 0.78233509
20.23000 0.78228458
20.23400 0.78223408
20.23800 0.78218360
20.24200 0.78213313
20.24600 0.78208268
20.25000 0.78203223
