0.25000 0.39256947
0.25400 0.39464770
0.25800 0.39669569
0.26200 0.39871440
0.26600 0.40070475
0.27000 0.40266764
0.27400 0.40460392
0.27800 0.40651440
0.28200 0.40839985
0.28600 0.41026102
0.29000 0.41209864
0.29400 0.41391337
0.29800 0.41570589
0.30200 0.41747681
0.30600 0.41922676
0.31000 0.42095629
0.31400 0.42266599
0.31800 0.42435637
0.32200 0.42602797
0.32600 0.42768127
0.33000 0.42931675
0.33400 0.43093487
0.33800 0.43253607
0.34200 0.43412078
0.34600 0.43568942
0.35000 0.43724237
0.35400 0.43878001
0.35800 0.44030273
0.36200 0.44181086
0.36600 0.44330476
0.37000 0.44478475
0.37400 0.44625116
0.37800 0.44770429
0.38200 0.44914444
0.38600 0.45057190
0.39000 0.45198696
0.39400 0.45338987
0.39800 0.45478090
0.40200 0.45616031
0.40600 0.45752834
0.41000 0.45888522
0.41400 0.46023119
0.41800 0.46156647
0.42200 0.46289127
0.42600 0.46420580
0.43000 0.46551027
0.43400 0.46680488
0.43800 0.46808981
0.44200 0.46936524
0.44600 0.47063137
0.45000 0.47188837
0.45400 0.47313640
0.45800 0.47437563
0.46200 0.47560622
0.46600 0.47682832
0.47000 0.47804210
0.47400 0.47924769
0.47800 0.48044524
0.48200 0.48163489
0.48600 0.48281677
0.49000 0.48399102
0.49400 0.48515776
0.49800 0.48631713
0.50200 0.48746924
0.50600 0.48861421
0.51000 0.48975216
0.51400 0.49088321
0.51800 0.49200745
0.52200 0.49312500
0.52600 0.49423597
0.53000 0.49534046
0.53400 0.49643856
0.53800 0.49753037
0.54200 0.49861599
0.54600 0.49969552
0.55000 0.50076904
0.55400 0.50183664
0.55800 0.50289840
0.56200 0.50395442
0.56600 0.50500477
0.57000 0.50604954
0.57400 0.50708880
0.57800 0.50812264
0.58200 0.50915112
0.58600 0.51017432
0.59000 0.51119231
0.59400 0.51220516
0.59800 0.51321295
0.60200 0.51421574
0.60600 0.51521359
0.61000 0.51620658
0.61400 0.51719475
0.61800 0.51817819
0.62200 0.51915694
0.62600 0.52013107
0.63000 0.52110063
0.63400 0.52206568
0.63800 0.52302629
0.64200 0.52398249
0.64600 0.52493436
0.65000 0.52588193
0.65400 0.52682526
0.65800 0.52776441
0.66200 0.52869941
0.66600 0.52963033
0.67000 0.53055721
0.67400 0.53148009
0.67800 0.53239903
0.68200 0.53331406
0.68600 0.53422523
0.69000 0.53513259
0.69400 0.53603617
0.69800 0.53693603
0.70200 0.53783219
0.70600 0.53872471
0.71000 0.53961362
0.71400 0.54049896
0.71800 0.54138077
0.72200 0.54225908
0.72600 0.54313394
0.73000 0.54400538
0.73400 0.54487344
0.73800 0.54573815
0.74200 0.54659954
0.74600 0.54745765
0.75000 0.54831252
0.75400 0.54916417
0.75800 0.55001264
0.76200 0.55085797
0.76600 0.55170017
0.77000 0.55253929
0.77400 0.55337535
0.77800 0.55420839
0.78200 0.55503842
0.78600 0.55586549
0.79000 0.55668962
0.79400 0.55751084
0.79800 0.55832917
0.80200 0.55914464
0.80600 0.55995729
0.81000 0.56076713
0.81400 0.56157419
0.81800 0.56237850
0.82200 0.56318008
0.82600 0.56397895
0.83000 0.56477515
0.83400 0.56556870
0.83800 0.56635961
0.84200 0.56714792
0.84600 0.56793364
0.85000 0.56871680
0.85400 0.56949742
0.85800 0.57027552
0.86200 0.57105113
0.86600 0.57182426
0.87000 0.57259494
0.87400 0.57336319
0.87800 0.57412903
0.88200 0.57489247
0.88600 0.57565354
0.89000 0.57641226
0.89400 0.57716865
0.89800 0.57792273
0.90200 0.57867451
0.90600 0.57942401
0.91000 0.58017126
0.91400 0.58091627
0.91800 0.58165906
0.92200 0.58239964
0.92600 0.58313804
0.93000 0.58387426
0.93400 0.58460834
0.93800 0.58534028
0.94200 0.58607010
0.94600 0.58679782
0.95000 0.58752346
0.95400 0.58824702
0.95800 0.58896853
0.96200 0.58968800
0.96600 0.59040545
0.97000 0.59112089
0.97400 0.59183433
0.97800 0.59254580
0.98200 0.59325530
0.98600 0.59396285
0.99000 0.59466847
0.99400 0.59537216
0.99800 0.59607395
1.00200 0.59677385
1.00600 0.59747186
1.01000 0.59816801
1.01400 0.59886231
1.01800 0.59955476
1.02200 0.60024539
1.02600 0.60093420
1.03000 0.60162122
1.03400 0.60230644
1.03800 0.60298988
1.04200 0.60367157
1.04600 0.60435149
1.05000 0.60502968
1.05400 0.60570614
1.05800 0.60638088
1.06200 0.60705392
1.06600 0.60772526
1.07000 0.60839492
1.07400 0.60906291
1.07800 0.60972924
1.08200 0.61039392
1.08600 0.61105696
1.09000 0.61171837
1.09400 0.61237816
1.09800 0.61303635
1.10200 0.61369294
1.10600 0.61434794
1.11000 0.61500137
1.11400 0.61565323
1.11800 0.61630354
1.12200 0.61695230
1.12600 0.61759952
1.13000 0.61824522
1.13400 0.61888939
1.13800 0.61953206
1.14200 0.62017323
1.14600 0.62081291
1.15000 0.62145111
1.15400 0.62208784
1.15800 0.62272311
1.16200 0.62335692
1.16600 0.62398929
1.17000 0.62462023
1.17400 0.62524973
1.17800 0.62587782
1.18200 0.62650449
1.18600 0.62712977
1.19000 0.62775365
1.19400 0.62837614
1.19800 0.62899726
1.20200 0.62961700
1.20600 0.63023539
1.21000 0.63085242
1.21400 0.63146810
1.21800 0.63208245
1.22200 0.63269547
1.22600 0.63330716
1.23000 0.63391754
1.23400 0.63452661
1.23800 0.63513438
1.24200 0.63574086
1.24600 0.63634605
1.25000 0.63694996
1.25400 0.63755260
1.25800 0.63815398
1.26200 0.63875409
1.26600 0.63935296
1.27000 0.63995058
1.27400 0.64054697
1.27800 0.64114212
1.28200 0.64173605
1.28600 0.64232877
1.29000 0.64292027
1.29400 0.64351057
1.29800 0.64409967
1.30200 0.64468758
1.30600 0.64527431
1.31000 0.64585985
1.31400 0.64644423
1.31800 0.64702743
1.32200 0.64760948
1.32600 0.64819037
1.33000 0.64877012
1.33400 0.64934872
1.33800 0.64992619
1.34200 0.65050252
1.34600 0.65107773
1.35000 0.65165182
1.35400 0.65222480
1.35800 0.65279667
1.36200 0.65336744
1.36600 0.65393711
1.37000 0.65450569
1.37400 0.65507319
1.37800 0.65563960
1.38200 0.65620494
1.38600 0.65676921
1.39000 0.65733242
1.39400 0.65789457
1.39800 0.65845566
1.40200 0.65901571
1.40600 0.65957471
1.41000 0.66013267
1.41400 0.66068960
1.41800 0.66124551
1.42200 0.66180039
1.42600 0.66235425
1.43000 0.66290709
1.43400 0.66345893
1.43800 0.66400977
1.44200 0.66455960
1.44600 0.66510844
1.45000 0.66565630
1.45400 0.66620316
1.45800 0.66674905
1.46200 0.66729396
1.46600 0.66783790
1.47000 0.66838087
1.47400 0.66892288
1.47800 0.66946393
1.48200 0.67000403
1.48600 0.67054318
1.49000 0.67108138
1.49400 0.67161864
1.49800 0.67215497
1.50200 0.67269037
1.50600 0.67322484
1.51000 0.67375838
1.51400 0.67429101
1.51800 0.67482272
1.52200 0.67535351
1.52600 0.67588341
1.53000 0.67641239
1.53400 0.67694048
1.53800 0.67746768
1.54200 0.67799398
1.54600 0.67851940
1.55000 0.67904393
1.55400 0.67956758
1.55800 0.68009036
1.56200 0.68061227
1.56600 0.68113330
1.57000 0.68165348
1.57400 0.68217279
1.57800 0.68269124
1.58200 0.68320885
1.58600 0.68372560
1.59000 0.68424150
1.59400 0.68475657
1.59800 0.68527079
1.60200 0.68578418
1.60600 0.68629674
1.61000 0.68680847
1.61400 0.68731938
1.61800 0.68782946
1.62200 0.68833873
1.62600 0.68884718
1.63000 0.68935482
1.63400 0.68986165
1.63800 0.69036768
1.64200 0.69087290
1.64600 0.69137733
1.65000 0.69188097
1.65400 0.69238381
1.65800 0.69288586
1.66200 0.69338713
1.66600 0.69388762
1.67000 0.69438733
1.67400 0.69488626
1.67800 0.69538442
1.68200 0.69588181
1.68600 0.69637844
1.69000 0.69687430
1.69400 0.69736940
1.69800 0.69786375
1.70200 0.69835734
1.70600 0.69885018
1.71000 0.69934227
1.71400 0.69983361
1.71800 0.70032422
1.72200 0.70081408
1.72600 0.70130321
1.73000 0.70179160
1.73400 0.70227926
1.73800 0.70276620
1.74200 0.70325241
1.74600 0.70373790
1.75000 0.70422266
1.75400 0.70470671
1.75800 0.70519005
1.76200 0.70567267
1.76600 0.70615459
1.77000 0.70663580
1.77400 0.70711630
1.77800 0.70759611
1.78200 0.70807521
1.78600 0.70855363
1.79000 0.70903134
1.79400 0.70950837
1.79800 0.70998471
1.80200 0.71046037
1.80600 0.71093534
1.81000 0.71140963
1.81400 0.71188324
1.81800 0.71235618
1.82200 0.71282845
1.82600 0.71330005
1.83000 0.71377097
1.83400 0.71424124
1.83800 0.71471084
1.84200 0.71517978
1.84600 0.71564806
1.85000 0.71611568
1.85400 0.71658265
1.85800 0.71704897
1.86200 0.71751465
1.86600 0.71797967
1.87000 0.71844405
1.87400 0.71890779
1.87800 0.71937089
1.88200 0.71983336
1.88600 0.72029519
1.89000 0.72075638
1.89400 0.72121695
1.89800 0.72167688
1.90200 0.72213619
1.90600 0.72259488
1.91000 0.72305294
1.91400 0.72351039
1.91800 0.72396721
1.92200 0.72442343
1.92600 0.72487903
1.93000 0.72533401
1.93400 0.72578839
1.93800 0.72624216
1.94200 0.72669533
1.94600 0.72714790
1.95000 0.72759986
1.95400 0.72805122
1.95800 0.72850199
1.96200 0.72895217
1.96600 0.72940175
1.97000 0.72985074
1.97400 0.73029914
1.97800 0.73074696
1.98200 0.73119419
1.98600 0.73164084
1.99000 0.73208690
1.99400 0.73253239
1.99800 0.73297730
2.00200 0.73342164
2.00600 0.73386541
2.01000 0.73430860
2.01400 0.73475122
2.01800 0.73519328
2.02200 0.73563477
2.02600 0.73607570
2.03000 0.73651606
2.03400 0.73695587
2.03800 0.73739511
2.04200 0.73783380
2.04600 0.73827194
2.05000 0.73870952
2.05400 0.73914655
2.05800 0.73958304
2.06200 0.74001897
2.06600 0.74045436
2.07000 0.74088921
2.07400 0.74132351
2.07800 0.74175727
2.08200 0.74219050
2.08600 0.74262318
2.09000 0.74305533
2.09400 0.74348695
2.09800 0.74391804
2.10200 0.74434859
2.10600 0.74477862
2.11000 0.74520812
2.11400 0.74563710
2.11800 0.74606555
2.12200 0.74649347
2.12600 0.74692088
2.13000 0.74734777
2.13400 0.74777415
2.13800 0.74820000
2.14200 0.74862534
2.14600 0.74905017
2.15000 0.74947449
2.15400 0.74989830
2.15800 0.75032161
2.16200 0.75074440
2.16600 0.75116669
2.17000 0.75158848
2.17400 0.75200977
2.17800 0.75243056
2.18200 0.75285084
2.18600 0.75327064
2.19000 0.75368993
2.19400 0.75410873
2.19800 0.75452704
2.20200 0.75494486
2.20600 0.75536219
2.21000 0.75577903
2.21400 0.75619538
2.21800 0.75661125
2.22200 0.75702663
2.22600 0.75744153
2.23000 0.75785596
2.23400 0.75826990
2.23800 0.75868336
2.24200 0.75909635
2.24600 0.75950886
2.25000 0.75992090
2.25400 0.76033246
2.25800 0.76074355
2.26200 0.76115418
2.26600 0.76156433
2.27000 0.76197402
2.27400 0.76238324
2.27800 0.76279200
2.28200 0.76320030
2.28600 0.76360813
2.29000 0.76401550
2.29400 0.76442242
2.29800 0.76482887
2.30200 0.76523487
2.30600 0.76564042
2.31000 0.76604551
2.31400 0.76645015
2.31800 0.76685434
2.32200 0.76725807
2.32600 0.76766136
2.33000 0.76806420
2.33400 0.76846660
2.33800 0.76886855
2.34200 0.76927006
2.34600 0.76967112
2.35000 0.77007174
2.35400 0.77047193
2.35800 0.77087167
2.36200 0.77127098
2.36600 0.77166985
2.37000 0.77206828
2.37400 0.77246629
2.37800 0.77286385
2.38200 0.77326099
2.38600 0.77365770
2.39000 0.77405398
2.39400 0.77444983
2.39800 0.77484525
2.40200 0.77524025
2.40600 0.77563482
2.41000 0.77602897
2.41400 0.77642270
2.41800 0.77681601
2.42200 0.77720890
2.42600 0.77760137
2.43000 0.77799342
2.43400 0.77838505
2.43800 0.77877627
2.44200 0.77916708
2.44600 0.77955747
2.45000 0.77994745
2.45400 0.78033702
2.45800 0.78072618
2.46200 0.78111493
2.46600 0.78150328
2.47000 0.78189121
2.47400 0.78227874
2.47800 0.78266587
2.48200 0.78305260
2.48600 0.78343892
2.49000 0.78382484
2.49400 0.78421036
2.49800 0.78459548
2.50200 0.78498021
2.50600 0.78536453
2.51000 0.78574846
2.51400 0.78613200
2.51800 0.78651514
2.52200 0.78689789
2.52600 0.78728025
2.53000 0.78766221
2.53400 0.78804379
2.53800 0.78842498
2.54200 0.78880578
2.54600 0.78918619
2.55000 0.78956622
2.55400 0.78994587
2.55800 0.79032512
2.56200 0.79070400
2.56600 0.79108250
2.57000 0.79146061
2.57400 0.79183834
2.57800 0.79221570
2.58200 0.79259268
2.58600 0.79296928
2.59000 0.79334550
2.59400 0.79372135
2.59800 0.79409682
2.60200 0.79447193
2.60600 0.79484666
2.61000 0.79522101
2.61400 0.79559500
2.61800 0.79596862
2.62200 0.79634187
2.62600 0.79671475
2.63000 0.79708727
2.63400 0.79745942
2.63800 0.79783120
2.64200 0.79820262
2.64600 0.79857368
2.65000 0.79894437
2.65400 0.79931471
2.65800 0.79968468
2.66200 0.80005429
2.66600 0.80042355
2.67000 0.80079245
2.67400 0.80116099
2.67800 0.80152917
2.68200 0.80189700
2.68600 0.80226448
2.69000 0.80263160
2.69400 0.80299837
2.69800 0.80336479
2.70200 0.80373085
2.70600 0.80409657
2.71000 0.80446194
2.71400 0.80482696
2.71800 0.80519163
2.72200 0.80555595
2.72600 0.80591993
2.73000 0.80628357
2.73400 0.80664686
2.73800 0.80700980
2.74200 0.80737241
2.74600 0.80773467
2.75000 0.80809659
2.75400 0.80845817
2.75800 0.80881942
2.76200 0.80918032
2.76600 0.80954089
2.77000 0.80990112
2.77400 0.81026101
2.77800 0.81062057
2.78200 0.81097979
2.78600 0.81133868
2.79000 0.81169724
2.79400 0.81205546
2.79800 0.81241336
2.80200 0.81277092
2.80600 0.81312815
2.81000 0.81348506
2.81400 0.81384163
2.81800 0.81419788
2.82200 0.81455380
2.82600 0.81490940
2.83000 0.81526467
2.83400 0.81561961
2.83800 0.81597423
2.84200 0.81632853
2.84600 0.81668251
2.85000 0.81703616
2.85400 0.81738950
2.85800 0.81774251
2.86200 0.81809521
2.86600 0.81844758
2.87000 0.81879964
2.87400 0.81915138
2.87800 0.81950281
2.88200 0.81985392
2.88600 0.82020471
2.89000 0.82055519
2.89400 0.82090536
2.89800 0.82125521
2.90200 0.82160475
2.90600 0.82195398
2.91000 0.82230290
2.91400 0.82265151
2.91800 0.82299981
2.92200 0.82334780
2.92600 0.82369548
2.93000 0.82404285
2.93400 0.82438992
2.93800 0.82473669
2.94200 0.82508314
2.94600 0.82542930
2.95000 0.82577515
2.95400 0.82612069
2.95800 0.82646593
2.96200 0.82681088
2.96600 0.82715552
2.97000 0.82749986
2.97400 0.82784390
2.97800 0.82818764
2.98200 0.82853108
2.98600 0.82887422
2.99000 0.82921707
2.99400 0.82955962
2.99800 0.82990187
3.00200 0.83024383
3.00600 0.83058549
3.01000 0.83092686
3.01400 0.83126794
3.01800 0.83160872
3.02200 0.83194921
3.02600 0.83228941
3.03000 0.83262932
3.03400 0.83296894
3.03800 0.83330827
3.04200 0.83364731
3.04600 0.83398606
3.05000 0.83432453
3.05400 0.83466270
3.05800 0.83500059
3.06200 0.83533820
3.06600 0.83567551
3.07000 0.83601255
3.07400 0.83634930
3.07800 0.83668576
3.08200 0.83702195
3.08600 0.83735785
3.09000 0.83769347
3.09400 0.83802881
3.09800 0.83836386
3.10200 0.83869864
3.10600 0.83903314
3.11000 0.83936736
3.11400 0.83970130
3.11800 0.84003496
3.12200 0.84036835
3.12600 0.84070146
3.13000 0.84103429
3.13400 0.84136685
3.13800 0.84169914
3.14200 0.84203115
3.14600 0.84236288
3.15000 0.84269435
3.15400 0.84302554
3.15800 0.84335646
3.16200 0.84368710
3.16600 0.84401748
3.17000 0.84434759
3.17400 0.84467742
3.17800 0.84500699
3.18200 0.84533629
3.18600 0.84566532
3.19000 0.84599409
3.19400 0.84632258
3.19800 0.84665081
3.20200 0.84697878
3.20600 0.84730648
3.21000 0.84763391
3.21400 0.84796108
3.21800 0.84828799
3.22200 0.84861463
3.22600 0.84894102
3.23000 0.84926713
3.23400 0.84959299
3.23800 0.84991859
3.24200 0.85024392
3.24600 0.85056900
3.25000 0.85089382
3.25400 0.85121838
3.25800 0.85154267
3.26200 0.85186672
3.26600 0.85219050
3.27000 0.85251403
3.27400 0.85283730
3.27800 0.85316031
3.28200 0.85348307
3.28600 0.85380558
3.29000 0.85412783
3.29400 0.85444983
3.29800 0.85477157
3.30200 0.85509306
3.30600 0.85541430
3.31000 0.85573529
3.31400 0.85605602
3.31800 0.85637651
3.32200 0.85669674
3.32600 0.85701672
3.33000 0.85733646
3.33400 0.85765594
3.33800 0.85797518
3.34200 0.85829417
3.34600 0.85861292
3.35000 0.85893141
3.35400 0.85924966
3.35800 0.85956766
3.36200 0.85988542
3.36600 0.86020293
3.37000 0.86052020
3.37400 0.86083723
3.37800 0.86115401
3.38200 0.86147054
3.38600 0.86178684
3.39000 0.86210289
3.39400 0.86241870
3.39800 0.86273427
3.40200 0.86304960
3.40600 0.86336469
3.41000 0.86367954
3.41400 0.86399415
3.41800 0.86430852
3.42200 0.86462265
3.42600 0.86493655
3.43000 0.86525020
3.43400 0.86556362
3.43800 0.86587681
3.44200 0.86618975
3.44600 0.86650246
3.45000 0.86681494
3.45400 0.86712718
3.45800 0.86743918
3.46200 0.86775096
3.46600 0.86806249
3.47000 0.86837380
3.47400 0.86868487
3.47800 0.86899571
3.48200 0.86930632
3.48600 0.86961670
3.49000 0.86992685
3.49400 0.87023676
3.49800 0.87054645
3.50200 0.87085590
3.50600 0.87116513
3.51000 0.87147413
3.51400 0.87178290
3.51800 0.87209144
3.52200 0.87239976
3.52600 0.87270784
3.53000 0.87301570
3.53400 0.87332334
3.53800 0.87363075
3.54200 0.87393793
3.54600 0.87424489
3.55000 0.87455162
3.55400 0.87485813
3.55800 0.87516442
3.56200 0.87547048
3.56600 0.87577632
3.57000 0.87608193
3.57400 0.87638733
3.57800 0.87669250
3.58200 0.87699745
3.58600 0.87730218
3.59000 0.87760669
3.59400 0.87791098
3.59800 0.87821505
3.60200 0.87851890
3.60600 0.87882254
3.61000 0.87912595
3.61400 0.87942915
3.61800 0.87973212
3.62200 0.88003488
3.62600 0.88033743
3.63000 0.88063975
3.63400 0.88094186
3.63800 0.88124376
3.64200 0.88154544
3.64600 0.88184690
3.65000 0.88214815
3.65400 0.88244919
3.65800 0.88275001
3.66200 0.88305062
3.66600 0.88335101
3.67000 0.88365120
3.67400 0.88395117
3.67800 0.88425092
3.68200 0.88455047
3.68600 0.88484981
3.69000 0.88514893
3.69400 0.88544785
3.69800 0.88574655
3.70200 0.88604504
3.70600 0.88634333
3.71000 0.88664140
3.71400 0.88693927
3.71800 0.88723693
3.72200 0.88753438
3.72600 0.88783163
3.73000 0.88812866
3.73400 0.88842549
3.73800 0.88872212
3.74200 0.88901853
3.74600 0.88931475
3.75000 0.88961075
3.75400 0.88990655
3.75800 0.89020215
3.76200 0.89049754
3.76600 0.89079273
3.77000 0.89108772
3.77400 0.89138250
3.77800 0.89167708
3.78200 0.89197145
3.78600 0.89226563
3.79000 0.89255960
3.79400 0.89285337
3.79800 0.89314694
3.80200 0.89344031
3.80600 0.89373348
3.81000 0.89402645
3.81400 0.89431922
3.81800 0.89461179
3.82200 0.89490416
3.82600 0.89519633
3.83000 0.89548830
3.83400 0.89578008
3.83800 0.89607165
3.84200 0.89636303
3.84600 0.89665422
3.85000 0.89694520
3.85400 0.89723599
3.85800 0.89752659
3.86200 0.89781699
3.86600 0.89810719
3.87000 0.89839720
3.87400 0.89868701
3.87800 0.89897663
3.88200 0.89926606
3.88600 0.89955529
3.89000 0.89984433
3.89400 0.90013317
3.89800 0.90042182
3.90200 0.90071028
3.90600 0.90099855
3.91000 0.90128663
3.91400 0.90157451
3.91800 0.90186220
3.92200 0.90214971
3.92600 0.90243702
3.93000 0.90272414
3.93400 0.90301107
3.93800 0.90329781
3.94200 0.90358437
3.94600 0.90387073
3.95000 0.90415691
3.95400 0.90444289
3.95800 0.90472869
3.96200 0.90501431
3.96600 0.90529973
3.97000 0.90558497
3.97400 0.90587002
3.97800 0.90615488
3.98200 0.90643956
3.98600 0.90672405
3.99000 0.90700836
3.99400 0.90729248
3.99800 0.90757642
4.00200 0.90786017
4.00600 0.90814374
4.01000 0.90842712
4.01400 0.90871032
4.01800 0.90899334
4.02200 0.90927617
4.02600 0.90955882
4.03000 0.90984129
4.03400 0.91012358
4.03800 0.91040568
4.04200 0.91068760
4.04600 0.91096934
4.05000 0.91125090
4.05400 0.91153228
4.05800 0.91181348
4.06200 0.91209450
4.06600 0.91237534
4.07000 0.91265600
4.07400 0.91293648
4.07800 0.91321678
4.08200 0.91349690
4.08600 0.91377685
4.09000 0.91405661
4.09400 0.91433620
4.09800 0.91461561
4.10200 0.91489484
4.10600 0.91517390
4.11000 0.91545278
4.11400 0.91573148
4.11800 0.91601001
4.12200 0.91628836
4.12600 0.91656653
4.13000 0.91684453
4.13400 0.91712236
4.13800 0.91740001
4.14200 0.91767748
4.14600 0.91795479
4.15000 0.91823191
4.15400 0.91850887
4.15800 0.91878565
4.16200 0.91906226
4.16600 0.91933869
4.17000 0.91961495
4.17400 0.91989104
4.17800 0.92016696
4.18200 0.92044270
4.18600 0.92071828
4.19000 0.92099368
4.19400 0.92126891
4.19800 0.92154398
4.20200 0.92181887
4.20600 0.92209359
4.21000 0.92236814
4.21400 0.92264252
4.21800 0.92291673
4.22200 0.92319077
4.22600 0.92346465
4.23000 0.92373835
4.23400 0.92401189
4.23800 0.92428526
4.24200 0.92455846
4.24600 0.92483150
4.25000 0.92510436
4.25400 0.92537706
4.25800 0.92564959
4.26200 0.92592196
4.26600 0.92619416
4.27000 0.92646619
4.27400 0.92673806
4.27800 0.92700977
4.28200 0.92728130
4.28600 0.92755268
4.29000 0.92782388
4.29400 0.92809493
4.29800 0.92836581
4.30200 0.92863652
4.30600 0.92890707
4.31000 0.92917746
4.31400 0.92944769
4.31800 0.92971775
4.32200 0.92998765
4.32600 0.93025738
4.33000 0.93052696
4.33400 0.93079637
4.33800 0.93106562
4.34200 0.93133471
4.34600 0.93160364
4.35000 0.93187240
4.35400 0.93214101
4.35800 0.93240946
4.36200 0.93267774
4.36600 0.93294587
4.37000 0.93321383
4.37400 0.93348164
4.37800 0.93374929
4.38200 0.93401677
4.38600 0.93428410
4.39000 0.93455127
4.39400 0.93481828
4.39800 0.93508514
4.40200 0.93535183
4.40600 0.93561837
4.41000 0.93588475
4.41400 0.93615097
4.41800 0.93641704
4.42200 0.93668295
4.42600 0.93694870
4.43000 0.93721430
4.43400 0.93747974
4.43800 0.93774503
4.44200 0.93801016
4.44600 0.93827513
4.45000 0.93853995
4.45400 0.93880461
4.45800 0.93906912
4.46200 0.93933348
4.46600 0.93959768
4.47000 0.93986173
4.47400 0.94012562
4.47800 0.94038936
4.48200 0.94065295
4.48600 0.94091638
4.49000 0.94117966
4.49400 0.94144279
4.49800 0.94170576
4.50200 0.94196859
4.50600 0.94223126
4.51000 0.94249378
4.51400 0.94275615
4.51800 0.94301836
4.52200 0.94328043
4.52600 0.94354234
4.53000 0.94380411
4.53400 0.94406572
4.53800 0.94432719
4.54200 0.94458850
4.54600 0.94484966
4.55000 0.94511068
4.55400 0.94537154
4.55800 0.94563226
4.56200 0.94589283
4.56600 0.94615324
4.57000 0.94641351
4.57400 0.94667364
4.57800 0.94693361
4.58200 0.94719343
4.58600 0.94745311
4.59000 0.94771264
4.59400 0.94797203
4.59800 0.94823126
4.60200 0.94849035
4.60600 0.94874930
4.61000 0.94900809
4.61400 0.94926674
4.61800 0.94952525
4.62200 0.94978361
4.62600 0.95004182
4.63000 0.95029989
4.63400 0.95055781
4.63800 0.95081559
4.64200 0.95107322
4.64600 0.95133071
4.65000 0.95158806
4.65400 0.95184526
4.65800 0.95210232
4.66200 0.95235923
4.66600 0.95261600
4.67000 0.95287262
4.67400 0.95312911
4.67800 0.95338545
4.68200 0.95364165
4.68600 0.95389770
4.69000 0.95415361
4.69400 0.95440938
4.69800 0.95466501
4.70200 0.95492050
4.70600 0.95517585
4.71000 0.95543105
4.71400 0.95568611
4.71800 0.95594104
4.72200 0.95619582
4.72600 0.95645046
4.73000 0.95670496
4.73400 0.95695932
4.73800 0.95721354
4.74200 0.95746762
4.74600 0.95772157
4.75000 0.95797537
4.75400 0.95822903
4.75800 0.95848256
4.76200 0.95873594
4.76600 0.95898919
4.77000 0.95924230
4.77400 0.95949527
4.77800 0.95974810
4.78200 0.96000080
4.78600 0.96025335
4.79000 0.96050577
4.79400 0.96075806
4.79800 0.96101020
4.80200 0.96126221
4.80600 0.96151408
4.81000 0.96176582
4.81400 0.96201742
4.81800 0.96226888
4.82200 0.96252021
4.82600 0.96277140
4.83000 0.96302245
4.83400 0.96327338
4.83800 0.96352416
4.84200 0.96377481
4.84600 0.96402533
4.85000 0.96427571
4.85400 0.96452595
4.85800 0.96477607
4.86200 0.96502605
4.86600 0.96527589
4.87000 0.96552560
4.87400 0.96577518
4.87800 0.96602462
4.88200 0.96627393
4.88600 0.96652311
4.89000 0.96677215
4.89400 0.96702107
4.89800 0.96726985
4.90200 0.96751849
4.90600 0.96776701
4.91000 0.96801539
4.91400 0.96826364
4.91800 0.96851176
4.92200 0.96875975
4.92600 0.96900761
4.93000 0.96925534
4.93400 0.96950293
4.93800 0.96975040
4.94200 0.96999773
4.94600 0.97024493
4.95000 0.97049201
4.95400 0.97073895
4.95800 0.97098577
4.96200 0.97123245
4.96600 0.97147900
4.97000 0.97172543
4.97400 0.97197173
4.97800 0.97221789
4.98200 0.97246393
4.98600 0.97270984
4.99000 0.97295562
4.99400 0.97320128
4.99800 0.97344680
5.00200 0.97369220
5.00600 0.97393747
5.01000 0.97418261
5.01400 0.97442762
5.01800 0.97467251
5.02200 0.97491727
5.02600 0.97516190
5.03000 0.97540641
5.03400 0.97565079
5.03800 0.97589504
5.04200 0.97613917
5.04600 0.97638317
5.05000 0.97662705
5.05400 0.97687080
5.05800 0.97711442
5.06200 0.97735792
5.06600 0.97760129
5.07000 0.97784454
5.07400 0.97808766
5.07800 0.97833066
5.08200 0.97857353
5.08600 0.97881628
5.09000 0.97905890
5.09400 0.97930140
5.09800 0.97954378
5.10200 0.97978603
5.10600 0.98002816
5.11000 0.98027017
5.11400 0.98051205
5.11800 0.98075381
5.12200 0.98099544
5.12600 0.98123695
5.13000 0.98147834
5.13400 0.98171961
5.13800 0.98196076
5.14200 0.98220178
5.14600 0.98244268
5.15000 0.98268346
5.15400 0.98292411
5.15800 0.98316465
5.16200 0.98340506
5.16600 0.98364536
5.17000 0.98388553
5.17400 0.98412558
5.17800 0.98436551
5.18200 0.98460532
5.18600 0.98484500
5.19000 0.98508457
5.19400 0.98532402
5.19800 0.98556335
5.20200 0.98580255
5.20600 0.98604164
5.21000 0.98628061
5.21400 0.98651946
5.21800 0.98675819
5.22200 0.98699680
5.22600 0.98723529
5.23000 0.98747366
5.23400 0.98771192
5.23800 0.98795005
5.24200 0.98818807
5.24600 0.98842597
5.25000 0.98866375
5.25400 0.98890141
5.25800 0.98913895
5.26200 0.98937638
5.26600 0.98961369
5.27000 0.98985088
5.27400 0.99008795
5.27800 0.99032491
5.28200 0.99056175
5.28600 0.99079848
5.29000 0.99103508
5.29400 0.99127157
5.29800 0.99150795
5.30200 0.99174420
5.30600 0.99198035
5.31000 0.99221637
5.31400 0.99245228
5.31800 0.99268808
5.32200 0.99292376
5.32600 0.99315932
5.33000 0.99339477
5.33400 0.99363010
5.33800 0.99386532
5.34200 0.99410042
5.34600 0.99433541
5.35000 0.99457029
5.35400 0.99480505
5.35800 0.99503969
5.36200 0.99527422
5.36600 0.99550864
5.37000 0.99574295
5.37400 0.99597714
5.37800 0.99621121
5.38200 0.99644518
5.38600 0.99667903
5.39000 0.99691276
5.39400 0.99714639
5.39800 0.99737990
5.40200 0.99761330
5.40600 0.99784658
5.41000 0.99807976
5.41400 0.99831282
5.41800 0.99854577
5.42200 0.99877861
5.42600 0.99901133
5.43000 0.99924395
5.43400 0.99947645
5.43800 0.99970884
5.44200 0.99994112
5.44600 1.00017329
5.45000 1.00040534
5.45400 1.00063729
5.45800 1.00086912
5.46200 1.00110085
5.46600 1.00133246
5.47000 1.00156397
5.47400 1.00179536
5.47800 1.00202664
5.48200 1.00225782
5.48600 1.00248888
5.49000 1.00271984
5.49400 1.00295068
5.49800 1.00318141
5.50200 1.00341204
5.50600 1.00364256
5.51000 1.00387296
5.51400 1.00410326
5.51800 1.00433345
5.52200 1.00456353
5.52600 1.00479351
5.53000 1.00502337
5.53400 1.00525312
5.53800 1.00548277
5.54200 1.00571231
5.54600 1.00594174
5.55000 1.00617107
5.55400 1.00640028
5.55800 1.00662939
5.56200 1.00685839
5.56600 1.00708729
5.57000 1.00731607
5.57400 1.00754475
5.57800 1.00777333
5.58200 1.00800179
5.58600 1.00823015
5.59000 1.00845841
5.59400 1.00868655
5.59800 1.00891460
5.60200 1.00914253
5.60600 1.00937036
5.61000 1.00959808
5.61400 1.00982570
5.61800 1.01005321
5.62200 1.01028062
5.62600 1.01050792
5.63000 1.01073511
5.63400 1.01096220
5.63800 1.01118919
5.64200 1.01141607
5.64600 1.01164284
5.65000 1.01186951
5.65400 1.01209608
5.65800 1.01232254
5.66200 1.01254890
5.66600 1.01277515
5.67000 1.01300130
5.67400 1.01322735
5.67800 1.01345329
5.68200 1.01367913
5.68600 1.01390486
5.69000 1.01413049
5.69400 1.01435602
5.69800 1.01458145
5.70200 1.01480677
5.70600 1.01503199
5.71000 1.01525710
5.71400 1.01548212
5.71800 1.01570703
5.72200 1.01593184
5.72600 1.01615654
5.73000 1.01638115
5.73400 1.01660565
5.73800 1.01683005
5.74200 1.01705435
5.74600 1.01727854
5.75000 1.01750264
5.75400 1.01772663
5.75800 1.01795052
5.76200 1.01817431
5.76600 1.01839800
5.77000 1.01862159
5.77400 1.01884508
5.77800 1.01906846
5.78200 1.01929175
5.78600 1.01951493
5.79000 1.01973802
5.79400 1.01996100
5.79800 1.02018388
5.80200 1.02040667
5.80600 1.02062935
5.81000 1.02085194
5.81400 1.02107442
5.81800 1.02129680
5.82200 1.02151909
5.82600 1.02174127
5.83000 1.02196336
5.83400 1.02218535
5.83800 1.02240724
5.84200 1.02262902
5.84600 1.02285071
5.85000 1.02307230
5.85400 1.02329380
5.85800 1.02351519
5.86200 1.02373649
5.86600 1.02395768
5.87000 1.02417878
5.87400 1.02439978
5.87800 1.02462069
5.88200 1.02484149
5.88600 1.02506220
5.89000 1.02528281
5.89400 1.02550332
5.89800 1.02572373
5.90200 1.02594405
5.90600 1.02616427
5.91000 1.02638439
5.91400 1.02660442
5.91800 1.02682435
5.92200 1.02704418
5.92600 1.02726392
5.93000 1.02748355
5.93400 1.02770310
5.93800 1.02792254
5.94200 1.02814189
5.94600 1.02836115
5.95000 1.02858030
5.95400 1.02879937
5.95800 1.02901833
5.96200 1.02923720
5.96600 1.02945598
5.97000 1.02967465
5.97400 1.02989324
5.97800 1.03011173
5.98200 1.03033012
5.98600 1.03054842
5.99000 1.03076662
5.99400 1.03098473
5.99800 1.03120274
6.00200 1.03142066
6.00600 1.03163848
6.01000 1.03185621
6.01400 1.03207385
6.01800 1.03229139
6.02200 1.03250884
6.02600 1.03272619
6.03000 1.03294345
6.03400 1.03316061
6.03800 1.03337769
6.04200 1.03359466
6.04600 1.03381155
6.05000 1.03402834
6.05400 1.03424504
6.05800 1.03446164
6.06200 1.03467815
6.06600 1.03489457
6.07000 1.03511089
6.07400 1.03532713
6.07800 1.03554327
6.08200 1.03575931
6.08600 1.03597527
6.09000 1.03619113
6.09400 1.03640690
6.09800 1.03662258
6.10200 1.03683816
6.10600 1.03705366
6.11000 1.03726906
6.11400 1.03748437
6.11800 1.03769959
6.12200 1.03791471
6.12600 1.03812975
6.13000 1.03834469
6.13400 1.03855954
6.13800 1.03877430
6.14200 1.03898897
6.14600 1.03920355
6.15000 1.03941804
6.15400 1.03963244
6.15800 1.03984674
6.16200 1.04006096
6.16600 1.04027508
6.17000 1.04048912
6.17400 1.04070306
6.17800 1.04091692
6.18200 1.04113068
6.18600 1.04134435
6.19000 1.04155794
6.19400 1.04177143
6.19800 1.04198484
6.20200 1.04219815
6.20600 1.04241138
6.21000 1.04262451
6.21400 1.04283756
6.21800 1.04305052
6.22200 1.04326338
6.22600 1.04347616
6.23000 1.04368885
6.23400 1.04390145
6.23800 1.04411397
6.24200 1.04432639
6.24600 1.04453872
6.25000 1.04475097
6.25400 1.04496313
6.25800 1.04517520
6.26200 1.04538718
6.26600 1.04559907
6.27000 1.04581088
6.27400 1.04602259
6.27800 1.04623422
6.28200 1.04644576
6.28600 1.04665722
6.29000 1.04686858
6.29400 1.04707986
6.29800 1.04729105
6.30200 1.04750216
6.30600 1.04771317
6.31000 1.04792410
6.31400 1.04813494
6.31800 1.04834570
6.32200 1.04855637
6.32600 1.04876695
6.33000 1.04897744
6.33400 1.04918785
6.33800 1.04939818
6.34200 1.04960841
6.34600 1.04981856
6.35000 1.05002862
6.35400 1.05023860
6.35800 1.05044849
6.36200 1.05065830
6.36600 1.05086802
6.37000 1.05107765
6.37400 1.05128720
6.37800 1.05149666
6.38200 1.05170603
6.38600 1.05191533
6.39000 1.05212453
6.39400 1.05233365
6.39800 1.05254269
6.40200 1.05275164
6.40600 1.05296050
6.41000 1.05316928
6.41400 1.05337798
6.41800 1.05358659
6.42200 1.05379512
6.42600 1.05400356
6.43000 1.05421191
6.43400 1.05442019
6.43800 1.05462838
6.44200 1.05483648
6.44600 1.05504450
6.45000 1.05525244
6.45400 1.05546029
6.45800 1.05566806
6.46200 1.05587574
6.46600 1.05608334
6.47000 1.05629086
6.47400 1.05649829
6.47800 1.05670564
6.48200 1.05691291
6.48600 1.05712009
6.49000 1.05732720
6.49400 1.05753421
6.49800 1.05774115
6.50200 1.05794800
6.50600 1.05815477
6.51000 1.05836145
6.51400 1.05856806
6.51800 1.05877458
6.52200 1.05898102
6.52600 1.05918737
6.53000 1.05939365
6.53400 1.05959984
6.53800 1.05980595
6.54200 1.06001197
6.54600 1.06021792
6.55000 1.06042378
6.55400 1.06062956
6.55800 1.06083526
6.56200 1.06104088
6.56600 1.06124642
6.57000 1.06145187
6.57400 1.06165725
6.57800 1.06186254
6.58200 1.06206775
6.58600 1.06227288
6.59000 1.06247793
6.59400 1.06268289
6.59800 1.06288778
6.60200 1.06309259
6.60600 1.06329731
6.61000 1.06350196
6.61400 1.06370652
6.61800 1.06391100
6.62200 1.06411541
6.62600 1.06431973
6.63000 1.06452397
6.63400 1.06472813
6.63800 1.06493222
6.64200 1.06513622
6.64600 1.06534014
6.65000 1.06554398
6.65400 1.06574774
6.65800 1.06595143
6.66200 1.06615503
6.66600 1.06635855
6.67000 1.06656200
6.67400 1.06676536
6.67800 1.06696864
6.68200 1.06717185
6.68600 1.06737498
6.69000 1.06757802
6.69400 1.06778099
6.69800 1.06798388
6.70200 1.06818669
6.70600 1.06838943
6.71000 1.06859208
6.71400 1.06879465
6.71800 1.06899715
6.72200 1.06919957
6.72600 1.06940191
6.73000 1.06960417
6.73400 1.06980635
6.73800 1.07000845
6.74200 1.07021048
6.74600 1.07041243
6.75000 1.07061430
6.75400 1.07081609
6.75800 1.07101781
6.76200 1.07121944
6.76600 1.07142100
6.77000 1.07162249
6.77400 1.07182389
6.77800 1.07202522
6.78200 1.07222647
6.78600 1.07242764
6.79000 1.07262874
6.79400 1.07282975
6.79800 1.07303070
6.80200 1.07323156
6.80600 1.07343235
6.81000 1.07363306
6.81400 1.07383369
6.81800 1.07403425
6.82200 1.07423473
6.82600 1.07443513
6.83000 1.07463546
6.83400 1.07483571
6.83800 1.07503589
6.84200 1.07523599
6.84600 1.07543601
6.85000 1.07563596
6.85400 1.07583583
6.85800 1.07603562
6.86200 1.07623534
6.86600 1.07643499
6.87000 1.07663455
6.87400 1.07683405
6.87800 1.07703346
6.88200 1.07723280
6.88600 1.07743207
6.89000 1.07763126
6.89400 1.07783037
6.89800 1.07802941
6.90200 1.07822838
6.90600 1.07842727
6.91000 1.07862608
6.91400 1.07882482
6.91800 1.07902349
6.92200 1.07922208
6.92600 1.07942059
6.93000 1.07961903
6.93400 1.07981740
6.93800 1.08001569
6.94200 1.08021391
6.94600 1.08041205
6.95000 1.08061012
6.95400 1.08080812
6.95800 1.08100604
6.96200 1.08120389
6.96600 1.08140166
6.97000 1.08159936
6.97400 1.08179698
6.97800 1.08199453
6.98200 1.08219201
6.98600 1.08238941
6.99000 1.08258675
6.99400 1.08278400
6.99800 1.08298119
7.00200 1.08317830
7.00600 1.08337533
7.01000 1.08357230
7.01400 1.08376919
7.01800 1.08396600
7.02200 1.08416275
7.02600 1.08435942
7.03000 1.08455602
7.03400 1.08475255
7.03800 1.08494900
7.04200 1.08514538
7.04600 1.08534169
7.05000 1.08553792
7.05400 1.08573409
7.05800 1.08593018
7.06200 1.08612620
7.06600 1.08632214
7.07000 1.08651802
7.07400 1.08671382
7.07800 1.08690955
7.08200 1.08710520
7.08600 1.08730079
7.09000 1.08749630
7.09400 1.08769175
7.09800 1.08788712
7.10200 1.08808242
7.10600 1.08827764
7.11000 1.08847280
7.11400 1.08866788
7.11800 1.08886290
7.12200 1.08905784
7.12600 1.08925271
7.13000 1.08944751
7.13400 1.08964224
7.13800 1.08983689
7.14200 1.09003148
7.14600 1.09022600
7.15000 1.09042044
7.15400 1.09061481
7.15800 1.09080912
7.16200 1.09100335
7.16600 1.09119751
7.17000 1.09139160
7.17400 1.09158562
7.17800 1.09177957
7.18200 1.09197345
7.18600 1.09216726
7.19000 1.09236100
7.19400 1.09255467
7.19800 1.09274827
7.20200 1.09294180
7.20600 1.09313526
7.21000 1.09332865
7.21400 1.09352197
7.21800 1.09371522
7.22200 1.09390840
7.22600 1.09410151
7.23000 1.09429455
7.23400 1.09448753
7.23800 1.09468043
7.24200 1.09487326
7.24600 1.09506603
7.25000 1.09525872
7.25400 1.09545135
7.25800 1.09564390
7.26200 1.09583639
7.26600 1.09602881
7.27000 1.09622116
7.27400 1.09641344
7.27800 1.09660565
7.28200 1.09679779
7.28600 1.09698987
7.29000 1.09718187
7.29400 1.09737381
7.29800 1.09756568
7.30200 1.09775748
7.30600 1.09794921
7.31000 1.09814087
7.31400 1.09833247
7.31800 1.09852399
7.32200 1.09871545
7.32600 1.09890684
7.33000 1.09909817
7.33400 1.09928942
7.33800 1.09948061
7.34200 1.09967173
7.34600 1.09986278
7.35000 1.10005377
7.35400 1.10024468
7.35800 1.10043553
7.36200 1.10062631
7.36600 1.10081703
7.37000 1.10100767
7.37400 1.10119825
7.37800 1.10138876
7.38200 1.10157921
7.38600 1.10176959
7.39000 1.10195990
7.39400 1.10215014
7.39800 1.10234032
7.40200 1.10253043
7.40600 1.10272047
7.41000 1.10291044
7.41400 1.10310035
7.41800 1.10329020
7.42200 1.10347997
7.42600 1.10366968
7.43000 1.10385933
7.43400 1.10404890
7.43800 1.10423841
7.44200 1.10442786
7.44600 1.10461723
7.45000 1.10480655
7.45400 1.10499579
7.45800 1.10518497
7.46200 1.10537408
7.46600 1.10556313
7.47000 1.10575211
7.47400 1.10594103
7.47800 1.10612988
7.48200 1.10631866
7.48600 1.10650738
7.49000 1.10669603
7.49400 1.10688462
7.49800 1.10707314
7.50200 1.10726160
7.50600 1.10744999
7.51000 1.10763832
7.51400 1.10782658
7.51800 1.10801477
7.52200 1.10820290
7.52600 1.10839097
7.53000 1.10857897
7.53400 1.10876690
7.53800 1.10895477
7.54200 1.10914258
7.54600 1.10933032
7.55000 1.10951799
7.55400 1.10970561
7.55800 1.10989315
7.56200 1.11008063
7.56600 1.11026805
7.57000 1.11045540
7.57400 1.11064269
7.57800 1.11082992
7.58200 1.11101708
7.58600 1.11120417
7.59000 1.11139120
7.59400 1.11157817
7.59800 1.11176508
7.60200 1.11195191
7.60600 1.11213869
7.61000 1.11232540
7.61400 1.11251205
7.61800 1.11269863
7.62200 1.11288515
7.62600 1.11307161
7.63000 1.11325800
7.63400 1.11344433
7.63800 1.11363060
7.64200 1.11381680
7.64600 1.11400294
7.65000 1.11418901
7.65400 1.11437503
7.65800 1.11456098
7.66200 1.11474686
7.66600 1.11493268
7.67000 1.11511844
7.67400 1.11530414
7.67800 1.11548977
7.68200 1.11567535
7.68600 1.11586085
7.69000 1.11604630
7.69400 1.11623168
7.69800 1.11641700
7.70200 1.11660226
7.70600 1.11678745
7.71000 1.11697258
7.71400 1.11715765
7.71800 1.11734266
7.72200 1.11752760
7.72600 1.11771249
7.73000 1.11789731
7.73400 1.11808206
7.73800 1.11826676
7.74200 1.11845139
7.74600 1.11863597
7.75000 1.11882047
7.75400 1.11900492
7.75800 1.11918931
7.76200 1.11937363
7.76600 1.11955789
7.77000 1.11974209
7.77400 1.11992623
7.77800 1.12011031
7.78200 1.12029433
7.78600 1.12047828
7.79000 1.12066217
7.79400 1.12084600
7.79800 1.12102977
7.80200 1.12121348
7.80600 1.12139713
7.81000 1.12158071
7.81400 1.12176424
7.81800 1.12194770
7.82200 1.12213110
7.82600 1.12231445
7.83000 1.12249773
7.83400 1.12268095
7.83800 1.12286410
7.84200 1.12304720
7.84600 1.12323024
7.85000 1.12341322
7.85400 1.12359613
7.85800 1.12377899
7.86200 1.12396178
7.86600 1.12414452
7.87000 1.12432719
7.87400 1.12450980
7.87800 1.12469236
7.88200 1.12487485
7.88600 1.12505728
7.89000 1.12523965
7.89400 1.12542197
7.89800 1.12560422
7.90200 1.12578641
7.90600 1.12596854
7.91000 1.12615061
7.91400 1.12633263
7.91800 1.12651458
7.92200 1.12669647
7.92600 1.12687830
7.93000 1.12706008
7.93400 1.12724179
7.93800 1.12742344
7.94200 1.12760504
7.94600 1.12778657
7.95000 1.12796805
7.95400 1.12814946
7.95800 1.12833082
7.96200 1.12851212
7.96600 1.12869336
7.97000 1.12887454
7.97400 1.12905565
7.97800 1.12923672
7.98200 1.12941772
7.98600 1.12959866
7.99000 1.12977954
7.99400 1.12996037
7.99800 1.13014113
8.00200 1.13032184
8.00600 1.13050249
8.01000 1.13068308
8.01400 1.13086361
8.01800 1.13104408
8.02200 1.13122450
8.02600 1.13140485
8.03000 1.13158515
8.03400 1.13176539
8.03800 1.13194557
8.04200 1.13212569
8.04600 1.13230575
8.05000 1.13248576
8.05400 1.13266570
8.05800 1.13284559
8.06200 1.13302542
8.06600 1.13320520
8.07000 1.13338491
8.07400 1.13356457
8.07800 1.13374417
8.08200 1.13392371
8.08600 1.13410319
8.09000 1.13428262
8.09400 1.13446198
8.09800 1.13464129
8.10200 1.13482055
8.10600 1.13499974
8.11000 1.13517888
8.11400 1.13535796
8.11800 1.13553698
8.12200 1.13571595
8.12600 1.13589485
8.13000 1.13607371
8.13400 1.13625250
8.13800 1.13643123
8.14200 1.13660991
8.14600 1.13678854
8.15000 1.13696710
8.15400 1.13714561
8.15800 1.13732406
8.16200 1.13750245
8.16600 1.13768079
8.17000 1.13785907
8.17400 1.13803729
8.17800 1.13821546
8.18200 1.13839357
8.18600 1.13857162
8.19000 1.13874962
8.19400 1.13892756
8.19800 1.13910544
8.20200 1.13928327
8.20600 1.13946104
8.21000 1.13963876
8.21400 1.13981642
8.21800 1.13999402
8.22200 1.14017156
8.22600 1.14034905
8.23000 1.14052649
8.23400 1.14070386
8.23800 1.14088118
8.24200 1.14105845
8.24600 1.14123566
8.25000 1.14141281
8.25400 1.14158991
8.25800 1.14176695
8.26200 1.14194394
8.26600 1.14212087
8.27000 1.14229774
8.27400 1.14247456
8.27800 1.14265132
8.28200 1.14282803
8.28600 1.14300468
8.29000 1.14318128
8.29400 1.14335782
8.29800 1.14353431
8.30200 1.14371074
8.30600 1.14388711
8.31000 1.14406343
8.31400 1.14423970
8.31800 1.14441591
8.32200 1.14459206
8.32600 1.14476816
8.33000 1.14494420
8.33400 1.14512019
8.33800 1.14529613
8.34200 1.14547201
8.34600 1.14564783
8.35000 1.14582360
8.35400 1.14599932
8.35800 1.14617498
8.36200 1.14635058
8.36600 1.14652613
8.37000 1.14670163
8.37400 1.14687707
8.37800 1.14705246
8.38200 1.14722779
8.38600 1.14740307
8.39000 1.14757829
8.39400 1.14775346
8.39800 1.14792858
8.40200 1.14810364
8.40600 1.14827865
8.41000 1.14845360
8.41400 1.14862850
8.41800 1.14880334
8.42200 1.14897813
8.42600 1.14915287
8.43000 1.14932755
8.43400 1.14950218
8.43800 1.14967675
8.44200 1.14985128
8.44600 1.15002574
8.45000 1.15020016
8.45400 1.15037452
8.45800 1.15054882
8.46200 1.15072307
8.46600 1.15089727
8.47000 1.15107142
8.47400 1.15124551
8.47800 1.15141955
8.48200 1.15159353
8.48600 1.15176746
8.49000 1.15194134
8.49400 1.15211517
8.49800 1.15228894
8.50200 1.15246266
8.50600 1.15263632
8.51000 1.15280993
8.51400 1.15298349
8.51800 1.15315700
8.52200 1.15333045
8.52600 1.15350385
8.53000 1.15367720
8.53400 1.15385049
8.53800 1.15402373
8.54200 1.15419692
8.54600 1.15437006
8.55000 1.15454314
8.55400 1.15471617
8.55800 1.15488915
8.56200 1.15506207
8.56600 1.15523495
8.57000 1.15540777
8.57400 1.15558053
8.57800 1.15575325
8.58200 1.15592591
8.58600 1.15609852
8.59000 1.15627108
8.59400 1.15644359
8.59800 1.15661604
8.60200 1.15678844
8.60600 1.15696079
8.61000 1.15713309
8.61400 1.15730533
8.61800 1.15747753
8.62200 1.15764967
8.62600 1.15782176
8.63000 1.15799379
8.63400 1.15816578
8.63800 1.15833771
8.64200 1.15850959
8.64600 1.15868142
8.65000 1.15885320
8.65400 1.15902493
8.65800 1.15919660
8.66200 1.15936823
8.66600 1.15953980
8.67000 1.15971132
8.67400 1.15988279
8.67800 1.16005420
8.68200 1.16022557
8.68600 1.16039689
8.69000 1.16056815
8.69400 1.16073936
8.69800 1.16091052
8.70200 1.16108163
8.70600 1.16125269
8.71000 1.16142370
8.71400 1.16159465
8.71800 1.16176556
8.72200 1.16193641
8.72600 1.16210721
8.73000 1.16227797
8.73400 1.16244867
8.73800 1.16261932
8.74200 1.16278992
8.74600 1.16296047
8.75000 1.16313096
8.75400 1.16330141
8.75800 1.16347181
8.76200 1.16364215
8.76600 1.16381245
8.77000 1.16398269
8.77400 1.16415289
8.77800 1.16432303
8.78200 1.16449312
8.78600 1.16466317
8.79000 1.16483316
8.79400 1.16500310
8.79800 1.16517299
8.80200 1.16534284
8.80600 1.16551263
8.81000 1.16568237
8.81400 1.16585206
8.81800 1.16602170
8.82200 1.16619129
8.82600 1.16636083
8.83000 1.16653032
8.83400 1.16669977
8.83800 1.16686916
8.84200 1.16703850
8.84600 1.16720779
8.85000 1.16737703
8.85400 1.16754622
8.85800 1.16771536
8.86200 1.16788446
8.86600 1.16805350
8.87000 1.16822249
8.87400 1.16839144
8.87800 1.16856033
8.88200 1.16872917
8.88600 1.16889797
8.89000 1.16906672
8.89400 1.16923541
8.89800 1.16940406
8.90200 1.16957266
8.90600 1.16974120
8.91000 1.16990970
8.91400 1.17007815
8.91800 1.17024655
8.92200 1.17041490
8.92600 1.17058321
8.93000 1.17075146
8.93400 1.17091966
8.93800 1.17108782
8.94200 1.17125593
8.94600 1.17142398
8.95000 1.17159199
8.95400 1.17175995
8.95800 1.17192786
8.96200 1.17209572
8.96600 1.17226354
8.97000 1.17243130
8.97400 1.17259902
8.97800 1.17276668
8.98200 1.17293430
8.98600 1.17310187
8.99000 1.17326939
8.99400 1.17343687
8.99800 1.17360429
9.00200 1.17377167
9.00600 1.17393900
9.01000 1.17410628
9.01400 1.17427351
9.01800 1.17444069
9.02200 1.17460782
9.02600 1.17477491
9.03000 1.17494195
9.03400 1.17510894
9.03800 1.17527588
9.04200 1.17544277
9.04600 1.17560962
9.05000 1.17577642
9.05400 1.17594317
9.05800 1.17610987
9.06200 1.17627652
9.06600 1.17644313
9.07000 1.17660969
9.07400 1.17677620
9.07800 1.17694266
9.08200 1.17710907
9.08600 1.17727544
9.09000 1.17744176
9.09400 1.17760803
9.09800 1.17777426
9.10200 1.17794043
9.10600 1.17810656
9.11000 1.17827264
9.11400 1.17843868
9.11800 1.17860467
9.12200 1.17877061
9.12600 1.17893650
9.13000 1.17910234
9.13400 1.17926814
9.13800 1.17943389
9.14200 1.17959959
9.14600 1.17976525
9.15000 1.17993086
9.15400 1.18009642
9.15800 1.18026193
9.16200 1.18042740
9.16600 1.18059282
9.17000 1.18075820
9.17400 1.18092352
9.17800 1.18108880
9.18200 1.18125404
9.18600 1.18141922
9.19000 1.18158436
9.19400 1.18174945
9.19800 1.18191450
9.20200 1.18207950
9.20600 1.18224445
9.21000 1.18240936
9.21400 1.18257421
9.21800 1.18273903
9.22200 1.18290379
9.22600 1.18306851
9.23000 1.18323319
9.23400 1.18339781
9.23800 1.18356239
9.24200 1.18372693
9.24600 1.18389141
9.25000 1.18405585
9.25400 1.18422025
9.25800 1.18438460
9.26200 1.18454890
9.26600 1.18471316
9.27000 1.18487737
9.27400 1.18504153
9.27800 1.18520565
9.28200 1.18536972
9.28600 1.18553375
9.29000 1.18569772
9.29400 1.18586166
9.29800 1.18602555
9.30200 1.18618939
9.30600 1.18635318
9.31000 1.18651694
9.31400 1.18668064
9.31800 1.18684430
9.32200 1.18700791
9.32600 1.18717148
9.33000 1.18733500
9.33400 1.18749848
9.33800 1.18766191
9.34200 1.18782529
9.34600 1.18798863
9.35000 1.18815193
9.35400 1.18831517
9.35800 1.18847838
9.36200 1.18864153
9.36600 1.18880465
9.37000 1.18896771
9.37400 1.18913074
9.37800 1.18929371
9.38200 1.18945664
9.38600 1.18961953
9.39000 1.18978237
9.39400 1.18994517
9.39800 1.19010792
9.40200 1.19027062
9.40600 1.19043328
9.41000 1.19059590
9.41400 1.19075847
9.41800 1.19092099
9.42200 1.19108347
9.42600 1.19124591
9.43000 1.19140830
9.43400 1.19157064
9.43800 1.19173295
9.44200 1.19189520
9.44600 1.19205741
9.45000 1.19221958
9.45400 1.19238170
9.45800 1.19254378
9.46200 1.19270581
9.46600 1.19286780
9.47000 1.19302974
9.47400 1.19319164
9.47800 1.19335350
9.48200 1.19351531
9.48600 1.19367707
9.49000 1.19383880
9.49400 1.19400047
9.49800 1.19416211
9.50200 1.19432369
9.50600 1.19448524
9.51000 1.19464674
9.51400 1.19480819
9.51800 1.19496960
9.52200 1.19513097
9.52600 1.19529230
9.53000 1.19545357
9.53400 1.19561481
9.53800 1.19577600
9.54200 1.19593715
9.54600 1.19609825
9.55000 1.19625931
9.55400 1.19642032
9.55800 1.19658130
9.56200 1.19674222
9.56600 1.19690311
9.57000 1.19706395
9.57400 1.19722474
9.57800 1.19738550
9.58200 1.19754620
9.58600 1.19770687
9.59000 1.19786749
9.59400 1.19802807
9.59800 1.19818860
9.60200 1.19834909
9.60600 1.19850954
9.61000 1.19866994
9.61400 1.19883030
9.61800 1.19899062
9.62200 1.19915089
9.62600 1.19931112
9.63000 1.19947131
9.63400 1.19963145
9.63800 1.19979155
9.64200 1.19995161
9.64600 1.20011162
9.65000 1.20027159
9.65400 1.20043152
9.65800 1.20059140
9.66200 1.20075125
9.66600 1.20091104
9.67000 1.20107080
9.67400 1.20123051
9.67800 1.20139018
9.68200 1.20154980
9.68600 1.20170939
9.69000 1.20186893
9.69400 1.20202842
9.69800 1.20218788
9.70200 1.20234729
9.70600 1.20250666
9.71000 1.20266598
9.71400 1.20282527
9.71800 1.20298451
9.72200 1.20314370
9.72600 1.20330286
9.73000 1.20346197
9.73400 1.20362104
9.73800 1.20378007
9.74200 1.20393905
9.74600 1.20409800
9.75000 1.20425690
9.75400 1.20441575
9.75800 1.20457457
9.76200 1.20473334
9.76600 1.20489207
9.77000 1.20505076
9.77400 1.20520941
9.77800 1.20536801
9.78200 1.20552657
9.78600 1.20568509
9.79000 1.20584357
9.79400 1.20600200
9.79800 1.20616039
9.80200 1.20631874
9.80600 1.20647705
9.81000 1.20663532
9.81400 1.20679354
9.81800 1.20695172
9.82200 1.20710986
9.82600 1.20726796
9.83000 1.20742602
9.83400 1.20758403
9.83800 1.20774201
9.84200 1.20789994
9.84600 1.20805782
9.85000 1.20821567
9.85400 1.20837348
9.85800 1.20853124
9.86200 1.20868896
9.86600 1.20884664
9.87000 1.20900428
9.87400 1.20916188
9.87800 1.20931944
9.88200 1.20947695
9.88600 1.20963442
9.89000 1.20979185
9.89400 1.20994924
9.89800 1.21010659
9.90200 1.21026390
9.90600 1.21042116
9.91000 1.21057839
9.91400 1.21073557
9.91800 1.21089271
9.92200 1.21104981
9.92600 1.21120687
9.93000 1.21136389
9.93400 1.21152087
9.93800 1.21167780
9.94200 1.21183470
9.94600 1.21199155
9.95000 1.21214836
9.95400 1.21230513
9.95800 1.21246186
9.96200 1.21261855
9.96600 1.21277520
9.97000 1.21293181
9.97400 1.21308837
9.97800 1.21324490
9.98200 1.21340138
9.98600 1.21355783
9.99000 1.21371423
9.99400 1.21387059
9.99800 1.21402691
10.00200 1.21418319
10.00600 1.21433943
10.01000 1.21449563
10.01400 1.21465179
10.01800 1.21480791
10.02200 1.21496399
10.02600 1.21512002
10.03000 1.21527602
10.03400 1.21543197
10.03800 1.21558789
10.04200 1.21574376
10.04600 1.21589960
10.05000 1.21605539
10.05400 1.21621115
10.05800 1.21636686
10.06200 1.21652253
10.06600 1.21667816
10.07000 1.21683376
10.07400 1.21698931
10.07800 1.21714482
10.08200 1.21730029
10.08600 1.21745572
10.09000 1.21761111
10.09400 1.21776646
10.09800 1.21792178
10.10200 1.21807705
10.10600 1.21823228
10.11000 1.21838747
10.11400 1.21854262
10.11800 1.21869773
10.12200 1.21885280
10.12600 1.21900783
10.13000 1.21916282
10.13400 1.21931778
10.13800 1.21947269
10.14200 1.21962756
10.14600 1.21978239
10.15000 1.21993718
10.15400 1.22009193
10.15800 1.22024665
10.16200 1.22040132
10.16600 1.22055595
10.17000 1.22071055
10.17400 1.22086510
10.17800 1.22101962
10.18200 1.22117409
10.18600 1.22132853
10.19000 1.22148292
10.19400 1.22163728
10.19800 1.22179160
10.20200 1.22194587
10.20600 1.22210011
10.21000 1.22225431
10.21400 1.22240847
10.21800 1.22256259
10.22200 1.22271667
10.22600 1.22287071
10.23000 1.22302472
10.23400 1.22317868
10.23800 1.22333260
10.24200 1.22348649
10.24600 1.22364033
10.25000 1.22379414
10.25400 1.22394791
10.25800 1.22410163
10.26200 1.22425532
10.26600 1.22440897
10.27000 1.22456259
10.27400 1.22471616
10.27800 1.22486969
10.28200 1.22502319
10.28600 1.22517664
10.29000 1.22533006
10.29400 1.22548343
10.29800 1.22563677
10.30200 1.22579007
10.30600 1.22594334
10.31000 1.22609656
10.31400 1.22624974
10.31800 1.22640289
10.32200 1.22655599
10.32600 1.22670906
10.33000 1.22686209
10.33400 1.22701508
10.33800 1.22716803
10.34200 1.22732095
10.34600 1.22747382
10.35000 1.22762666
10.35400 1.22777946
10.35800 1.22793222
10.36200 1.22808494
10.36600 1.22823762
10.37000 1.22839026
10.37400 1.22854287
10.37800 1.22869544
10.38200 1.22884797
10.38600 1.22900046
10.39000 1.22915291
10.39400 1.22930532
10.39800 1.22945770
10.40200 1.22961004
10.40600 1.22976234
10.41000 1.22991460
10.41400 1.23006682
10.41800 1.23021901
10.42200 1.23037116
10.42600 1.23052327
10.43000 1.23067534
10.43400 1.23082737
10.43800 1.23097937
10.44200 1.23113132
10.44600 1.23128324
10.45000 1.23143512
10.45400 1.23158697
10.45800 1.23173877
10.46200 1.23189054
10.46600 1.23204227
10.47000 1.23219397
10.47400 1.23234562
10.47800 1.23249724
10.48200 1.23264882
10.48600 1.23280036
10.49000 1.23295186
10.49400 1.23310333
10.49800 1.23325476
10.50200 1.23340615
10.50600 1.23355750
10.51000 1.23370882
10.51400 1.23386010
10.51800 1.23401134
10.52200 1.23416254
10.52600 1.23431371
10.53000 1.23446483
10.53400 1.23461593
10.53800 1.23476698
10.54200 1.23491800
10.54600 1.23506897
10.55000 1.23521992
10.55400 1.23537082
10.55800 1.23552169
10.56200 1.23567252
10.56600 1.23582331
10.57000 1.23597407
10.57400 1.23612478
10.57800 1.23627546
10.58200 1.23642611
10.58600 1.23657672
10.59000 1.23672729
10.59400 1.23687782
10.59800 1.23702831
10.60200 1.23717877
10.60600 1.23732919
10.61000 1.23747958
10.61400 1.23762993
10.61800 1.23778024
10.62200 1.23793051
10.62600 1.23808075
10.63000 1.23823095
10.63400 1.23838111
10.63800 1.23853124
10.64200 1.23868133
10.64600 1.23883138
10.65000 1.23898140
10.65400 1.23913138
10.65800 1.23928132
10.66200 1.23943123
10.66600 1.23958110
10.67000 1.23973093
10.67400 1.23988073
10.67800 1.24003048
10.68200 1.24018021
10.68600 1.24032989
10.69000 1.24047954
10.69400 1.24062916
10.69800 1.24077874
10.70200 1.24092828
10.70600 1.24107778
10.71000 1.24122725
10.71400 1.24137668
10.71800 1.24152607
10.72200 1.24167543
10.72600 1.24182476
10.73000 1.24197404
10.73400 1.24212329
10.73800 1.24227251
10.74200 1.24242168
10.74600 1.24257082
10.75000 1.24271993
10.75400 1.24286900
10.75800 1.24301803
10.76200 1.24316703
10.76600 1.24331599
10.77000 1.24346491
10.77400 1.24361380
10.77800 1.24376265
10.78200 1.24391147
10.78600 1.24406025
10.79000 1.24420899
10.79400 1.24435770
10.79800 1.24450637
10.80200 1.24465501
10.80600 1.24480361
10.81000 1.24495218
10.81400 1.24510070
10.81800 1.24524920
10.82200 1.24539765
10.82600 1.24554608
10.83000 1.24569446
10.83400 1.24584281
10.83800 1.24599113
10.84200 1.24613941
10.84600 1.24628765
10.85000 1.24643586
10.85400 1.24658403
10.85800 1.24673216
10.86200 1.24688026
10.86600 1.24702833
10.87000 1.24717636
10.87400 1.24732435
10.87800 1.24747231
10.88200 1.24762024
10.88600 1.24776812
10.89000 1.24791597
10.89400 1.24806379
10.89800 1.24821157
10.90200 1.24835932
10.90600 1.24850703
10.91000 1.24865471
10.91400 1.24880235
10.91800 1.24894995
10.92200 1.24909752
10.92600 1.24924505
10.93000 1.24939255
10.93400 1.24954002
10.93800 1.24968745
10.94200 1.24983484
10.94600 1.24998220
10.95000 1.25012952
10.95400 1.25027681
10.95800 1.25042406
10.96200 1.25057128
10.96600 1.25071846
10.97000 1.25086561
10.97400 1.25101273
10.97800 1.25115980
10.98200 1.25130685
10.98600 1.25145385
10.99000 1.25160083
10.99400 1.25174777
10.99800 1.25189467
11.00200 1.25204154
11.00600 1.25218837
11.01000 1.25233517
11.01400 1.25248194
11.01800 1.25262867
11.02200 1.25277536
11.02600 1.25292202
11.03000 1.25306865
11.03400 1.25321524
11.03800 1.25336179
11.04200 1.25350832
11.04600 1.25365480
11.05000 1.25380126
11.05400 1.25394767
11.05800 1.25409406
11.06200 1.25424041
11.06600 1.25438672
11.07000 1.25453300
11.07400 1.25467924
11.07800 1.25482546
11.08200 1.25497163
11.08600 1.25511777
11.09000 1.25526388
11.09400 1.25540995
11.09800 1.25555599
11.10200 1.25570200
11.10600 1.25584797
11.11000 1.25599390
11.11400 1.25613981
11.11800 1.25628567
11.12200 1.25643151
11.12600 1.25657731
11.13000 1.25672307
11.13400 1.25686880
11.13800 1.25701450
11.14200 1.25716016
11.14600 1.25730579
11.15000 1.25745138
11.15400 1.25759694
11.15800 1.25774247
11.16200 1.25788796
11.16600 1.25803342
11.17000 1.25817884
11.17400 1.25832423
11.17800 1.25846959
11.18200 1.25861491
11.18600 1.25876020
11.19000 1.25890546
11.19400 1.25905068
11.19800 1.25919586
11.20200 1.25934102
11.20600 1.25948613
11.21000 1.25963122
11.21400 1.25977627
11.21800 1.25992129
11.22200 1.26006627
11.22600 1.26021122
11.23000 1.26035614
11.23400 1.26050102
11.23800 1.26064587
11.24200 1.26079069
11.24600 1.26093547
11.25000 1.26108022
11.25400 1.26122494
11.25800 1.26136962
11.26200 1.26151426
11.26600 1.26165888
11.27000 1.26180346
11.27400 1.26194801
11.27800 1.26209252
11.28200 1.26223700
11.28600 1.26238145
11.29000 1.26252586
11.29400 1.26267024
11.29800 1.26281459
11.30200 1.26295890
11.30600 1.26310319
11.31000 1.26324743
11.31400 1.26339165
11.31800 1.26353583
11.32200 1.26367997
11.32600 1.26382409
11.33000 1.26396817
11.33400 1.26411222
11.33800 1.26425623
11.34200 1.26440021
11.34600 1.26454416
11.35000 1.26468808
11.35400 1.26483196
11.35800 1.26497581
11.36200 1.26511962
11.36600 1.26526341
11.37000 1.26540716
11.37400 1.26555087
11.37800 1.26569456
11.38200 1.26583821
11.38600 1.26598183
11.39000 1.26612541
11.39400 1.26626896
11.39800 1.26641248
11.40200 1.26655597
11.40600 1.26669942
11.41000 1.26684284
11.41400 1.26698623
11.41800 1.26712959
11.42200 1.26727291
11.42600 1.26741620
11.43000 1.26755946
11.43400 1.26770268
11.43800 1.26784587
11.44200 1.26798903
11.44600 1.26813216
11.45000 1.26827525
11.45400 1.26841831
11.45800 1.26856134
11.46200 1.26870434
11.46600 1.26884730
11.47000 1.26899023
11.47400 1.26913313
11.47800 1.26927600
11.48200 1.26941883
11.48600 1.26956163
11.49000 1.26970440
11.49400 1.26984713
11.49800 1.26998984
11.50200 1.27013251
11.50600 1.27027515
11.51000 1.27041775
11.51400 1.27056033
11.51800 1.27070287
11.52200 1.27084538
11.52600 1.27098786
11.53000 1.27113030
11.53400 1.27127271
11.53800 1.27141510
11.54200 1.27155744
11.54600 1.27169976
11.55000 1.27184204
11.55400 1.27198429
11.55800 1.27212651
11.56200 1.27226870
11.56600 1.27241086
11.57000 1.27255298
11.57400 1.27269507
11.57800 1.27283713
11.58200 1.27297916
11.58600 1.27312115
11.59000 1.27326312
11.59400 1.27340505
11.59800 1.27354695
11.60200 1.27368881
11.60600 1.27383065
11.61000 1.27397245
11.61400 1.27411422
11.61800 1.27425596
11.62200 1.27439767
11.62600 1.27453935
11.63000 1.27468099
11.63400 1.27482260
11.63800 1.27496419
11.64200 1.27510573
11.64600 1.27524725
11.65000 1.27538874
11.65400 1.27553019
11.65800 1.27567161
11.66200 1.27581300
11.66600 1.27595436
11.67000 1.27609569
11.67400 1.27623698
11.67800 1.27637825
11.68200 1.27651948
11.68600 1.27666068
11.69000 1.27680185
11.69400 1.27694299
11.69800 1.27708409
11.70200 1.27722517
11.70600 1.27736621
11.71000 1.27750722
11.71400 1.27764820
11.71800 1.27778915
11.72200 1.27793007
11.72600 1.27807096
11.73000 1.27821181
11.73400 1.27835264
11.73800 1.27849343
11.74200 1.27863419
11.74600 1.27877492
11.75000 1.27891562
11.75400 1.27905628
11.75800 1.27919692
11.76200 1.27933752
11.76600 1.27947810
11.77000 1.27961864
11.77400 1.27975915
11.77800 1.27989963
11.78200 1.28004008
11.78600 1.28018049
11.79000 1.28032088
11.79400 1.28046124
11.79800 1.28060156
11.80200 1.28074185
11.80600 1.28088211
11.81000 1.28102235
11.81400 1.28116255
11.81800 1.28130271
11.82200 1.28144285
11.82600 1.28158296
11.83000 1.28172304
11.83400 1.28186308
11.83800 1.28200310
11.84200 1.28214308
11.84600 1.28228303
11.85000 1.28242295
11.85400 1.28256284
11.85800 1.28270270
11.86200 1.28284253
11.86600 1.28298233
11.87000 1.28312210
11.87400 1.28326184
11.87800 1.28340154
11.88200 1.28354122
11.88600 1.28368086
11.89000 1.28382048
11.89400 1.28396006
11.89800 1.28409961
11.90200 1.28423914
11.90600 1.28437863
11.91000 1.28451809
11.91400 1.28465752
11.91800 1.28479692
11.92200 1.28493629
11.92600 1.28507563
11.93000 1.28521494
11.93400 1.28535421
11.93800 1.28549346
11.94200 1.28563268
11.94600 1.28577186
11.95000 1.28591102
11.95400 1.28605015
11.95800 1.28618924
11.96200 1.28632831
11.96600 1.28646734
11.97000 1.28660634
11.97400 1.28674532
11.97800 1.28688426
11.98200 1.28702317
11.98600 1.28716206
11.99000 1.28730091
11.99400 1.28743973
11.99800 1.28757852
12.00200 1.28771729
12.00600 1.28785602
12.01000 1.28799472
12.01400 1.28813339
12.01800 1.28827203
12.02200 1.28841064
12.02600 1.28854922
12.03000 1.28868778
12.03400 1.28882630
12.03800 1.28896479
12.04200 1.28910325
12.04600 1.28924168
12.05000 1.28938008
12.05400 1.28951845
12.05800 1.28965679
12.06200 1.28979510
12.06600 1.28993338
12.07000 1.29007163
12.07400 1.29020985
12.07800 1.29034804
12.08200 1.29048620
12.08600 1.29062434
12.09000 1.29076244
12.09400 1.29090051
12.09800 1.29103855
12.10200 1.29117656
12.10600 1.29131454
12.11000 1.29145250
12.11400 1.29159042
12.11800 1.29172831
12.12200 1.29186618
12.12600 1.29200401
12.13000 1.29214181
12.13400 1.29227959
12.13800 1.29241733
12.14200 1.29255505
12.14600 1.29269273
12.15000 1.29283039
12.15400 1.29296801
12.15800 1.29310561
12.16200 1.29324317
12.16600 1.29338071
12.17000 1.29351822
12.17400 1.29365570
12.17800 1.29379315
12.18200 1.29393057
12.18600 1.29406795
12.19000 1.29420532
12.19400 1.29434265
12.19800 1.29447995
12.20200 1.29461722
12.20600 1.29475446
12.21000 1.29489167
12.21400 1.29502886
12.21800 1.29516601
12.22200 1.29530314
12.22600 1.29544023
12.23000 1.29557730
12.23400 1.29571434
12.23800 1.29585135
12.24200 1.29598832
12.24600 1.29612527
12.25000 1.29626219
12.25400 1.29639909
12.25800 1.29653595
12.26200 1.29667278
12.26600 1.29680958
12.27000 1.29694636
12.27400 1.29708310
12.27800 1.29721982
12.28200 1.29735651
12.28600 1.29749316
12.29000 1.29762979
12.29400 1.29776639
12.29800 1.29790296
12.30200 1.29803951
12.30600 1.29817602
12.31000 1.29831250
12.31400 1.29844896
12.31800 1.29858538
12.32200 1.29872178
12.32600 1.29885815
12.33000 1.29899449
12.33400 1.29913080
12.33800 1.29926708
12.34200 1.29940333
12.34600 1.29953955
12.35000 1.29967575
12.35400 1.29981192
12.35800 1.29994805
12.36200 1.30008416
12.36600 1.30022024
12.37000 1.30035629
12.37400 1.30049231
12.37800 1.30062831
12.38200 1.30076427
12.38600 1.30090021
12.39000 1.30103611
12.39400 1.30117199
12.39800 1.30130784
12.40200 1.30144366
12.40600 1.30157946
12.41000 1.30171522
12.41400 1.30185096
12.41800 1.30198666
12.42200 1.30212234
12.42600 1.30225799
12.43000 1.30239361
12.43400 1.30252921
12.43800 1.30266477
12.44200 1.30280031
12.44600 1.30293581
12.45000 1.30307129
12.45400 1.30320674
12.45800 1.30334217
12.46200 1.30347756
12.46600 1.30361292
12.47000 1.30374826
12.47400 1.30388357
12.47800 1.30401885
12.48200 1.30415410
12.48600 1.30428932
12.49000 1.30442452
12.49400 1.30455969
12.49800 1.30469483
12.50200 1.30482994
12.50600 1.30496502
12.51000 1.30510007
12.51400 1.30523510
12.51800 1.30537009
12.52200 1.30550506
12.52600 1.30564000
12.53000 1.30577492
12.53400 1.30590980
12.53800 1.30604466
12.54200 1.30617949
12.54600 1.30631429
12.55000 1.30644906
12.55400 1.30658380
12.55800 1.30671852
12.56200 1.30685321
12.56600 1.30698787
12.57000 1.30712250
12.57400 1.30725711
12.57800 1.30739168
12.58200 1.30752623
12.58600 1.30766075
12.59000 1.30779524
12.59400 1.30792971
12.59800 1.30806414
12.60200 1.30819855
12.60600 1.30833293
12.61000 1.30846728
12.61400 1.30860161
12.61800 1.30873591
12.62200 1.30887018
12.62600 1.30900442
12.63000 1.30913863
12.63400 1.30927282
12.63800 1.30940698
12.64200 1.30954111
12.64600 1.30967521
12.65000 1.30980928
12.65400 1.30994333
12.65800 1.31007735
12.66200 1.31021134
12.66600 1.31034531
12.67000 1.31047924
12.67400 1.31061315
12.67800 1.31074703
12.68200 1.31088089
12.68600 1.31101471
12.69000 1.31114851
12.69400 1.31128228
12.69800 1.31141603
12.70200 1.31154974
12.70600 1.31168343
12.71000 1.31181709
12.71400 1.31195072
12.71800 1.31208433
12.72200 1.31221791
12.72600 1.31235146
12.73000 1.31248498
12.73400 1.31261848
12.73800 1.31275195
12.74200 1.31288539
12.74600 1.31301880
12.75000 1.31315219
12.75400 1.31328555
12.75800 1.31341888
12.76200 1.31355218
12.76600 1.31368546
12.77000 1.31381871
12.77400 1.31395193
12.77800 1.31408513
12.78200 1.31421830
12.78600 1.31435144
12.79000 1.31448455
12.79400 1.31461764
12.79800 1.31475070
12.80200 1.31488373
12.80600 1.31501673
12.81000 1.31514971
12.81400 1.31528266
12.81800 1.31541558
12.82200 1.31554848
12.82600 1.31568135
12.83000 1.31581419
12.83400 1.31594701
12.83800 1.31607979
12.84200 1.31621255
12.84600 1.31634529
12.85000 1.31647800
12.85400 1.31661068
12.85800 1.31674333
12.86200 1.31687595
12.86600 1.31700855
12.87000 1.31714112
12.87400 1.31727367
12.87800 1.31740619
12.88200 1.31753868
12.88600 1.31767114
12.89000 1.31780358
12.89400 1.31793599
12.89800 1.31806837
12.90200 1.31820073
12.90600 1.31833306
12.91000 1.31846536
12.91400 1.31859764
12.91800 1.31872989
12.92200 1.31886211
12.92600 1.31899431
12.93000 1.31912648
12.93400 1.31925862
12.93800 1.31939074
12.94200 1.31952282
12.94600 1.31965489
12.95000 1.31978692
12.95400 1.31991893
12.95800 1.32005091
12.96200 1.32018287
12.96600 1.32031480
12.97000 1.32044670
12.97400 1.32057858
12.97800 1.32071043
12.98200 1.32084225
12.98600 1.32097405
12.99000 1.32110582
12.99400 1.32123756
12.99800 1.32136928
13.00200 1.32150097
13.00600 1.32163263
13.01000 1.32176427
13.01400 1.32189588
13.01800 1.32202746
13.02200 1.32215902
13.02600 1.32229055
13.03000 1.32242205
13.03400 1.32255353
13.03800 1.32268499
13.04200 1.32281641
13.04600 1.32294781
13.05000 1.32307918
13.05400 1.32321053
13.05800 1.32334185
13.06200 1.32347314
13.06600 1.32360441
13.07000 1.32373565
13.07400 1.32386687
13.07800 1.32399806
13.08200 1.32412922
13.08600 1.32426036
13.09000 1.32439147
13.09400 1.32452255
13.09800 1.32465361
13.10200 1.32478464
13.10600 1.32491565
13.11000 1.32504663
13.11400 1.32517758
13.11800 1.32530851
13.12200 1.32543941
13.12600 1.32557028
13.13000 1.32570113
13.13400 1.32583195
13.13800 1.32596275
13.14200 1.32609352
13.14600 1.32622427
13.15000 1.32635498
13.15400 1.32648568
13.15800 1.32661634
13.16200 1.32674698
13.16600 1.32687760
13.17000 1.32700819
13.17400 1.32713875
13.17800 1.32726929
13.18200 1.32739980
13.18600 1.32753028
13.19000 1.32766074
13.19400 1.32779118
13.19800 1.32792158
13.20200 1.32805196
13.20600 1.32818232
13.21000 1.32831265
13.21400 1.32844295
13.21800 1.32857323
13.22200 1.32870349
13.22600 1.32883371
13.23000 1.32896391
13.23400 1.32909409
13.23800 1.32922424
13.24200 1.32935436
13.24600 1.32948446
13.25000 1.32961453
13.25400 1.32974458
13.25800 1.32987460
13.26200 1.33000459
13.26600 1.33013456
13.27000 1.33026451
13.27400 1.33039443
13.27800 1.33052432
13.28200 1.33065419
13.28600 1.33078403
13.29000 1.33091384
13.29400 1.33104363
13.29800 1.33117340
13.30200 1.33130314
13.30600 1.33143285
13.31000 1.33156254
13.31400 1.33169220
13.31800 1.33182184
13.32200 1.33195145
13.32600 1.33208104
13.33000 1.33221060
13.33400 1.33234014
13.33800 1.33246965
13.34200 1.33259913
13.34600 1.33272859
13.35000 1.33285802
13.35400 1.33298743
13.35800 1.33311682
13.36200 1.33324617
13.36600 1.33337551
13.37000 1.33350481
13.37400 1.33363410
13.37800 1.33376335
13.38200 1.33389258
13.38600 1.33402179
13.39000 1.33415097
13.39400 1.33428013
13.39800 1.33440926
13.40200 1.33453836
13.40600 1.33466744
13.41000 1.33479649
13.41400 1.33492552
13.41800 1.33505453
13.42200 1.33518351
13.42600 1.33531246
13.43000 1.33544139
13.43400 1.33557029
13.43800 1.33569917
13.44200 1.33582803
13.44600 1.33595685
13.45000 1.33608566
13.45400 1.33621444
13.45800 1.33634319
13.46200 1.33647192
13.46600 1.33660062
13.47000 1.33672930
13.47400 1.33685795
13.47800 1.33698658
13.48200 1.33711518
13.48600 1.33724376
13.49000 1.33737231
13.49400 1.33750084
13.49800 1.33762935
13.50200 1.33775782
13.50600 1.33788628
13.51000 1.33801471
13.51400 1.33814311
13.51800 1.33827149
13.52200 1.33839984
13.52600 1.33852817
13.53000 1.33865648
13.53400 1.33878476
13.53800 1.33891301
13.54200 1.33904124
13.54600 1.33916945
13.55000 1.33929763
13.55400 1.33942578
13.55800 1.33955391
13.56200 1.33968202
13.56600 1.33981010
13.57000 1.33993816
13.57400 1.34006619
13.57800 1.34019420
13.58200 1.34032218
13.58600 1.34045014
13.59000 1.34057807
13.59400 1.34070598
13.59800 1.34083386
13.60200 1.34096172
13.60600 1.34108956
13.61000 1.34121737
13.61400 1.34134515
13.61800 1.34147291
13.62200 1.34160065
13.62600 1.34172836
13.63000 1.34185605
13.63400 1.34198371
13.63800 1.34211135
13.64200 1.34223896
13.64600 1.34236655
13.65000 1.34249412
13.65400 1.34262166
13.65800 1.34274917
13.66200 1.34287666
13.66600 1.34300413
13.67000 1.34313157
13.67400 1.34325899
13.67800 1.34338639
13.68200 1.34351376
13.68600 1.34364110
13.69000 1.34376842
13.69400 1.34389572
13.69800 1.34402299
13.70200 1.34415024
13.70600 1.34427746
13.71000 1.34440466
13.71400 1.34453183
13.71800 1.34465898
13.72200 1.34478611
13.72600 1.34491321
13.73000 1.34504029
13.73400 1.34516734
13.73800 1.34529437
13.74200 1.34542138
13.74600 1.34554836
13.75000 1.34567532
13.75400 1.34580225
13.75800 1.34592916
13.76200 1.34605604
13.76600 1.34618290
13.77000 1.34630974
13.77400 1.34643655
13.77800 1.34656334
13.78200 1.34669010
13.78600 1.34681684
13.79000 1.34694355
13.79400 1.34707025
13.79800 1.34719691
13.80200 1.34732356
13.80600 1.34745018
13.81000 1.34757677
13.81400 1.34770334
13.81800 1.34782989
13.82200 1.34795641
13.82600 1.34808291
13.83000 1.34820939
13.83400 1.34833584
13.83800 1.34846227
13.84200 1.34858867
13.84600 1.34871505
13.85000 1.34884140
13.85400 1.34896774
13.85800 1.34909404
13.86200 1.34922033
13.86600 1.34934659
13.87000 1.34947282
13.87400 1.34959904
13.87800 1.34972522
13.88200 1.34985139
13.88600 1.34997753
13.89000 1.35010365
13.89400 1.35022974
13.89800 1.35035581
13.90200 1.35048186
13.90600 1.35060788
13.91000 1.35073388
13.91400 1.35085985
13.91800 1.35098580
13.92200 1.35111173
13.92600 1.35123763
13.93000 1.35136351
13.93400 1.35148937
13.93800 1.35161520
13.94200 1.35174101
13.94600 1.35186680
13.95000 1.35199256
13.95400 1.35211830
13.95800 1.35224401
13.96200 1.35236970
13.96600 1.35249537
13.97000 1.35262101
13.97400 1.35274663
13.97800 1.35287223
13.98200 1.35299780
13.98600 1.35312335
13.99000 1.35324888
13.99400 1.35337438
13.99800 1.35349986
14.00200 1.35362532
14.00600 1.35375075
14.01000 1.35387616
14.01400 1.35400154
14.01800 1.35412690
14.02200 1.35425224
14.02600 1.35437756
14.03000 1.35450285
14.03400 1.35462812
14.03800 1.35475336
14.04200 1.35487858
14.04600 1.35500378
14.05000 1.35512896
14.05400 1.35525411
14.05800 1.35537924
14.06200 1.35550434
14.06600 1.35562942
14.07000 1.35575448
14.07400 1.35587952
14.07800 1.35600453
14.08200 1.35612952
14.08600 1.35625448
14.09000 1.35637942
14.09400 1.35650434
14.09800 1.35662924
14.10200 1.35675411
14.10600 1.35687896
14.11000 1.35700378
14.11400 1.35712859
14.11800 1.35725336
14.12200 1.35737812
14.12600 1.35750285
14.13000 1.35762756
14.13400 1.35775225
14.13800 1.35787692
14.14200 1.35800156
14.14600 1.35812617
14.15000 1.35825077
14.15400 1.35837534
14.15800 1.35849989
14.16200 1.35862441
14.16600 1.35874892
14.17000 1.35887339
14.17400 1.35899785
14.17800 1.35912228
14.18200 1.35924669
14.18600 1.35937108
14.19000 1.35949545
14.19400 1.35961979
14.19800 1.35974411
14.20200 1.35986840
14.20600 1.35999267
14.21000 1.36011692
14.21400 1.36024115
14.21800 1.36036535
14.22200 1.36048953
14.22600 1.36061369
14.23000 1.36073783
14.23400 1.36086194
14.23800 1.36098603
14.24200 1.36111010
14.24600 1.36123414
14.25000 1.36135816
14.25400 1.36148216
14.25800 1.36160613
14.26200 1.36173009
14.26600 1.36185402
14.27000 1.36197792
14.27400 1.36210181
14.27800 1.36222567
14.28200 1.36234951
14.28600 1.36247332
14.29000 1.36259712
14.29400 1.36272089
14.29800 1.36284464
14.30200 1.36296836
14.30600 1.36309206
14.31000 1.36321574
14.31400 1.36333940
14.31800 1.36346304
14.32200 1.36358665
14.32600 1.36371024
14.33000 1.36383381
14.33400 1.36395735
14.33800 1.36408087
14.34200 1.36420437
14.34600 1.36432785
14.35000 1.36445130
14.35400 1.36457473
14.35800 1.36469814
14.36200 1.36482153
14.36600 1.36494489
14.37000 1.36506823
14.37400 1.36519155
14.37800 1.36531485
14.38200 1.36543812
14.38600 1.36556137
14.39000 1.36568460
14.39400 1.36580781
14.39800 1.36593099
14.40200 1.36605416
14.40600 1.36617729
14.41000 1.36630041
14.41400 1.36642351
14.41800 1.36654658
14.42200 1.36666963
14.42600 1.36679266
14.43000 1.36691566
14.43400 1.36703864
14.43800 1.36716160
14.44200 1.36728454
14.44600 1.36740746
14.45000 1.36753035
14.45400 1.36765322
14.45800 1.36777607
14.46200 1.36789890
14.46600 1.36802170
14.47000 1.36814448
14.47400 1.36826724
14.47800 1.36838998
14.48200 1.36851270
14.48600 1.36863539
14.49000 1.36875806
14.49400 1.36888071
14.49800 1.36900334
14.50200 1.36912594
14.50600 1.36924852
14.51000 1.36937108
14.51400 1.36949362
14.51800 1.36961614
14.52200 1.36973863
14.52600 1.36986110
14.53000 1.36998355
14.53400 1.37010598
14.53800 1.37022838
14.54200 1.37035077
14.54600 1.37047313
14.55000 1.37059547
14.55400 1.37071779
14.55800 1.37084008
14.56200 1.37096235
14.56600 1.37108461
14.57000 1.37120683
14.57400 1.37132904
14.57800 1.37145123
14.58200 1.37157339
14.58600 1.37169553
14.59000 1.37181765
14.59400 1.37193975
14.59800 1.37206182
14.60200 1.37218388
14.60600 1.37230591
14.61000 1.37242792
14.61400 1.37254991
14.61800 1.37267187
14.62200 1.37279382
14.62600 1.37291574
14.63000 1.37303764
14.63400 1.37315952
14.63800 1.37328137
14.64200 1.37340321
14.64600 1.37352502
14.65000 1.37364681
14.65400 1.37376858
14.65800 1.37389033
14.66200 1.37401205
14.66600 1.37413376
14.67000 1.37425544
14.67400 1.37437710
14.67800 1.37449874
14.68200 1.37462036
14.68600 1.37474195
14.69000 1.37486353
14.69400 1.37498508
14.69800 1.37510661
14.70200 1.37522812
14.70600 1.37534960
14.71000 1.37547107
14.71400 1.37559251
14.71800 1.37571394
14.72200 1.37583534
14.72600 1.37595671
14.73000 1.37607807
14.73400 1.37619941
14.73800 1.37632072
14.74200 1.37644201
14.74600 1.37656328
14.75000 1.37668453
14.75400 1.37680576
14.75800 1.37692697
14.76200 1.37704815
14.76600 1.37716931
14.77000 1.37729046
14.77400 1.37741158
14.77800 1.37753267
14.78200 1.37765375
14.78600 1.37777481
14.79000 1.37789584
14.79400 1.37801685
14.79800 1.37813785
14.80200 1.37825882
14.80600 1.37837976
14.81000 1.37850069
14.81400 1.37862160
14.81800 1.37874248
14.82200 1.37886334
14.82600 1.37898418
14.83000 1.37910500
14.83400 1.37922580
14.83800 1.37934658
14.84200 1.37946734
14.84600 1.37958807
14.85000 1.37970878
14.85400 1.37982948
14.85800 1.37995015
14.86200 1.38007080
14.86600 1.38019142
14.87000 1.38031203
14.87400 1.38043262
14.87800 1.38055318
14.88200 1.38067372
14.88600 1.38079425
14.89000 1.38091475
14.89400 1.38103523
14.89800 1.38115568
14.90200 1.38127612
14.90600 1.38139654
14.91000 1.38151693
14.91400 1.38163730
14.91800 1.38175766
14.92200 1.38187799
14.92600 1.38199830
14.93000 1.38211859
14.93400 1.38223885
14.93800 1.38235910
14.94200 1.38247933
14.94600 1.38259953
14.95000 1.38271971
14.95400 1.38283987
14.95800 1.38296002
14.96200 1.38308014
14.96600 1.38320023
14.97000 1.38332031
14.97400 1.38344037
14.97800 1.38356041
14.98200 1.38368042
14.98600 1.38380041
14.99000 1.38392039
14.99400 1.38404034
14.99800 1.38416027
15.00200 1.38428018
15.00600 1.38440007
15.01000 1.38451994
15.01400 1.38463978
15.01800 1.38475961
15.02200 1.38487941
15.02600 1.38499920
15.03000 1.38511896
15.03400 1.38523870
15.03800 1.38535842
15.04200 1.38547813
15.04600 1.38559781
15.05000 1.38571746
15.05400 1.38583710
15.05800 1.38595672
15.06200 1.38607632
15.06600 1.38619589
15.07000 1.38631545
15.07400 1.38643498
15.07800 1.38655449
15.08200 1.38667399
15.08600 1.38679346
15.09000 1.38691291
15.09400 1.38703234
15.09800 1.38715175
15.10200 1.38727114
15.10600 1.38739050
15.11000 1.38750985
15.11400 1.38762918
15.11800 1.38774848
15.12200 1.38786777
15.12600 1.38798703
15.13000 1.38810627
15.13400 1.38822550
15.13800 1.38834470
15.14200 1.38846388
15.14600 1.38858304
15.15000 1.38870218
15.15400 1.38882130
15.15800 1.38894040
15.16200 1.38905948
15.16600 1.38917854
15.17000 1.38929757
15.17400 1.38941659
15.17800 1.38953559
15.18200 1.38965456
15.18600 1.38977352
15.19000 1.38989245
15.19400 1.39001137
15.19800 1.39013026
15.20200 1.39024913
15.20600 1.39036798
15.21000 1.39048682
15.21400 1.39060563
15.21800 1.39072442
15.22200 1.39084319
15.22600 1.39096194
15.23000 1.39108067
15.23400 1.39119938
15.23800 1.39131806
15.24200 1.39143673
15.24600 1.39155538
15.25000 1.39167401
15.25400 1.39179261
15.25800 1.39191120
15.26200 1.39202977
15.26600 1.39214831
15.27000 1.39226684
15.27400 1.39238534
15.27800 1.39250383
15.28200 1.39262229
15.28600 1.39274073
15.29000 1.39285916
15.29400 1.39297756
15.29800 1.39309594
15.30200 1.39321431
15.30600 1.39333265
15.31000 1.39345097
15.31400 1.39356927
15.31800 1.39368755
15.32200 1.39380582
15.32600 1.39392406
15.33000 1.39404228
15.33400 1.39416048
15.33800 1.39427866
15.34200 1.39439682
15.34600 1.39451496
15.35000 1.39463308
15.35400 1.39475118
15.35800 1.39486926
15.36200 1.39498731
15.36600 1.39510535
15.37000 1.39522337
15.37400 1.39534137
15.37800 1.39545935
15.38200 1.39557731
15.38600 1.39569525
15.39000 1.39581316
15.39400 1.39593106
15.39800 1.39604894
15.40200 1.39616680
15.40600 1.39628464
15.41000 1.39640245
15.41400 1.39652025
15.41800 1.39663803
15.42200 1.39675579
15.42600 1.39687352
15.43000 1.39699124
15.43400 1.39710894
15.43800 1.39722662
15.44200 1.39734427
15.44600 1.39746191
15.45000 1.39757953
15.45400 1.39769713
15.45800 1.39781470
15.46200 1.39793226
15.46600 1.39804980
15.47000 1.39816732
15.47400 1.39828481
15.47800 1.39840229
15.48200 1.39851975
15.48600 1.39863719
15.49000 1.39875460
15.49400 1.39887200
15.49800 1.39898938
15.50200 1.39910674
15.50600 1.39922408
15.51000 1.39934140
15.51400 1.39945870
15.51800 1.39957597
15.52200 1.39969323
15.52600 1.39981047
15.53000 1.39992769
15.53400 1.40004489
15.53800 1.40016207
15.54200 1.40027923
15.54600 1.40039637
15.55000 1.40051349
15.55400 1.40063059
15.55800 1.40074768
15.56200 1.40086474
15.56600 1.40098178
15.57000 1.40109880
15.57400 1.40121580
15.57800 1.40133278
15.58200 1.40144975
15.58600 1.40156669
15.59000 1.40168361
15.59400 1.40180052
15.59800 1.40191740
15.60200 1.40203426
15.60600 1.40215111
15.61000 1.40226793
15.61400 1.40238474
15.61800 1.40250152
15.62200 1.40261829
15.62600 1.40273504
15.63000 1.40285176
15.63400 1.40296847
15.63800 1.40308516
15.64200 1.40320183
15.64600 1.40331848
15.65000 1.40343510
15.65400 1.40355171
15.65800 1.40366830
15.66200 1.40378487
15.66600 1.40390142
15.67000 1.40401796
15.67400 1.40413447
15.67800 1.40425096
15.68200 1.40436743
15.68600 1.40448388
15.69000 1.40460032
15.69400 1.40471673
15.69800 1.40483313
15.70200 1.40494950
15.70600 1.40506586
15.71000 1.40518219
15.71400 1.40529851
15.71800 1.40541481
15.72200 1.40553109
15.72600 1.40564735
15.73000 1.40576358
15.73400 1.40587980
15.73800 1.40599601
15.74200 1.40611219
15.74600 1.40622835
15.75000 1.40634449
15.75400 1.40646061
15.75800 1.40657672
15.76200 1.40669280
15.76600 1.40680887
15.77000 1.40692491
15.77400 1.40704094
15.77800 1.40715694
15.78200 1.40727293
15.78600 1.40738890
15.79000 1.40750485
15.79400 1.40762078
15.79800 1.40773669
15.80200 1.40785258
15.80600 1.40796845
15.81000 1.40808431
15.81400 1.40820014
15.81800 1.40831595
15.82200 1.40843175
15.82600 1.40854753
15.83000 1.40866328
15.83400 1.40877902
15.83800 1.40889474
15.84200 1.40901044
15.84600 1.40912612
15.85000 1.40924178
15.85400 1.40935742
15.85800 1.40947304
15.86200 1.40958865
15.86600 1.40970423
15.87000 1.40981979
15.87400 1.40993534
15.87800 1.41005087
15.88200 1.41016638
15.88600 1.41028186
15.89000 1.41039733
15.89400 1.41051278
15.89800 1.41062822
15.90200 1.41074363
15.90600 1.41085902
15.91000 1.41097440
15.91400 1.41108975
15.91800 1.41120509
15.92200 1.41132040
15.92600 1.41143570
15.93000 1.41155098
15.93400 1.41166624
15.93800 1.41178148
15.94200 1.41189670
15.94600 1.41201191
15.95000 1.41212709
15.95400 1.41224226
15.95800 1.41235740
15.96200 1.41247253
15.96600 1.41258764
15.97000 1.41270273
15.97400 1.41281780
15.97800 1.41293285
15.98200 1.41304788
15.98600 1.41316290
15.99000 1.41327789
15.99400 1.41339287
15.99800 1.41350783
16.00200 1.41362276
16.00600 1.41373768
16.01000 1.41385258
16.01400 1.41396747
16.01800 1.41408233
16.02200 1.41419717
16.02600 1.41431200
16.03000 1.41442681
16.03400 1.41454159
16.03800 1.41465636
16.04200 1.41477111
16.04600 1.41488584
16.05000 1.41500056
16.05400 1.41511525
16.05800 1.41522992
16.06200 1.41534458
16.06600 1.41545922
16.07000 1.41557384
16.07400 1.41568844
16.07800 1.41580302
16.08200 1.41591758
16.08600 1.41603213
16.09000 1.41614665
16.09400 1.41626116
16.09800 1.41637564
16.10200 1.41649011
16.10600 1.41660456
16.11000 1.41671900
16.11400 1.41683341
16.11800 1.41694780
16.12200 1.41706218
16.12600 1.41717654
16.13000 1.41729088
16.13400 1.41740520
16.13800 1.41751950
16.14200 1.41763378
16.14600 1.41774804
16.15000 1.41786229
16.15400 1.41797652
16.15800 1.41809073
16.16200 1.41820492
16.16600 1.41831909
16.17000 1.41843324
16.17400 1.41854737
16.17800 1.41866149
16.18200 1.41877559
16.18600 1.41888967
16.19000 1.41900373
16.19400 1.41911777
16.19800 1.41923179
16.20200 1.41934580
16.20600 1.41945978
16.21000 1.41957375
16.21400 1.41968770
16.21800 1.41980163
16.22200 1.41991554
16.22600 1.42002944
16.23000 1.42014331
16.23400 1.42025717
16.23800 1.42037101
16.24200 1.42048483
16.24600 1.42059863
16.25000 1.42071241
16.25400 1.42082618
16.25800 1.42093993
16.26200 1.42105365
16.26600 1.42116736
16.27000 1.42128105
16.27400 1.42139473
16.27800 1.42150838
16.28200 1.42162202
16.28600 1.42173564
16.29000 1.42184924
16.29400 1.42196282
16.29800 1.42207638
16.30200 1.42218993
16.30600 1.42230345
16.31000 1.42241696
16.31400 1.42253045
16.31800 1.42264392
16.32200 1.42275738
16.32600 1.42287081
16.33000 1.42298423
16.33400 1.42309763
16.33800 1.42321101
16.34200 1.42332437
16.34600 1.42343772
16.35000 1.42355104
16.35400 1.42366435
16.35800 1.42377764
16.36200 1.42389091
16.36600 1.42400416
16.37000 1.42411740
16.37400 1.42423062
16.37800 1.42434381
16.38200 1.42445700
16.38600 1.42457016
16.39000 1.42468330
16.39400 1.42479643
16.39800 1.42490954
16.40200 1.42502263
16.40600 1.42513570
16.41000 1.42524875
16.41400 1.42536179
16.41800 1.42547480
16.42200 1.42558780
16.42600 1.42570078
16.43000 1.42581375
16.43400 1.42592669
16.43800 1.42603962
16.44200 1.42615253
16.44600 1.42626542
16.45000 1.42637829
16.45400 1.42649115
16.45800 1.42660398
16.46200 1.42671680
16.46600 1.42682960
16.47000 1.42694239
16.47400 1.42705515
16.47800 1.42716790
16.48200 1.42728063
16.48600 1.42739334
16.49000 1.42750603
16.49400 1.42761871
16.49800 1.42773136
16.50200 1.42784400
16.50600 1.42795662
16.51000 1.42806923
16.51400 1.42818181
16.51800 1.42829438
16.52200 1.42840693
16.52600 1.42851946
16.53000 1.42863198
16.53400 1.42874447
16.53800 1.42885695
16.54200 1.42896941
16.54600 1.42908185
16.55000 1.42919428
16.55400 1.42930668
16.55800 1.42941907
16.56200 1.42953144
16.56600 1.42964380
16.57000 1.42975613
16.57400 1.42986845
16.57800 1.42998075
16.58200 1.43009303
16.58600 1.43020530
16.59000 1.43031754
16.59400 1.43042977
16.59800 1.43054198
16.60200 1.43065417
16.60600 1.43076635
16.61000 1.43087851
16.61400 1.43099065
16.61800 1.43110277
16.62200 1.43121487
16.62600 1.43132696
16.63000 1.43143903
16.63400 1.43155108
16.63800 1.43166311
16.64200 1.43177513
16.64600 1.43188713
16.65000 1.43199911
16.65400 1.43211107
16.65800 1.43222302
16.66200 1.43233494
16.66600 1.43244685
16.67000 1.43255875
16.67400 1.43267062
16.67800 1.43278248
16.68200 1.43289432
16.68600 1.43300614
16.69000 1.43311794
16.69400 1.43322973
16.69800 1.43334150
16.70200 1.43345325
16.70600 1.43356498
16.71000 1.43367670
16.71400 1.43378840
16.71800 1.43390008
16.72200 1.43401174
16.72600 1.43412339
16.73000 1.43423501
16.73400 1.43434663
16.73800 1.43445822
16.74200 1.43456979
16.74600 1.43468135
16.75000 1.43479289
16.75400 1.43490442
16.75800 1.43501592
16.76200 1.43512741
16.76600 1.43523888
16.77000 1.43535033
16.77400 1.43546177
16.77800 1.43557319
16.78200 1.43568459
16.78600 1.43579597
16.79000 1.43590734
16.79400 1.43601869
16.79800 1.43613002
16.80200 1.43624133
16.80600 1.43635263
16.81000 1.43646391
16.81400 1.43657517
16.81800 1.43668641
16.82200 1.43679764
16.82600 1.43690885
16.83000 1.43702004
16.83400 1.43713122
16.83800 1.43724237
16.84200 1.43735351
16.84600 1.43746464
16.85000 1.43757574
16.85400 1.43768683
16.85800 1.43779790
16.86200 1.43790895
16.86600 1.43801999
16.87000 1.43813101
16.87400 1.43824201
16.87800 1.43835300
16.88200 1.43846396
16.88600 1.43857491
16.89000 1.43868584
16.89400 1.43879676
16.89800 1.43890766
16.90200 1.43901854
16.90600 1.43912940
16.91000 1.43924025
16.91400 1.43935108
16.91800 1.43946189
16.92200 1.43957268
16.92600 1.43968346
16.93000 1.43979422
16.93400 1.43990496
16.93800 1.44001569
16.94200 1.44012640
16.94600 1.44023709
16.95000 1.44034776
16.95400 1.44045842
16.95800 1.44056906
16.96200 1.44067968
16.96600 1.44079029
16.97000 1.44090088
16.97400 1.44101145
16.97800 1.44112200
16.98200 1.44123254
16.98600 1.44134306
16.99000 1.44145356
16.99400 1.44156405
16.99800 1.44167452
17.00200 1.44178497
17.00600 1.44189540
17.01000 1.44200582
17.01400 1.44211622
17.01800 1.44222660
17.02200 1.44233697
17.02600 1.44244732
17.03000 1.44255765
17.03400 1.44266797
17.03800 1.44277826
17.04200 1.44288854
17.04600 1.44299881
17.05000 1.44310906
17.05400 1.44321929
17.05800 1.44332950
17.06200 1.44343969
17.06600 1.44354987
17.07000 1.44366004
17.07400 1.44377018
17.07800 1.44388031
17.08200 1.44399042
17.08600 1.44410052
17.09000 1.44421059
17.09400 1.44432065
17.09800 1.44443070
17.10200 1.44454072
17.10600 1.44465073
17.11000 1.44476073
17.11400 1.44487070
17.11800 1.44498066
17.12200 1.44509060
17.12600 1.44520053
17.13000 1.44531044
17.13400 1.44542033
17.13800 1.44553020
17.14200 1.44564006
17.14600 1.44574990
17.15000 1.44585973
17.15400 1.44596953
17.15800 1.44607932
17.16200 1.44618910
17.16600 1.44629885
17.17000 1.44640859
17.17400 1.44651832
17.17800 1.44662802
17.18200 1.44673771
17.18600 1.44684739
17.19000 1.44695704
17.19400 1.44706668
17.19800 1.44717631
17.20200 1.44728591
17.20600 1.44739550
17.21000 1.44750507
17.21400 1.44761463
17.21800 1.44772417
17.22200 1.44783369
17.22600 1.44794319
17.23000 1.44805268
17.23400 1.44816216
17.23800 1.44827161
17.24200 1.44838105
17.24600 1.44849047
17.25000 1.44859988
17.25400 1.44870926
17.25800 1.44881864
17.26200 1.44892799
17.26600 1.44903733
17.27000 1.44914665
17.27400 1.44925596
17.27800 1.44936525
17.28200 1.44947452
17.28600 1.44958377
17.29000 1.44969301
17.29400 1.44980223
17.29800 1.44991144
17.30200 1.45002063
17.30600 1.45012980
17.31000 1.45023896
17.31400 1.45034810
17.31800 1.45045722
17.32200 1.45056633
17.32600 1.45067542
17.33000 1.45078449
17.33400 1.45089354
17.33800 1.45100258
17.34200 1.45111161
17.34600 1.45122061
17.35000 1.45132961
17.35400 1.45143858
17.35800 1.45154754
17.36200 1.45165648
17.36600 1.45176540
17.37000 1.45187431
17.37400 1.45198320
17.37800 1.45209208
17.38200 1.45220093
17.38600 1.45230978
17.39000 1.45241860
17.39400 1.45252741
17.39800 1.45263620
17.40200 1.45274498
17.40600 1.45285374
17.41000 1.45296248
17.41400 1.45307121
17.41800 1.45317992
17.42200 1.45328861
17.42600 1.45339729
17.43000 1.45350595
17.43400 1.45361460
17.43800 1.45372322
17.44200 1.45383184
17.44600 1.45394043
17.45000 1.45404901
17.45400 1.45415757
17.45800 1.45426612
17.46200 1.45437465
17.46600 1.45448316
17.47000 1.45459166
17.47400 1.45470014
17.47800 1.45480861
17.48200 1.45491706
17.48600 1.45502549
17.49000 1.45513390
17.49400 1.45524230
17.49800 1.45535069
17.50200 1.45545906
17.50600 1.45556741
17.51000 1.45567574
17.51400 1.45578406
17.51800 1.45589236
17.52200 1.45600065
17.52600 1.45610892
17.53000 1.45621717
17.53400 1.45632541
17.53800 1.45643363
17.54200 1.45654183
17.54600 1.45665002
17.55000 1.45675819
17.55400 1.45686635
17.55800 1.45697449
17.56200 1.45708261
17.56600 1.45719072
17.57000 1.45729881
17.57400 1.45740688
17.57800 1.45751494
17.58200 1.45762299
17.58600 1.45773101
17.59000 1.45783902
17.59400 1.45794702
17.59800 1.45805499
17.60200 1.45816296
17.60600 1.45827090
17.61000 1.45837883
17.61400 1.45848674
17.61800 1.45859464
17.62200 1.45870252
17.62600 1.45881039
17.63000 1.45891824
17.63400 1.45902607
17.63800 1.45913389
17.64200 1.45924169
17.64600 1.45934947
17.65000 1.45945724
17.65400 1.45956499
17.65800 1.45967273
17.66200 1.45978045
17.66600 1.45988816
17.67000 1.45999584
17.67400 1.46010352
17.67800 1.46021117
17.68200 1.46031881
17.68600 1.46042644
17.69000 1.46053405
17.69400 1.46064164
17.69800 1.46074922
17.70200 1.46085678
17.70600 1.46096432
17.71000 1.46107185
17.71400 1.46117936
17.71800 1.46128686
17.72200 1.46139434
17.72600 1.46150180
17.73000 1.46160925
17.73400 1.46171668
17.73800 1.46182410
17.74200 1.46193150
17.74600 1.46203889
17.75000 1.46214626
17.75400 1.46225361
17.75800 1.46236095
17.76200 1.46246827
17.76600 1.46257557
17.77000 1.46268286
17.77400 1.46279014
17.77800 1.46289739
17.78200 1.46300464
17.78600 1.46311186
17.79000 1.46321907
17.79400 1.46332627
17.79800 1.46343344
17.80200 1.46354061
17.80600 1.46364775
17.81000 1.46375489
17.81400 1.46386200
17.81800 1.46396910
17.82200 1.46407618
17.82600 1.46418325
17.83000 1.46429030
17.83400 1.46439734
17.83800 1.46450436
17.84200 1.46461136
17.84600 1.46471835
17.85000 1.46482533
17.85400 1.46493228
17.85800 1.46503923
17.86200 1.46514615
17.86600 1.46525306
17.87000 1.46535996
17.87400 1.46546683
17.87800 1.46557370
17.88200 1.46568054
17.88600 1.46578738
17.89000 1.46589419
17.89400 1.46600099
17.89800 1.46610778
17.90200 1.46621454
17.90600 1.46632130
17.91000 1.46642803
17.91400 1.46653476
17.91800 1.46664146
17.92200 1.46674815
17.92600 1.46685483
17.93000 1.46696148
17.93400 1.46706813
17.93800 1.46717476
17.94200 1.46728137
17.94600 1.46738796
17.95000 1.46749454
17.95400 1.46760111
17.95800 1.46770766
17.96200 1.46781419
17.96600 1.46792071
17.97000 1.46802721
17.97400 1.46813370
17.97800 1.46824017
17.98200 1.46834663
17.98600 1.46845307
17.99000 1.46855949
17.99400 1.46866590
17.99800 1.46877230
18.00200 1.46887867
18.00600 1.46898504
18.01000 1.46909138
18.01400 1.46919772
18.01800 1.46930403
18.02200 1.46941033
18.02600 1.46951662
18.03000 1.46962289
18.03400 1.46972914
18.03800 1.46983538
18.04200 1.46994160
18.04600 1.47004781
18.05000 1.47015400
18.05400 1.47026018
18.05800 1.47036634
18.06200 1.47047248
18.06600 1.47057861
18.07000 1.47068473
18.07400 1.47079083
18.07800 1.47089691
18.08200 1.47100298
18.08600 1.47110903
18.09000 1.47121507
18.09400 1.47132109
18.09800 1.47142710
18.10200 1.47153309
18.10600 1.47163907
18.11000 1.47174503
18.11400 1.47185097
18.11800 1.47195690
18.12200 1.47206281
18.12600 1.47216871
18.13000 1.47227460
18.13400 1.47238047
18.13800 1.47248632
18.14200 1.47259216
18.14600 1.47269798
18.15000 1.47280378
18.15400 1.47290958
18.15800 1.47301535
18.16200 1.47312111
18.16600 1.47322686
18.17000 1.47333259
18.17400 1.47343830
18.17800 1.47354400
18.18200 1.47364969
18.18600 1.47375535
18.19000 1.47386101
18.19400 1.47396665
18.19800 1.47407227
18.20200 1.47417788
18.20600 1.47428347
18.21000 1.47438905
18.21400 1.47449461
18.21800 1.47460016
18.22200 1.47470569
18.22600 1.47481120
18.23000 1.47491670
18.23400 1.47502219
18.23800 1.47512766
18.24200 1.47523312
18.24600 1.47533856
18.25000 1.47544398
18.25400 1.47554939
18.25800 1.47565479
18.26200 1.47576016
18.26600 1.47586553
18.27000 1.47597088
18.27400 1.47607621
18.27800 1.47618153
18.28200 1.47628683
18.28600 1.47639212
18.29000 1.47649740
18.29400 1.47660265
18.29800 1.47670790
18.30200 1.47681312
18.30600 1.47691834
18.31000 1.47702353
18.31400 1.47712872
18.31800 1.47723388
18.32200 1.47733904
18.32600 1.47744417
18.33000 1.47754930
18.33400 1.47765440
18.33800 1.47775949
18.34200 1.47786457
18.34600 1.47796963
18.35000 1.47807468
18.35400 1.47817971
18.35800 1.47828473
18.36200 1.47838973
18.36600 1.47849471
18.37000 1.47859969
18.37400 1.47870464
18.37800 1.47880958
18.38200 1.47891451
18.38600 1.47901942
18.39000 1.47912432
18.39400 1.47922920
18.39800 1.47933406
18.40200 1.47943892
18.40600 1.47954375
18.41000 1.47964857
18.41400 1.47975338
18.41800 1.47985817
18.42200 1.47996295
18.42600 1.48006771
18.43000 1.48017245
18.43400 1.48027719
18.43800 1.48038190
18.44200 1.48048660
18.44600 1.48059129
18.45000 1.48069596
18.45400 1.48080062
18.45800 1.48090526
18.46200 1.48100989
18.46600 1.48111450
18.47000 1.48121910
18.47400 1.48132368
18.47800 1.48142824
18.48200 1.48153280
18.48600 1.48163733
18.49000 1.48174186
18.49400 1.48184636
18.49800 1.48195086
18.50200 1.48205534
18.50600 1.48215980
18.51000 1.48226425
18.51400 1.48236868
18.51800 1.48247310
18.52200 1.48257750
18.52600 1.48268189
18.53000 1.48278627
18.53400 1.48289062
18.53800 1.48299497
18.54200 1.48309930
18.54600 1.48320361
18.55000 1.48330791
18.55400 1.48341220
18.55800 1.48351647
18.56200 1.48362072
18.56600 1.48372496
18.57000 1.48382919
18.57400 1.48393340
18.57800 1.48403760
18.58200 1.48414178
18.58600 1.48424595
18.59000 1.48435010
18.59400 1.48445424
18.59800 1.48455836
18.60200 1.48466247
18.60600 1.48476656
18.61000 1.48487064
18.61400 1.48497470
18.61800 1.48507875
18.62200 1.48518279
18.62600 1.48528681
18.63000 1.48539081
18.63400 1.48549480
18.63800 1.48559878
18.64200 1.48570274
18.64600 1.48580668
18.65000 1.48591062
18.65400 1.48601453
18.65800 1.48611844
18.66200 1.48622232
18.66600 1.48632620
18.67000 1.48643005
18.67400 1.48653390
18.67800 1.48663773
18.68200 1.48674154
18.68600 1.48684534
18.69000 1.48694913
18.69400 1.48705290
18.69800 1.48715665
18.70200 1.48726039
18.70600 1.48736412
18.71000 1.48746783
18.71400 1.48757153
18.71800 1.48767521
18.72200 1.48777888
18.72600 1.48788253
18.73000 1.48798617
18.73400 1.48808980
18.73800 1.48819341
18.74200 1.48829700
18.74600 1.48840059
18.75000 1.48850415
18.75400 1.48860770
18.75800 1.48871124
18.76200 1.48881476
18.76600 1.48891827
18.77000 1.48902177
18.77400 1.48912525
18.77800 1.48922871
18.78200 1.48933216
18.78600 1.48943560
18.79000 1.48953902
18.79400 1.48964242
18.79800 1.48974582
18.80200 1.48984919
18.80600 1.48995256
18.81000 1.49005591
18.81400 1.49015924
18.81800 1.49026256
18.82200 1.49036587
18.82600 1.49046916
18.83000 1.49057243
18.83400 1.49067570
18.83800 1.49077894
18.84200 1.49088218
18.84600 1.49098540
18.85000 1.49108860
18.85400 1.49119179
18.85800 1.49129497
18.86200 1.49139813
18.86600 1.49150127
18.87000 1.49160441
18.87400 1.49170753
18.87800 1.49181063
18.88200 1.49191372
18.88600 1.49201679
18.89000 1.49211985
18.89400 1.49222290
18.89800 1.49232593
18.90200 1.49242895
18.90600 1.49253195
18.91000 1.49263494
18.91400 1.49273792
18.91800 1.49284088
18.92200 1.49294382
18.92600 1.49304675
18.93000 1.49314967
18.93400 1.49325257
18.93800 1.49335546
18.94200 1.49345834
18.94600 1.49356120
18.95000 1.49366404
18.95400 1.49376687
18.95800 1.49386969
18.96200 1.49397249
18.96600 1.49407528
18.97000 1.49417806
18.97400 1.49428082
18.97800 1.49438356
18.98200 1.49448629
18.98600 1.49458901
18.99000 1.49469171
18.99400 1.49479440
18.99800 1.49489708
19.00200 1.49499974
19.00600 1.49510238
19.01000 1.49520502
19.01400 1.49530763
19.01800 1.49541024
19.02200 1.49551283
19.02600 1.49561540
19.03000 1.49571796
19.03400 1.49582051
19.03800 1.49592304
19.04200 1.49602556
19.04600 1.49612806
19.05000 1.49623055
19.05400 1.49633303
19.05800 1.49643549
19.06200 1.49653794
19.06600 1.49664037
19.07000 1.49674279
19.07400 1.49684520
19.07800 1.49694759
19.08200 1.49704996
19.08600 1.49715233
19.09000 1.49725468
19.09400 1.49735701
19.09800 1.49745933
19.10200 1.49756164
19.10600 1.49766393
19.11000 1.49776621
19.11400 1.49786847
19.11800 1.49797072
19.12200 1.49807296
19.12600 1.49817518
19.13000 1.49827739
19.13400 1.49837958
19.13800 1.49848176
19.14200 1.49858392
19.14600 1.49868608
19.15000 1.49878821
19.15400 1.49889034
19.15800 1.49899244
19.16200 1.49909454
19.16600 1.49919662
19.17000 1.49929869
19.17400 1.49940074
19.17800 1.49950278
19.18200 1.49960481
19.18600 1.49970682
19.19000 1.49980881
19.19400 1.49991080
19.19800 1.50001277
19.20200 1.50011472
19.20600 1.50021666
19.21000 1.50031859
19.21400 1.50042050
19.21800 1.50052240
19.22200 1.50062429
19.22600 1.50072616
19.23000 1.50082802
19.23400 1.50092986
19.23800 1.50103169
19.24200 1.50113351
19.24600 1.50123531
19.25000 1.50133709
19.25400 1.50143887
19.25800 1.50154063
19.26200 1.50164237
19.26600 1.50174411
19.27000 1.50184582
19.27400 1.50194753
19.27800 1.50204922
19.28200 1.50215090
19.28600 1.50225256
19.29000 1.50235421
19.29400 1.50245584
19.29800 1.50255746
19.30200 1.50265907
19.30600 1.50276066
19.31000 1.50286224
19.31400 1.50296381
19.31800 1.50306536
19.32200 1.50316690
19.32600 1.50326842
19.33000 1.50336993
19.33400 1.50347143
19.33800 1.50357291
19.34200 1.50367438
19.34600 1.50377583
19.35000 1.50387727
19.35400 1.50397870
19.35800 1.50408012
19.36200 1.50418151
19.36600 1.50428290
19.37000 1.50438427
19.37400 1.50448563
19.37800 1.50458698
19.38200 1.50468831
19.38600 1.50478962
19.39000 1.50489093
19.39400 1.50499222
19.39800 1.50509349
19.40200 1.50519475
19.40600 1.50529600
19.41000 1.50539724
19.41400 1.50549846
19.41800 1.50559966
19.42200 1.50570086
19.42600 1.50580204
19.43000 1.50590320
19.43400 1.50600435
19.43800 1.50610549
19.44200 1.50620662
19.44600 1.50630773
19.45000 1.50640883
19.45400 1.50650991
19.45800 1.50661098
19.46200 1.50671204
19.46600 1.50681308
19.47000 1.50691411
19.47400 1.50701512
19.47800 1.50711612
19.48200 1.50721711
19.48600 1.50731809
19.49000 1.50741905
19.49400 1.50751999
19.49800 1.50762093
19.50200 1.50772185
19.50600 1.50782275
19.51000 1.50792365
19.51400 1.50802453
19.51800 1.50812539
19.52200 1.50822624
19.52600 1.50832708
19.53000 1.50842790
19.53400 1.50852872
19.53800 1.50862951
19.54200 1.50873030
19.54600 1.50883107
19.55000 1.50893182
19.55400 1.50903257
19.55800 1.50913330
19.56200 1.50923401
19.56600 1.50933471
19.57000 1.50943540
19.57400 1.50953608
19.57800 1.50963674
19.58200 1.50973739
19.58600 1.50983802
19.59000 1.50993864
19.59400 1.51003925
19.59800 1.51013984
19.60200 1.51024042
19.60600 1.51034099
19.61000 1.51044154
19.61400 1.51054208
19.61800 1.51064261
19.62200 1.51074312
19.62600 1.51084362
19.63000 1.51094411
19.63400 1.51104458
19.63800 1.51114504
19.64200 1.51124549
19.64600 1.51134592
19.65000 1.51144634
19.65400 1.51154674
19.65800 1.51164713
19.66200 1.51174751
19.66600 1.51184788
19.67000 1.51194823
19.67400 1.51204857
19.67800 1.51214889
19.68200 1.51224920
19.68600 1.51234950
19.69000 1.51244978
19.69400 1.51255005
19.69800 1.51265031
19.70200 1.51275055
19.70600 1.51285079
19.71000 1.51295100
19.71400 1.51305121
19.71800 1.51315140
19.72200 1.51325157
19.72600 1.51335174
19.73000 1.51345189
19.73400 1.51355202
19.73800 1.51365215
19.74200 1.51375226
19.74600 1.51385235
19.75000 1.51395244
19.75400 1.51405251
19.75800 1.51415256
19.76200 1.51425261
19.76600 1.51435264
19.77000 1.51445266
19.77400 1.51455266
19.77800 1.51465265
19.78200 1.51475263
19.78600 1.51485259
19.79000 1.51495254
19.79400 1.51505248
19.79800 1.51515240
19.80200 1.51525231
19.80600 1.51535221
19.81000 1.51545209
19.81400 1.51555196
19.81800 1.51565182
19.82200 1.51575166
19.82600 1.51585149
19.83000 1.51595131
19.83400 1.51605111
19.83800 1.51615090
19.84200 1.51625068
19.84600 1.51635045
19.85000 1.51645020
19.85400 1.51654993
19.85800 1.51664966
19.86200 1.51674937
19.86600 1.51684907
19.87000 1.51694875
19.87400 1.51704843
19.87800 1.51714808
19.88200 1.51724773
19.88600 1.51734736
19.89000 1.51744698
19.89400 1.51754659
19.89800 1.51764618
19.90200 1.51774576
19.90600 1.51784532
19.91000 1.51794488
19.91400 1.51804442
19.91800 1.51814394
19.92200 1.51824346
19.92600 1.51834296
19.93000 1.51844244
19.93400 1.51854192
19.93800 1.51864138
19.94200 1.51874083
19.94600 1.51884026
19.95000 1.51893968
19.95400 1.51903909
19.95800 1.51913849
19.96200 1.51923787
19.96600 1.51933724
19.97000 1.51943659
19.97400 1.51953594
19.97800 1.51963527
19.98200 1.51973458
19.98600 1.51983389
19.99000 1.51993318
19.99400 1.52003245
19.99800 1.52013172
20.00200 1.52023097
20.00600 1.52033021
20.01000 1.52042943
20.01400 1.52052864
20.01800 1.52062784
20.02200 1.52072703
20.02600 1.52082620
20.03000 1.52092536
20.03400 1.52102451
20.03800 1.52112364
20.04200 1.52122276
20.04600 1.52132187
20.05000 1.52142096
20.05400 1.52152004
20.05800 1.52161911
20.06200 1.52171817
20.06600 1.52181721
20.07000 1.52191624
20.07400 1.52201526
20.07800 1.52211426
20.08200 1.52221325
20.08600 1.52231223
20.09000 1.52241119
20.09400 1.52251014
20.09800 1.52260908
20.10200 1.52270801
20.10600 1.52280692
20.11000 1.52290582
20.11400 1.52300471
20.11800 1.52310358
20.12200 1.52320244
20.12600 1.52330129
20.13000 1.52340012
20.13400 1.52349895
20.13800 1.52359776
20.14200 1.52369655
20.14600 1.52379534
20.15000 1.52389411
20.15400 1.52399286
20.15800 1.52409161
20.16200 1.52419034
20.16600 1.52428906
20.17000 1.52438776
20.17400 1.52448646
20.17800 1.52458514
20.18200 1.52468380
20.18600 1.52478246
20.19000 1.52488110
20.19400 1.52497973
20.19800 1.52507834
20.20200 1.52517695
20.20600 1.52527554
20.21000 1.52537411
20.21400 1.52547268
20.21800 1.52557123
20.22200 1.52566977
20.22600 1.52576829
20.23000 1.52586680
20.23400 1.52596530
20.23800 1.52606379
20.24200 1.52616227
20.24600 1.52626073
20.25000 1.52635918
