0.25000 -1031.2202522864963612
0.27000 -774.5939226477814827
0.29000 -536.8423574868273818
0.31000 -771.4481285685018292
0.33000 -521.2567520430922059
0.35000 -386.0913640063116645
0.37000 -282.0845548794775937
0.39000 -211.0699055914618611
0.41000 -159.3033470247371781
0.43000 -121.7629710325666679
0.45000 -93.9774977075138196
0.47000 -73.2821895797764000
0.49000 -57.6383488134583502
0.51000 -45.6809260713370051
0.53000 -36.5075041167580352
0.55000 -29.4476445111592966
0.57000 -23.7313694673400413
0.59000 -19.4719345539967641
0.61000 -15.9008775998022625
0.63000 -13.1214459949078694
0.65000 -10.8782250391598065
0.67000 -9.0681455305422869
0.69000 -7.5715234163405611
0.71000 -6.3599785655547398
0.73000 -5.3640224714536968
0.75000 -4.5614365135754342
0.77000 -3.8552479960744330
0.79000 -3.2933969795525173
0.81000 -2.7966923279535800
0.83000 -2.4719737649198104
0.85000 -1.9699002362187172
0.87000 -1.9451620808288070
0.89000 -1.3931462992481751
0.91000 -1.4258235055593835
0.93000 -1.1793743938624350
0.95000 -0.9755115173981644
0.97000 -0.8867059063851398
0.99000 -0.7897035150805644
1.01000 -0.6798980492032463
1.03000 -0.5828451722413494
1.05000 -0.5194506588757086
1.07000 -0.4585242790779617
1.09000 -0.4048903550398405
1.11000 -0.3565317917055463
1.13000 -0.3116595625092996
1.15000 -0.2747589436062163
1.17000 -0.2439521779029619
1.19000 -0.2151134130777092
1.21000 -0.1904089936647739
1.23000 -0.1704709303116762
1.25000 -0.1479197483250649
1.27000 -0.1323306274743826
1.29000 -0.1161124999389992
1.31000 -0.1026697596153333
1.33000 -0.0926152655724340
1.35000 -0.0790400068312325
1.37000 -0.0720681158269028
1.39000 -0.0627444887713047
1.41000 -0.0556560181043849
1.43000 -0.0437107119018639
1.45000 -0.0528516477110719
1.47000 -0.0199457669131098
1.49000 -0.0556710772388798
1.51000 -0.0026381597138340
1.53000 -0.0437202269757779
1.55000 -0.0149906672723225
1.57000 -0.0120314600874731
1.59000 -0.0221577284298391
1.61000 -0.0120396720371119
1.63000 -0.0073134776013006
1.65000 -0.0098511583150144
1.67000 -0.0085316234401297
1.69000 -0.0039386193380804
1.71000 -0.0026990546371971
1.73000 -0.0043595085874593
1.75000 -0.0004150760753626
1.77000 -0.0011410187609566
1.79000 0.0015448572976418
1.81000 0.0010948123195057
1.83000 0.0007849113720093
1.85000 0.0039040842318242
1.87000 0.0031749334642820
1.89000 0.0031149048618229
1.91000 0.0048281293315207
1.93000 0.0036672831438267
1.95000 0.0046983967642393
1.97000 0.0066505093099245
1.99000 0.0058698155132782
2.01000 0.0047310983834296
2.03000 0.0049696329227726
2.05000 0.0078934086119216
2.07000 0.0028669397874233
2.09000 0.0100683012852857
2.11000 0.0010720639653794
2.13000 0.0134401421704918
2.15000 0.0017251783335226
2.17000 0.0078575067748628
2.19000 0.0072003040104314
2.21000 0.0049354726324354
2.23000 0.0075244485410927
2.25000 0.0064847627267994
2.27000 0.0053882250513245
2.29000 0.0077666087681486
2.31000 0.0065975102695829
2.33000 0.0067776895207317
2.35000 0.0061990472940051
2.37000 0.0062145277350082
2.39000 0.0057913315347028
2.41000 0.0062115116291247
2.43000 0.0073468532183855
2.45000 0.0051445935474644
2.47000 0.0054050532568202
2.49000 0.0066283091284166
2.51000 0.0065105365543161
2.53000 0.0059793568244852
2.55000 0.0057810707609907
2.57000 0.0057421934105776
2.59000 0.0051650088141638
2.61000 0.0062736343897640
2.63000 0.0059215689065158
2.65000 0.0046947916619115
2.67000 0.0055634554833410
2.69000 0.0040116282980692
2.71000 0.0070722085595184
2.73000 0.0041786638963851
2.75000 0.0063433725864629
2.77000 0.0034824763443334
2.79000 0.0054124198178851
2.81000 0.0048996873687942
2.83000 0.0045970155922633
2.85000 0.0055705486519860
2.87000 0.0049286285700815
2.89000 0.0040322016559013
2.91000 0.0041765494997644
2.93000 0.0041661678736501
2.95000 0.0048322444425504
2.97000 0.0044200034835888
2.99000 0.0042668805988466
3.01000 0.0044836570798716
3.03000 0.0041651865984038
3.05000 0.0036970151477226
3.07000 0.0037128648535297
3.09000 0.0043999251001884
3.11000 0.0038560636165622
3.13000 0.0031147829685866
3.15000 0.0042940136400308
3.17000 0.0043986013905280
3.19000 0.0038283408850444
3.21000 0.0029612057019420
3.23000 0.0034182587316245
3.25000 0.0032016727232372
3.27000 0.0039865855986735
3.29000 0.0034787259878266
3.31000 0.0026717718315528
3.33000 0.0036767688430898
3.35000 0.0030929467320640
3.37000 0.0042737214230500
3.39000 0.0023546747884851
3.41000 0.0028754452522743
3.43000 0.0031152430172524
3.45000 0.0027802662949661
3.47000 0.0030865517317939
3.49000 0.0032355983633122
3.51000 0.0027970925344419
3.53000 0.0025554190707933
3.55000 0.0025319016559259
3.57000 0.0032025123293996
3.59000 0.0030614654330149
3.61000 0.0026819966386649
3.63000 0.0024348213260398
3.65000 0.0023219480736284
3.67000 0.0022343682459791
3.69000 0.0030616865524339
3.71000 0.0024845324871533
3.73000 0.0023481656434103
3.75000 0.0024262261181610
3.77000 0.0024928415813067
3.79000 0.0021216913642652
3.81000 0.0022515903493521
3.83000 0.0022864525088077
3.85000 0.0026808577348788
3.87000 0.0024056594679263
3.89000 0.0018004938974932
3.91000 0.0021087085781228
3.93000 0.0020450977716857
3.95000 0.0020734182889133
3.97000 0.0019572674499665
3.99000 0.0018440131366315
4.01000 0.0020706462007987
4.03000 0.0026887484137298
4.05000 0.0016155724906023
4.07000 0.0017157679212583
4.09000 0.0018078880984855
4.11000 0.0019171208602102
4.13000 0.0021924469184587
4.15000 0.0015860544359351
4.17000 0.0017337513369409
4.19000 0.0019231745825484
4.21000 0.0016991470730421
4.23000 0.0020714886981669
4.25000 0.0014659366313433
4.27000 0.0013651537076701
4.29000 0.0016117089144766
4.31000 0.0018013961849972
4.33000 0.0013831137624098
4.35000 0.0019002886070263
4.37000 0.0016500967259248
4.39000 0.0015399378531603
4.41000 0.0013865494400781
4.43000 0.0012948697669657
4.45000 0.0019245814432874
4.47000 0.0014895178840346
4.49000 0.0012901527068898
4.51000 0.0013514387525726
4.53000 0.0014451392628863
4.55000 0.0013639841571026
4.57000 0.0011391660762842
4.59000 0.0017583018374623
4.61000 0.0017300688659461
4.63000 0.0010843763387225
4.65000 0.0009725534035517
4.67000 0.0012698569048138
4.69000 0.0013499951156959
4.71000 0.0013283049428899
4.73000 0.0012999548197149
4.75000 0.0011177150640214
4.77000 0.0011872869585631
4.79000 0.0014998815846730
4.81000 0.0009483462626303
4.83000 0.0010511863370496
4.85000 0.0013378333163505
4.87000 0.0011093051246099
4.89000 0.0013919321713759
4.91000 0.0011270271752887
4.93000 0.0009909038867217
4.95000 0.0008713628198616
4.97000 0.0012132384217637
4.99000 0.0011901825589892
5.01000 0.0007585909909495
5.03000 0.0011637979931608
5.05000 0.0011540231733183
5.07000 0.0009329204075925
5.09000 0.0009888114632650
5.11000 0.0013060786248816
5.13000 0.0009116474936066
5.15000 0.0006659367501882
5.17000 0.0009272183137029
5.19000 0.0010437131483150
5.21000 0.0011345012313850
5.23000 0.0009089638763893
5.25000 0.0008575235429150
5.27000 0.0008802739787095
5.29000 0.0008120714748798
5.31000 0.0008603029168682
5.33000 0.0008189439866986
5.35000 0.0012001870562199
5.37000 0.0008192876932434
5.39000 0.0006197205942859
5.41000 0.0009136125305361
5.43000 0.0008623012604884
5.45000 0.0009669246884651
5.47000 0.0009544484994017
5.49000 0.0005919429298581
5.51000 0.0006807186758717
5.53000 0.0008846245495390
5.55000 0.0007121507087741
5.57000 0.0007533189350095
5.59000 0.0007844944601339
5.61000 0.0007690463428115
5.63000 0.0008074934239784
5.65000 0.0009064932253907
5.67000 0.0005661427345445
5.69000 0.0005638047320677
5.71000 0.0007329191651732
5.73000 0.0008045284346133
5.75000 0.0008148878562671
5.77000 0.0006495168985987
5.79000 0.0006753493597689
5.81000 0.0005420905622537
5.83000 0.0007216701194968
5.85000 0.0006934182973188
5.87000 0.0007976522798751
5.89000 0.0005275414364606
5.91000 0.0006057541042844
5.93000 0.0007089266095458
5.95000 0.0006467167657879
5.97000 0.0007039772699965
5.99000 0.0004288919913664
6.01000 0.0004786845688350
6.03000 0.0007332354052629
6.05000 0.0005646801891820
6.07000 0.0006621566142617
6.09000 0.0007272193842482
6.11000 0.0005087084688678
6.13000 0.0006576719493075
6.15000 0.0004591851204827
6.17000 0.0004297259307654
6.19000 0.0006970050694018
6.21000 0.0007146636292014
6.23000 0.0003364204169872
6.25000 0.0005359119976493
6.27000 0.0006704304935286
6.29000 0.0004892334801165
6.31000 0.0004547519189916
6.33000 0.0006308568251123
6.35000 0.0004095198138931
6.37000 0.0004413009309830
6.39000 0.0006299662759039
6.41000 0.0005863690320333
6.43000 0.0003414268867630
6.45000 0.0005179112925561
6.47000 0.0005216140598156
6.49000 0.0006124999234654
6.51000 0.0003578662829036
6.53000 0.0004359177370924
6.55000 0.0004813148722175
6.57000 0.0003558782898002
6.59000 0.0005194199237391
6.61000 0.0004828894807167
6.63000 0.0005416934840500
6.65000 0.0004317218457728
6.67000 0.0003773952215550
6.69000 0.0004898042619642
6.71000 0.0005162563085359
6.73000 0.0003530705242061
6.75000 0.0004018237131920
6.77000 0.0004825006135375
6.79000 0.0004094452786078
6.81000 0.0003878767099175
6.83000 0.0004333158253507
6.85000 0.0002917392022406
6.87000 0.0004704511086251
6.89000 0.0004341346726555
6.91000 0.0003269803409515
6.93000 0.0004555331227970
6.95000 0.0004708587686419
6.97000 0.0003694500145627
6.99000 0.0003082918180001
7.01000 0.0003369072382187
7.03000 0.0003379327489135
7.05000 0.0004079738861555
7.07000 0.0004920282931087
7.09000 0.0003535202223552
7.11000 0.0003240501617041
7.13000 0.0003272374269706
7.15000 0.0004701183308383
7.17000 0.0003025335768940
7.19000 0.0002619418570937
7.21000 0.0004586662068669
7.23000 0.0002922340610242
7.25000 0.0003684487321724
7.27000 0.0002778589279958
7.29000 0.0003575638049536
7.31000 0.0003514557857705
7.33000 0.0003017539921638
7.35000 0.0003445316948403
7.37000 0.0003995633685028
7.39000 0.0002837318921478
7.41000 0.0002513808605720
7.43000 0.0003203879869740
7.45000 0.0003452346047927
7.47000 0.0003569386684369
7.49000 0.0003239779393834
7.51000 0.0002726982413030
7.53000 0.0002907726143198
7.55000 0.0003193187612475
7.57000 0.0002797616305283
7.59000 0.0002557767655083
7.61000 0.0002834573432457
7.63000 0.0003492293838373
7.65000 0.0002712961221415
7.67000 0.0002381623833333
7.69000 0.0003616268742790
7.71000 0.0002842314925089
7.73000 0.0002921084670445
7.75000 0.0002197235449142
7.77000 0.0002594873968476
7.79000 0.0002851026706385
7.81000 0.0002821614469850
7.83000 0.0003504047168164
7.85000 0.0001637326269936
7.87000 0.0002277051810995
7.89000 0.0002982887663724
7.91000 0.0002849310486626
7.93000 0.0003081220463959
7.95000 0.0002259153512411
7.97000 0.0002454082076442
7.99000 0.0002760132400415
8.01000 0.0002313902541795
8.03000 0.0002264770547026
8.05000 0.0002703135747647
8.07000 0.0002177386743130
8.09000 0.0002238347817281
8.11000 0.0002648443964137
8.13000 0.0002467249205866
8.15000 0.0002231125585210
8.17000 0.0002223901040173
8.19000 0.0002308580988412
8.21000 0.0002595412889235
8.23000 0.0002769488920603
8.25000 0.0001509633274869
8.27000 0.0001925326796141
8.29000 0.0002249890667290
8.31000 0.0002547816702984
8.33000 0.0002089434528174
8.35000 0.0002781120241509
8.37000 0.0002053046968542
8.39000 0.0002134587067289
8.41000 0.0001827111378860
8.43000 0.0002202042367894
8.45000 0.0002290503435069
8.47000 0.0001673978085777
8.49000 0.0002424702799653
8.51000 0.0002189975631395
8.53000 0.0001479068025464
8.55000 0.0002416226940749
8.57000 0.0002247183920427
8.59000 0.0001700444761850
8.61000 0.0001661318073850
8.63000 0.0001429161187542
8.65000 0.0002457128829107
8.67000 0.0002521541424734
8.69000 0.0001745836114564
8.71000 0.0001749203212831
8.73000 0.0001992384266828
8.75000 0.0001648585203536
8.77000 0.0002139762903900
8.79000 0.0001801566419194
8.81000 0.0001937798879692
8.83000 0.0001651152016039
8.85000 0.0001908318410700
8.87000 0.0001656555101426
8.89000 0.0001758200067018
8.91000 0.0001379681091596
8.93000 0.0001739722370793
8.95000 0.0002043028940468
8.97000 0.0002330765788705
8.99000 0.0001400397737587
9.01000 0.0001608598670932
9.03000 0.0001663158615458
9.05000 0.0001720257038669
9.07000 0.0001761487946246
9.09000 0.0001483754670054
9.11000 0.0001708216323023
9.13000 0.0001433258604392
9.15000 0.0001378452329133
9.17000 0.0001942825530084
9.19000 0.0001833145325351
9.21000 0.0001354237902373
9.23000 0.0001944190757460
9.25000 0.0001509587593818
9.27000 0.0001198930422534
9.29000 0.0001316063577561
9.31000 0.0001702813237636
9.33000 0.0001825873942781
9.35000 0.0001385882728022
9.37000 0.0001282326675400
9.39000 0.0001692367889346
9.41000 0.0001555902975903
9.43000 0.0001299074274079
9.45000 0.0001454606111488
9.47000 0.0001495424733119
9.49000 0.0001033697433206
9.51000 0.0001621169055481
9.53000 0.0001603715424348
9.55000 0.0001406528828592
9.57000 0.0001426211579392
9.59000 0.0001590420503628
9.61000 0.0001034926773909
9.63000 0.0001550973470025
9.65000 0.0001465051459778
9.67000 0.0001062908441818
9.69000 0.0001485769840492
9.71000 0.0001497150782977
9.73000 0.0001470298420051
9.75000 0.0001035043578623
9.77000 0.0001060496597945
9.79000 0.0001556947279435
9.81000 0.0001322290656599
9.83000 0.0001145758835031
9.85000 0.0001444245186407
9.87000 0.0001016670544048
9.89000 0.0001288409194148
9.91000 0.0001167870776938
9.93000 0.0001151702575900
9.95000 0.0001426679954730
9.97000 0.0001263818332394
9.99000 0.0001247893570884
10.01000 0.0001288805289342
10.03000 0.0000942391419530
10.05000 0.0001262541575916
10.07000 0.0001405397788886
10.09000 0.0001148517623599
10.11000 0.0000917761237377
10.13000 0.0001191612780671
10.15000 0.0001005438787782
10.17000 0.0001250614195536
10.19000 0.0001133120796267
10.21000 0.0001284566203408
10.23000 0.0001041817095556
10.25000 0.0001163634003968
10.27000 0.0001156725178605
10.29000 0.0000940189477198
10.31000 0.0001331692857838
10.33000 0.0000886124507105
10.35000 0.0000867067413239
10.37000 0.0001060034005018
10.39000 0.0001331279993651
10.41000 0.0001163591214122
10.43000 0.0000805251698655
10.45000 0.0001075085622378
10.47000 0.0001218935253659
10.49000 0.0000926888195825
10.51000 0.0000960684656826
10.53000 0.0000982184241346
10.55000 0.0000996731632415
10.57000 0.0001201315089072
10.59000 0.0000909621336587
10.61000 0.0001025168376116
10.63000 0.0000918819418697
10.65000 0.0000812192327282
10.67000 0.0001064583606455
10.69000 0.0001115704172568
10.71000 0.0000821564459981
10.73000 0.0000961560692181
10.75000 0.0001201720436124
10.77000 0.0000552301838523
10.79000 0.0000926045698457
10.81000 0.0001031428993140
10.83000 0.0001163867613396
10.85000 0.0000742391680538
10.87000 0.0000915871545271
10.89000 0.0000835750450327
10.91000 0.0000884194338117
10.93000 0.0001115792065224
10.95000 0.0000731570475495
10.97000 0.0000876728666518
10.99000 0.0000978665643895
11.01000 0.0000723436935357
11.03000 0.0000951040172540
11.05000 0.0000830090625866
11.07000 0.0001039905430285
11.09000 0.0000705380198696
11.11000 0.0000639915204159
11.13000 0.0001100465205073
11.15000 0.0000791968920999
11.17000 0.0000690285213249
11.19000 0.0000807365170089
11.21000 0.0000737085739666
11.23000 0.0000901482592279
11.25000 0.0001025710188081
11.27000 0.0000760527057997
11.29000 0.0000809472280872
11.31000 0.0000846148961083
11.33000 0.0000794398690348
11.35000 0.0000759725615751
11.37000 0.0000761733847295
11.39000 0.0000439573724642
11.41000 0.0001125180388676
11.43000 0.0000805795823585
11.45000 0.0000738496648093
11.47000 0.0000620357353450
11.49000 0.0000849273776304
11.51000 0.0000721248870813
11.53000 0.0000545816863928
11.55000 0.0000946845611175
11.57000 0.0000706852978927
11.59000 0.0000824971456888
11.61000 0.0000713007199578
11.63000 0.0000513932646440
11.65000 0.0000803493845532
11.67000 0.0000743936162673
11.69000 0.0000781865891475
11.71000 0.0000644733687734
11.73000 0.0000621805269311
11.75000 0.0000823398062696
11.77000 0.0000585978603603
11.79000 0.0000735167713743
11.81000 0.0000806219674354
11.83000 0.0000561175527343
11.85000 0.0000605171584141
11.87000 0.0000724585322298
11.89000 0.0000696050855842
11.91000 0.0000731902964161
11.93000 0.0000659637275358
11.95000 0.0000591357981102
11.97000 0.0000585690639506
11.99000 0.0000802387091955
12.01000 0.0000539009809009
12.03000 0.0000762531820094
12.05000 0.0000496289930448
12.07000 0.0000681048967222
12.09000 0.0000665512205530
12.11000 0.0000679915036309
12.13000 0.0000495617435980
12.15000 0.0000630862260579
12.17000 0.0000802031473642
12.19000 0.0000456805889411
12.21000 0.0000605692579425
12.23000 0.0000564406160697
12.25000 0.0000585539718564
12.27000 0.0000776333858310
12.29000 0.0000608666473704
12.31000 0.0000547565465192
12.33000 0.0000618839470408
12.35000 0.0000531943123809
12.37000 0.0000547563152227
12.39000 0.0000421770257608
12.41000 0.0000667486899086
12.43000 0.0000719876704543
12.45000 0.0000475422363514
12.47000 0.0000579529479960
12.49000 0.0000653392270844
12.51000 0.0000418107678109
12.53000 0.0000612151533167
12.55000 0.0000631465944349
12.57000 0.0000597341620612
12.59000 0.0000482336971290
12.61000 0.0000514917391133
12.63000 0.0000505326683276
12.65000 0.0000662216230925
12.67000 0.0000429679440176
12.69000 0.0000572474937825
12.71000 0.0000536684701310
12.73000 0.0000504457586814
12.75000 0.0000517444304996
12.77000 0.0000520138330555
12.79000 0.0000597313865036
12.81000 0.0000347672700814
12.83000 0.0000629723703738
12.85000 0.0000551771591380
12.87000 0.0000409204498989
12.89000 0.0000525133755924
12.91000 0.0000506018837942
12.93000 0.0000537615669575
12.95000 0.0000458622144891
12.97000 0.0000497770806055
12.99000 0.0000508119588072
13.01000 0.0000498387211130
13.03000 0.0000514775143808
13.05000 0.0000466659696996
13.07000 0.0000437443484214
13.09000 0.0000532103296610
13.11000 0.0000474298840943
13.13000 0.0000389801616911
13.15000 0.0000565031817631
13.17000 0.0000514728884515
13.19000 0.0000409307425916
13.21000 0.0000440490236879
13.23000 0.0000478541396324
13.25000 0.0000367124155150
13.27000 0.0000493177258291
13.29000 0.0000457589406181
13.31000 0.0000613450262810
13.33000 0.0000386418327891
13.35000 0.0000374309958029
13.37000 0.0000397843794945
13.39000 0.0000456409215976
13.41000 0.0000495026473516
13.43000 0.0000395831515713
13.45000 0.0000497379336791
13.47000 0.0000363633891517
13.49000 0.0000405625186217
13.51000 0.0000512529255148
13.53000 0.0000403695595471
13.55000 0.0000417209669590
13.57000 0.0000417257085365
13.59000 0.0000449105451901
13.61000 0.0000425305045811
13.63000 0.0000346165226113
13.65000 0.0000427711685513
13.67000 0.0000446004344568
13.69000 0.0000381289907055
13.71000 0.0000427210928670
13.73000 0.0000411160110588
13.75000 0.0000356017298975
13.77000 0.0000444888917372
13.79000 0.0000356078014296
13.81000 0.0000387821719183
13.83000 0.0000446569864421
13.85000 0.0000420367444557
13.87000 0.0000337986004924
13.89000 0.0000448422549093
13.91000 0.0000334344242107
13.93000 0.0000433458246148
13.95000 0.0000324035358730
13.97000 0.0000365226367668
13.99000 0.0000412961910038
14.01000 0.0000353326742863
14.03000 0.0000373270280426
14.05000 0.0000394085227414
14.07000 0.0000422409792330
14.09000 0.0000287377760477
14.11000 0.0000321694638520
14.13000 0.0000391864203123
14.15000 0.0000367226503835
14.17000 0.0000444212375217
14.19000 0.0000374685236541
14.21000 0.0000306063623519
14.23000 0.0000317568887853
14.25000 0.0000362099239481
14.27000 0.0000393266437933
14.29000 0.0000331530520629
14.31000 0.0000325872430892
14.33000 0.0000371629810259
14.35000 0.0000394156351076
14.37000 0.0000315325312158
14.39000 0.0000350482374604
14.41000 0.0000268803497979
14.43000 0.0000379592191013
14.45000 0.0000347379532547
14.47000 0.0000320564177055
14.49000 0.0000274088043928
14.51000 0.0000434840242517
14.53000 0.0000272482846471
14.55000 0.0000354866599069
14.57000 0.0000310026310180
14.59000 0.0000368160941548
14.61000 0.0000297060408679
14.63000 0.0000277579464044
14.65000 0.0000353071738513
14.67000 0.0000302369240757
14.69000 0.0000345108201275
14.71000 0.0000261737969261
14.73000 0.0000351982910411
14.75000 0.0000349276163547
14.77000 0.0000261315274974
14.79000 0.0000333165208385
14.81000 0.0000322673022561
14.83000 0.0000299691984192
14.85000 0.0000323510894000
14.87000 0.0000270012600242
14.89000 0.0000306773703662
14.91000 0.0000330652172309
14.93000 0.0000305937566947
14.95000 0.0000290919487574
14.97000 0.0000257334662838
14.99000 0.0000259627389032
15.01000 0.0000357935903139
15.03000 0.0000293026598356
15.05000 0.0000292910371883
15.07000 0.0000258721285136
15.09000 0.0000278947582625
15.11000 0.0000299500586369
15.13000 0.0000325963214753
15.15000 0.0000205376803527
15.17000 0.0000346904796555
15.19000 0.0000310988503468
15.21000 0.0000252179642909
15.23000 0.0000275731983542
15.25000 0.0000244969553901
15.27000 0.0000314496692577
15.29000 0.0000246002292611
15.31000 0.0000249845283351
15.33000 0.0000286469343617
15.35000 0.0000292649006880
15.37000 0.0000266372572148
15.39000 0.0000256333149151
15.41000 0.0000313714910531
15.43000 0.0000236697814127
15.45000 0.0000229868207802
15.47000 0.0000314599619503
15.49000 0.0000245361023166
15.51000 0.0000245642048369
15.53000 0.0000262156037619
15.55000 0.0000265953925549
15.57000 0.0000260131615322
15.59000 0.0000263575619663
15.61000 0.0000277150987345
15.63000 0.0000246217976563
15.65000 0.0000215122480015
15.67000 0.0000304240429146
15.69000 0.0000219972188612
15.71000 0.0000251508304923
15.73000 0.0000215182617095
15.75000 0.0000260295835811
15.77000 0.0000235694565716
15.79000 0.0000295342454197
15.81000 0.0000211875077668
15.83000 0.0000204086747502
15.85000 0.0000273957361426
15.87000 0.0000241718103866
15.89000 0.0000258229780152
15.91000 0.0000217031832321
15.93000 0.0000254091886420
15.95000 0.0000219062037029
15.97000 0.0000222406583890
15.99000 0.0000235298470523
16.01000 0.0000243378812474
16.03000 0.0000256302502370
16.05000 0.0000214587028702
16.07000 0.0000213890248106
16.09000 0.0000262408150764
16.11000 0.0000195008361311
16.13000 0.0000230714174617
16.15000 0.0000249889229679
16.17000 0.0000185691739762
16.19000 0.0000231810519854
16.21000 0.0000233339967718
16.23000 0.0000232918429914
16.25000 0.0000216836965050
16.27000 0.0000201209997737
16.29000 0.0000236150797991
16.31000 0.0000191236494233
16.33000 0.0000224398046441
16.35000 0.0000216531075477
16.37000 0.0000216432774480
16.39000 0.0000182018173682
16.41000 0.0000264592745861
16.43000 0.0000195093941002
16.45000 0.0000213491261706
16.47000 0.0000210628389730
16.49000 0.0000177723576596
16.51000 0.0000229070235003
16.53000 0.0000227628101553
16.55000 0.0000196733254687
16.57000 0.0000188500257070
16.59000 0.0000188755839662
16.61000 0.0000233000540158
16.63000 0.0000223780484883
16.65000 0.0000204363146776
16.67000 0.0000165707147078
16.69000 0.0000211396293988
16.71000 0.0000200029229291
16.73000 0.0000162888799671
16.75000 0.0000228546926754
16.77000 0.0000215843546740
16.79000 0.0000164623523147
16.81000 0.0000192598830403
16.83000 0.0000211609086735
16.85000 0.0000187405646557
16.87000 0.0000181434150111
16.89000 0.0000185695787451
16.91000 0.0000233465446050
16.93000 0.0000158058751272
16.95000 0.0000200369813334
16.97000 0.0000171096932918
16.99000 0.0000188691654894
17.01000 0.0000165737793859
17.03000 0.0000214585872219
17.05000 0.0000159480068040
17.07000 0.0000200402194839
17.09000 0.0000196496754053
17.11000 0.0000153233907045
17.13000 0.0000204879516130
17.15000 0.0000175951267445
17.17000 0.0000181877661080
17.19000 0.0000174116508248
17.21000 0.0000185731060161
17.23000 0.0000163017747449
17.25000 0.0000165678813261
17.27000 0.0000220900843913
17.29000 0.0000174626516950
17.31000 0.0000154051540043
17.33000 0.0000163808203113
17.35000 0.0000154082765066
17.37000 0.0000206126782309
17.39000 0.0000182072528350
17.41000 0.0000143928272078
17.43000 0.0000185356359890
17.45000 0.0000167307718605
17.47000 0.0000150999004966
17.49000 0.0000184693695523
17.51000 0.0000171805856578
17.53000 0.0000179224112403
17.55000 0.0000130928254349
17.57000 0.0000176792030090
17.59000 0.0000148079465356
17.61000 0.0000169385917329
17.63000 0.0000156842131875
17.65000 0.0000204063039614
17.67000 0.0000137167476451
17.69000 0.0000165437108457
17.71000 0.0000165526157595
17.73000 0.0000132169159876
17.75000 0.0000187714427335
17.77000 0.0000156670972492
17.79000 0.0000154375933333
17.81000 0.0000155960314108
17.83000 0.0000151267887105
17.85000 0.0000152776518288
17.87000 0.0000158290047736
17.89000 0.0000167932219057
17.91000 0.0000130847300587
17.93000 0.0000167138872187
17.95000 0.0000172369063467
17.97000 0.0000127695308031
17.99000 0.0000148207256652
18.01000 0.0000134999072106
18.03000 0.0000165826264757
18.05000 0.0000160219060241
18.07000 0.0000133755275374
18.09000 0.0000141004684780
18.11000 0.0000176886283398
18.13000 0.0000145272682772
18.15000 0.0000149998647762
18.17000 0.0000122778523459
18.19000 0.0000160965569577
18.21000 0.0000130096743563
18.23000 0.0000151090945311
18.25000 0.0000141080434372
18.27000 0.0000154238890178
18.29000 0.0000127029174217
18.31000 0.0000155052475489
18.33000 0.0000142142085139
18.35000 0.0000122012932165
18.37000 0.0000162343518258
18.39000 0.0000122546070513
18.41000 0.0000149152102706
18.43000 0.0000130960057613
18.45000 0.0000136913917703
18.47000 0.0000138783082249
18.49000 0.0000139912387231
18.51000 0.0000151474030078
18.53000 0.0000122356407413
18.55000 0.0000140990517872
18.57000 0.0000131450116995
18.59000 0.0000114536852225
18.61000 0.0000145838780867
18.63000 0.0000133317546817
18.65000 0.0000129711634952
18.67000 0.0000134285811637
18.69000 0.0000122477548936
18.71000 0.0000146161439433
18.73000 0.0000132756942014
18.75000 0.0000105095619707
18.77000 0.0000136439181712
18.79000 0.0000138182289685
18.81000 0.0000135036368661
18.83000 0.0000101123392067
18.85000 0.0000138371952785
18.87000 0.0000123665545397
18.89000 0.0000138206864934
18.91000 0.0000116645408610
18.93000 0.0000137582364483
18.95000 0.0000118082627010
18.97000 0.0000114912130737
18.99000 0.0000148611158102
19.01000 0.0000109069292949
19.03000 0.0000123126335516
19.05000 0.0000122427241955
19.07000 0.0000112783046791
19.09000 0.0000122205197350
19.11000 0.0000124348159084
19.13000 0.0000131050841475
19.15000 0.0000110664371185
19.17000 0.0000128283668410
19.19000 0.0000111163682426
19.21000 0.0000106275520791
19.23000 0.0000131460525336
19.25000 0.0000112431476166
19.27000 0.0000115210214054
19.29000 0.0000121338413854
19.31000 0.0000111894868371
19.33000 0.0000116060517678
19.35000 0.0000110943083424
19.37000 0.0000114288786768
19.39000 0.0000142020654496
19.41000 0.0000092329789647
19.43000 0.0000111485762751
19.45000 0.0000108143528854
19.47000 0.0000129898117725
19.49000 0.0000104303718440
19.51000 0.0000104953661502
19.53000 0.0000118459062004
19.55000 0.0000128701736768
19.57000 0.0000093416883025
19.59000 0.0000096822723450
19.61000 0.0000126763761525
19.63000 0.0000091389569523
19.65000 0.0000119317171883
19.67000 0.0000112848677162
19.69000 0.0000102004631593
19.71000 0.0000105959801118
19.73000 0.0000110164192583
19.75000 0.0000114683725479
19.77000 0.0000095907656816
19.79000 0.0000112445932195
19.81000 0.0000103836499584
19.83000 0.0000106514623510
19.85000 0.0000107804390415
19.87000 0.0000099329398873
19.89000 0.0000103602311915
19.91000 0.0000100078799414
19.93000 0.0000097224601055
19.95000 0.0000107196369836
19.97000 0.0000112310623764
19.99000 0.0000090878982580
20.01000 0.0000115302154398
20.03000 0.0000087191249591
20.05000 0.0000109399179530
20.07000 0.0000094673401063
20.09000 0.0000103044020076
20.11000 0.0000090362613225
20.13000 0.0000116945804892
20.15000 0.0000091053033169
20.17000 0.0000094824611126
20.19000 0.0000094193460901
20.21000 0.0000106615815713
20.23000 0.0000104319909192
20.25000 0.0000079791786604
20.27000 0.0000104508994051
20.29000 0.0000099488126071
20.31000 0.0000089923149945
20.33000 0.0000095947844577
20.35000 0.0000097478448924
20.37000 0.0000096038339318
20.39000 0.0000094659234155
20.41000 0.0000103010482089
20.43000 0.0000084660288039
20.45000 0.0000088152575517
20.47000 0.0000098420403771
20.49000 0.0000085931840347
20.51000 0.0000099938865054
20.53000 0.0000093202066435
20.55000 0.0000088175416043
20.57000 0.0000091122422108
20.59000 0.0000094316915389
20.61000 0.0000085006943614
20.63000 0.0000099815699687
20.65000 0.0000076431916352
20.67000 0.0000103829271569
20.69000 0.0000086118323121
20.71000 0.0000088545201264
20.73000 0.0000089736088930
20.75000 0.0000095624029528
20.77000 0.0000078601766299
20.79000 0.0000088810324835
20.81000 0.0000087657022844
20.83000 0.0000086146367817
20.85000 0.0000092013780854
20.87000 0.0000080747908360
20.89000 0.0000097165331336
20.91000 0.0000072789864414
20.93000 0.0000077074920520
20.95000 0.0000097997998605
20.97000 0.0000087345061739
20.99000 0.0000082988592850
21.01000 0.0000080616647617
21.03000 0.0000087386695102
21.05000 0.0000087426015501
21.07000 0.0000083758231832
21.09000 0.0000082148697567
21.11000 0.0000073127557250
21.13000 0.0000088031723115
21.15000 0.0000082463549878
21.17000 0.0000077048032306
21.19000 0.0000085310809343
21.21000 0.0000084260145157
21.23000 0.0000079027930033
21.25000 0.0000092915547941
21.27000 0.0000069650593163
21.29000 0.0000084191912701
21.31000 0.0000071997095785
21.33000 0.0000084021909800
21.35000 0.0000075824763135
21.37000 0.0000086391831189
21.39000 0.0000073654045825
21.41000 0.0000082023219235
21.43000 0.0000075594623154
21.45000 0.0000073254192064
21.47000 0.0000082653502098
21.49000 0.0000077317203565
21.51000 0.0000080755136374
21.53000 0.0000067834915925
21.55000 0.0000082180789951
21.57000 0.0000083027913248
21.59000 0.0000065482630892
21.61000 0.0000077757534208
21.63000 0.0000082065141719
21.65000 0.0000073263733043
21.67000 0.0000068042793622
21.69000 0.0000073950394419
21.71000 0.0000083202542078
21.73000 0.0000074107965135
21.75000 0.0000076562887974
21.77000 0.0000065809915388
21.79000 0.0000068105821908
21.81000 0.0000083042658398
21.83000 0.0000070989510566
21.85000 0.0000068792194163
21.87000 0.0000078744302745
21.89000 0.0000062489076413
21.91000 0.0000082262032834
21.93000 0.0000067058627170
21.95000 0.0000071002231872
21.97000 0.0000070568840123
21.99000 0.0000074866906656
22.01000 0.0000069445028431
22.03000 0.0000075058882720
22.05000 0.0000066572326355
22.07000 0.0000065620252288
22.09000 0.0000073211980460
22.11000 0.0000065586714300
22.13000 0.0000076245722698
22.15000 0.0000066376591723
22.17000 0.0000066866072864
22.19000 0.0000067470334875
22.21000 0.0000059449551763
22.23000 0.0000082348479887
22.25000 0.0000066528669148
22.27000 0.0000059955512777
22.29000 0.0000070634470495
22.31000 0.0000071460198869
22.33000 0.0000064202983208
22.35000 0.0000062779353475
22.37000 0.0000069552003046
22.39000 0.0000066098746846
22.41000 0.0000065257695081
22.43000 0.0000070152217369
22.45000 0.0000064216571875
22.47000 0.0000064272372147
22.49000 0.0000071412783094
22.51000 0.0000052051534379
22.53000 0.0000073015378466
22.55000 0.0000057012554400
22.57000 0.0000069197541216
22.59000 0.0000061904763723
22.61000 0.0000067489127712
22.63000 0.0000057988914596
22.65000 0.0000068662957264
22.67000 0.0000062937502432
22.69000 0.0000058443123026
22.71000 0.0000064099767161
22.73000 0.0000059413700811
22.75000 0.0000068528227074
22.77000 0.0000063457341234
22.79000 0.0000058858589299
22.81000 0.0000059186452036
22.83000 0.0000056210244792
22.85000 0.0000070850443568
22.87000 0.0000057642259021
22.89000 0.0000058446592473
22.91000 0.0000065409194265
22.93000 0.0000057554077245
22.95000 0.0000056187404266
22.97000 0.0000062114087022
22.99000 0.0000069266062793
23.01000 0.0000054216469277
23.03000 0.0000055312814514
23.05000 0.0000063590047579
23.07000 0.0000056527699188
23.09000 0.0000057917790934
23.11000 0.0000064959611764
23.13000 0.0000048112555606
23.15000 0.0000068069103594
23.17000 0.0000049270483526
23.19000 0.0000059045361193
23.21000 0.0000057490470717
23.23000 0.0000060448174244
23.25000 0.0000056388632190
23.27000 0.0000059880052306
23.29000 0.0000053909134101
23.31000 0.0000057150754037
23.33000 0.0000061060531631
23.35000 0.0000052071194578
23.37000 0.0000058963829190
23.39000 0.0000050197693224
23.41000 0.0000054943896655
23.43000 0.0000060210228007
23.45000 0.0000052178747434
23.47000 0.0000060050055206
23.49000 0.0000049682191231
23.51000 0.0000055824557939
23.53000 0.0000060343223474
23.55000 0.0000046758893054
23.57000 0.0000054141297926
23.59000 0.0000058578142337
23.61000 0.0000055353291395
23.63000 0.0000049738280624
23.65000 0.0000058758553578
23.67000 0.0000053002162844
23.69000 0.0000048264922152
23.71000 0.0000052964577169
23.73000 0.0000060094579775
23.75000 0.0000043542426609
23.77000 0.0000057976482411
23.79000 0.0000046253799402
23.81000 0.0000057419057934
23.83000 0.0000051560318515
23.85000 0.0000050989305371
23.87000 0.0000049147896401
23.89000 0.0000055404465737
23.91000 0.0000052079000834
23.93000 0.0000047948335117
23.95000 0.0000052311164659
23.97000 0.0000047830952162
23.99000 0.0000055751988674
24.01000 0.0000046456472928
24.03000 0.0000051378750791
24.05000 0.0000051669606094
24.07000 0.0000047974645090
24.09000 0.0000054169631743
24.11000 0.0000045960920255
24.13000 0.0000049990104648
24.15000 0.0000050507341365
24.17000 0.0000046726222428
24.19000 0.0000052213441903
24.21000 0.0000048473667210
24.23000 0.0000047831241283
24.25000 0.0000047152097042
24.27000 0.0000052099528395
24.29000 0.0000046709164314
24.31000 0.0000045865799584
24.33000 0.0000051446983248
24.35000 0.0000049158304742
24.37000 0.0000039621373312
24.39000 0.0000056027520586
24.41000 0.0000042320024799
24.43000 0.0000046332151079
24.45000 0.0000045478667129
24.47000 0.0000049123321152
24.49000 0.0000048757583619
24.51000 0.0000047968573558
24.53000 0.0000043708960062
24.55000 0.0000045459585170
24.57000 0.0000048580930945
24.59000 0.0000042519228879
24.61000 0.0000051224938643
24.63000 0.0000042457646195
24.65000 0.0000045354056159
24.67000 0.0000047063915265
24.69000 0.0000039500810030
24.71000 0.0000051186196485
24.73000 0.0000044275636398
24.75000 0.0000047244615627
24.77000 0.0000043672241749
24.79000 0.0000040637343028
24.81000 0.0000047528532036
24.83000 0.0000043106721896
24.85000 0.0000044118065682
24.87000 0.0000044364685536
24.89000 0.0000045092112914
24.91000 0.0000041387900052
24.93000 0.0000045361862414
24.95000 0.0000045636526965
24.97000 0.0000041950817820
24.99000 0.0000038536882019
25.01000 0.0000050996533385
25.03000 0.0000036794352287
25.05000 0.0000045007689705
25.07000 0.0000041958913196
25.09000 0.0000042567512015
25.11000 0.0000040835679745
25.13000 0.0000043634366953
25.15000 0.0000042173440666
25.17000 0.0000042870221262
25.19000 0.0000042056057710
25.21000 0.0000037984372592
25.23000 0.0000046220261415
25.25000 0.0000039016822181
25.27000 0.0000040873843662
25.29000 0.0000040976770588
25.31000 0.0000040413274579
25.33000 0.0000046218526691
25.35000 0.0000038681442308
25.37000 0.0000040387831968
25.39000 0.0000040441319275
25.41000 0.0000039202726713
25.43000 0.0000041888946016
25.45000 0.0000037728211758
25.47000 0.0000041526099689
25.49000 0.0000040176484824
25.51000 0.0000040635030063
25.53000 0.0000037486796075
25.55000 0.0000041901667321
25.57000 0.0000038757770141
25.59000 0.0000039829829250
25.61000 0.0000038297779300
25.63000 0.0000042861547644
25.65000 0.0000030774861826
25.67000 0.0000043766205937
25.69000 0.0000039022026351
25.71000 0.0000037063234426
25.73000 0.0000038093949291
25.75000 0.0000041236111747
25.77000 0.0000035514704603
25.79000 0.0000038625642037
25.81000 0.0000039231349650
25.83000 0.0000037529007679
25.85000 0.0000041028523171
25.87000 0.0000033707122741
25.89000 0.0000039179597067
25.91000 0.0000039226723721
25.93000 0.0000033374634075
25.95000 0.0000040335212022
25.97000 0.0000034372100074
25.99000 0.0000038563770233
26.01000 0.0000037527272956
26.03000 0.0000034773688558
26.05000 0.0000038214223452
26.07000 0.0000035259700252
26.09000 0.0000038701680749
26.11000 0.0000035096347125
26.13000 0.0000036589944038
26.15000 0.0000034318612766
26.17000 0.0000037795576853
26.19000 0.0000035827243949
26.21000 0.0000037085785831
26.23000 0.0000033468309143
26.25000 0.0000039386896522
26.27000 0.0000029889285491
26.29000 0.0000038694741855
26.31000 0.0000031898673517
26.33000 0.0000035728075591
26.35000 0.0000039068863885
26.37000 0.0000035617053288
26.39000 0.0000031094340066
26.41000 0.0000034606287743
26.43000 0.0000036179392815
26.45000 0.0000033407593821
26.47000 0.0000036484415026
26.49000 0.0000032459278321
26.51000 0.0000035430859635
26.53000 0.0000033197692280
26.55000 0.0000032727582218
26.57000 0.0000036363851745
26.59000 0.0000033738058643
26.61000 0.0000033260142325
26.63000 0.0000033402678771
26.65000 0.0000033866139060
26.67000 0.0000035261145855
26.69000 0.0000030716459469
26.71000 0.0000033942466893
26.73000 0.0000031794300988
26.75000 0.0000033882618933
26.77000 0.0000032937772880
26.79000 0.0000032982008328
26.81000 0.0000030611797819
26.83000 0.0000034975494723
26.85000 0.0000031802396365
26.87000 0.0000035045461903
26.89000 0.0000028484159476
26.91000 0.0000035807005509
26.93000 0.0000029389396009
26.95000 0.0000032224801531
26.97000 0.0000034069390827
26.99000 0.0000029554483860
27.01000 0.0000031419022476
27.03000 0.0000034104374417
27.05000 0.0000031501421841
27.07000 0.0000029009202448
27.09000 0.0000034444958460
27.11000 0.0000029604790841
27.13000 0.0000031196977871
27.15000 0.0000030069407612
27.17000 0.0000029293697098
27.19000 0.0000035228186109
27.21000 0.0000030188236170
27.23000 0.0000031005869168
27.25000 0.0000030867091290
27.27000 0.0000028918707706
27.29000 0.0000031075836349
27.31000 0.0000029170820851
27.33000 0.0000031926429093
27.35000 0.0000029849097731
27.37000 0.0000029777684947
27.39000 0.0000028973929737
27.41000 0.0000031744283128
27.43000 0.0000028454669176
27.45000 0.0000032242727007
27.47000 0.0000026950374802
27.49000 0.0000031574280227
27.51000 0.0000028045274436
27.53000 0.0000032383817850
27.55000 0.0000026194613608
27.57000 0.0000030108438890
27.59000 0.0000030482850040
27.61000 0.0000026640726662
27.63000 0.0000030595317946
27.65000 0.0000030437168989
27.67000 0.0000027212607168
27.69000 0.0000027541337266
27.71000 0.0000031245550129
27.73000 0.0000026343510706
27.75000 0.0000028901360472
27.77000 0.0000028894132457
27.79000 0.0000027589909524
27.81000 0.0000030274104982
27.83000 0.0000026471591123
27.85000 0.0000029070496010
27.87000 0.0000028936922303
27.89000 0.0000026455400370
27.91000 0.0000028166994200
27.93000 0.0000027140037902
27.95000 0.0000029448665728
27.97000 0.0000026510911522
27.99000 0.0000027067757757
28.01000 0.0000027619978064
28.03000 0.0000027376827657
28.05000 0.0000025996276890
28.07000 0.0000029727088846
28.09000 0.0000025416879249
28.11000 0.0000029054594379
28.13000 0.0000024574092761
28.15000 0.0000028804505077
28.17000 0.0000025187606630
28.19000 0.0000028496013419
28.21000 0.0000025932670363
28.23000 0.0000025311639359
28.25000 0.0000028981735993
28.27000 0.0000026484890669
28.29000 0.0000024053386597
28.31000 0.0000027390416324
28.33000 0.0000027895799097
28.35000 0.0000024130581792
28.37000 0.0000027384055671
28.39000 0.0000026788178157
28.41000 0.0000022821154688
28.43000 0.0000028448886765
28.45000 0.0000025864727027
28.47000 0.0000026332813245
28.49000 0.0000024489958672
28.51000 0.0000024468274629
28.53000 0.0000027524279152
28.55000 0.0000023698346526
28.57000 0.0000025128336911
28.59000 0.0000025139034373
28.61000 0.0000026277302094
28.63000 0.0000024415076442
28.65000 0.0000025436828569
28.67000 0.0000024414787321
28.69000 0.0000027195549053
28.71000 0.0000023047246981
28.73000 0.0000026267761114
28.75000 0.0000022515843356
28.77000 0.0000027118064738
28.79000 0.0000021993980711
28.81000 0.0000026633209527
28.83000 0.0000024834012162
28.85000 0.0000023201059129
28.87000 0.0000025640080337
28.89000 0.0000022579449884
28.91000 0.0000023727258584
28.93000 0.0000026517272174
28.95000 0.0000024297693487
28.97000 0.0000021175769471
28.99000 0.0000025191365198
29.01000 0.0000023677240724
29.03000 0.0000022869437825
29.05000 0.0000025271162477
29.07000 0.0000022649127944
29.09000 0.0000024376334284
29.11000 0.0000023333187234
29.13000 0.0000023155667198
29.15000 0.0000024949082152
29.17000 0.0000021144255328
29.19000 0.0000024765779705
29.21000 0.0000022721408088
29.23000 0.0000023082230571
29.25000 0.0000022762752331
29.27000 0.0000023491625312
29.29000 0.0000022863366293
29.31000 0.0000023691407632
29.33000 0.0000020264172285
29.35000 0.0000025213627482
29.37000 0.0000020646389690
29.39000 0.0000024265022861
29.41000 0.0000021572153786
29.43000 0.0000023549160307
29.45000 0.0000022303050610
29.47000 0.0000021430484702
29.49000 0.0000023752990315
29.51000 0.0000020962398484
29.53000 0.0000022076669196
29.55000 0.0000022864522775
29.57000 0.0000022161381526
29.59000 0.0000020694961948
29.61000 0.0000023927619145
29.63000 0.0000020404395766
29.65000 0.0000020468869655
29.67000 0.0000025054032922
29.69000 0.0000019777293229
29.71000 0.0000022044576812
29.73000 0.0000022107026857
29.75000 0.0000020709996218
29.77000 0.0000022366078896
29.79000 0.0000020400926319
29.81000 0.0000022819419965
29.83000 0.0000020354667026
29.85000 0.0000020693805466
29.87000 0.0000021245158410
29.89000 0.0000021686934656
29.91000 0.0000020114118704
29.93000 0.0000021911292225
29.95000 0.0000020076822149
29.97000 0.0000023013998115
29.99000 0.0000018698584348
30.01000 0.0000022112520148
30.03000 0.0000019535877545
30.05000 0.0000021955816794
30.07000 0.0000019887159049
30.09000 0.0000020122503201
30.11000 0.0000022252454509
30.13000 0.0000019285499124
30.15000 0.0000020840678720
30.17000 0.0000020083471923
30.19000 0.0000020180038196
30.21000 0.0000019644586883
30.23000 0.0000021759793041
30.25000 0.0000018556047902
30.27000 0.0000020137537471
30.29000 0.0000020867566934
30.31000 0.0000018308849807
30.33000 0.0000021278118156
30.35000 0.0000020147078450
30.37000 0.0000018515860141
30.39000 0.0000020196518069
30.41000 0.0000019500604835
30.43000 0.0000021141075002
30.45000 0.0000018409752889
30.47000 0.0000019673498941
30.49000 0.0000019399123511
30.51000 0.0000019247913448
30.53000 0.0000019419072831
30.55000 0.0000020935510270
30.57000 0.0000017857532582
30.59000 0.0000019227385887
30.61000 0.0000018057025782
30.63000 0.0000021358493677
30.65000 0.0000017789589246
30.67000 0.0000018990017892
30.69000 0.0000019209460411
30.71000 0.0000019023844999
30.73000 0.0000019204545361
30.75000 0.0000017799708466
30.77000 0.0000019245022242
30.79000 0.0000018983368118
30.81000 0.0000018092587613
30.83000 0.0000018716220703
30.85000 0.0000019449719613
30.87000 0.0000017898587705
30.89000 0.0000018112536933
30.91000 0.0000018949541010
30.93000 0.0000017007807200
30.95000 0.0000019950187335
30.97000 0.0000018000936390
30.99000 0.0000017001446547
31.01000 0.0000019777582350
31.03000 0.0000017527067760
31.05000 0.0000017988504205
31.07000 0.0000017389446364
31.09000 0.0000018826953885
31.11000 0.0000017704298675
31.13000 0.0000017721067669
31.15000 0.0000017635487977
31.17000 0.0000019167827048
31.19000 0.0000016298883539
31.21000 0.0000019015749623
31.23000 0.0000015967262235
31.25000 0.0000018489550169
31.27000 0.0000016608531680
31.29000 0.0000018903570838
31.31000 0.0000017477628141
31.33000 0.0000016626168035
31.35000 0.0000017670471567
31.37000 0.0000016891291606
31.39000 0.0000018205344639
31.41000 0.0000016934948814
31.43000 0.0000016428120438
31.45000 0.0000017821103389
31.47000 0.0000017635487977
31.49000 0.0000015657614094
31.51000 0.0000017657172021
31.53000 0.0000017218286981
31.55000 0.0000015549482997
31.57000 0.0000019362405198
31.59000 0.0000015224222346
31.61000 0.0000016176007293
31.63000 0.0000018185106199
31.65000 0.0000015259205936
31.67000 0.0000017357353980
31.69000 0.0000016692665768
31.71000 0.0000017425586437
31.73000 0.0000015879080458
31.75000 0.0000016650743284
31.77000 0.0000016505604753
31.79000 0.0000016839539022
31.81000 0.0000014624586264
31.83000 0.0000018012501213
31.85000 0.0000015326571031
31.87000 0.0000017216263137
31.89000 0.0000014941462419
31.91000 0.0000016553887890
31.93000 0.0000015905679551
31.95000 0.0000015995596051
31.97000 0.0000017039610463
31.99000 0.0000015153387804
32.01000 0.0000016311026603
32.03000 0.0000015594007567
32.05000 0.0000016628770120
32.07000 0.0000015627834674
32.09000 0.0000015222198502
32.11000 0.0000015053352083
32.13000 0.0000016680522704
32.15000 0.0000015757649815
32.17000 0.0000014715948367
32.19000 0.0000016199715180
32.21000 0.0000015358085174
32.23000 0.0000015205140388
32.25000 0.0000016590317083
32.27000 0.0000013683209658
32.29000 0.0000016564585352
32.31000 0.0000014918911014
32.33000 0.0000015386129870
32.35000 0.0000014748329872
32.37000 0.0000016262165226
32.39000 0.0000014693107842
32.41000 0.0000015349700677
32.43000 0.0000014497373209
32.45000 0.0000016045324791
32.47000 0.0000013728601589
32.49000 0.0000015546880912
32.51000 0.0000014810201676
32.53000 0.0000015555265409
32.55000 0.0000014533513282
32.57000 0.0000014284869584
32.59000 0.0000015877923976
32.61000 0.0000013989677472
32.63000 0.0000014950714278
32.65000 0.0000014109373392
32.67000 0.0000015010273117
32.69000 0.0000014550571396
32.71000 0.0000015120138937
32.73000 0.0000014160547734
32.75000 0.0000014809045194
32.77000 0.0000013771391435
32.79000 0.0000014578326972
32.81000 0.0000015204851267
32.83000 0.0000013352744836
32.85000 0.0000013913349639
32.87000 0.0000015504669308
32.89000 0.0000013415194881
32.91000 0.0000014920645737
32.93000 0.0000013449021989
32.95000 0.0000014058777290
32.97000 0.0000014503444741
32.99000 0.0000014453426881
33.01000 0.0000013523904219
33.03000 0.0000014506914188
33.05000 0.0000013545877383
33.07000 0.0000014726934949
33.09000 0.0000012150870587
33.11000 0.0000015204851267
33.13000 0.0000013058998327
33.15000 0.0000014021480736
33.17000 0.0000013520434772
33.19000 0.0000013657767047
33.21000 0.0000014493036401
33.23000 0.0000012730846470
33.25000 0.0000014249307752
33.27000 0.0000012942482734
33.29000 0.0000013978112649
33.31000 0.0000013386861064
33.33000 0.0000013340312651
33.35000 0.0000013504244019
33.37000 0.0000013374139759
33.39000 0.0000013240566051
33.41000 0.0000013250974392
33.43000 0.0000013986497146
33.45000 0.0000012496658800
33.47000 0.0000014084219901
33.49000 0.0000013456828244
33.51000 0.0000011636525077
33.53000 0.0000014466148187
33.55000 0.0000012514873397
33.57000 0.0000013144288898
33.59000 0.0000012888995427
33.61000 0.0000013141108572
33.63000 0.0000012113574033
33.65000 0.0000014514431323
33.67000 0.0000011950510026
33.69000 0.0000013085308300
33.71000 0.0000012147401141
33.73000 0.0000014063692340
33.75000 0.0000012035800597
33.77000 0.0000012891886632
33.79000 0.0000012582816733
33.81000 0.0000012538581284
33.83000 0.0000013033844837
33.85000 0.0000011846426617
33.87000 0.0000013558309568
33.89000 0.0000012230956988
33.91000 0.0000012084372854
33.93000 0.0000013087043023
33.95000 0.0000012186143298
33.97000 0.0000012779707848
33.99000 0.0000011678736681
34.01000 0.0000013188524347
34.03000 0.0000011729911024
34.05000 0.0000012852855354
34.07000 0.0000011792361069
34.09000 0.0000012729979108
34.11000 0.0000012103165692
34.13000 0.0000011399446202
34.15000 0.0000013219460249
34.17000 0.0000011475484914
34.19000 0.0000011897890081
34.21000 0.0000012475842119
34.23000 0.0000011999082283
34.25000 0.0000011713142030
34.27000 0.0000012702801773
34.29000 0.0000011231178025
34.31000 0.0000012787224983
34.33000 0.0000011349139221
34.35000 0.0000011986939219
34.37000 0.0000011192724988
34.39000 0.0000012108658983
34.41000 0.0000012407320541
34.43000 0.0000011016939675
34.45000 0.0000012049389264
34.47000 0.0000011489651823
34.49000 0.0000012012670951
34.51000 0.0000011146465695
34.53000 0.0000012070495066
34.55000 0.0000011542271768
34.57000 0.0000011245634054
34.59000 0.0000011376605676
34.61000 0.0000011673243390
34.63000 0.0000011863195611
34.65000 0.0000010955067871
34.67000 0.0000011906852819
34.69000 0.0000011017807037
34.71000 0.0000011613395431
34.73000 0.0000011127383737
34.75000 0.0000010595980112
34.77000 0.0000012888995427
34.79000 0.0000009957312752
34.81000 0.0000011473461070
34.83000 0.0000011403204769
34.85000 0.0000010893774309
34.87000 0.0000010954489630
34.89000 0.0000011700131604
34.91000 0.0000010417592714
34.93000 0.0000011601541487
34.95000 0.0000010281127801
34.97000 0.0000011786289537
34.99000 0.0000010475705951
35.01000 0.0000011076498515
35.03000 0.0000010890015741
35.05000 0.0000010490740221
35.07000 0.0000011831103227
35.09000 0.0000010280260439
35.11000 0.0000010620266241
35.13000 0.0000010548564337
35.15000 0.0000011710829066
35.17000 0.0000010336349832
35.19000 0.0000010654382469
35.21000 0.0000010564465969
35.23000 0.0000010785643212
35.25000 0.0000010404293168
35.27000 0.0000010604364609
35.29000 0.0000011168727979
35.31000 0.0000010118063794
35.33000 0.0000010592221544
35.35000 0.0000010807038135
35.37000 0.0000009685539408
35.39000 0.0000011423154089
35.41000 0.0000009167146209
35.43000 0.0000011293049829
35.45000 0.0000010279971319
35.47000 0.0000010268984737
35.49000 0.0000010060239678
35.51000 0.0000011027058896
35.53000 0.0000009213405501
35.55000 0.0000011304325531
35.57000 0.0000009495587187
35.59000 0.0000010721747564
35.61000 0.0000009451062618
35.63000 0.0000010836239313
35.65000 0.0000010196415471
35.67000 0.0000009606898610
35.69000 0.0000010415279750
35.71000 0.0000009651134059
35.73000 0.0000010336349832
35.75000 0.0000010068624175
35.77000 0.0000009942278482
35.79000 0.0000009612970142
35.81000 0.0000010148710576
35.83000 0.0000010313798426
35.85000 0.0000009519873316
35.87000 0.0000009525944848
35.89000 0.0000010194969868
35.91000 0.0000009927533332
35.93000 0.0000009806102689
35.95000 0.0000009451929979
35.97000 0.0000010160853640
35.99000 0.0000009157605230
36.01000 0.0000010429157538
36.03000 0.0000008783194079
36.05000 0.0000010683872768
36.07000 0.0000009257930071
36.09000 0.0000009073182021
36.11000 0.0000010010800059
36.13000 0.0000009569312935
36.15000 0.0000009099202873
36.17000 0.0000010340975761
36.19000 0.0000008762088277
36.21000 0.0000009885032607
36.23000 0.0000009140547116
36.25000 0.0000009695947748
36.27000 0.0000009196636508
36.29000 0.0000009358544032
36.31000 0.0000009612102780
36.33000 0.0000009138234151
36.35000 0.0000009516403869
36.37000 0.0000009173217741
36.39000 0.0000009455688547
36.41000 0.0000008905202964
36.43000 0.0000009690165337
36.45000 0.0000008906648567
36.47000 0.0000008877447388
36.49000 0.0000009704910486
36.51000 0.0000009030681295
36.53000 0.0000009102094078
36.55000 0.0000008687206047
36.57000 0.0000009947771773
36.59000 0.0000008543513119
36.61000 0.0000008803432520
36.63000 0.0000009414344304
36.65000 0.0000008573003418
36.67000 0.0000009445569327
36.69000 0.0000008762666518
36.71000 0.0000008601915476
36.73000 0.0000009322693080
36.75000 0.0000008707155367
36.77000 0.0000008337948387
36.79000 0.0000010155360349
36.81000 0.0000007582187193
36.83000 0.0000009617017830
36.85000 0.0000008532237417
36.87000 0.0000008863280480
36.89000 0.0000008752836419
36.91000 0.0000008625623364
36.93000 0.0000008943366880
36.95000 0.0000008104628080
36.97000 0.0000009181891358
36.99000 0.0000008409939412
37.01000 0.0000008683447480
37.03000 0.0000008717563708
37.05000 0.0000008478460989
37.07000 0.0000008719876673
37.09000 0.0000008235021461
37.11000 0.0000008689229891
37.13000 0.0000008283304598
37.15000 0.0000008749366972
37.17000 0.0000008438273228
37.19000 0.0000008485689003
37.21000 0.0000008369751651
37.23000 0.0000008160139231
37.25000 0.0000009146040407
37.27000 0.0000007506437601
37.29000 0.0000008712937779
37.31000 0.0000008146839684
37.33000 0.0000008475858904
37.35000 0.0000008507083926
37.37000 0.0000007698413666
37.39000 0.0000008456776945
37.41000 0.0000008749077851
37.43000 0.0000007310992090
37.45000 0.0000008731441496
37.47000 0.0000008076583384
37.49000 0.0000008020204871
37.51000 0.0000008385075042
37.53000 0.0000007953418017
37.55000 0.0000008414854461
37.57000 0.0000007657647664
37.59000 0.0000008463426719
37.61000 0.0000007714893539
37.63000 0.0000008246008043
37.65000 0.0000008187316565
37.67000 0.0000007779945669
37.69000 0.0000007981462713
37.71000 0.0000007962380755
37.73000 0.0000007767802605
37.75000 0.0000008138744308
37.77000 0.0000007943298796
37.79000 0.0000007834011218
37.81000 0.0000007668345126
37.83000 0.0000008078028986
37.85000 0.0000007606184201
37.87000 0.0000008217095985
37.89000 0.0000007020715028
37.91000 0.0000008717274587
37.93000 0.0000006956241139
37.95000 0.0000008071668334
37.97000 0.0000007524363077
37.99000 0.0000007811170692
38.01000 0.0000007853960537
38.03000 0.0000007872175134
38.05000 0.0000006751543769
38.07000 0.0000008580520553
38.09000 0.0000007223677675
38.11000 0.0000007668634246
38.13000 0.0000007551829532
38.15000 0.0000007659382388
38.17000 0.0000007263865435
38.19000 0.0000007772717655
38.21000 0.0000007761731073
38.23000 0.0000006905066796
38.25000 0.0000007869283928
38.27000 0.0000007231483930
38.29000 0.0000007583054555
38.31000 0.0000007191007049
38.33000 0.0000007577272143
38.35000 0.0000007284103876
38.37000 0.0000007485042678
38.39000 0.0000007396860902
38.41000 0.0000007361588191
38.43000 0.0000007154577856
38.45000 0.0000007446011400
38.47000 0.0000007084032435
38.49000 0.0000007372863893
38.51000 0.0000007284682117
38.53000 0.0000007570911490
38.55000 0.0000006796357458
38.57000 0.0000007435892180
38.59000 0.0000006946121918
38.61000 0.0000007605895080
38.63000 0.0000006861698709
38.65000 0.0000007266756641
38.67000 0.0000006826715119
38.69000 0.0000007543445035
38.71000 0.0000006631847849
38.73000 0.0000007087791002
38.75000 0.0000007648106685
38.77000 0.0000006438137061
38.79000 0.0000007356673141
38.81000 0.0000006906801520
38.83000 0.0000007177707502
38.85000 0.0000006641099707
38.87000 0.0000007288440684
38.89000 0.0000006870372327
38.91000 0.0000006720029625
38.93000 0.0000007179442226
38.95000 0.0000006853025092
38.97000 0.0000006985442317
38.99000 0.0000006611898529
39.01000 0.0000007008282843
39.03000 0.0000006974744856
39.05000 0.0000006446810678
39.07000 0.0000007218184384
39.09000 0.0000006462134069
39.11000 0.0000007051940050
39.13000 0.0000006584721194
39.15000 0.0000006877022100
39.17000 0.0000006616235337
39.19000 0.0000006676661538
39.21000 0.0000006754145854
39.23000 0.0000006852446851
39.25000 0.0000006420789826
39.27000 0.0000007199102425
39.29000 0.0000006049559002
39.31000 0.0000007051650930
39.33000 0.0000006217248938
39.35000 0.0000006921257549
39.37000 0.0000006718584022
39.39000 0.0000006207129718
39.41000 0.0000006901886470
39.43000 0.0000006498563262
39.45000 0.0000006550315845
39.47000 0.0000006159713943
39.49000 0.0000006877600341
39.51000 0.0000006471964168
39.53000 0.0000006220718385
39.55000 0.0000006553785292
39.57000 0.0000006340125184
39.59000 0.0000006689093723
39.61000 0.0000006069508322
39.63000 0.0000006877889462
39.65000 0.0000005987687198
39.67000 0.0000006430909046
39.69000 0.0000006528920922
39.71000 0.0000006151040325
39.73000 0.0000006475433615
39.75000 0.0000006037994179
39.77000 0.0000006608429082
39.79000 0.0000005886205875
39.81000 0.0000006785659997
39.83000 0.0000005985374233
39.85000 0.0000006185734795
39.87000 0.0000006486420197
39.89000 0.0000006069508322
39.91000 0.0000006147570878
39.93000 0.0000006295022374
39.95000 0.0000006079338422
39.97000 0.0000006304274232
39.99000 0.0000006127332438
40.01000 0.0000006038572420
40.03000 0.0000006199323462
40.05000 0.0000006051871967
40.07000 0.0000006042620108
40.09000 0.0000006045222193
40.11000 0.0000006302539509
40.13000 0.0000006028742320
40.15000 0.0000005804384751
40.17000 0.0000006355448575
40.19000 0.0000005744247670
40.21000 0.0000005999252021
40.23000 0.0000006015153653
40.25000 0.0000006105648394
40.27000 0.0000005827225276
40.29000 0.0000006192095447
40.31000 0.0000005811323645
40.33000 0.0000005728056918
40.35000 0.0000006175615574
40.37000 0.0000005714757371
40.39000 0.0000006215514214
40.41000 0.0000005331094362
40.43000 0.0000006316417297
40.45000 0.0000005514396810
40.47000 0.0000006197010497
40.49000 0.0000005504855830
40.51000 0.0000006070086563
40.53000 0.0000005485484752
40.55000 0.0000006095529174
40.57000 0.0000005564414670
40.59000 0.0000005898927180
40.61000 0.0000005641031623
40.63000 0.0000005764775231
40.65000 0.0000005727478677
40.67000 0.0000005614143409
40.69000 0.0000005985374233
40.71000 0.0000005452235885
40.73000 0.0000005730659003
40.75000 0.0000005507168795
40.77000 0.0000005829538241
40.79000 0.0000005734128450
40.81000 0.0000005281943864
40.83000 0.0000005862787108
40.85000 0.0000005539839421
40.87000 0.0000005578292458
40.89000 0.0000005488086837
40.91000 0.0000005767088196
40.93000 0.0000005300736701
40.95000 0.0000005583496628
40.97000 0.0000005870304243
40.99000 0.0000005114253928
41.01000 0.0000005776918296
41.03000 0.0000005333985568
41.05000 0.0000005488375957
41.07000 0.0000005491845404
41.09000 0.0000005359717300
41.11000 0.0000005658957099
41.13000 0.0000005588122557
41.15000 0.0000004876307691
41.17000 0.0000006075290733
41.19000 0.0000004762972424
41.21000 0.0000005750897443
41.23000 0.0000005268933438
41.25000 0.0000005271246402
41.27000 0.0000005494158369
41.29000 0.0000005113675687
41.31000 0.0000005577425096
41.33000 0.0000005152996085
41.35000 0.0000005240599621
41.37000 0.0000005506301433
41.39000 0.0000005129577318
41.41000 0.0000005128420836
41.43000 0.0000005574823011
41.45000 0.0000005195207690
41.47000 0.0000005127842595
41.49000 0.0000005226143592
41.51000 0.0000005384870790
41.53000 0.0000005069729359
41.55000 0.0000005285991552
41.57000 0.0000004929794998
41.59000 0.0000005511216483
41.61000 0.0000004884403067
41.63000 0.0000005227589195
41.65000 0.0000005064525188
41.67000 0.0000005348730718
41.69000 0.0000005007279313
41.71000 0.0000004878042414
41.73000 0.0000005501097263
41.75000 0.0000004826868072
41.77000 0.0000005027806875
41.79000 0.0000005373016846
41.81000 0.0000004462287021
41.83000 0.0000005529431080
41.85000 0.0000004949455198
41.87000 0.0000004799112496
41.89000 0.0000005386605513
41.91000 0.0000004726543231
41.93000 0.0000004896257011
41.95000 0.0000005299291099
41.97000 0.0000004746203430
41.99000 0.0000005135937971
42.01000 0.0000004823109504
42.03000 0.0000004969693638
42.05000 0.0000004869947038
42.07000 0.0000005077246494
42.09000 0.0000004635470248
42.11000 0.0000005000918661
42.13000 0.0000004947720474
42.15000 0.0000004943383665
42.17000 0.0000004542373422
42.19000 0.0000005279052658
42.21000 0.0000004631711681
42.23000 0.0000004815014128
42.25000 0.0000004743023104
42.27000 0.0000004977789014
42.29000 0.0000004704570067
42.31000 0.0000004784367347
42.33000 0.0000004613207964
42.35000 0.0000005157622015
42.37000 0.0000004501607420
42.39000 0.0000004667273512
42.41000 0.0000005030119839
42.43000 0.0000004348373513
42.45000 0.0000005100665261
42.47000 0.0000004596438970
42.49000 0.0000004437711772
42.51000 0.0000005166006511
42.53000 0.0000004108692553
42.55000 0.0000005065970791
42.57000 0.0000004637783213
42.59000 0.0000004384802706
42.61000 0.0000004958707056
42.63000 0.0000004392319841
42.65000 0.0000004849419477
42.67000 0.0000004371214039
42.69000 0.0000004709195996
42.71000 0.0000004711508961
42.73000 0.0000004464310865
42.75000 0.0000004759502977
42.77000 0.0000004158710413
42.79000 0.0000004844215307
42.81000 0.0000004585163268
42.83000 0.0000004444939787
42.85000 0.0000004496692370
42.87000 0.0000004686066350
42.89000 0.0000004365720748
42.91000 0.0000004380465897
42.93000 0.0000004690114038
42.95000 0.0000004333917484
42.97000 0.0000004496692370
42.99000 0.0000004496981491
43.01000 0.0000004460552298
43.03000 0.0000004448987475
43.05000 0.0000004350975598
43.07000 0.0000004689824917
43.09000 0.0000003974251483
43.11000 0.0000004679994818
43.13000 0.0000004443205063
43.15000 0.0000004141074058
43.17000 0.0000004544975507
43.19000 0.0000004279851936
43.21000 0.0000004501896541
43.23000 0.0000004317437611
43.25000 0.0000004161023378
43.27000 0.0000004643854745
43.29000 0.0000003911801438
43.31000 0.0000004722495543
43.33000 0.0000003971071157
43.35000 0.0000004391163359
43.37000 0.0000004376996450
43.39000 0.0000004222027820
43.41000 0.0000004248337793
43.43000 0.0000004291416759
43.45000 0.0000004289971156
43.47000 0.0000004045086025
43.49000 0.0000004664093186
43.51000 0.0000003729655473
43.53000 0.0000004467491192
43.55000 0.0000004192248400
43.57000 0.0000004259035254
43.59000 0.0000003993622562
43.61000 0.0000004400993459
43.63000 0.0000004064746225
43.65000 0.0000004191670159
43.67000 0.0000003987551030
43.69000 0.0000004462865263
43.71000 0.0000003991598718
43.73000 0.0000004042773061
43.75000 0.0000004304138064
43.77000 0.0000003924811864
43.79000 0.0000004225786387
43.81000 0.0000004095682127
43.83000 0.0000004015306606
43.85000 0.0000004145410866
43.87000 0.0000004033521202
43.89000 0.0000004276671609
43.91000 0.0000003711729997
43.93000 0.0000004276093368
43.95000 0.0000004026582308
43.97000 0.0000003796153207
43.99000 0.0000004435687928
44.01000 0.0000003535655565
44.03000 0.0000004275804248
44.05000 0.0000004104644865
44.07000 0.0000003835762726
44.09000 0.0000003873926642
44.11000 0.0000004322352661
44.13000 0.0000003413646680
44.15000 0.0000004467491192
44.17000 0.0000003634534803
44.19000 0.0000004145121746
44.21000 0.0000003688889472
44.23000 0.0000004284188745
44.25000 0.0000003522066897
44.27000 0.0000004177214130
44.29000 0.0000003751628637
44.31000 0.0000004107825191
44.33000 0.0000003640317214
44.35000 0.0000004097705971
44.37000 0.0000003662290378
44.39000 0.0000003925968347
44.41000 0.0000003783431901
44.43000 0.0000004085273786
44.45000 0.0000003546642147
44.47000 0.0000004012993641
44.49000 0.0000003857735890
44.51000 0.0000003817837250
44.53000 0.0000003477253208
44.55000 0.0000004333917484
44.57000 0.0000003287300987
44.59000 0.0000004076889289
44.61000 0.0000003706814948
44.63000 0.0000003724162182
44.65000 0.0000003913825282
44.67000 0.0000003508767351
44.69000 0.0000003924233623
44.71000 0.0000003620078774
44.73000 0.0000003801357377
44.75000 0.0000003585673425
44.77000 0.0000003945917667
44.79000 0.0000003528716671
44.81000 0.0000003640606335
44.83000 0.0000003948230631
44.85000 0.0000003371724196
44.87000 0.0000003786323107
44.89000 0.0000003763771702
44.91000 0.0000003506454386
44.93000 0.0000003758278411
44.95000 0.0000003720114494
44.97000 0.0000003416248765
44.99000 0.0000003964421384
45.01000 0.0000003297709328
45.03000 0.0000003855133805
45.05000 0.0000003598972971
45.07000 0.0000003329512592
45.09000 0.0000004023691103
45.11000 0.0000003337897088
45.13000 0.0000003612272518
45.15000 0.0000003618633171
45.17000 0.0000003503563180
45.19000 0.0000003592901439
45.21000 0.0000003523512500
45.23000 0.0000003746713588
45.25000 0.0000003186108784
45.27000 0.0000003884334983
45.29000 0.0000003309563272
45.31000 0.0000003616609327
45.33000 0.0000003467712228
45.35000 0.0000003653038520
45.37000 0.0000003024779501
45.39000 0.0000004200054656
45.41000 0.0000002828466628
45.43000 0.0000003858025011
45.45000 0.0000003350907514
45.47000 0.0000003447184667
45.49000 0.0000003457593008
45.51000 0.0000003754519843
45.53000 0.0000002910576872
45.55000 0.0000003777360369
45.57000 0.0000003458749491
45.59000 0.0000003029116310
45.61000 0.0000004017619570
45.63000 0.0000002746934624
45.65000 0.0000003967601710
45.67000 0.0000003168761549
45.69000 0.0000003142451577
45.71000 0.0000003793551121
45.73000 0.0000003082314496
45.75000 0.0000003474362002
45.77000 0.0000003405840425
45.79000 0.0000003248269709
45.81000 0.0000003345992465
45.83000 0.0000003450654114
45.85000 0.0000003209527551
45.87000 0.0000003344835982
45.89000 0.0000003500961095
45.91000 0.0000003042415856
45.93000 0.0000003417694368
45.95000 0.0000003345992465
45.97000 0.0000003308117669
45.99000 0.0000003228320389
46.01000 0.0000003382999899
46.03000 0.0000002941512774
46.05000 0.0000003595503525
46.07000 0.0000003180037252
46.09000 0.0000003269953752
46.11000 0.0000003217044686
46.13000 0.0000003217912048
46.15000 0.0000003341366535
46.17000 0.0000003127995548
46.19000 0.0000003357557288
46.21000 0.0000003129152030
46.23000 0.0000003114406881
46.25000 0.0000003422609418
46.27000 0.0000002997313046
46.29000 0.0000003311297995
46.31000 0.0000003098505249
46.33000 0.0000003413357560
46.35000 0.0000002973026917
46.37000 0.0000003062943417
46.39000 0.0000003411333716
46.41000 0.0000002999626011
46.43000 0.0000003154016400
46.45000 0.0000003206925466
46.47000 0.0000003051378594
46.49000 0.0000003195360643
46.51000 0.0000003131464995
46.53000 0.0000002983435258
46.55000 0.0000003271110235
46.57000 0.0000002941801895
46.59000 0.0000003293083399
46.61000 0.0000002938910689
46.63000 0.0000003119321930
46.65000 0.0000003030851033
46.67000 0.0000003275157923
46.69000 0.0000002784231179
46.71000 0.0000003290481313
46.73000 0.0000002964353300
46.75000 0.0000002974472520
46.77000 0.0000003224561821
46.79000 0.0000002859113409
46.81000 0.0000003147077506
46.83000 0.0000002913468078
46.85000 0.0000003217044686
46.87000 0.0000002777292285
46.89000 0.0000003166737705
46.91000 0.0000002886290743
46.93000 0.0000003134645321
46.95000 0.0000002910287752
46.97000 0.0000002983146138
46.99000 0.0000002894096999
47.01000 0.0000003266195185
47.03000 0.0000002661644053
47.05000 0.0000002925322022
47.07000 0.0000003272266717
47.09000 0.0000002657596365
47.11000 0.0000003108624469
47.13000 0.0000002814010599
47.15000 0.0000003014949401
47.17000 0.0000002925032901
47.19000 0.0000002946427824
47.21000 0.0000002886001623
47.23000 0.0000002839742330
47.25000 0.0000003146210144
47.27000 0.0000002628106066
47.29000 0.0000003034609601
47.31000 0.0000002864317579
47.33000 0.0000002885712502
47.35000 0.0000002887158105
47.37000 0.0000002827310145
47.39000 0.0000002846681224
47.41000 0.0000003029116310
47.43000 0.0000002495110600
47.45000 0.0000003228898630
47.47000 0.0000002678991288
47.49000 0.0000002777581406
47.51000 0.0000003036344324
47.53000 0.0000002632731995
47.55000 0.0000002809095549
47.57000 0.0000003008299628
47.59000 0.0000002634755839
47.61000 0.0000002974761641
47.63000 0.0000002428034625
47.65000 0.0000003251450035
47.67000 0.0000002555825921
47.69000 0.0000002846392103
47.71000 0.0000002696627643
47.73000 0.0000002771798994
47.75000 0.0000002958860009
47.77000 0.0000002571149312
47.79000 0.0000002817480046
47.81000 0.0000002794350399
47.83000 0.0000002692869076
47.85000 0.0000002748958468
47.87000 0.0000002944403980
47.89000 0.0000002356621842
47.91000 0.0000003055137162
47.93000 0.0000002455501080
47.95000 0.0000002878195367
47.97000 0.0000002697784126
47.99000 0.0000002705012140
48.01000 0.0000002502338614
48.03000 0.0000002939488930
48.05000 0.0000002670317671
48.07000 0.0000002472848315
48.09000 0.0000003052535077
48.11000 0.0000002296484762
48.13000 0.0000002929658830
48.15000 0.0000002521709693
48.17000 0.0000002837140245
48.19000 0.0000002395364000
48.21000 0.0000002781629094
48.23000 0.0000002848994189
48.25000 0.0000002250514590
48.27000 0.0000002760812412
48.29000 0.0000002872412956
48.31000 0.0000002278848406
48.33000 0.0000002800421931
48.35000 0.0000002634755839
48.37000 0.0000002654126918
48.39000 0.0000002308916947
48.41000 0.0000003021310054
48.43000 0.0000002346502622
48.45000 0.0000002551199992
48.47000 0.0000002627238704
48.49000 0.0000002653259557
48.51000 0.0000002468800627
48.53000 0.0000002748669348
48.55000 0.0000002257453483
48.57000 0.0000002858824288
48.59000 0.0000002406350582
48.61000 0.0000002612493555
48.63000 0.0000002452609874
48.65000 0.0000002684484579
48.67000 0.0000002425143419
48.69000 0.0000002463885577
48.71000 0.0000002797530726
48.73000 0.0000002267283583
48.75000 0.0000002567101624
48.77000 0.0000002656439883
48.79000 0.0000002269018307
48.81000 0.0000002763992738
48.83000 0.0000002265837980
48.85000 0.0000002581557653
48.87000 0.0000002494821479
48.89000 0.0000002432949675
48.91000 0.0000002573462277
48.93000 0.0000002443068895
48.95000 0.0000002237793284
48.97000 0.0000002882243055
48.99000 0.0000002148744146
49.01000 0.0000002463307336
49.03000 0.0000002646320663
49.05000 0.0000002179680048
49.07000 0.0000002570860191
49.09000 0.0000002454055477
49.11000 0.0000002559006248
49.13000 0.0000002064610057
49.15000 0.0000002779894370
49.17000 0.0000002146720302
49.19000 0.0000002673787118
49.21000 0.0000002285498180
49.23000 0.0000002239817128
49.25000 0.0000002695182041
49.27000 0.0000002232299993
49.29000 0.0000002322794734
49.31000 0.0000002598615767
49.33000 0.0000002179680048
49.35000 0.0000002367897545
49.37000 0.0000002557271524
49.39000 0.0000002133998996
49.41000 0.0000002498290926
49.43000 0.0000002467355024
49.45000 0.0000002170717310
49.47000 0.0000002486436982
49.49000 0.0000002194136077
49.51000 0.0000002563632177
49.53000 0.0000002230854390
49.55000 0.0000002196449041
49.57000 0.0000002624058378
49.59000 0.0000002114049676
49.61000 0.0000002299086847
49.63000 0.0000002430058469
49.65000 0.0000002274511598
49.67000 0.0000002276246321
49.69000 0.0000002338118125
49.71000 0.0000002215530999
49.73000 0.0000002438153845
49.75000 0.0000002126481861
49.77000 0.0000002389292468
49.79000 0.0000002262657654
49.81000 0.0000002334937799
49.83000 0.0000002134288117
49.85000 0.0000002467065903
49.87000 0.0000002062007972
49.89000 0.0000002431214952
49.91000 0.0000002179390927
49.93000 0.0000002275668080
49.95000 0.0000002194714318
49.97000 0.0000002280583130
49.99000 0.0000002306025741
50.01000 0.0000002011990112
50.03000 0.0000002524600899
50.05000 0.0000002121855932
50.07000 0.0000001927856023
50.09000 0.0000003044439700
50.11000 -0.0000000397829917
50.13000 0.0000012375806398
50.15000 -0.0000036461863621
50.17000 0.0000146956810147
50.19000 -0.0000538790944730
50.21000 0.0000074551476104
50.23000 -0.0000268184779939
50.25000 0.0001012703809700
