0.25000 80.1494808062436022
0.27000 59.5250757605136798
0.29000 44.0331973075441709
0.31000 50.5431917970141384
0.33000 37.7097999886173625
0.35000 28.7468121605190206
0.37000 22.1244197957225879
0.39000 17.2365627570253395
0.41000 13.5617626814844137
0.43000 10.7715001735099438
0.45000 8.6284629898288738
0.47000 6.9661801343039160
0.49000 5.6644112226660042
0.51000 4.6367068078107661
0.53000 3.8189406111367723
0.55000 3.1623578163140342
0.57000 2.6329133688465092
0.59000 2.2026750528068151
0.61000 1.8502329419550765
0.63000 1.5611030518229010
0.65000 1.3219279176458070
0.67000 1.1230967152560387
0.69000 0.9572054825192354
0.71000 0.8183089398108855
0.73000 0.7014079594653415
0.75000 0.6024023380696990
0.77000 0.5184393726230528
0.79000 0.4471313163837559
0.81000 0.3864062719481642
0.83000 0.3337623442848519
0.85000 0.2895364663892119
0.87000 0.2503861051359607
0.89000 0.2170619658181660
0.91000 0.1890564851059206
0.93000 0.1628914672816700
0.95000 0.1414367803639904
0.97000 0.1228928050225897
0.99000 0.1061258271192744
1.01000 0.0914335421368928
1.03000 0.0788390909622211
1.05000 0.0678441949217290
1.07000 0.0580753296928332
1.09000 0.0494513914053862
1.11000 0.0418451109786971
1.13000 0.0351727094186072
1.15000 0.0293193901344801
1.17000 0.0241393661309930
1.19000 0.0195542327625225
1.21000 0.0155055898606871
1.23000 0.0118994134910150
1.25000 0.0087191426769578
1.27000 0.0059213595623997
1.29000 0.0034393915666897
1.31000 0.0012558226281795
1.33000 -0.0006962794941306
1.35000 -0.0024104388051532
1.37000 -0.0039185340319769
1.39000 -0.0052664233182731
1.41000 -0.0064509374699678
1.43000 -0.0074358057072788
1.45000 -0.0084116749069635
1.47000 -0.0091256107063314
1.49000 -0.0098921483678016
1.51000 -0.0104715975005748
1.53000 -0.0109224499375560
1.55000 -0.0115328678169935
1.57000 -0.0117820858486217
1.59000 -0.0121269215641595
1.61000 -0.0124776554644157
1.63000 -0.0126640593844929
1.65000 -0.0128332036594680
1.67000 -0.0130211754000714
1.69000 -0.0131458776017612
1.71000 -0.0132085089220302
1.73000 -0.0132803989819075
1.75000 -0.0133288019336930
1.77000 -0.0133436430793665
1.79000 -0.0133394822895982
1.81000 -0.0133114473176849
1.83000 -0.0132946453516164
1.85000 -0.0132475096066564
1.87000 -0.0131748544573984
1.89000 -0.0131131782064864
1.91000 -0.0130331779708837
1.93000 -0.0129479470201144
1.95000 -0.0128660561440896
1.97000 -0.0127514063266720
1.99000 -0.0126242103055951
2.01000 -0.0125188741664783
2.03000 -0.0124241472127667
2.05000 -0.0122927733339773
2.07000 -0.0121872664494982
2.09000 -0.0120560418107041
2.11000 -0.0119474115149731
2.13000 -0.0118005149176564
2.15000 -0.0116454864501625
2.17000 -0.0115556104476888
2.19000 -0.0114007254643778
2.21000 -0.0112809477280373
2.23000 -0.0111570645656284
2.25000 -0.0110149950272032
2.27000 -0.0108981571128597
2.29000 -0.0107666315984217
2.31000 -0.0106216435542816
2.33000 -0.0104880845119837
2.35000 -0.0103582552882231
2.37000 -0.0102342555437229
2.39000 -0.0101145694979265
2.41000 -0.0099953619166204
2.43000 -0.0098581807647657
2.45000 -0.0097327779377543
2.47000 -0.0096293463897057
2.49000 -0.0095088931572479
2.51000 -0.0093763736636054
2.53000 -0.0092513172539332
2.55000 -0.0091339867509810
2.57000 -0.0090186402981057
2.59000 -0.0089102783953215
2.61000 -0.0087959492189871
2.63000 -0.0086726190656056
2.65000 -0.0085670501127205
2.67000 -0.0084644986679538
2.69000 -0.0083700264601194
2.71000 -0.0082584265537200
2.73000 -0.0081452551231598
2.75000 -0.0080399737215076
2.77000 -0.0079417267206949
2.79000 -0.0078541049046421
2.81000 -0.0077498485788474
2.83000 -0.0076556358578894
2.85000 -0.0075536989857516
2.87000 -0.0074475595586432
2.89000 -0.0073583810260291
2.91000 -0.0072769477717921
2.93000 -0.0071938950144124
2.95000 -0.0071036432899158
2.97000 -0.0070106148213067
2.99000 -0.0069240614457289
3.01000 -0.0068364406618365
3.03000 -0.0067495404421775
3.05000 -0.0066711642841832
3.07000 -0.0065977729304251
3.09000 -0.0065162826488885
3.11000 -0.0064329148397047
3.13000 -0.0063642472750147
3.15000 -0.0062906790696676
3.17000 -0.0062026408662041
3.19000 -0.0061197028763948
3.21000 -0.0060524300519310
3.23000 -0.0059891493500719
3.25000 -0.0059231858376418
3.27000 -0.0058510356212849
3.29000 -0.0057754617980438
3.31000 -0.0057148185801659
3.33000 -0.0056515842596083
3.35000 -0.0055839187093620
3.37000 -0.0055093758409563
3.39000 -0.0054427270052004
3.41000 -0.0053916826697753
3.43000 -0.0053314012406214
3.45000 -0.0052724717161667
3.47000 -0.0052140507553894
3.49000 -0.0051503615192128
3.51000 -0.0050897695173108
3.53000 -0.0050365452052004
3.55000 -0.0049862693123764
3.57000 -0.0049288410020054
3.59000 -0.0048655180648338
3.61000 -0.0048079534745865
3.63000 -0.0047569597774744
3.65000 -0.0047095852929308
3.67000 -0.0046645952517244
3.69000 -0.0046113256754743
3.71000 -0.0045552665320359
3.73000 -0.0045072917551070
3.75000 -0.0044596864152979
3.77000 -0.0044102375709731
3.79000 -0.0043641345728179
3.81000 -0.0043206819337616
3.83000 -0.0042754706788828
3.85000 -0.0042255481769865
3.87000 -0.0041740687642400
3.89000 -0.0041323405062382
3.91000 -0.0040936115122681
3.93000 -0.0040519366837494
3.95000 -0.0040106936521900
3.97000 -0.0039703229696986
3.99000 -0.0039325649854594
4.01000 -0.0038938066000693
4.03000 -0.0038454066580290
4.05000 -0.0038020263257166
4.07000 -0.0037694117879100
4.09000 -0.0037342771513904
4.11000 -0.0036970982976448
4.13000 -0.0036555545847305
4.15000 -0.0036176921597297
4.17000 -0.0035849610467709
4.19000 -0.0035482254703845
4.21000 -0.0035120628523455
4.23000 -0.0034740927027516
4.25000 -0.0034384553676547
4.27000 -0.0034106693112129
4.29000 -0.0033811017041696
4.31000 -0.0033466012999001
4.33000 -0.0033149245466657
4.35000 -0.0032821691770685
4.37000 -0.0032462858373661
4.39000 -0.0032144077295737
4.41000 -0.0031852160874146
4.43000 -0.0031588730242671
4.45000 -0.0031264588053886
4.47000 -0.0030918061496438
4.49000 -0.0030642815854187
4.51000 -0.0030380725244555
4.53000 -0.0030100240928227
4.55000 -0.0029817769607587
4.57000 -0.0029571733672906
4.59000 -0.0029282763019944
4.61000 -0.0028926023035170
4.63000 -0.0028643819850738
4.65000 -0.0028444139699851
4.67000 -0.0028221611228507
4.69000 -0.0027957715517668
4.71000 -0.0027688839571854
4.73000 -0.0027424982805557
4.75000 -0.0027184041146572
4.77000 -0.0026956276429763
4.79000 -0.0026683874779915
4.81000 -0.0026437894061482
4.83000 -0.0026242848397834
4.85000 -0.0026002453697160
4.87000 -0.0025757455075076
4.89000 -0.0025506747443338
4.91000 -0.0025252284985289
4.93000 -0.0025041475663901
4.95000 -0.0024858414198609
4.97000 -0.0024650393028874
4.99000 -0.0024405574731295
5.01000 -0.0024213125723177
5.03000 -0.0024023381721416
5.05000 -0.0023788040426354
5.07000 -0.0023579693267384
5.09000 -0.0023390571406851
5.11000 -0.0023158227592524
5.13000 -0.0022933080521398
5.15000 -0.0022779328007205
5.17000 -0.0022622647114987
5.19000 -0.0022424518162506
5.21000 -0.0022204303543397
5.23000 -0.0021998949224777
5.25000 -0.0021823739586313
5.27000 -0.0021650063287276
5.29000 -0.0021481054608696
5.31000 -0.0021314243581899
5.33000 -0.0021148163706353
5.35000 -0.0020943931328815
5.37000 -0.0020738558301203
5.39000 -0.0020598608218431
5.41000 -0.0020446564051244
5.43000 -0.0020267920354186
5.45000 -0.0020084751015115
5.47000 -0.0019889751937466
5.49000 -0.0019735820928901
5.51000 -0.0019612016975701
5.53000 -0.0019454152282161
5.55000 -0.0019293431227640
5.57000 -0.0019148000719726
5.59000 -0.0018994014035212
5.61000 -0.0018838733429130
5.63000 -0.0018681506064322
5.65000 -0.0018507727182412
5.67000 -0.0018359934163270
5.69000 -0.0018250147894652
5.71000 -0.0018121200737881
5.73000 -0.0017966351149867
5.75000 -0.0017802781627357
5.77000 -0.0017656275556194
5.79000 -0.0017524118579859
5.81000 -0.0017403466983507
5.83000 -0.0017277811100239
5.85000 -0.0017135721825864
5.87000 -0.0016985020464752
5.89000 -0.0016852418419089
5.91000 -0.0016741328219549
5.93000 -0.0016609194618614
5.95000 -0.0016473087919786
5.97000 -0.0016336643340192
5.99000 -0.0016223537045029
6.01000 -0.0016135976253079
6.03000 -0.0016013696800890
6.05000 -0.0015882926718627
6.07000 -0.0015761356568847
6.09000 -0.0015620621992077
6.11000 -0.0015497338117648
6.13000 -0.0015380769661372
6.15000 -0.0015268331928636
6.17000 -0.0015182278177706
6.19000 -0.0015069768748849
6.21000 -0.0014924717416792
6.23000 -0.0014820643297678
6.25000 -0.0014736477949376
6.27000 -0.0014613713555239
6.29000 -0.0014496671250572
6.31000 -0.0014404244333757
6.33000 -0.0014294670811626
6.35000 -0.0014189906168485
6.37000 -0.0014107233888005
6.39000 -0.0013999610455270
6.41000 -0.0013875361398047
6.43000 -0.0013783835045578
6.45000 -0.0013699544051254
6.47000 -0.0013595049972934
6.49000 -0.0013479946525327
6.51000 -0.0013382835777065
6.53000 -0.0013305201836122
6.55000 -0.0013212510686228
6.57000 -0.0013129478615426
6.59000 -0.0013042507802929
6.61000 -0.0012941614750336
6.63000 -0.0012838537949769
6.65000 -0.0012740583440682
6.67000 -0.0012661044244272
6.69000 -0.0012574795128784
6.71000 -0.0012472539971317
6.73000 -0.0012385722699196
6.75000 -0.0012311689619182
6.77000 -0.0012222597656208
6.79000 -0.0012132755269206
6.81000 -0.0012053611312193
6.83000 -0.0011970920027818
6.85000 -0.0011899246050301
6.87000 -0.0011823588549204
6.89000 -0.0011731528110070
6.91000 -0.0011656334890364
6.93000 -0.0011578786566699
6.95000 -0.0011484728550115
6.97000 -0.0011400143372711
6.99000 -0.0011333179741890
7.01000 -0.0011269196912439
7.03000 -0.0011202088102610
7.05000 -0.0011127894404550
7.07000 -0.0011036545202042
7.09000 -0.0010951227390199
7.11000 -0.0010884393161076
7.13000 -0.0010820323994437
7.15000 -0.0010739525319395
7.17000 -0.0010661238957627
7.19000 -0.0010606862332896
7.21000 -0.0010534175927390
7.23000 -0.0010458303216498
7.25000 -0.0010392626837233
7.27000 -0.0010328124024420
7.29000 -0.0010265036069421
7.31000 -0.0010193417793875
7.33000 -0.0010128383826080
7.35000 -0.0010064323003461
7.37000 -0.0009988928139498
7.39000 -0.0009920073018241
7.41000 -0.0009867708594680
7.43000 -0.0009810987881484
7.45000 -0.0009744067202416
7.47000 -0.0009673392625115
7.49000 -0.0009604891734391
7.51000 -0.0009545554251547
7.53000 -0.0009489705254245
7.55000 -0.0009428359048352
7.57000 -0.0009368136162646
7.59000 -0.0009315029528972
7.61000 -0.0009261640161393
7.63000 -0.0009197708367506
7.65000 -0.0009135099456395
7.67000 -0.0009085315052365
7.69000 -0.0009025111014430
7.71000 -0.0008959770625080
7.73000 -0.0008902107870301
7.75000 -0.0008851198489424
7.77000 -0.0008803901696205
7.79000 -0.0008749266424204
7.81000 -0.0008692642213676
7.83000 -0.0008628253068618
7.85000 -0.0008576866760215
7.87000 -0.0008539291799711
7.89000 -0.0008486355498535
7.91000 -0.0008427635091526
7.93000 -0.0008367849468893
7.95000 -0.0008314445208712
7.97000 -0.0008267974655612
7.99000 -0.0008215488879471
8.01000 -0.0008164545654138
8.03000 -0.0008119254383404
8.05000 -0.0008069314634887
8.07000 -0.0008020309364559
8.09000 -0.0007976695285197
8.11000 -0.0007927692773080
8.13000 -0.0007876126200887
8.15000 -0.0007829229721132
8.17000 -0.0007784917164036
8.19000 -0.0007739801690179
8.21000 -0.0007690725096696
8.23000 -0.0007636124987540
8.25000 -0.0007593491833588
8.27000 -0.0007560151237679
8.29000 -0.0007518392774672
8.31000 -0.0007469945729685
8.33000 -0.0007423736148385
8.35000 -0.0007374835291063
8.37000 -0.0007326118817499
8.39000 -0.0007284488802092
8.41000 -0.0007245111819515
8.43000 -0.0007205029099386
8.45000 -0.0007159556662806
8.47000 -0.0007120280441641
8.49000 -0.0007079477785249
8.51000 -0.0007032524484626
8.53000 -0.0006996503914419
8.55000 -0.0006957862307144
8.57000 -0.0006910340077937
8.59000 -0.0006870869437639
8.61000 -0.0006837538538834
8.63000 -0.0006807352685018
8.65000 -0.0006768624662493
8.67000 -0.0006717714882629
8.69000 -0.0006674938917567
8.71000 -0.0006640597091309
8.73000 -0.0006603057666615
8.75000 -0.0006566786957957
8.77000 -0.0006528896624725
8.79000 -0.0006489262278572
8.81000 -0.0006451882821404
8.83000 -0.0006416072595092
8.85000 -0.0006380496651859
8.87000 -0.0006344744651540
8.89000 -0.0006310530709097
8.91000 -0.0006279359913985
8.93000 -0.0006248606727530
8.95000 -0.0006210690139258
8.97000 -0.0006166161184082
8.99000 -0.0006128777008466
9.01000 -0.0006099290707912
9.03000 -0.0006066549372227
9.05000 -0.0006032678471352
9.07000 -0.0005997657943208
9.09000 -0.0005965294482338
9.11000 -0.0005933373870351
9.13000 -0.0005901847587031
9.15000 -0.0005874235273554
9.17000 -0.0005840974787175
9.19000 -0.0005802602487046
9.21000 -0.0005771090385090
9.23000 -0.0005738114003048
9.25000 -0.0005703056724787
9.27000 -0.0005676311079159
9.29000 -0.0005651638801049
9.31000 -0.0005621446511408
9.33000 -0.0005585624514998
9.35000 -0.0005553362414021
9.37000 -0.0005527192445051
9.39000 -0.0005497439179228
9.41000 -0.0005464558189630
9.43000 -0.0005436161694405
9.45000 -0.0005408789579414
9.47000 -0.0005378965666977
9.49000 -0.0005354007844710
9.51000 -0.0005327720790579
9.53000 -0.0005295012856996
9.55000 -0.0005264899054919
9.57000 -0.0005236757060975
9.59000 -0.0005206281334866
9.61000 -0.0005180241097191
9.63000 -0.0005154638504229
9.65000 -0.0005123972201398
9.67000 -0.0005098979580578
9.69000 -0.0005073750933282
9.71000 -0.0005043634451057
9.73000 -0.0005013653138486
9.75000 -0.0004988665435607
9.77000 -0.0004968282764362
9.79000 -0.0004941966584224
9.81000 -0.0004912768854920
9.83000 -0.0004888354799074
9.85000 -0.0004862329740229
9.87000 -0.0004837709920158
9.89000 -0.0004814833323707
9.91000 -0.0004790139682478
9.93000 -0.0004767163625657
9.95000 -0.0004741292818425
9.97000 -0.0004714205267473
9.99000 -0.0004689171160741
10.01000 -0.0004663631451504
10.03000 -0.0004641507846473
10.05000 -0.0004619743606757
10.07000 -0.0004592709563350
10.09000 -0.0004566931399025
10.11000 -0.0004546578460940
10.13000 -0.0004525550611340
10.15000 -0.0004503574423109
10.17000 -0.0004481047911203
10.19000 -0.0004457145425310
10.21000 -0.0004432879948529
10.23000 -0.0004409601885025
10.25000 -0.0004387671892481
10.27000 -0.0004364298610005
10.29000 -0.0004343538905285
10.31000 -0.0004320674876906
10.33000 -0.0004298271322201
10.35000 -0.0004281135003795
10.37000 -0.0004262063653393
10.39000 -0.0004237901245208
10.41000 -0.0004212560595490
10.43000 -0.0004193134624242
10.45000 -0.0004174637215776
10.47000 -0.0004151373368330
10.49000 -0.0004129829880850
10.51000 -0.0004111142546184
10.53000 -0.0004091737261513
10.55000 -0.0004072041853015
10.57000 -0.0004049873032416
10.59000 -0.0004028696447625
10.61000 -0.0004009443367592
10.63000 -0.0003989904257679
10.65000 -0.0003972816667655
10.67000 -0.0003954134797368
10.69000 -0.0003932007783605
10.71000 -0.0003912685600863
10.73000 -0.0003895138777493
10.75000 -0.0003873058939535
10.77000 -0.0003855604681011
10.79000 -0.0003841286603037
10.81000 -0.0003821575842236
10.83000 -0.0003799277732697
10.85000 -0.0003780223920349
10.87000 -0.0003763851764982
10.89000 -0.0003746303510466
10.91000 -0.0003729262749302
10.93000 -0.0003709005819488
10.95000 -0.0003690479545224
10.97000 -0.0003674667731560
10.99000 -0.0003655905448166
11.01000 -0.0003638948422105
11.03000 -0.0003622293714978
11.05000 -0.0003604463533202
11.07000 -0.0003585611235007
11.09000 -0.0003568024903311
11.11000 -0.0003555035276576
11.13000 -0.0003537495045156
11.15000 -0.0003518230559316
11.17000 -0.0003503638290950
11.19000 -0.0003488716373082
11.21000 -0.0003473320181815
11.23000 -0.0003457029384979
11.25000 -0.0003437493440936
11.27000 -0.0003419572732616
11.29000 -0.0003404048579472
11.31000 -0.0003387445437000
11.33000 -0.0003370990960330
11.35000 -0.0003355461186683
11.37000 -0.0003340119491754
11.39000 -0.0003328516984605
11.41000 -0.0003312865164487
11.43000 -0.0003293095856768
11.45000 -0.0003277745791799
11.47000 -0.0003264352651036
11.49000 -0.0003249647226658
11.51000 -0.0003233726038679
11.53000 -0.0003221355838329
11.55000 -0.0003206404360773
11.57000 -0.0003189692026132
11.59000 -0.0003174411540921
11.61000 -0.0003158868947667
11.63000 -0.0003146842422058
11.65000 -0.0003133766197927
11.67000 -0.0003118138056785
11.69000 -0.0003102809736574
11.71000 -0.0003088520767261
11.73000 -0.0003076050013665
11.75000 -0.0003061484798311
11.77000 -0.0003047364053807
11.79000 -0.0003034313338784
11.81000 -0.0003018670608618
11.83000 -0.0003004979121438
11.85000 -0.0002993538082349
11.87000 -0.0002980215267276
11.89000 -0.0002965948164152
11.91000 -0.0002951625645287
11.93000 -0.0002937647026677
11.95000 -0.0002925191651404
11.97000 -0.0002913587886580
11.99000 -0.0002899565223341
12.01000 -0.0002886137769748
12.03000 -0.0002873117880761
12.05000 -0.0002860522417894
12.07000 -0.0002848892146495
12.09000 -0.0002835324848169
12.11000 -0.0002821763092284
12.13000 -0.0002810094171246
12.15000 -0.0002799027658956
12.17000 -0.0002784419890836
12.19000 -0.0002771805215906
12.21000 -0.0002761361816289
12.23000 -0.0002749619334302
12.25000 -0.0002738244509609
12.27000 -0.0002724503869039
12.29000 -0.0002710497234645
12.31000 -0.0002699063975792
12.33000 -0.0002687395080775
12.35000 -0.0002675850608799
12.37000 -0.0002665046083122
12.39000 -0.0002655506908117
12.41000 -0.0002644708375910
12.43000 -0.0002630542537269
12.45000 -0.0002618607388219
12.47000 -0.0002608236647494
12.49000 -0.0002595726853946
12.51000 -0.0002585082946316
12.53000 -0.0002574930789423
12.55000 -0.0002562358606545
12.57000 -0.0002549974953414
12.59000 -0.0002539217716299
12.61000 -0.0002529324796482
12.63000 -0.0002519193959341
12.65000 -0.0002507386928294
12.67000 -0.0002496456513734
12.69000 -0.0002486544685432
12.71000 -0.0002475360081841
12.73000 -0.0002464971074478
12.75000 -0.0002454780241926
12.77000 -0.0002444431063814
12.79000 -0.0002433117665679
12.81000 -0.0002423790100917
12.83000 -0.0002414108834711
12.85000 -0.0002402052862172
12.87000 -0.0002392544643307
12.89000 -0.0002383284914906
12.91000 -0.0002372925640703
12.93000 -0.0002362446774665
12.95000 -0.0002352490728261
12.97000 -0.0002342980913450
12.99000 -0.0002332898067434
13.01000 -0.0002322830625762
13.03000 -0.0002312671764162
13.05000 -0.0002302835899401
13.07000 -0.0002293879088414
13.09000 -0.0002284163604788
13.11000 -0.0002274001716096
13.13000 -0.0002265496019949
13.15000 -0.0002255964824671
13.17000 -0.0002244999299308
13.19000 -0.0002235799661729
13.21000 -0.0002227387094211
13.23000 -0.0002218124598927
13.25000 -0.0002209720514207
13.27000 -0.0002201172751015
13.29000 -0.0002191674454768
13.31000 -0.0002180832719273
13.33000 -0.0002170731155590
13.35000 -0.0002163275348785
13.37000 -0.0002155617281896
13.39000 -0.0002147080412768
13.41000 -0.0002137471363101
13.43000 -0.0002128587583972
13.45000 -0.0002119633990896
13.47000 -0.0002111000974719
13.49000 -0.0002103445464682
13.51000 -0.0002094179074943
13.53000 -0.0002084955888493
13.55000 -0.0002076809739807
13.57000 -0.0002068482008941
13.59000 -0.0002059797792400
13.61000 -0.0002050989768645
13.63000 -0.0002043340323332
13.65000 -0.0002035660277497
13.67000 -0.0002026839945879
13.69000 -0.0002018577215102
13.71000 -0.0002010517559728
13.73000 -0.0002002080957617
13.75000 -0.0001994465547578
13.77000 -0.0001986438591742
13.79000 -0.0001978401513794
13.81000 -0.0001971046902083
13.83000 -0.0001962666747873
13.85000 -0.0001953913905672
13.87000 -0.0001946403776001
13.89000 -0.0001938527827844
13.91000 -0.0001930691292604
13.93000 -0.0001923011480956
13.95000 -0.0001915410911477
13.97000 -0.0001908606675483
13.99000 -0.0001900770643312
14.01000 -0.0001893089946955
14.03000 -0.0001885872022780
14.05000 -0.0001878197632144
14.07000 -0.0001869936323839
14.09000 -0.0001862846040618
14.11000 -0.0001856881480175
14.13000 -0.0001849724514183
14.15000 -0.0001842130311139
14.17000 -0.0001833976122009
14.19000 -0.0001825697457797
14.21000 -0.0001818938845030
14.23000 -0.0001812781053739
14.25000 -0.0001805998336990
14.27000 -0.0001798377315121
14.29000 -0.0001791106230345
14.31000 -0.0001784598527982
14.33000 -0.0001777640239869
14.35000 -0.0001769906938023
14.37000 -0.0001762811372569
14.39000 -0.0001756157944760
14.41000 -0.0001750016312418
14.43000 -0.0001743559428780
14.45000 -0.0001736206803327
14.47000 -0.0001729521855592
14.49000 -0.0001723684155477
14.51000 -0.0001716530277293
14.53000 -0.0001709407936382
14.55000 -0.0001703200393222
14.57000 -0.0001696541709201
14.59000 -0.0001689737004831
14.61000 -0.0001683043608994
14.63000 -0.0001677381835860
14.65000 -0.0001671063044884
14.67000 -0.0001664483759156
14.69000 -0.0001657989301407
14.71000 -0.0001651952906065
14.73000 -0.0001645857053076
14.75000 -0.0001638743168941
14.77000 -0.0001632677101154
14.79000 -0.0001626779388281
14.81000 -0.0001620169198455
14.83000 -0.0001613958463403
14.85000 -0.0001607710058832
14.87000 -0.0001601786385821
14.89000 -0.0001596063550421
14.91000 -0.0001589652368073
14.93000 -0.0001583256347207
14.95000 -0.0001577280814638
14.97000 -0.0001571818248475
14.99000 -0.0001566728595817
15.01000 -0.0001560513038235
15.03000 -0.0001553938895962
15.05000 -0.0001548093337550
15.07000 -0.0001542596085591
15.09000 -0.0001537256094988
15.11000 -0.0001531470202390
15.13000 -0.0001525135755534
15.15000 -0.0001519890229298
15.17000 -0.0001514414054229
15.19000 -0.0001507719175203
15.21000 -0.0001502113268839
15.23000 -0.0001496858557243
15.25000 -0.0001491680164806
15.27000 -0.0001486060744946
15.29000 -0.0001480419363487
15.31000 -0.0001475522707489
15.33000 -0.0001470163895137
15.35000 -0.0001464332769624
15.37000 -0.0001458733515924
15.39000 -0.0001453552642833
15.41000 -0.0001447811965802
15.43000 -0.0001442274450911
15.45000 -0.0001437701260126
15.47000 -0.0001432222543687
15.49000 -0.0001426571855437
15.51000 -0.0001421709616353
15.53000 -0.0001416638022167
15.55000 -0.0001411343646118
15.57000 -0.0001406081960934
15.59000 -0.0001400854024794
15.61000 -0.0001395423568362
15.63000 -0.0001390167659807
15.65000 -0.0001385622753688
15.67000 -0.0001380399579365
15.69000 -0.0001375120954605
15.71000 -0.0001370433055231
15.73000 -0.0001365779078374
15.75000 -0.0001361033829042
15.77000 -0.0001356079189913
15.79000 -0.0001350728244531
15.81000 -0.0001345620238499
15.83000 -0.0001341551036926
15.85000 -0.0001336762324097
15.87000 -0.0001331569932442
15.89000 -0.0001326561829135
15.91000 -0.0001321821445702
15.93000 -0.0001317113345473
15.95000 -0.0001312364505263
15.97000 -0.0001307978152870
15.99000 -0.0001303407234574
16.01000 -0.0001298616986514
16.03000 -0.0001293587450699
16.05000 -0.0001288872142693
16.07000 -0.0001284638281168
16.09000 -0.0001279838977852
16.11000 -0.0001275258128264
16.13000 -0.0001271047355908
16.15000 -0.0001266186478582
16.17000 -0.0001261845732070
16.19000 -0.0001257710454880
16.21000 -0.0001253032799048
16.23000 -0.0001248354883007
16.25000 -0.0001243849589300
16.27000 -0.0001239698335306
16.29000 -0.0001235309987982
16.31000 -0.0001231035403823
16.33000 -0.0001226899432744
16.35000 -0.0001222470137272
16.37000 -0.0001218127066230
16.39000 -0.0001214189903134
16.41000 -0.0001209703223010
16.43000 -0.0001205067851062
16.45000 -0.0001201016022745
16.47000 -0.0001196751369878
16.49000 -0.0001192900916935
16.51000 -0.0001188850250883
16.53000 -0.0001184232989448
16.55000 -0.0001179981711300
16.57000 -0.0001176152465351
16.59000 -0.0001172414951581
16.61000 -0.0001168190657055
16.63000 -0.0001163580187064
16.65000 -0.0001159280119817
16.67000 -0.0001155619983387
16.69000 -0.0001151865642798
16.71000 -0.0001147707354501
16.73000 -0.0001144122669869
16.75000 -0.0001140220582882
16.77000 -0.0001135708020683
16.79000 -0.0001131925690331
16.81000 -0.0001128396360725
16.83000 -0.0001124324860644
16.85000 -0.0001120317727477
16.87000 -0.0001116648535790
16.89000 -0.0001113007264478
16.91000 -0.0001108768710525
16.93000 -0.0001104847428823
16.95000 -0.0001101289996697
16.97000 -0.0001097563810670
16.99000 -0.0001093970539157
17.01000 -0.0001090443950413
17.03000 -0.0001086621998977
17.05000 -0.0001082877103958
17.07000 -0.0001079303937890
17.09000 -0.0001075289250002
17.11000 -0.0001071822006149
17.13000 -0.0001068250184491
17.15000 -0.0001064415682331
17.17000 -0.0001060847590328
17.19000 -0.0001057291424550
17.21000 -0.0001053683876262
17.23000 -0.0001050195139185
17.25000 -0.0001046952888967
17.27000 -0.0001043056075539
17.29000 -0.0001039053530716
17.31000 -0.0001035797576182
17.33000 -0.0001032632946166
17.35000 -0.0001029480840853
17.37000 -0.0001025866613880
17.39000 -0.0001021931419695
17.41000 -0.0001018707279990
17.43000 -0.0001015427603113
17.45000 -0.0001011870006187
17.47000 -0.0001008715723796
17.49000 -0.0001005361991574
17.51000 -0.0001001778122262
17.53000 -0.0000998246216591
17.55000 -0.0000995167828352
17.57000 -0.0000992104723027
17.59000 -0.0000988843815858
17.61000 -0.0000985679341967
17.63000 -0.0000982430178875
17.65000 -0.0000978787233555
17.67000 -0.0000975363548608
17.69000 -0.0000972374368524
17.71000 -0.0000969034904402
17.73000 -0.0000966089092405
17.75000 -0.0000962891519990
17.77000 -0.0000959413729018
17.79000 -0.0000956319546122
17.81000 -0.0000953217201352
17.83000 -0.0000950146072931
17.85000 -0.0000947112553315
17.87000 -0.0000944005013048
17.89000 -0.0000940718796263
17.91000 -0.0000937747683324
17.93000 -0.0000934790552257
17.95000 -0.0000931348435873
17.97000 -0.0000928354181723
17.99000 -0.0000925616710015
18.01000 -0.0000922794020017
18.03000 -0.0000919787189121
18.05000 -0.0000916491951775
18.07000 -0.0000913560355836
18.09000 -0.0000910849772343
18.11000 -0.0000907648504966
18.13000 -0.0000904404884317
18.15000 -0.0000901455047761
18.17000 -0.0000898748688319
18.19000 -0.0000895910611323
18.21000 -0.0000892990690074
18.23000 -0.0000890190091779
18.25000 -0.0000887263752053
18.27000 -0.0000884300497411
18.29000 -0.0000881497045496
18.31000 -0.0000878683471470
18.33000 -0.0000875685999407
18.35000 -0.0000873073011456
18.37000 -0.0000870219712262
18.39000 -0.0000867362353815
18.41000 -0.0000864656219887
18.43000 -0.0000861844692834
18.45000 -0.0000859176753180
18.47000 -0.0000856418503822
18.49000 -0.0000853634992554
18.51000 -0.0000850703080028
18.53000 -0.0000847968214743
18.55000 -0.0000845344918197
18.57000 -0.0000842602346403
18.59000 -0.0000840166183153
18.61000 -0.0000837565685211
18.63000 -0.0000834753646414
18.65000 -0.0000832131056769
18.67000 -0.0000829488287953
18.69000 -0.0000826931730556
18.71000 -0.0000824242158901
18.73000 -0.0000821423766680
18.75000 -0.0000819071767875
18.77000 -0.0000816675308109
18.79000 -0.0000813906980007
18.81000 -0.0000811152694492
18.83000 -0.0000808815158945
18.85000 -0.0000806433305550
18.87000 -0.0000803799344792
18.89000 -0.0000801174816593
18.91000 -0.0000798629283365
18.93000 -0.0000796087011416
18.95000 -0.0000793518740300
18.97000 -0.0000791217725019
18.99000 -0.0000788561564137
19.01000 -0.0000785972168425
19.03000 -0.0000783671317943
19.05000 -0.0000781204306972
19.07000 -0.0000778858149850
19.09000 -0.0000776516216779
19.11000 -0.0000774048243037
19.13000 -0.0000771480683157
19.15000 -0.0000769069001191
19.17000 -0.0000766680959170
19.19000 -0.0000764275582925
19.21000 -0.0000762125336798
19.23000 -0.0000759740694835
19.25000 -0.0000757288771622
19.27000 -0.0000755025811837
19.29000 -0.0000752654219331
19.31000 -0.0000750320109863
19.33000 -0.0000748043458773
19.35000 -0.0000745775325176
19.37000 -0.0000743539596212
19.39000 -0.0000740944736122
19.41000 -0.0000738595352413
19.43000 -0.0000736585918128
19.45000 -0.0000734393158265
19.47000 -0.0000731997800048
19.49000 -0.0000729643559114
19.51000 -0.0000727574415646
19.53000 -0.0000725345400063
19.55000 -0.0000722843291300
19.57000 -0.0000720618655893
19.59000 -0.0000718754123059
19.61000 -0.0000716498674627
19.63000 -0.0000714315416712
19.65000 -0.0000712223500662
19.67000 -0.0000709880327264
19.69000 -0.0000707736811864
19.71000 -0.0000705667252063
19.73000 -0.0000703505934063
19.75000 -0.0000701243750567
19.77000 -0.0000699144136682
19.79000 -0.0000697066588479
19.81000 -0.0000694896215223
19.83000 -0.0000692797204153
19.85000 -0.0000690647860083
19.87000 -0.0000688578096451
19.89000 -0.0000686551648865
19.91000 -0.0000684511939318
19.93000 -0.0000682547642537
19.95000 -0.0000680507460278
19.97000 -0.0000678294781453
19.99000 -0.0000676272575266
20.01000 -0.0000674207829322
20.03000 -0.0000672182110320
20.05000 -0.0000670223590168
20.07000 -0.0000668175319761
20.09000 -0.0000666199677889
20.11000 -0.0000664276103741
20.13000 -0.0000662194396539
20.15000 -0.0000660100953932
20.17000 -0.0000658256955888
20.19000 -0.0000656373666356
20.21000 -0.0000654362679493
20.23000 -0.0000652231697471
20.25000 -0.0000650406269641
20.27000 -0.0000648574978446
20.29000 -0.0000646515644839
20.31000 -0.0000644627029707
20.33000 -0.0000642775672098
20.35000 -0.0000640837508926
20.37000 -0.0000638900850627
20.39000 -0.0000636998735010
20.41000 -0.0000635011830445
20.43000 -0.0000633132903743
20.45000 -0.0000631421499288
20.47000 -0.0000629548197427
20.49000 -0.0000627706246356
20.51000 -0.0000625849645546
20.53000 -0.0000623907297354
20.55000 -0.0000622099030276
20.57000 -0.0000620310977063
20.59000 -0.0000618450343021
20.61000 -0.0000616662992371
20.63000 -0.0000614807653572
20.65000 -0.0000613052733578
20.67000 -0.0000611253023024
20.69000 -0.0000609339666398
20.71000 -0.0000607603650553
20.73000 -0.0000605822995936
20.75000 -0.0000603958493460
20.77000 -0.0000602218617855
20.79000 -0.0000600553955524
20.81000 -0.0000598783587817
20.83000 -0.0000597048521733
20.85000 -0.0000595261765227
20.87000 -0.0000593539002669
20.89000 -0.0000591751717072
20.91000 -0.0000590046887218
20.93000 -0.0000588575022054
20.95000 -0.0000586816498171
20.97000 -0.0000584946631063
20.99000 -0.0000583247452071
21.01000 -0.0000581619049797
21.03000 -0.0000579940357889
21.05000 -0.0000578185372843
21.07000 -0.0000576471110431
21.09000 -0.0000574809449171
21.11000 -0.0000573266733563
21.13000 -0.0000571656849462
21.15000 -0.0000569940318898
21.17000 -0.0000568352747678
21.19000 -0.0000566731913135
21.21000 -0.0000565029082550
21.23000 -0.0000563403269351
21.25000 -0.0000561673255649
21.27000 -0.0000560047628932
21.29000 -0.0000558516149995
21.31000 -0.0000556953940432
21.33000 -0.0000555396093699
21.35000 -0.0000553796505182
21.37000 -0.0000552171359851
21.39000 -0.0000550569520530
21.41000 -0.0000549015576924
21.43000 -0.0000547434042542
21.45000 -0.0000545954631330
21.47000 -0.0000544394186848
21.49000 -0.0000542790127081
21.51000 -0.0000541205236008
21.53000 -0.0000539726557718
21.55000 -0.0000538233711073
21.57000 -0.0000536563406553
21.59000 -0.0000535084888724
21.61000 -0.0000533665260420
21.63000 -0.0000532054591357
21.65000 -0.0000530495048931
21.67000 -0.0000529091562229
21.69000 -0.0000527680811373
21.71000 -0.0000526100231088
21.73000 -0.0000524521667419
21.75000 -0.0000523013312347
21.77000 -0.0000521591081958
21.79000 -0.0000520267049928
21.81000 -0.0000518747158944
21.83000 -0.0000517196598049
21.85000 -0.0000515810345825
21.87000 -0.0000514328241455
21.89000 -0.0000512921168212
21.91000 -0.0000511473897090
21.93000 -0.0000509971839063
21.95000 -0.0000508599429933
21.97000 -0.0000507184775948
21.99000 -0.0000505727495471
22.01000 -0.0000504284626210
22.03000 -0.0000502837723716
22.05000 -0.0000501418169138
22.07000 -0.0000500105490873
22.09000 -0.0000498714233972
22.11000 -0.0000497327279185
22.13000 -0.0000495906839898
22.15000 -0.0000494474578470
22.17000 -0.0000493147632105
22.19000 -0.0000491801165764
22.21000 -0.0000490544939738
22.23000 -0.0000489121833314
22.25000 -0.0000487615663992
22.27000 -0.0000486365791391
22.29000 -0.0000485065269201
22.31000 -0.0000483633636611
22.33000 -0.0000482275439202
22.35000 -0.0000481014069721
22.37000 -0.0000479690020344
22.39000 -0.0000478329407333
22.41000 -0.0000477020025043
22.43000 -0.0000475662807753
22.45000 -0.0000474316671009
22.47000 -0.0000473038418332
22.49000 -0.0000471671243729
22.51000 -0.0000470444161058
22.53000 -0.0000469196005833
22.55000 -0.0000467891138160
22.57000 -0.0000466633424609
22.59000 -0.0000465318677687
22.61000 -0.0000464023207879
22.63000 -0.0000462771444429
22.65000 -0.0000461506627185
22.67000 -0.0000460182144127
22.69000 -0.0000458974433980
22.71000 -0.0000457749905688
22.73000 -0.0000456516898936
22.75000 -0.0000455236755410
22.77000 -0.0000453908837600
22.79000 -0.0000452688329530
22.81000 -0.0000451510114019
22.83000 -0.0000450364702129
22.85000 -0.0000449087923966
22.87000 -0.0000447794774351
22.89000 -0.0000446644938916
22.91000 -0.0000445401723316
22.93000 -0.0000444167298427
22.95000 -0.0000443038336052
22.97000 -0.0000441859925385
22.99000 -0.0000440532996367
23.01000 -0.0000439294321405
23.03000 -0.0000438212686624
23.05000 -0.0000437019973161
23.07000 -0.0000435814839078
23.09000 -0.0000434677415589
23.11000 -0.0000433438840375
23.13000 -0.0000432314973750
23.15000 -0.0000431152184267
23.17000 -0.0000429973491707
23.19000 -0.0000428900283345
23.21000 -0.0000427731678201
23.23000 -0.0000426550478966
23.25000 -0.0000425382389903
23.27000 -0.0000424218928215
23.29000 -0.0000423081626157
23.31000 -0.0000421976555261
23.33000 -0.0000420787770947
23.35000 -0.0000419657546560
23.37000 -0.0000418547462314
23.39000 -0.0000417455627358
23.41000 -0.0000416412156493
23.43000 -0.0000415253781881
23.45000 -0.0000414130492052
23.47000 -0.0000413006803236
23.49000 -0.0000411909399818
23.51000 -0.0000410862472516
23.53000 -0.0000409689465512
23.55000 -0.0000408620047521
23.57000 -0.0000407621931001
23.59000 -0.0000406488766258
23.61000 -0.0000405343406409
23.63000 -0.0000404299436811
23.65000 -0.0000403214336919
23.67000 -0.0000402088943738
23.69000 -0.0000401082669681
23.71000 -0.0000400077054818
23.73000 -0.0000398934336086
23.75000 -0.0000397901351624
23.77000 -0.0000396889296601
23.79000 -0.0000395845834410
23.81000 -0.0000394811999933
23.83000 -0.0000393715446530
23.85000 -0.0000392692371676
23.87000 -0.0000391695603903
23.89000 -0.0000390649184008
23.91000 -0.0000389568303831
23.93000 -0.0000388572255969
23.95000 -0.0000387570236321
23.97000 -0.0000386570653960
23.99000 -0.0000385531810469
24.01000 -0.0000384507868254
24.03000 -0.0000383534684047
24.05000 -0.0000382499930167
24.07000 -0.0000381506055046
24.09000 -0.0000380481583739
24.11000 -0.0000379478913570
24.13000 -0.0000378524121769
24.15000 -0.0000377515219606
24.17000 -0.0000376545500509
24.19000 -0.0000375555931839
24.21000 -0.0000374545416383
24.23000 -0.0000373584301515
24.25000 -0.0000372637788681
24.27000 -0.0000371642196184
24.29000 -0.0000370650923148
24.31000 -0.0000369731645473
24.33000 -0.0000368757390075
24.35000 -0.0000367742975828
24.37000 -0.0000366865387895
24.39000 -0.0000365906705976
24.41000 -0.0000364915914326
24.43000 -0.0000364036249062
24.45000 -0.0000363118476260
24.47000 -0.0000362172158583
24.49000 -0.0000361190101265
24.51000 -0.0000360219978845
24.53000 -0.0000359304795118
24.55000 -0.0000358417419008
24.57000 -0.0000357472810034
24.59000 -0.0000356564222592
24.61000 -0.0000355624804778
24.63000 -0.0000354684775473
24.65000 -0.0000353812235586
24.67000 -0.0000352883247796
24.69000 -0.0000352023583894
24.71000 -0.0000351117394708
24.73000 -0.0000350157841091
24.75000 -0.0000349243689524
24.77000 -0.0000348331797434
24.79000 -0.0000347494762999
24.81000 -0.0000346612226768
24.83000 -0.0000345702563798
24.85000 -0.0000344832764773
24.87000 -0.0000343947617783
24.89000 -0.0000343050574926
24.91000 -0.0000342187602038
24.93000 -0.0000341322317632
24.95000 -0.0000340407571922
24.97000 -0.0000339530062052
24.99000 -0.0000338734413782
25.01000 -0.0000337833298662
25.03000 -0.0000336952865783
25.05000 -0.0000336140841724
25.07000 -0.0000335267135235
25.09000 -0.0000334422320565
25.11000 -0.0000333589887484
25.13000 -0.0000332745528180
25.15000 -0.0000331886271937
25.17000 -0.0000331035763038
25.19000 -0.0000330184048505
25.21000 -0.0000329388760191
25.23000 -0.0000328545034060
25.25000 -0.0000327689030424
25.27000 -0.0000326894080381
25.29000 -0.0000326074787831
25.31000 -0.0000325263791595
25.33000 -0.0000324393242303
25.35000 -0.0000323541757621
25.37000 -0.0000322755173282
25.39000 -0.0000321945538805
25.41000 -0.0000321150462994
25.43000 -0.0000320338287146
25.45000 -0.0000319543085568
25.47000 -0.0000318752225135
25.49000 -0.0000317933001974
25.51000 -0.0000317123848882
25.53000 -0.0000316345239934
25.55000 -0.0000315551543228
25.57000 -0.0000314742893207
25.59000 -0.0000313957913486
25.61000 -0.0000313178202989
25.63000 -0.0000312360901034
25.65000 -0.0000311629597995
25.67000 -0.0000310888359327
25.69000 -0.0000310051880004
25.71000 -0.0000309293732119
25.73000 -0.0000308545177255
25.75000 -0.0000307747915693
25.77000 -0.0000306980391628
25.79000 -0.0000306242579039
25.81000 -0.0000305461541478
25.83000 -0.0000304695105952
25.85000 -0.0000303906465965
25.87000 -0.0000303160617270
25.89000 -0.0000302435988579
25.91000 -0.0000301645843720
25.93000 -0.0000300923266340
25.95000 -0.0000300186273408
25.97000 -0.0000299437813954
25.99000 -0.0000298710990838
26.01000 -0.0000297946433150
26.03000 -0.0000297226054533
26.05000 -0.0000296496620658
26.07000 -0.0000295761943582
26.09000 -0.0000295021871516
26.11000 -0.0000294282835947
26.13000 -0.0000293566820159
26.15000 -0.0000292859087675
26.17000 -0.0000292138266703
26.19000 -0.0000291400731670
26.21000 -0.0000290670963861
26.23000 -0.0000289968019214
26.25000 -0.0000289236282494
26.27000 -0.0000288545212029
26.29000 -0.0000287861037090
26.31000 -0.0000287152931641
26.33000 -0.0000286482092389
26.35000 -0.0000285729625724
26.37000 -0.0000284977809580
26.39000 -0.0000284314776583
26.41000 -0.0000283661640184
26.43000 -0.0000282950364527
26.45000 -0.0000282255100369
26.47000 -0.0000281555512412
26.49000 -0.0000280866037893
26.51000 -0.0000280188116632
26.53000 -0.0000279500246732
26.55000 -0.0000278844321765
26.57000 -0.0000278152093372
26.59000 -0.0000277448290037
26.61000 -0.0000276780026849
26.63000 -0.0000276114357073
26.65000 -0.0000275441965243
26.67000 -0.0000274747585793
26.69000 -0.0000274088941647
26.71000 -0.0000273443980132
26.73000 -0.0000272786129622
26.75000 -0.0000272129888068
26.77000 -0.0000271460336848
26.79000 -0.0000270800339618
26.81000 -0.0000270166914014
26.83000 -0.0000269510577050
26.85000 -0.0000268841767424
26.87000 -0.0000268171465936
26.89000 -0.0000267538526055
26.91000 -0.0000266895949785
26.93000 -0.0000266241772552
26.95000 -0.0000265630044002
26.97000 -0.0000264963198951
26.99000 -0.0000264326763602
27.01000 -0.0000263721167300
27.03000 -0.0000263063325463
27.05000 -0.0000262404178247
27.07000 -0.0000261803564938
27.09000 -0.0000261167957920
27.11000 -0.0000260525368639
27.13000 -0.0000259919347330
27.15000 -0.0000259305897067
27.17000 -0.0000258716451040
27.19000 -0.0000258068783357
27.21000 -0.0000257411253771
27.23000 -0.0000256801689288
27.25000 -0.0000256181872590
27.27000 -0.0000255585452975
27.29000 -0.0000254985772080
27.31000 -0.0000254383636551
27.33000 -0.0000253772411071
27.35000 -0.0000253153119127
27.37000 -0.0000252557792388
27.39000 -0.0000251971924228
27.41000 -0.0000251363218434
27.43000 -0.0000250761555617
27.45000 -0.0000250153509018
27.47000 -0.0000249561868566
27.49000 -0.0000248977574668
27.51000 -0.0000248381168064
27.53000 -0.0000247775099049
27.55000 -0.0000247189243900
27.57000 -0.0000246629756548
27.59000 -0.0000246019623944
27.61000 -0.0000245450257341
27.63000 -0.0000244879784853
27.65000 -0.0000244265185335
27.67000 -0.0000243688983922
27.69000 -0.0000243145386637
27.71000 -0.0000242554626557
27.73000 -0.0000241978017484
27.75000 -0.0000241428253257
27.77000 -0.0000240848374231
27.79000 -0.0000240284931709
27.81000 -0.0000239704788137
27.83000 -0.0000239137151921
27.85000 -0.0000238583475892
27.87000 -0.0000238000600131
27.89000 -0.0000237447878200
27.91000 -0.0000236902585223
27.93000 -0.0000236349728851
27.95000 -0.0000235782643410
27.97000 -0.0000235221985119
27.99000 -0.0000234688254074
28.01000 -0.0000234141061574
28.03000 -0.0000233590152429
28.05000 -0.0000233058594125
28.07000 -0.0000232499631526
28.09000 -0.0000231947833336
28.11000 -0.0000231403000060
28.13000 -0.0000230866974843
28.15000 -0.0000230333720846
28.17000 -0.0000229793623366
28.19000 -0.0000229257199162
28.21000 -0.0000228710978108
28.23000 -0.0000228202235754
28.25000 -0.0000227658200451
28.27000 -0.0000227100087867
28.29000 -0.0000226597928789
28.31000 -0.0000226085118508
28.33000 -0.0000225528393703
28.35000 -0.0000225009602964
28.37000 -0.0000224496172520
28.39000 -0.0000223950762449
28.41000 -0.0000223458313485
28.43000 -0.0000222946461639
28.45000 -0.0000222400101807
28.47000 -0.0000221878388058
28.49000 -0.0000221370417657
28.51000 -0.0000220883563176
28.53000 -0.0000220361472125
28.55000 -0.0000219848379952
28.57000 -0.0000219362475233
28.59000 -0.0000218859730686
28.61000 -0.0000218344270615
28.63000 -0.0000217837215280
28.65000 -0.0000217339393010
28.67000 -0.0000216842008759
28.69000 -0.0000216324150433
28.71000 -0.0000215821965334
28.73000 -0.0000215329464329
28.75000 -0.0000214842635869
28.77000 -0.0000214345299322
28.79000 -0.0000213854246811
28.81000 -0.0000213369955385
28.83000 -0.0000212851927923
28.85000 -0.0000212373664661
28.87000 -0.0000211884663461
28.89000 -0.0000211402176147
28.91000 -0.0000210942639224
28.93000 -0.0000210438138269
28.95000 -0.0000209926451222
28.97000 -0.0000209475171584
28.99000 -0.0000209012689968
29.01000 -0.0000208521646131
29.03000 -0.0000208058206080
29.05000 -0.0000207575801166
29.07000 -0.0000207096067725
29.09000 -0.0000206626764310
29.11000 -0.0000206148882687
29.13000 -0.0000205685321206
29.15000 -0.0000205202291791
29.17000 -0.0000204742451292
29.19000 -0.0000204284284801
29.21000 -0.0000203807751925
29.23000 -0.0000203350895150
29.25000 -0.0000202892793712
29.27000 -0.0000202430173318
29.29000 -0.0000201966850362
29.31000 -0.0000201500036275
29.33000 -0.0000201062703813
29.35000 -0.0000200607377931
29.37000 -0.0000200148183617
29.39000 -0.0000199699913724
29.41000 -0.0000199240637010
29.43000 -0.0000198789791052
29.45000 -0.0000198329594935
29.47000 -0.0000197894326794
29.49000 -0.0000197441455546
29.51000 -0.0000196993567292
29.53000 -0.0000196565099267
29.55000 -0.0000196114743369
29.57000 -0.0000195663333626
29.59000 -0.0000195236973290
29.61000 -0.0000194789601116
29.63000 -0.0000194344514440
29.65000 -0.0000193940154734
29.67000 -0.0000193481931865
29.69000 -0.0000193032304550
29.71000 -0.0000192617280632
29.73000 -0.0000192174128173
29.75000 -0.0000191746831087
29.77000 -0.0000191316168636
29.79000 -0.0000190889101401
29.81000 -0.0000190456543765
29.83000 -0.0000190023717248
29.85000 -0.0000189615064101
29.87000 -0.0000189195907205
29.89000 -0.0000188765314144
29.91000 -0.0000188347974370
29.93000 -0.0000187927546788
29.95000 -0.0000187507886822
29.97000 -0.0000187075424596
29.99000 -0.0000186658284315
30.01000 -0.0000186251005937
30.03000 -0.0000185833839636
30.05000 -0.0000185418815718
30.07000 -0.0000184999164425
30.09000 -0.0000184601192839
30.11000 -0.0000184175391951
30.13000 -0.0000183759396588
30.15000 -0.0000183359356344
30.17000 -0.0000182949419503
30.19000 -0.0000182546972330
30.21000 -0.0000182149668612
30.23000 -0.0000181733976826
30.25000 -0.0000181330588565
30.27000 -0.0000180945766183
30.29000 -0.0000180533643590
30.31000 -0.0000180143304787
30.33000 -0.0000179748212842
30.35000 -0.0000179331428179
30.37000 -0.0000178946467019
30.39000 -0.0000178560295890
30.41000 -0.0000178163248044
30.43000 -0.0000177755440575
30.45000 -0.0000177359815202
30.47000 -0.0000176980279390
30.49000 -0.0000176588843374
30.51000 -0.0000176202637550
30.53000 -0.0000175816626882
30.55000 -0.0000175411130933
30.57000 -0.0000175023168701
30.59000 -0.0000174653802705
30.61000 -0.0000174282224936
30.63000 -0.0000173886764362
30.65000 -0.0000173494265829
30.67000 -0.0000173128655509
30.69000 -0.0000172746153319
30.71000 -0.0000172363586078
30.73000 -0.0000171980520103
30.75000 -0.0000171611141096
30.77000 -0.0000171241337082
30.79000 -0.0000170857689975
30.81000 -0.0000170487539017
30.83000 -0.0000170120415151
30.85000 -0.0000169737141009
30.87000 -0.0000169363329784
30.89000 -0.0000169004536928
30.91000 -0.0000168632859412
30.93000 -0.0000168274344112
30.95000 -0.0000167904531424
30.97000 -0.0000167523022364
30.99000 -0.0000167175561588
31.01000 -0.0000166807062954
31.03000 -0.0000166432674933
31.05000 -0.0000166078357663
31.07000 -0.0000165725133269
31.09000 -0.0000165362558716
31.11000 -0.0000164996198128
31.13000 -0.0000164642618115
31.15000 -0.0000164289983527
31.17000 -0.0000163920227218
31.19000 -0.0000163566044389
31.21000 -0.0000163213041172
31.23000 -0.0000162863147447
31.25000 -0.0000162519307907
31.27000 -0.0000162168277938
31.29000 -0.0000161813032591
31.31000 -0.0000161447404924
31.33000 -0.0000161107819793
31.35000 -0.0000160765229254
31.37000 -0.0000160419737390
31.39000 -0.0000160068347466
31.41000 -0.0000159715929718
31.43000 -0.0000159383873287
31.45000 -0.0000159041603671
31.47000 -0.0000158685126671
31.49000 -0.0000158353625351
31.51000 -0.0000158021616625
31.53000 -0.0000157671263198
31.55000 -0.0000157346123977
31.57000 -0.0000156995623099
31.59000 -0.0000156648127629
31.61000 -0.0000156337490696
31.63000 -0.0000155991773318
31.65000 -0.0000155657179854
31.67000 -0.0000155332435282
31.69000 -0.0000154991158796
31.71000 -0.0000154649249136
31.73000 -0.0000154316203912
31.75000 -0.0000153991511383
31.77000 -0.0000153659615414
31.79000 -0.0000153325008939
31.81000 -0.0000153012155897
31.83000 -0.0000152685759001
31.85000 -0.0000152351278294
31.87000 -0.0000152025878865
31.89000 -0.0000151704451952
31.91000 -0.0000151390497360
31.93000 -0.0000151064967827
31.95000 -0.0000150746685100
31.97000 -0.0000150415131739
31.99000 -0.0000150093149714
32.01000 -0.0000149779216807
32.03000 -0.0000149460201160
32.05000 -0.0000149137807139
32.07000 -0.0000148814515398
32.09000 -0.0000148506580297
32.11000 -0.0000148205050662
32.13000 -0.0000147887197280
32.15000 -0.0000147561138655
32.17000 -0.0000147257609752
32.19000 -0.0000146948568765
32.21000 -0.0000146632081477
32.23000 -0.0000146327537760
32.25000 -0.0000146008006033
32.27000 -0.0000145706159811
32.29000 -0.0000145404395989
32.31000 -0.0000145088277330
32.33000 -0.0000144785776250
32.35000 -0.0000144485278776
32.37000 -0.0000144174815316
32.39000 -0.0000143864694463
32.41000 -0.0000143564556944
32.43000 -0.0000143266444715
32.45000 -0.0000142960187959
32.47000 -0.0000142662427011
32.49000 -0.0000142370468713
32.51000 -0.0000142066215562
32.53000 -0.0000141762183589
32.55000 -0.0000141460922837
32.57000 -0.0000141174121004
32.59000 -0.0000140871385737
32.61000 -0.0000140572436504
32.63000 -0.0000140283761170
32.65000 -0.0000139993221009
32.67000 -0.0000139702186451
32.69000 -0.0000139406338036
32.71000 -0.0000139109414092
32.73000 -0.0000138816727210
32.75000 -0.0000138527188852
32.77000 -0.0000138241432190
32.79000 -0.0000137958676601
32.81000 -0.0000137659302360
32.83000 -0.0000137373792897
32.85000 -0.0000137103301802
32.87000 -0.0000136807947783
32.89000 -0.0000136518643612
32.91000 -0.0000136235679855
32.93000 -0.0000135951610213
32.95000 -0.0000135677536914
32.97000 -0.0000135391541728
32.99000 -0.0000135101240091
33.01000 -0.0000134822118747
33.03000 -0.0000134541752739
33.05000 -0.0000134261161217
33.07000 -0.0000133977512244
33.09000 -0.0000133709835738
33.11000 -0.0000133436534391
33.13000 -0.0000133152620874
33.15000 -0.0000132882658870
33.17000 -0.0000132606824826
33.19000 -0.0000132335570453
33.21000 -0.0000132052979662
33.23000 -0.0000131781248240
33.25000 -0.0000131511932421
33.27000 -0.0000131239719613
33.29000 -0.0000130970776759
33.31000 -0.0000130696573356
33.33000 -0.0000130429950694
33.35000 -0.0000130161628004
33.37000 -0.0000129892546372
33.39000 -0.0000129626673978
33.41000 -0.0000129362145995
33.43000 -0.0000129088753575
33.45000 -0.0000128824212582
33.47000 -0.0000128558613408
33.49000 -0.0000128281343881
33.51000 -0.0000128032272284
33.53000 -0.0000127771287474
33.55000 -0.0000127500171879
33.57000 -0.0000127244608079
33.59000 -0.0000126984100318
33.61000 -0.0000126723301991
33.63000 -0.0000126472053316
33.65000 -0.0000126204697734
33.67000 -0.0000125939163612
33.69000 -0.0000125689862164
33.71000 -0.0000125437962968
33.73000 -0.0000125175239098
33.75000 -0.0000124913634124
33.77000 -0.0000124665286774
33.79000 -0.0000124410061246
33.81000 -0.0000124159293957
33.83000 -0.0000123903105657
33.85000 -0.0000123654845044
33.87000 -0.0000123400738412
33.89000 -0.0000123141843944
33.91000 -0.0000122899863030
33.93000 -0.0000122647825056
33.95000 -0.0000122394850331
33.97000 -0.0000122145306022
33.99000 -0.0000121901403902
34.01000 -0.0000121652583840
34.03000 -0.0000121403256371
34.05000 -0.0000121157428708
34.07000 -0.0000120910768377
34.09000 -0.0000120665569550
34.11000 -0.0000120416393870
34.13000 -0.0000120182908764
34.15000 -0.0000119936166033
34.17000 -0.0000119688620993
34.19000 -0.0000119456146364
34.21000 -0.0000119211728163
34.23000 -0.0000118966373211
34.25000 -0.0000118729917391
34.27000 -0.0000118485048162
34.29000 -0.0000118245942551
34.31000 -0.0000118005796107
34.33000 -0.0000117764036370
34.35000 -0.0000117531175764
34.37000 -0.0000117299846052
34.39000 -0.0000117067531884
34.41000 -0.0000116821231508
34.43000 -0.0000116587429815
34.45000 -0.0000116357149610
34.47000 -0.0000116121504773
34.49000 -0.0000115886341322
34.51000 -0.0000115655154724
34.53000 -0.0000115423343626
34.55000 -0.0000115186636271
34.57000 -0.0000114959188002
34.59000 -0.0000114733340016
34.61000 -0.0000114503029454
34.63000 -0.0000114266998641
34.65000 -0.0000114039355216
34.67000 -0.0000113811013565
34.69000 -0.0000113581765521
34.71000 -0.0000113355540232
34.73000 -0.0000113127567210
34.75000 -0.0000112912105880
34.77000 -0.0000112676031699
34.79000 -0.0000112447169631
34.81000 -0.0000112234371102
34.83000 -0.0000112004151613
34.85000 -0.0000111781040153
34.87000 -0.0000111563046128
34.89000 -0.0000111335610870
34.91000 -0.0000111114693835
34.93000 -0.0000110894492374
34.95000 -0.0000110675739406
34.97000 -0.0000110454952476
34.99000 -0.0000110231819332
35.01000 -0.0000110016999851
35.03000 -0.0000109797023903
35.05000 -0.0000109584056239
35.07000 -0.0000109360190174
35.09000 -0.0000109138440473
35.11000 -0.0000108930308350
35.13000 -0.0000108719192503
35.15000 -0.0000108495673383
35.17000 -0.0000108274712980
35.19000 -0.0000108065661454
35.21000 -0.0000107853431047
35.23000 -0.0000107639795514
35.25000 -0.0000107427842663
35.27000 -0.0000107218270720
35.29000 -0.0000106999903729
35.31000 -0.0000106786957749
35.33000 -0.0000106580664433
35.35000 -0.0000106365840614
35.37000 -0.0000106161867491
35.39000 -0.0000105950569498
35.41000 -0.0000105744913693
35.43000 -0.0000105541009959
35.45000 -0.0000105324412386
35.47000 -0.0000105119324703
35.49000 -0.0000104916266647
35.51000 -0.0000104704248743
35.53000 -0.0000104502192490
35.55000 -0.0000104296835925
35.57000 -0.0000104088391552
35.59000 -0.0000103886673569
35.61000 -0.0000103684903545
35.63000 -0.0000103482014624
35.65000 -0.0000103270504127
35.67000 -0.0000103073227037
35.69000 -0.0000102873057295
35.71000 -0.0000102672224021
35.73000 -0.0000102472618065
35.75000 -0.0000102268328354
35.77000 -0.0000102068232338
35.79000 -0.0000101873227736
35.81000 -0.0000101675794520
35.83000 -0.0000101470216778
35.85000 -0.0000101271738391
35.87000 -0.0000101082180820
35.89000 -0.0000100884864698
35.91000 -0.0000100683103348
35.93000 -0.0000100485535691
35.95000 -0.0000100293367361
35.97000 -0.0000100096979316
35.99000 -0.0000099904138781
36.01000 -0.0000099707915535
36.03000 -0.0000099515972719
36.05000 -0.0000099321310724
36.07000 -0.0000099120655260
36.09000 -0.0000098938609042
36.11000 -0.0000098747464199
36.13000 -0.0000098550846303
36.15000 -0.0000098365170176
36.17000 -0.0000098170260983
36.19000 -0.0000097979185529
36.21000 -0.0000097793136436
36.23000 -0.0000097602555378
36.25000 -0.0000097414298850
36.27000 -0.0000097225279043
36.29000 -0.0000097040218743
36.31000 -0.0000096850071366
36.33000 -0.0000096662543421
36.35000 -0.0000096476008606
36.37000 -0.0000096289018425
36.39000 -0.0000096102739482
36.41000 -0.0000095919483294
36.43000 -0.0000095733369149
36.45000 -0.0000095547051174
36.47000 -0.0000095370061674
36.49000 -0.0000095183865130
36.51000 -0.0000094996011925
36.53000 -0.0000094814772353
36.55000 -0.0000094637461930
36.57000 -0.0000094450354655
36.59000 -0.0000094264708886
36.61000 -0.0000094092437834
36.63000 -0.0000093909975282
36.65000 -0.0000093730249257
36.67000 -0.0000093549968119
36.69000 -0.0000093367310411
36.71000 -0.0000093194618689
36.73000 -0.0000093015261292
36.75000 -0.0000092834576831
36.77000 -0.0000092665567060
36.79000 -0.0000092479578682
36.81000 -0.0000092302307290
36.83000 -0.0000092130994674
36.85000 -0.0000091948709931
36.87000 -0.0000091775372024
36.89000 -0.0000091599080751
36.91000 -0.0000091425677792
36.93000 -0.0000091249694432
36.95000 -0.0000091079505049
36.97000 -0.0000090906561792
36.99000 -0.0000090730235824
37.01000 -0.0000090559773222
37.03000 -0.0000090385511575
37.05000 -0.0000090213682878
37.07000 -0.0000090041619993
37.09000 -0.0000089872193888
37.11000 -0.0000089703080033
37.13000 -0.0000089533510814
37.15000 -0.0000089363074232
37.17000 -0.0000089190902927
37.19000 -0.0000089021750041
37.21000 -0.0000088853035173
37.23000 -0.0000088688292821
37.25000 -0.0000088514256688
37.27000 -0.0000088347996453
37.29000 -0.0000088186576097
37.31000 -0.0000088017535968
37.33000 -0.0000087851410174
37.35000 -0.0000087680834815
37.37000 -0.0000087519180271
37.39000 -0.0000087358202269
37.41000 -0.0000087185098550
37.43000 -0.0000087024905511
37.45000 -0.0000086864820892
37.47000 -0.0000086696106023
37.49000 -0.0000086535830585
37.51000 -0.0000086371665028
37.53000 -0.0000086208379844
37.55000 -0.0000086044778073
37.57000 -0.0000085884363857
37.59000 -0.0000085723368508
37.61000 -0.0000085561679269
37.63000 -0.0000085402409970
37.65000 -0.0000085237589556
37.67000 -0.0000085078034028
37.69000 -0.0000084920690271
37.71000 -0.0000084761034996
37.73000 -0.0000084604046859
37.75000 -0.0000084445063789
37.77000 -0.0000084284098797
37.79000 -0.0000084126351718
37.81000 -0.0000083971636068
37.83000 -0.0000083814084145
37.85000 -0.0000083657299838
37.87000 -0.0000083498707081
37.89000 -0.0000083346684589
37.91000 -0.0000083188772711
37.93000 -0.0000083031654469
37.95000 -0.0000082882112631
37.97000 -0.0000082725835730
37.99000 -0.0000082573041287
38.01000 -0.0000082416413104
38.03000 -0.0000082258592299
38.05000 -0.0000082113378597
38.07000 -0.0000081959968326
38.09000 -0.0000081801401590
38.11000 -0.0000081653208500
38.13000 -0.0000081500813043
38.15000 -0.0000081348625752
38.17000 -0.0000081199717089
38.19000 -0.0000081049628814
38.21000 -0.0000080893564416
38.23000 -0.0000080747340238
38.25000 -0.0000080599476746
38.27000 -0.0000080447957324
38.29000 -0.0000080299707855
38.31000 -0.0000080151961457
38.33000 -0.0000080004579350
38.35000 -0.0000079855800791
38.37000 -0.0000079708145466
38.39000 -0.0000079559241140
38.41000 -0.0000079411381984
38.43000 -0.0000079266272365
38.45000 -0.0000079120104565
38.47000 -0.0000078974821474
38.49000 -0.0000078830496818
38.51000 -0.0000078683917021
38.53000 -0.0000078534947642
38.55000 -0.0000078391551063
38.57000 -0.0000078249702724
38.59000 -0.0000078106024252
38.61000 -0.0000077960298807
38.63000 -0.0000077815371334
38.65000 -0.0000077674160506
38.67000 -0.0000077533413717
38.69000 -0.0000077389436005
38.71000 -0.0000077247713434
38.73000 -0.0000077111325138
38.75000 -0.0000076962928218
38.77000 -0.0000076822142397
38.79000 -0.0000076684609183
38.81000 -0.0000076541615927
38.83000 -0.0000076400960211
38.85000 -0.0000076263292556
38.87000 -0.0000076124137376
38.89000 -0.0000075982054849
38.91000 -0.0000075846538251
38.93000 -0.0000075707461134
38.95000 -0.0000075566848785
38.97000 -0.0000075428235706
38.99000 -0.0000075292424205
39.01000 -0.0000075156408874
39.03000 -0.0000075016052398
39.05000 -0.0000074882244502
39.07000 -0.0000074745426862
39.09000 -0.0000074608448759
39.11000 -0.0000074473417884
39.13000 -0.0000074336895146
39.15000 -0.0000074202510456
39.17000 -0.0000074067540295
39.19000 -0.0000073935003085
39.21000 -0.0000073800752835
39.23000 -0.0000073664490306
39.25000 -0.0000073532291367
39.27000 -0.0000073395681893
39.29000 -0.0000073263287798
39.31000 -0.0000073132585057
39.33000 -0.0000072999661871
39.35000 -0.0000072868607849
39.37000 -0.0000072731863934
39.39000 -0.0000072603325262
39.41000 -0.0000072472305934
39.43000 -0.0000072337912570
39.45000 -0.0000072207552437
39.47000 -0.0000072080878592
39.49000 -0.0000071950553154
39.51000 -0.0000071816472040
39.53000 -0.0000071689824216
39.55000 -0.0000071562113874
39.57000 -0.0000071433132846
39.59000 -0.0000071302616589
39.61000 -0.0000071175387632
39.63000 -0.0000071045717052
39.65000 -0.0000070916718678
39.67000 -0.0000070792872432
39.69000 -0.0000070662755161
39.71000 -0.0000070536063969
39.73000 -0.0000070409663343
39.75000 -0.0000070284663506
39.77000 -0.0000070158041703
39.79000 -0.0000070033219675
39.81000 -0.0000069906346337
39.83000 -0.0000069778046188
39.85000 -0.0000069656871417
39.87000 -0.0000069529785575
39.89000 -0.0000069404200269
39.91000 -0.0000069282327271
39.93000 -0.0000069157574632
39.95000 -0.0000069033862828
39.97000 -0.0000068910029592
39.99000 -0.0000068785667266
40.01000 -0.0000068664214939
40.03000 -0.0000068541760809
40.05000 -0.0000068419245963
40.07000 -0.0000068298405126
40.09000 -0.0000068177594646
40.11000 -0.0000068053865494
40.13000 -0.0000067930262110
40.15000 -0.0000067812370302
40.17000 -0.0000067690688124
40.19000 -0.0000067569300849
40.21000 -0.0000067452163646
40.23000 -0.0000067332159813
40.25000 -0.0000067210655444
40.27000 -0.0000067091354174
40.29000 -0.0000066971285288
40.31000 -0.0000066851264108
40.33000 -0.0000066736425414
40.35000 -0.0000066617163175
40.37000 -0.0000066498100429
40.39000 -0.0000066378178995
40.41000 -0.0000066262798200
40.43000 -0.0000066146432949
40.45000 -0.0000066027907968
40.47000 -0.0000065910809796
40.49000 -0.0000065793828719
40.51000 -0.0000065678283125
40.53000 -0.0000065562880645
40.55000 -0.0000065447113874
40.57000 -0.0000065330284585
40.59000 -0.0000065215771151
40.61000 -0.0000065100290610
40.63000 -0.0000064986336624
40.65000 -0.0000064871363489
40.67000 -0.0000064758120741
40.69000 -0.0000064641911615
40.71000 -0.0000064527333130
40.73000 -0.0000064415569233
40.75000 -0.0000064303284919
40.77000 -0.0000064189959771
40.79000 -0.0000064073880750
40.81000 -0.0000063964228879
40.83000 -0.0000063852785906
40.85000 -0.0000063738419924
40.87000 -0.0000063627375937
40.89000 -0.0000063516908747
40.91000 -0.0000063404234120
40.93000 -0.0000063293615141
40.95000 -0.0000063185186250
40.97000 -0.0000063070035305
40.99000 -0.0000062960361751
41.01000 -0.0000062851785408
41.03000 -0.0000062740398814
41.05000 -0.0000062632299520
41.07000 -0.0000062522439483
41.09000 -0.0000062414127686
41.11000 -0.0000062303959734
41.13000 -0.0000062190981531
41.15000 -0.0000062086958838
41.17000 -0.0000061977241915
41.19000 -0.0000061868765319
41.21000 -0.0000061763914296
41.23000 -0.0000061653182559
41.25000 -0.0000061548058317
41.27000 -0.0000061440006728
41.29000 -0.0000061333963082
41.31000 -0.0000061226982685
41.33000 -0.0000061119377788
41.35000 -0.0000061015749744
41.37000 -0.0000060908062448
41.39000 -0.0000060801511395
41.41000 -0.0000060699527002
41.43000 -0.0000060592529258
41.45000 -0.0000060484772572
41.47000 -0.0000060381838418
41.49000 -0.0000060278258079
41.51000 -0.0000060171828457
41.53000 -0.0000060067233305
41.55000 -0.0000059963791744
41.57000 -0.0000059861928782
41.59000 -0.0000059757311946
41.61000 -0.0000059653089760
41.63000 -0.0000059552081148
41.65000 -0.0000059449194699
41.67000 -0.0000059345080933
41.69000 -0.0000059241262070
41.71000 -0.0000059142898912
41.73000 -0.0000059038733104
41.75000 -0.0000058935048682
41.77000 -0.0000058837006447
41.79000 -0.0000058732255170
41.81000 -0.0000058634199926
41.83000 -0.0000058534613788
41.85000 -0.0000058429272705
41.87000 -0.0000058332440440
41.89000 -0.0000058230438700
41.91000 -0.0000058129247943
41.93000 -0.0000058033651669
41.95000 -0.0000057931433088
41.97000 -0.0000057831239797
41.99000 -0.0000057732794240
42.01000 -0.0000057633160397
42.03000 -0.0000057535413066
42.05000 -0.0000057437023887
42.07000 -0.0000057337151520
42.09000 -0.0000057240145783
42.11000 -0.0000057144250269
42.13000 -0.0000057044711836
42.15000 -0.0000056945654789
42.17000 -0.0000056851194759
42.19000 -0.0000056752887979
42.21000 -0.0000056653414598
42.23000 -0.0000056559210440
42.25000 -0.0000056463666208
42.27000 -0.0000056366192096
42.29000 -0.0000056269225390
42.31000 -0.0000056174457447
42.33000 -0.0000056080782379
42.35000 -0.0000055982826881
42.37000 -0.0000055885981606
42.39000 -0.0000055794713467
42.41000 -0.0000055697295734
42.43000 -0.0000055603716076
42.45000 -0.0000055509269056
42.47000 -0.0000055411916375
42.49000 -0.0000055322252855
42.51000 -0.0000055225633094
42.53000 -0.0000055132899114
42.55000 -0.0000055041552913
42.57000 -0.0000054944204568
42.59000 -0.0000054854567069
42.61000 -0.0000054760783581
42.63000 -0.0000054667034788
42.65000 -0.0000054574760509
42.67000 -0.0000054482603325
42.69000 -0.0000054392115811
42.71000 -0.0000054297781549
42.73000 -0.0000054206253201
42.75000 -0.0000054113805451
42.77000 -0.0000054024944240
42.79000 -0.0000053935315415
42.81000 -0.0000053840668902
42.83000 -0.0000053750589049
42.85000 -0.0000053661272474
42.87000 -0.0000053568989522
42.89000 -0.0000053478350220
42.91000 -0.0000053391254091
42.93000 -0.0000053300220140
42.95000 -0.0000053210014520
42.97000 -0.0000053121981640
42.99000 -0.0000053031910460
43.01000 -0.0000052942459444
43.03000 -0.0000052853537519
43.05000 -0.0000052765634743
43.07000 -0.0000052674891358
43.09000 -0.0000052588515140
43.11000 -0.0000052502190963
43.13000 -0.0000052410350365
43.15000 -0.0000052324676710
43.17000 -0.0000052237797421
43.19000 -0.0000052149434944
43.21000 -0.0000052061675283
43.23000 -0.0000051973317143
43.25000 -0.0000051888909836
43.27000 -0.0000051800638431
43.29000 -0.0000051715151259
43.31000 -0.0000051628692641
43.33000 -0.0000051541535796
43.35000 -0.0000051458212691
43.37000 -0.0000051370214506
43.39000 -0.0000051284380388
43.41000 -0.0000051199921039
43.43000 -0.0000051114585654
43.45000 -0.0000051028669137
43.47000 -0.0000050945727671
43.49000 -0.0000050858275924
43.51000 -0.0000050774454086
43.53000 -0.0000050692870041
43.55000 -0.0000050605769575
43.57000 -0.0000050521206142
43.59000 -0.0000050438902187
43.61000 -0.0000050354885192
43.63000 -0.0000050270070225
43.65000 -0.0000050187640502
43.67000 -0.0000050106151867
43.69000 -0.0000050021584097
43.71000 -0.0000049936747445
43.73000 -0.0000049856789704
43.75000 -0.0000049773193379
43.77000 -0.0000049691123612
43.79000 -0.0000049609934216
43.81000 -0.0000049526589427
43.83000 -0.0000049445725292
43.85000 -0.0000049364219309
43.87000 -0.0000049282630928
43.89000 -0.0000049199394558
43.91000 -0.0000049119675341
43.93000 -0.0000049039912756
43.95000 -0.0000048956398831
43.97000 -0.0000048878635514
43.99000 -0.0000048796114718
44.01000 -0.0000048716529942
44.03000 -0.0000048638710247
44.05000 -0.0000048554298603
44.07000 -0.0000048474926330
44.09000 -0.0000048398095427
44.11000 -0.0000048315561621
44.13000 -0.0000048238518215
44.15000 -0.0000048159809474
44.17000 -0.0000048078628752
44.19000 -0.0000048001268758
44.21000 -0.0000047923058751
44.23000 -0.0000047843213766
44.25000 -0.0000047765203251
44.27000 -0.0000047688398369
44.29000 -0.0000047608878645
44.31000 -0.0000047530278324
44.33000 -0.0000047453018077
44.35000 -0.0000047375727473
44.37000 -0.0000047298124618
44.39000 -0.0000047222490675
44.41000 -0.0000047145386553
44.43000 -0.0000047066404593
44.45000 -0.0000046990176507
44.47000 -0.0000046914850477
44.49000 -0.0000046835820812
44.51000 -0.0000046758946541
44.53000 -0.0000046686634593
44.55000 -0.0000046608212081
44.57000 -0.0000046532023026
44.59000 -0.0000046458787338
44.61000 -0.0000046380620698
44.63000 -0.0000046306513311
44.65000 -0.0000046229803839
44.67000 -0.0000046155683442
44.69000 -0.0000046081415593
44.71000 -0.0000046005816344
44.73000 -0.0000045931557169
44.75000 -0.0000045857579886
44.77000 -0.0000045782024005
44.79000 -0.0000045707131656
44.81000 -0.0000045635769469
44.83000 -0.0000045559458983
44.85000 -0.0000045486210284
44.87000 -0.0000045414852434
44.89000 -0.0000045338932261
44.91000 -0.0000045266412146
44.93000 -0.0000045194061167
44.95000 -0.0000045119069071
44.97000 -0.0000045048097197
44.99000 -0.0000044974232671
45.01000 -0.0000044901764598
45.03000 -0.0000044830640936
45.05000 -0.0000044755830986
45.07000 -0.0000044687240019
45.09000 -0.0000044613666060
45.11000 -0.0000044539818882
45.13000 -0.0000044470720509
45.15000 -0.0000044398148352
45.17000 -0.0000044326911933
45.19000 -0.0000044256096184
45.21000 -0.0000044185041910
45.23000 -0.0000044112183524
45.25000 -0.0000044043223929
45.27000 -0.0000043972503590
45.29000 -0.0000043900373788
45.31000 -0.0000043831357814
45.33000 -0.0000043760455329
45.35000 -0.0000043688963038
45.37000 -0.0000043622700938
45.39000 -0.0000043550011687
45.41000 -0.0000043479633956
45.43000 -0.0000043413415224
45.45000 -0.0000043340999192
45.47000 -0.0000043273444723
45.49000 -0.0000043204610896
45.51000 -0.0000043132225222
45.53000 -0.0000043066058532
45.55000 -0.0000042999419129
45.57000 -0.0000042926239820
45.59000 -0.0000042861924947
45.61000 -0.0000042790944399
45.63000 -0.0000042723337888
45.65000 -0.0000042656403583
45.67000 -0.0000042584304139
45.69000 -0.0000042521919145
45.71000 -0.0000042452200609
45.73000 -0.0000042383332087
45.75000 -0.0000042318141179
45.77000 -0.0000042249190257
45.79000 -0.0000042182806727
45.81000 -0.0000042116999992
45.83000 -0.0000042048834033
45.85000 -0.0000041982281367
45.87000 -0.0000041916951680
45.89000 -0.0000041848187242
45.91000 -0.0000041782866229
45.93000 -0.0000041718464620
45.95000 -0.0000041650619585
45.97000 -0.0000041584071256
45.99000 -0.0000041518810959
46.01000 -0.0000041452496817
46.03000 -0.0000041389452629
46.05000 -0.0000041324062228
46.07000 -0.0000041256048057
46.09000 -0.0000041191780889
46.11000 -0.0000041127036672
46.13000 -0.0000041062856240
46.15000 -0.0000040997322724
46.17000 -0.0000040932817032
46.19000 -0.0000040867981742
46.21000 -0.0000040802990327
46.23000 -0.0000040740900237
46.25000 -0.0000040675319016
46.27000 -0.0000040611147258
46.29000 -0.0000040548220163
46.31000 -0.0000040484174173
46.33000 -0.0000040418996275
46.35000 -0.0000040354945947
46.37000 -0.0000040295050283
46.39000 -0.0000040230115246
46.41000 -0.0000040165947825
46.43000 -0.0000040104651371
46.45000 -0.0000040040869925
46.47000 -0.0000039978376512
46.49000 -0.0000039915969835
46.51000 -0.0000039852570029
46.53000 -0.0000039791473068
46.55000 -0.0000039728715109
46.57000 -0.0000039666659714
46.59000 -0.0000039604335436
46.61000 -0.0000039541941770
46.63000 -0.0000039481451962
46.65000 -0.0000039419947341
46.67000 -0.0000039356677639
46.69000 -0.0000039296179158
46.71000 -0.0000039235468173
46.73000 -0.0000039172619141
46.75000 -0.0000039113556144
46.77000 -0.0000039051414012
46.79000 -0.0000038990542565
46.81000 -0.0000038930538480
46.83000 -0.0000038869944589
46.85000 -0.0000038808526705
46.87000 -0.0000038748596345
46.89000 -0.0000038689255792
46.91000 -0.0000038628653228
46.93000 -0.0000038568532049
46.95000 -0.0000038508128977
46.97000 -0.0000038449321851
46.99000 -0.0000038390601462
47.01000 -0.0000038328502698
47.03000 -0.0000038269084082
47.05000 -0.0000038213607625
47.07000 -0.0000038150949414
47.09000 -0.0000038091717280
47.11000 -0.0000038034367322
47.13000 -0.0000037975156873
47.15000 -0.0000037917152057
47.17000 -0.0000037857750788
47.19000 -0.0000037799039072
47.21000 -0.0000037740756700
47.23000 -0.0000037683684298
47.25000 -0.0000037623524088
47.27000 -0.0000037565965963
47.29000 -0.0000037509630818
47.31000 -0.0000037450446390
47.33000 -0.0000037392879591
47.35000 -0.0000037335022227
47.37000 -0.0000037277876098
47.39000 -0.0000037221172325
47.41000 -0.0000037162022591
47.43000 -0.0000037107010173
47.45000 -0.0000037049825014
47.47000 -0.0000036990436755
47.49000 -0.0000036936378435
47.51000 -0.0000036878113410
47.53000 -0.0000036821318564
47.55000 -0.0000036767203865
47.57000 -0.0000036708774041
47.59000 -0.0000036652378181
47.61000 -0.0000036596173141
47.63000 -0.0000036542340334
47.65000 -0.0000036485337321
47.67000 -0.0000036426920508
47.69000 -0.0000036373226479
47.71000 -0.0000036317828085
47.73000 -0.0000036263444504
47.75000 -0.0000036205960105
47.77000 -0.0000036150782888
47.79000 -0.0000036097231974
47.81000 -0.0000036040940198
47.83000 -0.0000035986135946
47.85000 -0.0000035931917164
47.87000 -0.0000035874636595
47.89000 -0.0000035821783907
47.91000 -0.0000035767539104
47.93000 -0.0000035712279488
47.95000 -0.0000035659136234
47.97000 -0.0000035603122013
47.99000 -0.0000035549046346
48.01000 -0.0000035497165103
48.03000 -0.0000035442729480
48.05000 -0.0000035386416020
48.07000 -0.0000035335601632
48.09000 -0.0000035280172880
48.11000 -0.0000035226773755
48.13000 -0.0000035174792766
48.15000 -0.0000035120196681
48.17000 -0.0000035066632757
48.19000 -0.0000035014330844
48.21000 -0.0000034962740168
48.23000 -0.0000034905767513
48.25000 -0.0000034854948788
48.27000 -0.0000034805123193
48.29000 -0.0000034748232937
48.31000 -0.0000034697045584
48.33000 -0.0000034646478395
48.35000 -0.0000034591873636
48.37000 -0.0000034538812782
48.39000 -0.0000034489642045
48.41000 -0.0000034436333993
48.43000 -0.0000034382444808
48.45000 -0.0000034333855203
48.47000 -0.0000034281783141
48.49000 -0.0000034228743971
48.51000 -0.0000034177647691
48.53000 -0.0000034125328431
48.55000 -0.0000034075468142
48.57000 -0.0000034024380535
48.59000 -0.0000033971527848
48.61000 -0.0000033921494086
48.63000 -0.0000033870861844
48.65000 -0.0000033819435967
48.67000 -0.0000033768283308
48.69000 -0.0000033719754419
48.71000 -0.0000033666854027
48.73000 -0.0000033616174080
48.75000 -0.0000033568169945
48.77000 -0.0000033515551445
48.79000 -0.0000033466510813
48.81000 -0.0000033416013012
48.83000 -0.0000033365562917
48.85000 -0.0000033317268215
48.87000 -0.0000033266284692
48.89000 -0.0000033217061914
48.91000 -0.0000033166885037
48.93000 -0.0000033116521678
48.95000 -0.0000033070143846
48.97000 -0.0000033018583527
48.99000 -0.0000032967985980
49.01000 -0.0000032922310711
49.03000 -0.0000032870698351
49.05000 -0.0000032822481712
49.07000 -0.0000032775102077
49.09000 -0.0000032724552235
49.11000 -0.0000032674162855
49.13000 -0.0000032628288092
49.15000 -0.0000032579741856
49.17000 -0.0000032530380299
49.19000 -0.0000032482263407
49.21000 -0.0000032432316381
49.23000 -0.0000032387430411
49.25000 -0.0000032337786962
49.27000 -0.0000032288334333
49.29000 -0.0000032243123102
49.31000 -0.0000032193536031
49.33000 -0.0000032145592611
49.35000 -0.0000032100285971
49.37000 -0.0000032050521091
49.39000 -0.0000032003683557
49.41000 -0.0000031957696038
49.43000 -0.0000031907835749
49.45000 -0.0000031861700778
49.47000 -0.0000031815244883
49.49000 -0.0000031768576485
49.51000 -0.0000031721053735
49.53000 -0.0000031672876127
49.55000 -0.0000031628983287
49.57000 -0.0000031580571491
49.59000 -0.0000031533040068
49.61000 -0.0000031489168911
49.63000 -0.0000031441615804
49.65000 -0.0000031394301221
49.67000 -0.0000031348825445
49.69000 -0.0000031302551697
49.71000 -0.0000031257049900
49.73000 -0.0000031210481248
49.75000 -0.0000031164901389
49.77000 -0.0000031119880978
49.79000 -0.0000031073225590
49.81000 -0.0000031027281439
49.83000 -0.0000030982759761
49.85000 -0.0000030936585758
49.87000 -0.0000030891261771
49.89000 -0.0000030846466874
49.91000 -0.0000030800249504
49.93000 -0.0000030755732162
49.95000 -0.0000030711028338
49.97000 -0.0000030666181400
49.99000 -0.0000030620003061
50.01000 -0.0000030577072992
50.03000 -0.0000030531636247
50.05000 -0.0000030484803050
50.07000 -0.0000030445004157
50.09000 -0.0000030393942571
50.11000 -0.0000030372267201
50.13000 -0.0000030233675806
50.15000 -0.0000030545657149
50.17000 -0.0000029175390402
50.19000 -0.0000034084727228
50.21000 -0.0000029057520279
50.23000 -0.0000034421215878
50.25000 -0.0000014167104989
