0.25000 -6.8762074632927606
0.27000 -5.2732178471678877
0.29000 -5.2388438387579690
0.31000 -4.0568965345362074
0.33000 -3.1841576405572627
0.35000 -2.5230385684834000
0.37000 -2.0176586542138693
0.39000 -1.6261846226521781
0.41000 -1.3198139952059809
0.43000 -1.0776465627141316
0.45000 -0.8845184893914450
0.47000 -0.7292219445406007
0.49000 -0.6034103068266091
0.51000 -0.5007794362214130
0.53000 -0.4165150418168618
0.55000 -0.3469242674909492
0.57000 -0.2891606802002863
0.59000 -0.2409353391647403
0.61000 -0.2005248624514557
0.63000 -0.1665000867154728
0.65000 -0.1377422732798163
0.67000 -0.1133502290084215
0.69000 -0.0925962639387185
0.71000 -0.0748803055150571
0.73000 -0.0597156803214029
0.75000 -0.0467028835119537
0.77000 -0.0355184006476291
0.79000 -0.0258804328232461
0.81000 -0.0175625436844388
0.83000 -0.0103676455266942
0.85000 -0.0041589321586368
0.87000 0.0012515019111314
0.89000 0.0058941798744781
0.91000 0.0099669328101441
0.93000 0.0134746541568392
0.95000 0.0165098494862848
0.97000 0.0191518495815344
0.99000 0.0214390299896339
1.01000 0.0234105816665497
1.03000 0.0251097722271434
1.05000 0.0265749073810606
1.07000 0.0278320571238851
1.09000 0.0289055669364102
1.11000 0.0298169425042479
1.13000 0.0305855658148252
1.15000 0.0312292843543394
1.17000 0.0317629056272722
1.19000 0.0321988562319390
1.21000 0.0325486303693473
1.23000 0.0328221087657806
1.25000 0.0330274260166204
1.27000 0.0331734027005555
1.29000 0.0332664309789926
1.31000 0.0333129318823751
1.33000 0.0333182771094370
1.35000 0.0332866340810080
1.37000 0.0332232214647621
1.39000 0.0331310157448047
1.41000 0.0330136686159157
1.43000 0.0328741230566874
1.45000 0.0327166772760614
1.47000 0.0325389166023575
1.49000 0.0323517903201102
1.51000 0.0321441976748373
1.53000 0.0319336019684776
1.55000 0.0317069567152412
1.57000 0.0314738090098401
1.59000 0.0312355147724190
1.61000 0.0309888091454963
1.63000 0.0307371863384846
1.65000 0.0304824543430338
1.67000 0.0302238655959982
1.69000 0.0299619462434952
1.71000 0.0296983693935197
1.73000 0.0294336451593195
1.75000 0.0291672970680520
1.77000 0.0289006892891658
1.79000 0.0286336899732453
1.81000 0.0283672388400047
1.83000 0.0281012298635382
1.85000 0.0278356104313019
1.87000 0.0275714672241338
1.89000 0.0273086048023970
1.91000 0.0270470264161539
1.93000 0.0267873184142444
1.95000 0.0265291271220787
1.97000 0.0262728360295172
1.99000 0.0260191378706013
2.01000 0.0257677751981655
2.03000 0.0255183443213329
2.05000 0.0252709531473975
2.07000 0.0250265577420028
2.09000 0.0247835545640988
2.11000 0.0245442583560185
2.13000 0.0243058222565197
2.15000 0.0240722599539889
2.17000 0.0238397549704357
2.19000 0.0236102637758232
2.21000 0.0233836096406870
2.23000 0.0231590359561079
2.25000 0.0229373944317842
2.27000 0.0227183453326470
2.29000 0.0225015286812088
2.31000 0.0222877424257510
2.33000 0.0220766175427350
2.35000 0.0218681890840067
2.37000 0.0216622524247997
2.39000 0.0214587948364533
2.41000 0.0212576754234084
2.43000 0.0210590518147831
2.45000 0.0208632918520061
2.47000 0.0206696452880832
2.49000 0.0204781877814753
2.51000 0.0202893497731893
2.53000 0.0201031025554947
2.55000 0.0199192542030269
2.57000 0.0197377221058022
2.59000 0.0195584785053077
2.61000 0.0193813376940059
2.63000 0.0192066718372278
2.65000 0.0190343539772005
2.67000 0.0188639584446787
2.69000 0.0186957451219633
2.71000 0.0185292307665804
2.73000 0.0183654205136487
2.75000 0.0182033799961170
2.77000 0.0180437761195899
2.79000 0.0178856664040846
2.81000 0.0177296735737187
2.83000 0.0175756432964821
2.85000 0.0174234793220059
2.87000 0.0172735056238234
2.89000 0.0171254954145957
2.91000 0.0169791232385493
2.93000 0.0168344227031066
2.95000 0.0166914025900855
2.97000 0.0165502907150764
2.99000 0.0164109512601947
3.01000 0.0162733267566190
3.03000 0.0161374829019123
3.05000 0.0160033014656030
3.07000 0.0158706123295586
3.09000 0.0157394231444878
3.11000 0.0156099646301857
3.13000 0.0154820455259413
3.15000 0.0153554169872450
3.17000 0.0152304821929526
3.19000 0.0151072862220510
3.21000 0.0149856154687174
3.23000 0.0148651602280281
3.25000 0.0147460618153914
3.27000 0.0146282639726381
3.29000 0.0145120301556223
3.31000 0.0143971816139963
3.33000 0.0142834424725809
3.35000 0.0141711433955064
3.37000 0.0140601134143714
3.39000 0.0139507259598835
3.41000 0.0138423327392575
3.43000 0.0137350876057429
3.45000 0.0136290756809025
3.47000 0.0135241897797807
3.49000 0.0134205344729891
3.51000 0.0133181587241848
3.53000 0.0132169058933892
3.55000 0.0131166831867276
3.57000 0.0130174891748112
3.59000 0.0129195568672006
3.61000 0.0128228411263911
3.63000 0.0127272010105410
3.65000 0.0126325389800813
3.67000 0.0125388093008549
3.69000 0.0124459927255960
3.71000 0.0123543691124319
3.73000 0.0122637471504835
3.75000 0.0121740707074297
3.77000 0.0120853640480275
3.79000 0.0119976449072801
3.81000 0.0119107857542618
3.83000 0.0118248271332999
3.85000 0.0117397899635404
3.87000 0.0116558082895642
3.89000 0.0115727811544203
3.91000 0.0114904952698558
3.93000 0.0114090463374887
3.95000 0.0113284165019721
3.97000 0.0112486126562413
3.99000 0.0111695925380841
4.01000 0.0110913193938448
4.03000 0.0110138806671869
4.05000 0.0109374790422760
4.07000 0.0108617485620096
4.09000 0.0107867074313854
4.11000 0.0107123904909134
4.13000 0.0106388422127744
4.15000 0.0105661511784483
4.17000 0.0104941112043927
4.19000 0.0104227667665121
4.21000 0.0103521829047474
4.23000 0.0102822898158383
4.25000 0.0102132036579790
4.27000 0.0101447150175256
4.29000 0.0100767822865574
4.31000 0.0100094924276410
4.33000 0.0099429101637951
4.35000 0.0098769008431236
4.37000 0.0098116350872451
4.39000 0.0097470307417839
4.41000 0.0096830418887019
4.43000 0.0096196110661861
4.45000 0.0095567136253425
4.47000 0.0094945617984399
4.49000 0.0094330095340896
4.51000 0.0093719804591478
4.53000 0.0093114931050871
4.55000 0.0092515793543903
4.57000 0.0091922094127422
4.59000 0.0091333140368281
4.61000 0.0090751061828977
4.63000 0.0090175745426126
4.65000 0.0089604894312293
4.67000 0.0089038046149903
4.69000 0.0088476233186160
4.71000 0.0087919788023990
4.73000 0.0087368646440230
4.75000 0.0086822673063767
4.77000 0.0086281235148200
4.79000 0.0085744591188375
4.81000 0.0085213754550534
4.83000 0.0084686857162545
4.85000 0.0084164214932357
4.87000 0.0083646813878411
4.89000 0.0083133948808091
4.91000 0.0082626529341231
4.93000 0.0082123637398559
4.95000 0.0081624728971719
4.97000 0.0081129412708020
4.99000 0.0080638860269303
5.01000 0.0080152978682024
5.03000 0.0079670318524350
5.05000 0.0079192226311077
5.07000 0.0078718695067231
5.09000 0.0078248964499363
5.11000 0.0077783242233518
5.13000 0.0077322577019442
5.15000 0.0076865590657264
5.17000 0.0076411396008706
5.19000 0.0075960887686623
5.21000 0.0075514535362309
5.23000 0.0075072644169459
5.25000 0.0074634425365853
5.27000 0.0074199657658485
5.29000 0.0073768394163315
5.31000 0.0073340404846296
5.33000 0.0072915847908195
5.35000 0.0072494649354382
5.37000 0.0072078076130550
5.39000 0.0071664818399505
5.41000 0.0071254159201423
5.43000 0.0070847086345675
5.45000 0.0070443488675344
5.47000 0.0070043722857904
5.49000 0.0069647696209624
5.51000 0.0069254144263384
5.53000 0.0068863346745889
5.55000 0.0068476002947534
5.57000 0.0068091550771768
5.59000 0.0067710113522967
5.61000 0.0067331804402826
5.63000 0.0066956584241403
5.65000 0.0066584598355327
5.67000 0.0066216138926156
5.69000 0.0065850022375191
5.71000 0.0065486211076859
5.73000 0.0065125310432420
5.75000 0.0064767604719800
5.77000 0.0064413116648380
5.79000 0.0064061265925633
5.81000 0.0063712090464287
5.83000 0.0063365153174048
5.85000 0.0063021061563519
5.87000 0.0062679761431844
5.89000 0.0062341570335189
5.91000 0.0062005567713861
5.93000 0.0061671999392864
5.95000 0.0061341228881189
5.97000 0.0061013061457861
5.99000 0.0060687638696784
6.01000 0.0060364009991931
6.03000 0.0060042345414434
6.05000 0.0059723520904354
6.07000 0.0059407008846703
6.09000 0.0059093136193372
6.11000 0.0058782109742482
6.13000 0.0058473193129474
6.15000 0.0058166834992004
6.17000 0.0057862355740471
6.19000 0.0057559666755483
6.21000 0.0057259700968898
6.23000 0.0056962503258475
6.25000 0.0056666783179958
6.27000 0.0056373197503123
6.29000 0.0056082217574777
6.31000 0.0055793227512341
6.33000 0.0055506102424862
6.35000 0.0055221414315201
6.37000 0.0054938421632557
6.39000 0.0054657233177977
6.41000 0.0054378505683420
6.43000 0.0054102077959075
6.45000 0.0053827111825532
6.47000 0.0053554187198305
6.49000 0.0053283357549898
6.51000 0.0053014901744743
6.53000 0.0052747950642547
6.55000 0.0052482739797827
6.57000 0.0052219418921959
6.59000 0.0051957584340627
6.61000 0.0051697787010104
6.63000 0.0051439935185027
6.65000 0.0051184211456029
6.67000 0.0050930228776928
6.69000 0.0050677796382033
6.71000 0.0050427301289888
6.73000 0.0050178827156258
6.75000 0.0049931813967882
6.77000 0.0049686417635577
6.79000 0.0049442915311485
6.81000 0.0049201060825163
6.83000 0.0048960771298692
6.85000 0.0048722178657793
6.87000 0.0048484822609551
6.89000 0.0048249301205551
6.91000 0.0048015499433743
6.93000 0.0047783059204642
6.95000 0.0047552415607712
6.97000 0.0047323624205684
6.99000 0.0047096319685802
7.01000 0.0046870271671699
7.03000 0.0046645569424265
7.05000 0.0046422235807734
7.07000 0.0046200533090323
7.09000 0.0045980745523126
7.11000 0.0045762394482868
7.13000 0.0045545354099864
7.15000 0.0045329650609494
7.17000 0.0045115757175742
7.19000 0.0044903103485946
7.21000 0.0044691550817738
7.23000 0.0044481754550343
7.25000 0.0044273174197006
7.27000 0.0044066036361765
7.29000 0.0043860046345749
7.31000 0.0043655468378682
7.33000 0.0043452285795886
7.35000 0.0043250332141508
7.37000 0.0043049757373140
7.39000 0.0042850740622144
7.41000 0.0042652877966370
7.43000 0.0042456047509113
7.45000 0.0042260490162640
7.47000 0.0042066307866008
7.49000 0.0041873540919043
7.51000 0.0041682065899754
7.53000 0.0041491698854132
7.55000 0.0041302497634279
7.57000 0.0041114557456969
7.59000 0.0040927739987951
7.61000 0.0040741959890396
7.63000 0.0040557320728912
7.65000 0.0040374044874234
7.67000 0.0040191865587994
7.69000 0.0040010673999641
7.71000 0.0039830884821535
7.73000 0.0039652246501889
7.75000 0.0039474761535814
7.77000 0.0039298181496219
7.79000 0.0039122638381568
7.81000 0.0038948229677654
7.83000 0.0038774959756904
7.85000 0.0038603036068193
7.87000 0.0038431823835491
7.89000 0.0038261528677192
7.91000 0.0038092406947493
7.93000 0.0037924428743346
7.95000 0.0037757660022060
7.97000 0.0037591817957210
7.99000 0.0037426961027714
8.01000 0.0037263190924910
8.03000 0.0037100355480361
8.05000 0.0036938436618246
8.07000 0.0036777577875485
8.09000 0.0036617603178801
8.11000 0.0036458532436343
8.13000 0.0036300507061151
8.15000 0.0036143466192531
8.17000 0.0035987323648614
8.19000 0.0035832074283514
8.21000 0.0035677753075503
8.23000 0.0035524463815167
8.25000 0.0035372250490352
8.27000 0.0035220679209131
8.29000 0.0035069880250163
8.31000 0.0034919978817461
8.33000 0.0034771080157855
8.35000 0.0034623040153064
8.37000 0.0034476081921947
8.39000 0.0034329960579028
8.41000 0.0034184687233360
8.43000 0.0034040160187705
8.45000 0.0033896506868488
8.47000 0.0033753754930787
8.49000 0.0033611702136028
8.51000 0.0033470597014112
8.53000 0.0033330357821516
8.55000 0.0033190747153004
8.57000 0.0033052078544926
8.59000 0.0032914297747276
8.61000 0.0032777208461403
8.63000 0.0032640783887104
8.65000 0.0032504959605884
8.67000 0.0032370094948941
8.69000 0.0032236217199199
8.71000 0.0032103055386025
8.73000 0.0031970599991225
8.75000 0.0031838929865149
8.77000 0.0031707936399307
8.79000 0.0031577781343708
8.81000 0.0031448355584593
8.83000 0.0031319696876022
8.85000 0.0031191709899449
8.87000 0.0031064475738511
8.89000 0.0030937910601552
8.91000 0.0030812039717235
8.93000 0.0030686738076643
8.95000 0.0030562132602903
8.97000 0.0030438340505613
8.99000 0.0030315452885972
9.01000 0.0030193150305409
9.03000 0.0030071490415030
9.05000 0.0029950495601440
9.07000 0.0029830187616454
9.09000 0.0029710577401897
9.11000 0.0029591571085406
9.13000 0.0029473237611252
9.15000 0.0029355483411458
9.17000 0.0029238294805417
9.19000 0.0029121867198625
9.21000 0.0029006164460957
9.23000 0.0028891026272737
9.25000 0.0028776643225606
9.27000 0.0028662865771597
9.29000 0.0028549579724503
9.31000 0.0028436827395964
9.33000 0.0028324748760471
9.35000 0.0028213386493494
9.37000 0.0028102586787394
9.39000 0.0027992312309881
9.41000 0.0027882702228454
9.43000 0.0027773711120070
9.45000 0.0027665249162021
9.47000 0.0027557366118781
9.49000 0.0027450071243713
9.51000 0.0027343213226833
9.53000 0.0027236990794710
9.55000 0.0027131404378942
9.57000 0.0027026385624023
9.59000 0.0026921939745341
9.61000 0.0026818115255016
9.63000 0.0026714728055289
9.65000 0.0026611948216598
9.67000 0.0026509747199389
9.69000 0.0026407990035120
9.71000 0.0026306818840897
9.73000 0.0026206243366328
9.75000 0.0026106246883012
9.77000 0.0026006676184682
9.79000 0.0025907540837644
9.81000 0.0025809011464326
9.83000 0.0025711011631309
9.85000 0.0025613480174093
9.87000 0.0025516511354314
9.89000 0.0025419963853880
9.91000 0.0025323924040394
9.93000 0.0025228353831818
9.95000 0.0025133250657061
9.97000 0.0025038708321989
9.99000 0.0024944674060593
10.01000 0.0024851139729271
10.03000 0.0024758113249118
10.05000 0.0024665478953167
10.07000 0.0024573345842535
10.09000 0.0024481764508815
10.11000 0.0024390643398158
10.13000 0.0024299900992670
10.15000 0.0024209626267706
10.17000 0.0024119762467624
10.19000 0.0024030391536136
10.21000 0.0023941478619061
10.23000 0.0023853071242502
10.25000 0.0023765088323635
10.27000 0.0023677568103166
10.29000 0.0023590506542543
10.31000 0.0023503833483420
10.33000 0.0023417674875625
10.35000 0.0023331879935492
10.37000 0.0023246438450586
10.39000 0.0023161422347979
10.41000 0.0023076927409503
10.43000 0.0022992893585390
10.45000 0.0022909196704830
10.47000 0.0022825927274706
10.49000 0.0022743135053479
10.51000 0.0022660720511852
10.53000 0.0022578690842453
10.55000 0.0022497054369639
10.57000 0.0022415820019259
10.59000 0.0022335055247883
10.61000 0.0022254662583020
10.63000 0.0022174675536057
10.65000 0.0022095056503163
10.67000 0.0022015770765350
10.69000 0.0021936905874575
10.71000 0.0021858479257638
10.73000 0.0021780391290295
10.75000 0.0021702689299274
10.77000 0.0021625448755798
10.79000 0.0021548451795949
10.81000 0.0021471821215364
10.83000 0.0021395601826577
10.85000 0.0021319835557393
10.87000 0.0021244379023201
10.89000 0.0021169284478960
10.91000 0.0021094527314613
10.93000 0.0021020127094947
10.95000 0.0020946159642761
10.97000 0.0020872496289219
10.99000 0.0020799183007847
11.01000 0.0020726253471594
11.03000 0.0020653623572393
11.05000 0.0020581367393344
11.07000 0.0020509449174972
11.09000 0.0020437934893439
11.11000 0.0020366709460942
11.13000 0.0020295751820831
11.15000 0.0020225217090923
11.17000 0.0020155002851176
11.19000 0.0020085070240317
11.21000 0.0020015457232597
11.23000 0.0019946144325679
11.25000 0.0019877190523288
11.27000 0.0019808637936302
11.29000 0.0019740396308675
11.31000 0.0019672478734796
11.33000 0.0019604897459150
11.35000 0.0019537634144441
11.37000 0.0019470674991982
11.39000 0.0019404015188957
11.41000 0.0019337553001815
11.43000 0.0019271518930085
11.45000 0.0019205810752876
11.47000 0.0019140398105471
11.49000 0.0019075241304914
11.51000 0.0019010416175853
11.53000 0.0018945878927853
11.55000 0.0018881572645101
11.57000 0.0018817631483014
11.59000 0.0018753979678353
11.61000 0.0018690652746229
11.63000 0.0018627609596246
11.65000 0.0018564783160063
11.67000 0.0018502270922200
11.69000 0.0018440057299983
11.71000 0.0018378152563438
11.73000 0.0018316508696113
11.75000 0.0018255118367413
11.77000 0.0018194048065125
11.79000 0.0018133220422549
11.81000 0.0018072685022477
11.83000 0.0018012464806164
11.85000 0.0017952475656289
11.87000 0.0017892730879918
11.89000 0.0017833272630136
11.91000 0.0017774093676269
11.93000 0.0017715204893645
11.95000 0.0017656580005137
11.97000 0.0017598193807408
11.99000 0.0017540046433108
12.01000 0.0017482209785831
12.03000 0.0017424598400840
12.05000 0.0017367282193389
12.07000 0.0017310174066712
12.09000 0.0017253334516863
12.11000 0.0017196760930307
12.13000 0.0017140455260342
12.15000 0.0017084355375188
12.17000 0.0017028508224095
12.19000 0.0016972970346441
12.21000 0.0016917625692119
12.23000 0.0016862520071936
12.25000 0.0016807641794320
12.27000 0.0016753001127444
12.29000 0.0016698662716474
12.31000 0.0016644569798598
12.33000 0.0016590699051846
12.35000 0.0016537072525015
12.37000 0.0016483660635752
12.39000 0.0016430465523432
12.41000 0.0016377447550666
12.43000 0.0016324691908681
12.45000 0.0016272217183537
12.47000 0.0016219940392886
12.49000 0.0016167894791724
12.51000 0.0016116103928691
12.53000 0.0016064489790033
12.55000 0.0016013117090074
12.57000 0.0015961994981791
12.59000 0.0015911109964411
12.61000 0.0015860421316571
12.63000 0.0015809938388548
12.65000 0.0015759660670680
12.67000 0.0015709639472616
12.69000 0.0015659798049151
12.71000 0.0015610182114642
12.73000 0.0015560780641683
12.75000 0.0015511582058744
12.77000 0.0015462590460813
12.79000 0.0015413807938810
12.81000 0.0015365257738954
12.83000 0.0015316858098524
12.85000 0.0015268702548028
12.87000 0.0015220765849320
12.89000 0.0015172998750016
12.91000 0.0015125439156137
12.93000 0.0015078082622397
12.95000 0.0015030938769571
12.97000 0.0014983980966068
12.99000 0.0014937221799854
13.01000 0.0014890665372506
13.03000 0.0014844308698798
13.05000 0.0014798156460979
13.07000 0.0014752191513275
13.09000 0.0014706404282902
13.11000 0.0014660826386006
13.13000 0.0014615437835333
13.15000 0.0014570211014665
13.17000 0.0014525205093684
13.19000 0.0014480403448767
13.21000 0.0014435768766937
13.23000 0.0014391310480810
13.25000 0.0014347040552346
13.27000 0.0014302922659558
13.29000 0.0014258999058459
13.31000 0.0014215261828765
13.33000 0.0014171761395533
13.35000 0.0014128420028579
13.37000 0.0014085229968023
13.39000 0.0014042200029036
13.41000 0.0013999351893695
13.43000 0.0013956698730171
13.45000 0.0013914207931791
13.47000 0.0013871911207682
13.49000 0.0013829763903748
13.51000 0.0013787780358404
13.53000 0.0013745996924978
13.55000 0.0013704377414247
13.57000 0.0013662924833874
13.59000 0.0013621639762563
13.61000 0.0013580532882395
13.63000 0.0013539595028478
13.65000 0.0013498799346252
13.67000 0.0013458173386480
13.69000 0.0013417723886018
13.71000 0.0013377429245245
13.73000 0.0013337304138420
13.75000 0.0013297342728429
13.77000 0.0013257526774539
13.79000 0.0013217885051764
13.81000 0.0013178388396628
13.83000 0.0013139047605124
13.85000 0.0013099883264487
13.87000 0.0013060885907870
13.89000 0.0013022027848970
13.91000 0.0012983344586937
13.93000 0.0012944799295672
13.95000 0.0012906423121906
13.97000 0.0012868179821134
13.99000 0.0012830082881989
14.01000 0.0012792148683961
14.03000 0.0012754357520013
14.05000 0.0012716715867024
14.07000 0.0012679231612781
14.09000 0.0012641912695496
14.11000 0.0012604712649212
14.13000 0.0012567642422000
14.15000 0.0012530726941721
14.17000 0.0012493960219647
14.19000 0.0012457367725566
14.21000 0.0012420924966917
14.23000 0.0012384606755284
14.25000 0.0012348416595157
14.27000 0.0012312370780906
14.29000 0.0012276480055445
14.31000 0.0012240723236528
14.33000 0.0012205098118973
14.35000 0.0012169620947078
14.37000 0.0012134299090990
14.39000 0.0012099105652433
14.41000 0.0012064050296477
14.43000 0.0012029106617508
14.45000 0.0011994311683560
14.47000 0.0011959655446305
14.49000 0.0011925127444551
14.51000 0.0011890713387068
14.53000 0.0011856466345291
14.55000 0.0011822333269758
14.57000 0.0011788339823969
14.59000 0.0011754472315287
14.61000 0.0011720749242110
14.63000 0.0011687146207635
14.65000 0.0011653656407003
14.67000 0.0011620305172960
14.69000 0.0011587076588377
14.71000 0.0011553983586890
14.73000 0.0011520999055811
14.75000 0.0011488153227324
14.77000 0.0011455445164676
14.79000 0.0011422845161424
14.81000 0.0011390376762737
14.83000 0.0011358037026755
14.85000 0.0011325818098188
14.87000 0.0011293727015850
14.89000 0.0011261745971186
14.91000 0.0011229887425639
14.93000 0.0011198159911620
14.95000 0.0011166554828255
14.97000 0.0011135065791992
14.99000 0.0011103680808260
15.01000 0.0011072401756573
15.03000 0.0011041262185443
15.05000 0.0011010240904992
15.07000 0.0010979336239012
15.09000 0.0010948536365828
15.11000 0.0010917848206985
15.13000 0.0010887279644836
15.15000 0.0010856838475691
15.17000 0.0010826485156064
15.19000 0.0010796266777686
15.21000 0.0010766171968634
15.23000 0.0010736179876953
15.25000 0.0010706297201452
15.27000 0.0010676514544094
15.29000 0.0010646854680524
15.31000 0.0010617294770564
15.33000 0.0010587835706094
15.35000 0.0010558490480770
15.37000 0.0010529261459599
15.39000 0.0010500139458839
15.41000 0.0010471121360498
15.43000 0.0010442225758037
15.45000 0.0010413426479218
15.47000 0.0010384721217671
15.49000 0.0010356138378566
15.51000 0.0010327655065983
15.53000 0.0010299270563827
15.55000 0.0010270990636931
15.57000 0.0010242816843656
15.59000 0.0010214747331663
15.61000 0.0010186783390084
15.63000 0.0010158929239501
15.65000 0.0010131173761030
15.67000 0.0010103506899057
15.69000 0.0010075958004873
15.71000 0.0010048499386739
15.73000 0.0010021140180288
15.75000 0.0009993868763681
15.77000 0.0009966700130482
15.79000 0.0009939627319359
15.81000 0.0009912669479001
15.83000 0.0009885798111254
15.85000 0.0009859010257143
15.87000 0.0009832329765878
15.89000 0.0009805746770120
15.91000 0.0009779265922628
15.93000 0.0009752873521747
15.95000 0.0009726581255351
15.97000 0.0009700377433600
15.99000 0.0009674262909515
16.01000 0.0009648242421089
16.03000 0.0009622319243017
16.05000 0.0009596497350708
16.07000 0.0009570762294954
16.09000 0.0009545113843883
16.11000 0.0009519567867206
16.13000 0.0009494102113395
16.15000 0.0009468728284663
16.17000 0.0009443452580332
16.19000 0.0009418253577494
16.21000 0.0009393146463884
16.23000 0.0009368132486536
16.25000 0.0009343211265084
16.27000 0.0009318376876140
16.29000 0.0009293624038051
16.31000 0.0009268964007205
16.33000 0.0009244382115012
16.35000 0.0009219889172731
16.37000 0.0009195482870636
16.39000 0.0009171162597294
16.41000 0.0009146917571631
16.43000 0.0009122775108256
16.45000 0.0009098712416023
16.47000 0.0009074734732990
16.49000 0.0009050840733711
16.51000 0.0009027019718527
16.53000 0.0009003289148472
16.55000 0.0008979648812487
16.57000 0.0008956087679003
16.59000 0.0008932602338363
16.61000 0.0008909193491049
16.63000 0.0008885876567888
16.65000 0.0008862648700457
16.67000 0.0008839502278872
16.69000 0.0008816424049961
16.71000 0.0008793429131492
16.73000 0.0008770513699787
16.75000 0.0008747665699906
16.77000 0.0008724907328445
16.79000 0.0008702234331401
16.81000 0.0008679629028355
16.83000 0.0008657100642948
16.85000 0.0008634655854790
16.87000 0.0008612286407639
16.89000 0.0008589989941692
16.91000 0.0008567768560013
16.93000 0.0008545637894657
16.95000 0.0008523572890088
16.97000 0.0008501586656074
16.99000 0.0008479669775958
17.01000 0.0008457827653865
17.03000 0.0008436053265208
17.05000 0.0008414362546079
17.07000 0.0008392737630332
17.09000 0.0008371191902630
17.11000 0.0008349723928010
17.13000 0.0008328319307920
17.15000 0.0008306994960655
17.17000 0.0008285741632160
17.19000 0.0008264560843324
17.21000 0.0008243450062377
17.23000 0.0008222412852787
17.25000 0.0008201441531348
17.27000 0.0008180537588072
17.29000 0.0008159719664067
17.31000 0.0008138972034296
17.33000 0.0008118286813167
17.35000 0.0008097666888187
17.37000 0.0008077109880702
17.39000 0.0008056633539477
17.41000 0.0008036229673149
17.43000 0.0008015885163854
17.45000 0.0007995613539313
17.47000 0.0007975408870357
17.49000 0.0007955265730539
17.51000 0.0007935195483454
17.53000 0.0007915194201920
17.55000 0.0007895263501659
17.57000 0.0007875387196890
17.59000 0.0007855580113949
17.61000 0.0007835833254246
17.63000 0.0007816153565464
17.65000 0.0007796537732201
17.67000 0.0007777001060384
17.69000 0.0007757521257544
17.71000 0.0007738107087156
17.73000 0.0007718758459248
17.75000 0.0007699464601880
17.77000 0.0007680243965686
17.79000 0.0007661086500373
17.81000 0.0007641990925483
17.83000 0.0007622957608084
17.85000 0.0007603984951652
17.87000 0.0007585073522054
17.89000 0.0007566225399801
17.91000 0.0007547443481651
17.93000 0.0007528715523231
17.95000 0.0007510053702184
17.97000 0.0007491459667423
17.99000 0.0007472918127245
18.01000 0.0007454435319599
18.03000 0.0007436007439313
18.05000 0.0007417645033851
18.07000 0.0007399346194324
18.09000 0.0007381101721840
18.11000 0.0007362914283017
18.13000 0.0007344796074231
18.15000 0.0007326736622034
18.17000 0.0007308736618000
18.19000 0.0007290787112345
18.21000 0.0007272900565125
18.23000 0.0007255067103566
18.25000 0.0007237293480830
18.27000 0.0007219576690527
18.29000 0.0007201920775834
18.31000 0.0007184316834381
18.33000 0.0007166774015679
18.35000 0.0007149287922550
18.37000 0.0007131851925922
18.39000 0.0007114479188414
18.41000 0.0007097156815133
18.43000 0.0007079893216364
18.45000 0.0007062682493356
18.47000 0.0007045526500410
18.49000 0.0007028426018153
18.51000 0.0007011381656398
18.53000 0.0006994397010647
18.55000 0.0006977462323719
18.57000 0.0006960583441226
18.59000 0.0006943757018679
18.61000 0.0006926977480099
18.63000 0.0006910255330103
18.65000 0.0006893586634224
18.67000 0.0006876970011909
18.69000 0.0006860406807224
18.71000 0.0006843893340357
18.73000 0.0006827437462262
18.75000 0.0006811034398632
18.77000 0.0006794674732985
18.79000 0.0006778369045976
18.81000 0.0006762118357970
18.83000 0.0006745921084181
18.85000 0.0006729765833317
18.87000 0.0006713664902197
18.89000 0.0006697613949789
18.91000 0.0006681617560333
18.93000 0.0006665668696749
18.95000 0.0006649774018698
18.97000 0.0006633926977311
18.99000 0.0006618126679609
19.01000 0.0006602384238924
19.03000 0.0006586686540228
19.05000 0.0006571037837235
19.07000 0.0006555437905356
19.09000 0.0006539883521476
19.11000 0.0006524377893329
19.13000 0.0006508922029656
19.15000 0.0006493518007964
19.17000 0.0006478159032935
19.19000 0.0006462850639319
19.21000 0.0006447587009376
19.23000 0.0006432366557567
19.25000 0.0006417197713609
19.27000 0.0006402074278523
19.29000 0.0006386997016978
19.31000 0.0006371967948537
19.33000 0.0006356983918143
19.35000 0.0006342046136980
19.37000 0.0006327152984239
19.39000 0.0006312305976125
19.41000 0.0006297514079309
19.43000 0.0006282760584124
19.45000 0.0006268051357464
19.47000 0.0006253385843522
19.49000 0.0006238771230183
19.51000 0.0006224198912004
19.53000 0.0006209668950511
19.55000 0.0006195186207265
19.57000 0.0006180753907234
19.59000 0.0006166359883472
19.61000 0.0006152005195201
19.63000 0.0006137699814709
19.65000 0.0006123432310113
19.67000 0.0006109211812532
19.69000 0.0006095036301073
19.71000 0.0006080901945755
19.73000 0.0006066810019113
19.75000 0.0006052762111080
19.77000 0.0006038759589426
19.79000 0.0006024796194923
19.81000 0.0006010877271502
19.83000 0.0005997000104378
19.85000 0.0005983165505171
19.87000 0.0005969373812499
19.89000 0.0005955622121162
19.91000 0.0005941911717863
19.93000 0.0005928241373319
19.95000 0.0005914610222308
19.97000 0.0005901021790019
19.99000 0.0005887477709983
20.01000 0.0005873970920142
20.03000 0.0005860509179161
20.05000 0.0005847083350772
20.07000 0.0005833700540692
20.09000 0.0005820356038394
20.11000 0.0005807052381723
20.13000 0.0005793785663617
20.15000 0.0005780564588225
20.17000 0.0005767380532237
20.19000 0.0005754234409620
20.21000 0.0005741126242869
20.23000 0.0005728060332999
20.25000 0.0005715035680057
20.27000 0.0005702044041100
20.29000 0.0005689093579622
20.31000 0.0005676182769585
20.33000 0.0005663308285409
20.35000 0.0005650472099302
20.37000 0.0005637674820499
20.39000 0.0005624915964143
20.41000 0.0005612195139113
20.43000 0.0005599514931650
20.45000 0.0005586869081427
20.47000 0.0005574258663798
20.49000 0.0005561687133754
20.51000 0.0005549150528030
20.53000 0.0005536653449832
20.55000 0.0005524193665644
20.57000 0.0005511769348166
20.59000 0.0005499381482722
20.61000 0.0005487031085107
20.63000 0.0005474715162462
20.65000 0.0005462438398945
20.67000 0.0005450193259840
20.69000 0.0005437988702626
20.71000 0.0005425818973917
20.73000 0.0005413684687980
20.75000 0.0005401586356442
20.77000 0.0005389525784052
20.79000 0.0005377497248824
20.81000 0.0005365504026321
20.83000 0.0005353545846909
20.85000 0.0005341622267019
20.87000 0.0005329735150034
20.89000 0.0005317880873041
20.91000 0.0005306064590540
20.93000 0.0005294278083064
20.95000 0.0005282522808879
20.97000 0.0005270806002304
20.99000 0.0005259124211584
21.01000 0.0005247475705061
21.03000 0.0005235859664813
21.05000 0.0005224278433469
21.07000 0.0005212732066944
21.09000 0.0005201219232971
21.11000 0.0005189739147801
21.13000 0.0005178288847371
21.15000 0.0005166873316351
21.17000 0.0005155490755832
21.19000 0.0005144139331459
21.21000 0.0005132821827003
21.23000 0.0005121537941024
21.25000 0.0005110286040051
21.27000 0.0005099070522011
21.29000 0.0005087883643909
21.31000 0.0005076729934356
21.33000 0.0005065605512544
21.35000 0.0005054514302302
21.37000 0.0005043453779203
21.39000 0.0005032427329484
21.41000 0.0005021430771017
21.43000 0.0005010466723234
21.45000 0.0004999533012815
21.47000 0.0004988628871626
21.49000 0.0004977757471954
21.51000 0.0004966917137942
21.53000 0.0004956108787720
21.55000 0.0004945328171563
21.57000 0.0004934580112523
21.59000 0.0004923864849992
21.61000 0.0004913176454626
21.63000 0.0004902519009330
21.65000 0.0004891894049332
21.67000 0.0004881298483357
21.69000 0.0004870730427840
21.71000 0.0004860192021119
21.73000 0.0004849686472084
21.75000 0.0004839210766018
21.77000 0.0004828765427326
21.79000 0.0004818346739250
21.81000 0.0004807955579153
21.83000 0.0004797597020698
21.85000 0.0004787267058523
21.87000 0.0004776964878580
21.89000 0.0004766693669061
21.91000 0.0004756448197865
21.93000 0.0004746234897694
21.95000 0.0004736048801283
21.97000 0.0004725891053839
21.99000 0.0004715761617718
22.01000 0.0004705661921060
22.03000 0.0004695590210407
22.05000 0.0004685548213081
22.07000 0.0004675533020991
22.09000 0.0004665544271464
22.11000 0.0004655584505062
22.13000 0.0004645651339256
22.15000 0.0004635748231697
22.17000 0.0004625871880282
22.19000 0.0004616022287960
22.21000 0.0004606199549619
22.23000 0.0004596401235781
22.25000 0.0004586634995707
22.27000 0.0004576895548322
22.29000 0.0004567180501615
22.31000 0.0004557493490353
22.33000 0.0004547834848989
22.35000 0.0004538202032396
22.37000 0.0004528594519521
22.39000 0.0004519014603493
22.41000 0.0004509461176463
22.43000 0.0004499933976311
22.45000 0.0004490434595631
22.47000 0.0004480961038565
22.49000 0.0004471513314018
22.51000 0.0004462093614911
22.53000 0.0004452695584467
22.55000 0.0004443326011641
22.57000 0.0004433979804557
22.59000 0.0004424660890919
22.61000 0.0004415366974935
22.63000 0.0004406099762764
22.65000 0.0004396856174115
22.67000 0.0004387639692890
22.69000 0.0004378448402106
22.71000 0.0004369280721776
22.73000 0.0004360138487873
22.75000 0.0004351020296891
22.77000 0.0004341929187833
22.79000 0.0004332863447488
22.81000 0.0004323821369117
22.83000 0.0004314802945146
22.85000 0.0004305807359678
22.87000 0.0004296839505267
22.89000 0.0004287894996129
22.91000 0.0004278974016318
22.93000 0.0004270078866539
22.95000 0.0004261206887288
22.97000 0.0004252357585210
22.99000 0.0004243533124488
23.01000 0.0004234735863536
23.03000 0.0004225960652364
23.05000 0.0004217207745227
23.07000 0.0004208479933409
23.09000 0.0004199774919905
23.11000 0.0004191093176328
23.13000 0.0004182436930238
23.15000 0.0004173800682329
23.17000 0.0004165190862354
23.19000 0.0004156601338355
23.21000 0.0004148035227802
23.23000 0.0004139492182018
23.25000 0.0004130973160476
23.27000 0.0004122476833917
23.29000 0.0004114004259481
23.31000 0.0004105553452644
23.33000 0.0004097125510388
23.35000 0.0004088721709065
23.37000 0.0004080339058704
23.39000 0.0004071979677230
23.41000 0.0004063640675287
23.43000 0.0004055323661716
23.45000 0.0004047030440745
23.47000 0.0004038758404911
23.49000 0.0004030510014977
23.51000 0.0004022281855157
23.53000 0.0004014075978843
23.55000 0.0004005893844995
23.57000 0.0003997730879841
23.59000 0.0003989589530904
23.61000 0.0003981471408815
23.63000 0.0003973375380164
23.65000 0.0003965299563702
23.67000 0.0003957246922625
23.69000 0.0003949215496291
23.71000 0.0003941203617977
23.73000 0.0003933212953539
23.75000 0.0003925245822822
23.77000 0.0003917296757921
23.79000 0.0003909370367763
23.81000 0.0003901462936514
23.83000 0.0003893578118079
23.85000 0.0003885714007675
23.87000 0.0003877870291489
23.89000 0.0003870046404464
23.91000 0.0003862244452440
23.93000 0.0003854463312356
23.95000 0.0003846701532769
23.97000 0.0003838960513774
23.99000 0.0003831238870542
24.01000 0.0003823539170521
24.03000 0.0003815858354410
24.05000 0.0003808198000693
24.07000 0.0003800558228082
24.09000 0.0003792937852745
24.11000 0.0003785338849432
24.13000 0.0003777758494627
24.15000 0.0003770198069078
24.17000 0.0003762657753715
24.19000 0.0003755136329664
24.21000 0.0003747635589357
24.23000 0.0003740154292294
24.25000 0.0003732692148255
24.27000 0.0003725248980529
24.29000 0.0003717826425539
24.31000 0.0003710422654945
24.33000 0.0003703037380262
24.35000 0.0003695672484705
24.37000 0.0003688327121036
24.39000 0.0003680998158367
24.41000 0.0003673690967115
24.43000 0.0003666401067412
24.45000 0.0003659129640665
24.47000 0.0003651876505882
24.49000 0.0003644642929702
24.51000 0.0003637428832616
24.53000 0.0003630233853108
24.55000 0.0003623056505965
24.57000 0.0003615897373304
24.59000 0.0003608757487341
24.61000 0.0003601634917620
24.63000 0.0003594532471384
24.65000 0.0003587447247715
24.67000 0.0003580380145025
24.69000 0.0003573331674537
24.71000 0.0003566299408969
24.73000 0.0003559287219760
24.75000 0.0003552292917516
24.77000 0.0003545317378504
24.79000 0.0003538359327759
24.81000 0.0003531417758276
24.83000 0.0003524494959946
24.85000 0.0003517589505786
24.87000 0.0003510701700414
24.89000 0.0003503831641205
24.91000 0.0003496979534071
24.93000 0.0003490144153776
24.95000 0.0003483326832647
24.97000 0.0003476527662451
24.99000 0.0003469745302823
25.01000 0.0003462978688934
25.03000 0.0003456231897903
25.05000 0.0003449500292236
25.07000 0.0003442786474077
25.09000 0.0003436089503322
25.11000 0.0003429409518458
25.13000 0.0003422745962524
25.15000 0.0003416099767356
25.17000 0.0003409470477588
25.19000 0.0003402858297861
25.21000 0.0003396262888110
25.23000 0.0003389682933011
25.25000 0.0003383121132082
25.27000 0.0003376575119854
25.29000 0.0003370045437504
25.31000 0.0003363532144647
25.33000 0.0003357035136507
25.35000 0.0003350556321627
25.37000 0.0003344093172572
25.39000 0.0003337646162285
25.41000 0.0003331215302910
25.43000 0.0003324800198293
25.45000 0.0003318401704232
25.47000 0.0003312018463884
25.49000 0.0003305651732263
25.51000 0.0003299301093961
25.53000 0.0003292966641264
25.55000 0.0003286647340221
25.57000 0.0003280344642043
25.59000 0.0003274057525151
25.61000 0.0003267786301911
25.63000 0.0003261530501809
25.65000 0.0003255291508575
25.67000 0.0003249065366172
25.69000 0.0003242856358559
25.71000 0.0003236662995896
25.73000 0.0003230484546072
25.75000 0.0003224321377196
25.77000 0.0003218174507493
25.79000 0.0003212042034665
25.81000 0.0003205924970923
25.83000 0.0003199823546754
25.85000 0.0003193737227574
25.87000 0.0003187667091687
25.89000 0.0003181610715453
25.91000 0.0003175569889223
25.93000 0.0003169544626526
25.95000 0.0003163532986729
25.97000 0.0003157537219247
25.99000 0.0003151555406054
26.01000 0.0003145588908561
26.03000 0.0003139637377569
26.05000 0.0003133699882340
26.07000 0.0003127777542811
26.09000 0.0003121869430039
26.11000 0.0003115976649273
26.13000 0.0003110098006099
26.15000 0.0003104233932752
26.17000 0.0003098383705331
26.19000 0.0003092548477718
26.21000 0.0003086727633564
26.23000 0.0003080921527852
26.25000 0.0003075128994732
26.27000 0.0003069351901692
26.29000 0.0003063587140339
26.31000 0.0003057837544227
26.33000 0.0003052100930265
26.35000 0.0003046378603428
26.37000 0.0003040671730375
26.39000 0.0003034979083559
26.41000 0.0003029299066801
26.43000 0.0003023632860234
26.45000 0.0003017981021226
26.47000 0.0003012342661828
26.49000 0.0003006718747820
26.51000 0.0003001107961159
26.53000 0.0002995511238132
26.55000 0.0002989927836624
26.57000 0.0002984357617454
26.59000 0.0002978801805972
26.61000 0.0002973259528571
26.63000 0.0002967730574656
26.65000 0.0002962214994418
26.67000 0.0002956712973415
26.69000 0.0002951224929483
26.71000 0.0002945749336067
26.73000 0.0002940287215323
26.75000 0.0002934837899498
26.77000 0.0002929402073230
26.79000 0.0002923979433636
26.81000 0.0002918569947235
26.83000 0.0002913172853005
26.85000 0.0002907789594756
26.87000 0.0002902419172825
26.89000 0.0002897062572072
26.91000 0.0002891717651848
26.93000 0.0002886386765479
26.95000 0.0002881067829504
26.97000 0.0002875761764716
26.99000 0.0002870469183180
27.01000 0.0002865188570197
27.03000 0.0002859920547778
27.05000 0.0002854666038855
27.07000 0.0002849424140042
27.09000 0.0002844194015375
27.11000 0.0002838977444739
27.13000 0.0002833772841787
27.15000 0.0002828580667608
27.17000 0.0002823400540216
27.19000 0.0002818232267982
27.21000 0.0002813077843583
27.23000 0.0002807935613596
27.25000 0.0002802805769130
27.27000 0.0002797688232470
27.29000 0.0002792582349045
27.31000 0.0002787488819281
27.33000 0.0002782407052560
27.35000 0.0002777337948165
27.37000 0.0002772280818276
27.39000 0.0002767235591367
27.41000 0.0002762202031860
27.43000 0.0002757181047942
27.45000 0.0002752171583744
27.47000 0.0002747174832179
27.49000 0.0002742189071532
27.51000 0.0002737215782043
27.53000 0.0002732253861238
27.55000 0.0002727304677467
27.57000 0.0002722366187052
27.59000 0.0002717439670970
27.61000 0.0002712525253139
27.63000 0.0002707621666228
27.65000 0.0002702730230881
27.67000 0.0002697850893264
27.69000 0.0002692982529161
27.71000 0.0002688125253873
27.73000 0.0002683280290438
27.75000 0.0002678446023018
27.77000 0.0002673623269653
27.79000 0.0002668812041443
27.81000 0.0002664011928127
27.83000 0.0002659223794638
27.85000 0.0002654446389257
27.87000 0.0002649680555638
27.89000 0.0002644926238385
27.91000 0.0002640182593325
27.93000 0.0002635450171463
27.95000 0.0002630728666621
27.97000 0.0002626018827737
27.99000 0.0002621319667752
28.01000 0.0002616631339323
28.03000 0.0002611954038184
28.05000 0.0002607287668173
28.07000 0.0002602631800757
28.09000 0.0002597987660477
28.11000 0.0002593353844345
28.13000 0.0002588731494099
28.15000 0.0002584119149854
28.17000 0.0002579518168684
28.19000 0.0002574927396709
28.21000 0.0002570347899164
28.23000 0.0002565778817419
28.25000 0.0002561219952559
28.27000 0.0002556672535602
28.29000 0.0002552135713931
28.31000 0.0002547608656383
28.33000 0.0002543092488157
28.35000 0.0002538587375554
28.37000 0.0002534092071657
28.39000 0.0002529607633257
28.41000 0.0002525133837271
28.43000 0.0002520669375369
28.45000 0.0002516216128396
28.47000 0.0002511773273343
28.49000 0.0002507340900529
28.51000 0.0002502918370074
28.53000 0.0002498505693888
28.55000 0.0002494103873661
28.57000 0.0002489711643736
28.59000 0.0002485329441380
28.61000 0.0002480957315860
28.63000 0.0002476595635052
28.65000 0.0002472243781857
28.67000 0.0002467902064246
28.69000 0.0002463570182460
28.71000 0.0002459249030748
28.73000 0.0002454937243189
28.75000 0.0002450635824593
28.77000 0.0002446343578463
28.79000 0.0002442061988681
28.81000 0.0002437789395522
28.83000 0.0002433527313342
28.85000 0.0002429275164651
28.87000 0.0002425032381558
28.89000 0.0002420799737983
28.91000 0.0002416576217260
28.93000 0.0002412362221498
28.95000 0.0002408158711736
28.97000 0.0002403964905554
28.99000 0.0002399779732397
29.01000 0.0002395604514008
29.03000 0.0002391438772298
29.05000 0.0002387282250123
29.07000 0.0002383135733775
29.09000 0.0002378998362832
29.11000 0.0002374870685639
29.13000 0.0002370752358085
29.15000 0.0002366643333101
29.17000 0.0002362544171524
29.19000 0.0002358453624525
29.21000 0.0002354372867959
29.23000 0.0002350301236617
29.25000 0.0002346238826660
29.27000 0.0002342185545338
29.29000 0.0002338141625394
29.31000 0.0002334106867739
29.33000 0.0002330081504363
29.35000 0.0002326064425043
29.37000 0.0002322057229137
29.39000 0.0002318058457626
29.41000 0.0002314069269017
29.43000 0.0002310088805952
29.45000 0.0002306117700968
29.47000 0.0002302155523796
29.49000 0.0002298201984679
29.51000 0.0002294257840478
29.53000 0.0002290322164966
29.55000 0.0002286395319658
29.57000 0.0002282477580724
29.59000 0.0002278568689978
29.61000 0.0002274668171875
29.63000 0.0002270777082457
29.65000 0.0002266894241476
29.67000 0.0002263019688945
29.69000 0.0002259154937833
29.71000 0.0002255298249543
29.73000 0.0002251450337160
29.75000 0.0002247611232143
29.77000 0.0002243780468832
29.79000 0.0002239958573543
29.81000 0.0002236144925188
29.83000 0.0002232340299592
29.85000 0.0002228543872530
29.87000 0.0002224755734209
29.89000 0.0002220976085566
29.91000 0.0002217205072261
29.93000 0.0002213442172258
29.95000 0.0002209687975594
29.97000 0.0002205941902871
29.99000 0.0002202204889857
30.01000 0.0002198475522117
30.03000 0.0002194754884892
30.05000 0.0002191042165351
30.07000 0.0002187338138393
30.09000 0.0002183642120943
30.11000 0.0002179954196902
30.13000 0.0002176275066754
30.15000 0.0002172603747140
30.17000 0.0002168940719677
30.19000 0.0002165285738614
30.21000 0.0002161638824767
30.23000 0.0002157999820507
30.25000 0.0002154369409893
30.27000 0.0002150746522082
30.29000 0.0002147131674656
30.31000 0.0002143525100589
30.33000 0.0002139925965016
30.35000 0.0002136335249733
30.37000 0.0002132752577495
30.39000 0.0002129177383477
30.41000 0.0002125610221055
30.43000 0.0002122050901434
30.45000 0.0002118499944220
30.47000 0.0002114956436488
30.49000 0.0002111420769647
30.51000 0.0002107892864422
30.53000 0.0002104372674380
30.55000 0.0002100860274345
30.57000 0.0002097356147900
30.59000 0.0002093859253170
30.61000 0.0002090370005680
30.63000 0.0002086888069644
30.65000 0.0002083414522095
30.67000 0.0002079948187121
30.69000 0.0002076489432658
30.71000 0.0002073038349720
30.73000 0.0002069594882623
30.75000 0.0002066159067564
30.77000 0.0002062730438424
30.79000 0.0002059309467915
30.81000 0.0002055896076008
30.83000 0.0002052489953460
30.85000 0.0002049091322373
30.87000 0.0002045700423179
30.89000 0.0002042316722857
30.91000 0.0002038940279693
30.93000 0.0002035571365112
30.95000 0.0002032209357739
30.97000 0.0002028855221962
30.99000 0.0002025508303155
31.01000 0.0002022168272992
31.03000 0.0002018836046137
31.05000 0.0002015510881051
31.07000 0.0002012192899629
31.09000 0.0002008881916602
31.11000 0.0002005578411101
31.13000 0.0002002282012299
31.15000 0.0001998992705278
31.17000 0.0001995710480323
31.19000 0.0001992435832871
31.21000 0.0001989167818598
31.23000 0.0001985907291217
31.25000 0.0001982653267778
31.27000 0.0001979406551225
31.29000 0.0001976166564994
31.31000 0.0001972934063054
31.33000 0.0001969708559856
31.35000 0.0001966489747834
31.37000 0.0001963277968265
31.39000 0.0001960072985805
31.41000 0.0001956875229625
31.43000 0.0001953684265407
31.45000 0.0001950499915170
31.47000 0.0001947322653533
31.49000 0.0001944152406193
31.51000 0.0001940988504992
31.53000 0.0001937831608431
31.55000 0.0001934681568133
31.57000 0.0001931537857725
31.59000 0.0001928401722334
31.61000 0.0001925271787366
31.63000 0.0001922148348936
31.65000 0.0001919032080813
31.67000 0.0001915922022538
31.69000 0.0001912818851519
31.71000 0.0001909722383761
31.73000 0.0001906632838763
31.75000 0.0001903549698076
31.77000 0.0001900473202132
31.79000 0.0001897403311783
31.81000 0.0001894340113419
31.83000 0.0001891282877184
31.85000 0.0001888232722437
31.87000 0.0001885188787541
31.89000 0.0001882151656057
31.91000 0.0001879120579915
31.93000 0.0001876096080167
31.95000 0.0001873077963276
31.97000 0.0001870066261740
31.99000 0.0001867061316605
32.01000 0.0001864062496489
32.03000 0.0001861070164991
32.05000 0.0001858084105848
32.07000 0.0001855104649987
32.09000 0.0001852131452605
32.11000 0.0001849164357748
32.13000 0.0001846203325403
32.15000 0.0001843248903221
32.17000 0.0001840300786123
32.19000 0.0001837358613056
32.21000 0.0001834422873904
32.23000 0.0001831493290245
32.25000 0.0001828569819983
32.27000 0.0001825652897550
32.29000 0.0001822741570584
32.31000 0.0001819836776643
32.33000 0.0001816937986119
32.35000 0.0001814045332814
32.37000 0.0001811158616543
32.39000 0.0001808278338930
32.41000 0.0001805403983778
32.43000 0.0001802535745723
32.45000 0.0001799673354034
32.47000 0.0001796817302759
32.49000 0.0001793966832725
32.51000 0.0001791122533797
32.53000 0.0001788284187341
32.55000 0.0001785452023786
32.57000 0.0001782625693123
32.59000 0.0001779805117926
32.61000 0.0001776990820751
32.63000 0.0001774182173050
32.65000 0.0001771379473427
32.67000 0.0001768582451785
32.69000 0.0001765791409735
32.71000 0.0001763006201386
32.73000 0.0001760227010388
32.75000 0.0001757453511481
32.77000 0.0001754685901960
32.79000 0.0001751923847139
32.81000 0.0001749167618676
32.83000 0.0001746417414503
32.85000 0.0001743672605666
32.87000 0.0001740933380789
32.89000 0.0001738200274860
32.91000 0.0001735472601623
32.93000 0.0001732750837720
32.95000 0.0001730034500554
32.97000 0.0001727323787418
32.99000 0.0001724618858834
33.01000 0.0001721919689647
33.03000 0.0001719225972985
33.05000 0.0001716538022024
33.07000 0.0001713855529948
33.09000 0.0001711178854574
33.11000 0.0001708507157509
33.13000 0.0001705841434774
33.15000 0.0001703180998319
33.17000 0.0001700526144494
33.19000 0.0001697876715785
33.21000 0.0001695232761459
33.23000 0.0001692594550629
33.25000 0.0001689961495801
33.27000 0.0001687334082410
33.29000 0.0001684711896319
33.31000 0.0001682095268629
33.33000 0.0001679484001929
33.35000 0.0001676878071874
33.37000 0.0001674277539584
33.39000 0.0001671682355216
33.41000 0.0001669092470601
33.43000 0.0001666507903723
33.45000 0.0001663928888423
33.47000 0.0001661354937996
33.49000 0.0001658786574071
33.51000 0.0001656223573565
33.53000 0.0001653665325507
33.55000 0.0001651112763584
33.57000 0.0001648565256182
33.59000 0.0001646022991982
33.61000 0.0001643485892285
33.63000 0.0001640954027463
33.65000 0.0001638427075841
33.67000 0.0001635905828798
33.69000 0.0001633389435050
33.71000 0.0001630878242407
33.73000 0.0001628371965624
33.75000 0.0001625871226194
33.77000 0.0001623375363187
33.79000 0.0001620884635481
33.81000 0.0001618398945355
33.83000 0.0001615918278989
33.85000 0.0001613442794010
33.87000 0.0001610972106524
33.89000 0.0001608506778756
33.91000 0.0001606046368581
33.93000 0.0001603590818987
33.95000 0.0001601140461766
33.97000 0.0001598695006875
33.99000 0.0001596254624777
34.01000 0.0001593818969685
34.03000 0.0001591388523794
34.05000 0.0001588962823644
34.07000 0.0001586542226877
34.09000 0.0001584126387127
34.11000 0.0001581715611265
34.13000 0.0001579309672565
34.15000 0.0001576908344123
34.17000 0.0001574512227253
34.19000 0.0001572120740881
34.21000 0.0001569734023668
34.23000 0.0001567352275976
34.25000 0.0001564975336069
34.27000 0.0001562603109580
34.29000 0.0001560235913615
34.31000 0.0001557873271993
34.33000 0.0001555515681886
34.35000 0.0001553162669368
34.37000 0.0001550814422250
34.39000 0.0001548470687669
34.41000 0.0001546131777006
34.43000 0.0001543797788101
34.45000 0.0001541468260211
34.47000 0.0001539143522413
34.49000 0.0001536823397765
34.51000 0.0001534508050372
34.53000 0.0001532197193253
34.55000 0.0001529891131141
34.57000 0.0001527589687846
34.59000 0.0001525292755815
34.61000 0.0001523000375409
34.63000 0.0001520712659790
34.65000 0.0001518429662677
34.67000 0.0001516151081996
34.69000 0.0001513877221094
34.71000 0.0001511607799522
34.73000 0.0001509343001046
34.75000 0.0001507082651441
34.77000 0.0001504826593832
34.79000 0.0001502575581319
34.81000 0.0001500328643267
34.83000 0.0001498086270255
34.85000 0.0001495848450256
34.87000 0.0001493615007832
34.89000 0.0001491385964262
34.91000 0.0001489161557261
34.93000 0.0001486941368240
34.95000 0.0001484725772824
34.97000 0.0001482514347453
34.99000 0.0001480307580450
35.01000 0.0001478105039291
35.03000 0.0001475906913293
35.05000 0.0001473713138097
35.07000 0.0001471523593602
35.09000 0.0001469338718347
35.11000 0.0001467157996424
35.13000 0.0001464981518618
35.15000 0.0001462809284177
35.17000 0.0001460641679424
35.19000 0.0001458478242171
35.21000 0.0001456319059616
35.23000 0.0001454164111637
35.25000 0.0001452013462765
35.27000 0.0001449866990760
35.29000 0.0001447724764317
35.31000 0.0001445586972117
35.33000 0.0001443453257442
35.35000 0.0001441323772486
35.37000 0.0001439198581490
35.39000 0.0001437077318140
35.41000 0.0001434960539050
35.43000 0.0001432847518181
35.45000 0.0001430738946935
35.47000 0.0001428634498433
35.49000 0.0001426534163365
35.51000 0.0001424437879860
35.53000 0.0001422345956061
35.55000 0.0001420257802337
35.57000 0.0001418174091009
35.59000 0.0001416094235623
35.61000 0.0001414018621406
35.63000 0.0001411946848040
35.65000 0.0001409879369444
35.67000 0.0001407815969993
35.69000 0.0001405756443427
35.71000 0.0001403701051748
35.73000 0.0001401649552442
35.75000 0.0001399602164893
35.77000 0.0001397558801787
35.79000 0.0001395519409753
35.81000 0.0001393483884127
35.83000 0.0001391452412030
35.85000 0.0001389425043132
35.87000 0.0001387401502249
35.89000 0.0001385381787125
35.91000 0.0001383366129865
35.93000 0.0001381354445701
35.95000 0.0001379346684036
35.97000 0.0001377342721589
35.99000 0.0001375342791390
36.01000 0.0001373346567544
36.03000 0.0001371354458520
36.05000 0.0001369365939391
36.07000 0.0001367381625058
36.09000 0.0001365401037258
36.11000 0.0001363424111574
36.13000 0.0001361451163554
36.15000 0.0001359482039500
36.17000 0.0001357516586468
36.19000 0.0001355555211945
36.21000 0.0001353597399503
36.23000 0.0001351643502331
36.25000 0.0001349693286301
36.27000 0.0001347746930204
36.29000 0.0001345804261666
36.31000 0.0001343865339727
36.33000 0.0001341930248808
36.35000 0.0001339998832265
36.37000 0.0001338071209447
36.39000 0.0001336147266960
36.41000 0.0001334227087956
36.43000 0.0001332310497054
36.45000 0.0001330397748622
36.47000 0.0001328488578404
36.49000 0.0001326582981485
36.51000 0.0001324681233282
36.53000 0.0001322783110593
36.55000 0.0001320888626602
36.57000 0.0001318997653287
36.59000 0.0001317110602007
36.61000 0.0001315227008957
36.63000 0.0001313346941039
36.65000 0.0001311470603817
36.67000 0.0001309597732514
36.69000 0.0001307728608619
36.71000 0.0001305862999737
36.73000 0.0001304000848158
36.75000 0.0001302142391829
36.77000 0.0001300287425764
36.79000 0.0001298435834546
36.81000 0.0001296588209484
36.83000 0.0001294743717159
36.85000 0.0001292903008959
36.87000 0.0001291065736206
36.89000 0.0001289232000150
36.91000 0.0001287401763031
36.93000 0.0001285574978821
36.95000 0.0001283751751603
36.97000 0.0001281931808853
36.99000 0.0001280115501679
37.01000 0.0001278302577794
37.03000 0.0001276493123992
37.05000 0.0001274687150277
37.07000 0.0001272884573555
37.09000 0.0001271085470674
37.11000 0.0001269289681809
37.13000 0.0001267497349670
37.15000 0.0001265708349067
37.17000 0.0001263922833987
37.19000 0.0001262140698610
37.21000 0.0001260361957740
37.23000 0.0001258586563788
37.25000 0.0001256814459796
37.27000 0.0001255045959404
37.29000 0.0001253280517213
37.31000 0.0001251518525677
37.33000 0.0001249759811380
37.35000 0.0001248004481355
37.37000 0.0001246252538378
37.39000 0.0001244503712583
37.41000 0.0001242758255679
37.43000 0.0001241016260820
37.45000 0.0001239277254890
37.47000 0.0001237541698921
37.49000 0.0001235809381795
37.51000 0.0001234080280385
37.53000 0.0001232354513286
37.55000 0.0001230631941259
37.57000 0.0001228912706724
37.59000 0.0001227196566358
37.61000 0.0001225483774297
37.63000 0.0001223774094850
37.65000 0.0001222067698021
37.67000 0.0001220364568080
37.69000 0.0001218664563765
37.71000 0.0001216967748565
37.73000 0.0001215274114269
37.75000 0.0001213583594612
37.77000 0.0001211896316922
37.79000 0.0001210212216898
37.81000 0.0001208531250768
37.83000 0.0001206853360014
37.85000 0.0001205178684974
37.87000 0.0001203507070507
37.89000 0.0001201838712809
37.91000 0.0001200173226253
37.93000 0.0001198511156292
37.95000 0.0001196851927056
37.97000 0.0001195195894396
37.99000 0.0001193542884607
38.01000 0.0001191892989340
38.03000 0.0001190246228198
38.05000 0.0001188602594011
38.07000 0.0001186961723412
38.09000 0.0001185324216152
38.11000 0.0001183689630399
38.13000 0.0001182058101170
38.15000 0.0001180429595275
38.17000 0.0001178804141221
38.19000 0.0001177181610581
38.21000 0.0001175562177001
38.23000 0.0001173945831749
38.25000 0.0001172332289347
38.27000 0.0001170721866904
38.29000 0.0001169114359258
38.31000 0.0001167509871997
38.33000 0.0001165908276579
38.35000 0.0001164309695994
38.37000 0.0001162714039632
38.39000 0.0001161121373355
38.41000 0.0001159531665592
38.43000 0.0001157944903851
38.45000 0.0001156361016779
38.47000 0.0001154780096141
38.49000 0.0001153202019988
38.51000 0.0001151626885867
38.53000 0.0001150054672906
38.55000 0.0001148485465179
38.57000 0.0001146918999472
38.59000 0.0001145355482968
38.61000 0.0001143794768852
38.63000 0.0001142237068472
38.65000 0.0001140682135495
38.67000 0.0001139130098061
38.69000 0.0001137580812477
38.71000 0.0001136034509230
38.73000 0.0001134490886708
38.75000 0.0001132950101212
38.77000 0.0001131412339049
38.79000 0.0001129877199845
38.81000 0.0001128344976365
38.83000 0.0001126815524858
38.85000 0.0001125288924368
38.87000 0.0001123764999343
38.89000 0.0001122243967489
38.91000 0.0001120725691937
38.93000 0.0001119210119605
38.95000 0.0001117697400489
38.97000 0.0001116187434205
38.99000 0.0001114680256604
39.01000 0.0001113175740186
39.03000 0.0001111674014879
39.05000 0.0001110175072647
39.07000 0.0001108678734987
39.09000 0.0001107185254879
39.11000 0.0001105694387900
39.13000 0.0001104206322442
39.15000 0.0001102720904982
39.17000 0.0001101238224568
39.19000 0.0001099758194176
39.21000 0.0001098280829649
39.23000 0.0001096806169440
39.25000 0.0001095334236853
39.27000 0.0001093864892878
39.29000 0.0001092398391478
39.31000 0.0001090934352172
39.33000 0.0001089473096287
39.35000 0.0001088014360088
39.37000 0.0001086558371286
39.39000 0.0001085105055578
39.41000 0.0001083654245388
39.43000 0.0001082206176987
39.45000 0.0001080760711654
39.47000 0.0001079317857658
39.49000 0.0001077877491255
39.51000 0.0001076439850219
39.53000 0.0001075004800744
39.55000 0.0001073572257019
39.57000 0.0001072142324516
39.59000 0.0001070714937777
39.61000 0.0001069290206437
39.63000 0.0001067867929037
39.65000 0.0001066448373823
39.67000 0.0001065031241497
39.69000 0.0001063616680841
39.71000 0.0001062204719610
39.73000 0.0001060795232962
39.75000 0.0001059388327410
39.77000 0.0001057983853014
39.79000 0.0001056582000017
39.81000 0.0001055182533190
39.83000 0.0001053785748303
39.85000 0.0001052391383529
39.87000 0.0001050999495362
39.89000 0.0001049610186208
39.91000 0.0001048223310813
39.93000 0.0001046838902947
39.95000 0.0001045457005862
39.97000 0.0001044077548665
39.99000 0.0001042700604620
40.01000 0.0001041326109542
40.03000 0.0001039954037526
40.05000 0.0001038584437144
40.07000 0.0001037217261905
40.09000 0.0001035852501517
40.11000 0.0001034490169800
40.13000 0.0001033130345741
40.15000 0.0001031772936301
40.17000 0.0001030417864228
40.19000 0.0001029065308719
40.21000 0.0001027715072708
40.23000 0.0001026367232176
40.25000 0.0001025021795914
40.27000 0.0001023678797169
40.29000 0.0001022338142152
40.31000 0.0001020999942809
40.33000 0.0001019664070597
40.35000 0.0001018330501289
40.37000 0.0001016999387655
40.39000 0.0001015670580568
40.41000 0.0001014344239390
40.43000 0.0001013020070837
40.45000 0.0001011698390803
40.47000 0.0001010378948447
40.49000 0.0001009061957255
40.51000 0.0001007747188417
40.53000 0.0001006434821998
40.55000 0.0001005124674290
40.57000 0.0001003816942185
40.59000 0.0001002511453944
40.61000 0.0001001208311801
40.63000 0.0000999907435381
40.65000 0.0000998608860129
40.67000 0.0000997312577776
40.69000 0.0000996018546980
40.71000 0.0000994726892927
40.73000 0.0000993437439892
40.75000 0.0000992150271314
40.77000 0.0000990865314914
40.79000 0.0000989582681886
40.81000 0.0000988302333605
40.83000 0.0000987024118282
40.85000 0.0000985748230727
40.87000 0.0000984474567781
40.89000 0.0000983203134244
40.91000 0.0000981933898833
40.93000 0.0000980666954471
40.95000 0.0000979402147404
40.97000 0.0000978139573851
40.99000 0.0000976879324539
41.01000 0.0000975621151633
41.03000 0.0000974365263357
41.05000 0.0000973111522381
41.07000 0.0000971859975829
41.09000 0.0000970610621101
41.11000 0.0000969363421766
41.13000 0.0000968118471558
41.15000 0.0000966875745613
41.17000 0.0000965635011015
41.19000 0.0000964396652004
41.21000 0.0000963160247681
41.23000 0.0000961926115613
41.25000 0.0000960694099388
41.27000 0.0000959464201434
41.29000 0.0000958236492585
41.31000 0.0000957010845281
41.33000 0.0000955787413104
41.35000 0.0000954566057217
41.37000 0.0000953346797512
41.39000 0.0000952129728243
41.41000 0.0000950914718900
41.43000 0.0000949701766245
41.45000 0.0000948491020794
41.47000 0.0000947282356086
41.49000 0.0000946075748183
41.51000 0.0000944871235998
41.53000 0.0000943668867701
41.55000 0.0000942468538917
41.57000 0.0000941270310306
41.59000 0.0000940074073909
41.61000 0.0000938880014532
41.63000 0.0000937687934649
41.65000 0.0000936497940018
41.67000 0.0000935309974551
41.69000 0.0000934124130246
41.71000 0.0000932940301286
41.73000 0.0000931758438518
41.75000 0.0000930578751846
41.77000 0.0000929401012863
41.79000 0.0000928225293330
41.81000 0.0000927051700683
41.83000 0.0000925879931231
41.85000 0.0000924710336486
41.87000 0.0000923542728288
41.89000 0.0000922377055290
41.91000 0.0000921213506982
41.93000 0.0000920051866001
41.95000 0.0000918892186357
41.97000 0.0000917734600756
41.99000 0.0000916578928901
42.01000 0.0000915425290895
42.03000 0.0000914273594275
42.05000 0.0000913123878882
42.07000 0.0000911976117772
42.09000 0.0000910830378944
42.11000 0.0000909686506331
42.13000 0.0000908544621770
42.15000 0.0000907404715950
42.17000 0.0000906266778809
42.19000 0.0000905130680649
42.21000 0.0000903996666470
42.23000 0.0000902864524405
42.25000 0.0000901734302621
42.27000 0.0000900605986488
42.29000 0.0000899479651121
42.31000 0.0000898355205272
42.33000 0.0000897232668602
42.35000 0.0000896111990919
42.37000 0.0000894993351710
42.39000 0.0000893876531127
42.41000 0.0000892761583410
42.43000 0.0000891648625536
42.45000 0.0000890537438178
42.47000 0.0000889428264488
42.49000 0.0000888320932958
42.51000 0.0000887215396867
42.53000 0.0000886111893583
42.55000 0.0000885010075988
42.57000 0.0000883910250664
42.59000 0.0000882812279587
42.61000 0.0000881716083247
42.63000 0.0000880621848764
42.65000 0.0000879529393876
42.67000 0.0000878438856898
42.69000 0.0000877350085059
42.71000 0.0000876263186490
42.73000 0.0000875178162811
42.75000 0.0000874094935611
42.77000 0.0000873013596541
42.79000 0.0000871933942640
42.81000 0.0000870856202428
42.83000 0.0000869780296918
42.85000 0.0000868706175397
42.87000 0.0000867633858740
42.89000 0.0000866563407316
42.91000 0.0000865494708483
42.93000 0.0000864427771840
42.95000 0.0000863362696670
42.97000 0.0000862299362470
42.99000 0.0000861237825269
43.01000 0.0000860178084259
43.03000 0.0000859120122150
43.05000 0.0000858063939693
43.07000 0.0000857009506474
43.09000 0.0000855956924899
43.11000 0.0000854905965233
43.13000 0.0000853856858135
43.15000 0.0000852809529071
43.17000 0.0000851763874074
43.19000 0.0000850720023246
43.21000 0.0000849677894883
43.23000 0.0000848637556986
43.25000 0.0000847598946759
43.27000 0.0000846562012620
43.29000 0.0000845526912548
43.31000 0.0000844493408710
43.33000 0.0000843461764611
43.35000 0.0000842431735019
43.37000 0.0000841403454202
43.39000 0.0000840376918170
43.41000 0.0000839352073378
43.43000 0.0000838328923815
43.45000 0.0000837307489315
43.47000 0.0000836287766988
43.49000 0.0000835269677209
43.51000 0.0000834253421321
43.53000 0.0000833238690256
43.55000 0.0000832225729418
43.57000 0.0000831214450915
43.59000 0.0000830204868972
43.61000 0.0000829196901188
43.63000 0.0000828190675993
43.65000 0.0000827186087451
43.67000 0.0000826183167886
43.69000 0.0000825181853692
43.71000 0.0000824182305158
43.73000 0.0000823184365291
43.75000 0.0000822188043689
43.77000 0.0000821193430386
43.79000 0.0000820200397184
43.81000 0.0000819209043078
43.83000 0.0000818219324181
43.85000 0.0000817231214587
43.87000 0.0000816244756450
43.89000 0.0000815259914670
43.91000 0.0000814276765806
43.93000 0.0000813295128003
43.95000 0.0000812315181902
43.97000 0.0000811336850886
43.99000 0.0000810360052672
44.01000 0.0000809384994559
44.03000 0.0000808411385865
44.05000 0.0000807439471708
44.07000 0.0000806469193856
44.09000 0.0000805500463899
44.11000 0.0000804533290740
44.13000 0.0000803567820907
44.15000 0.0000802603755968
44.17000 0.0000801641438589
44.19000 0.0000800680596304
44.21000 0.0000799721388533
44.23000 0.0000798763677828
44.25000 0.0000797807653043
44.27000 0.0000796853067501
44.29000 0.0000795900128268
44.31000 0.0000794948707266
44.33000 0.0000793998911180
44.35000 0.0000793050586196
44.37000 0.0000792103881098
44.39000 0.0000791158654330
44.41000 0.0000790214987889
44.43000 0.0000789272845171
44.45000 0.0000788332319620
44.47000 0.0000787393234584
44.49000 0.0000786455740057
44.51000 0.0000785519792615
44.53000 0.0000784585364848
44.55000 0.0000783652350592
44.57000 0.0000782721028270
44.59000 0.0000781791056834
44.61000 0.0000780862693314
44.63000 0.0000779935819343
44.65000 0.0000779010440298
44.67000 0.0000778086617475
44.69000 0.0000777164212440
44.71000 0.0000776243364320
44.73000 0.0000775323974525
44.75000 0.0000774406102265
44.77000 0.0000773489676476
44.79000 0.0000772574814597
44.81000 0.0000771661379760
44.83000 0.0000770749403883
44.85000 0.0000769838988969
44.87000 0.0000768929947030
44.89000 0.0000768022410310
44.91000 0.0000767116376902
44.93000 0.0000766211752841
44.95000 0.0000765308622840
44.97000 0.0000764406976606
44.99000 0.0000763506711211
45.01000 0.0000762608001285
45.03000 0.0000761710634787
45.05000 0.0000760814787270
45.07000 0.0000759920377088
45.09000 0.0000759027316000
45.11000 0.0000758135833626
45.13000 0.0000757245703989
45.15000 0.0000756357015445
45.17000 0.0000755469773545
45.19000 0.0000754583935903
45.21000 0.0000753699531085
45.23000 0.0000752816541397
45.25000 0.0000751935029751
45.27000 0.0000751054817759
45.29000 0.0000750176135274
45.31000 0.0000749298790318
45.33000 0.0000748422886570
45.35000 0.0000747548375748
45.37000 0.0000746675309256
45.39000 0.0000745803489741
45.41000 0.0000744933300057
45.43000 0.0000744064287614
45.45000 0.0000743196786693
45.47000 0.0000742330632034
45.49000 0.0000741465853010
45.51000 0.0000740602459394
45.53000 0.0000739740538269
45.55000 0.0000738879820638
45.57000 0.0000738020586021
45.59000 0.0000737162737738
45.61000 0.0000736306130534
45.63000 0.0000735451088629
45.65000 0.0000734597195631
45.67000 0.0000733744850700
45.69000 0.0000732893787152
45.71000 0.0000732043998105
45.73000 0.0000731195697335
45.75000 0.0000730348651637
45.77000 0.0000729502983946
45.79000 0.0000728658674428
45.81000 0.0000727815668902
45.83000 0.0000726974003507
45.85000 0.0000726133709700
45.87000 0.0000725294707858
45.89000 0.0000724457043603
45.91000 0.0000723620765449
45.93000 0.0000722785724732
45.95000 0.0000721952040569
45.97000 0.0000721119694571
45.99000 0.0000720288671127
46.01000 0.0000719458944908
46.03000 0.0000718630559516
46.05000 0.0000717803377212
46.07000 0.0000716977607030
46.09000 0.0000716153118636
46.11000 0.0000715329934002
46.13000 0.0000714508037805
46.15000 0.0000713687425593
46.17000 0.0000712868140848
46.19000 0.0000712050113201
46.21000 0.0000711233420249
46.23000 0.0000710417983353
46.25000 0.0000709603796845
46.27000 0.0000708790966833
46.29000 0.0000707979346271
46.31000 0.0000707169041323
46.33000 0.0000706359984624
46.35000 0.0000705552274822
46.37000 0.0000704745768629
46.39000 0.0000703940491835
46.41000 0.0000703136562689
46.43000 0.0000702333842820
46.45000 0.0000701532385135
46.47000 0.0000700732204785
46.49000 0.0000699933249265
46.51000 0.0000699135568362
46.53000 0.0000698339137270
46.55000 0.0000697543915453
46.57000 0.0000696749986988
46.59000 0.0000695957248544
46.61000 0.0000695165812819
46.63000 0.0000694375564397
46.65000 0.0000693586557748
46.67000 0.0000692798771534
46.69000 0.0000692012280696
46.71000 0.0000691226925524
46.73000 0.0000690442868908
46.75000 0.0000689660006129
46.77000 0.0000688878336782
46.79000 0.0000688097945174
46.81000 0.0000687318711031
46.83000 0.0000686540725948
46.85000 0.0000685763916023
46.87000 0.0000684988379039
46.89000 0.0000684213968874
46.91000 0.0000683440814416
46.93000 0.0000682668822224
46.95000 0.0000681898071747
46.97000 0.0000681128490068
46.99000 0.0000680360098873
47.01000 0.0000679592878211
47.03000 0.0000678826948009
47.05000 0.0000678062100565
47.07000 0.0000677298428800
47.09000 0.0000676536050445
47.11000 0.0000675774751493
47.13000 0.0000675014680609
47.15000 0.0000674255741864
47.17000 0.0000673498000772
47.19000 0.0000672741430156
47.21000 0.0000671986035335
47.23000 0.0000671231796361
47.25000 0.0000670478700106
47.27000 0.0000669726843717
47.29000 0.0000668976056900
47.31000 0.0000668226469413
47.33000 0.0000667478032452
47.35000 0.0000666730753593
47.37000 0.0000665984629134
47.39000 0.0000665239637913
47.41000 0.0000664495790048
47.43000 0.0000663753140240
47.45000 0.0000663011518025
47.47000 0.0000662271156145
47.49000 0.0000661531880548
47.51000 0.0000660793716331
47.53000 0.0000660056750345
47.55000 0.0000659320853006
47.57000 0.0000658586079306
47.59000 0.0000657852493718
47.61000 0.0000657119979148
47.63000 0.0000656388639391
47.65000 0.0000655658298719
47.67000 0.0000654929229657
47.69000 0.0000654201202990
47.71000 0.0000653474305281
47.73000 0.0000652748488479
47.75000 0.0000652023778835
47.77000 0.0000651300241054
47.79000 0.0000650577741505
47.81000 0.0000649856362183
47.83000 0.0000649136097826
47.85000 0.0000648416914259
47.87000 0.0000647698831895
47.89000 0.0000646981912084
47.91000 0.0000646265963487
47.93000 0.0000645551213989
47.95000 0.0000644837466525
47.97000 0.0000644124858544
47.99000 0.0000643413332277
48.01000 0.0000642702887611
48.03000 0.0000641993457296
48.05000 0.0000641285183925
48.07000 0.0000640577979723
48.09000 0.0000639871777092
48.11000 0.0000639166766678
48.13000 0.0000638462699781
48.15000 0.0000637759783641
48.17000 0.0000637057888444
48.19000 0.0000636357112259
48.21000 0.0000635657314690
48.23000 0.0000634958622544
48.25000 0.0000634261058605
48.27000 0.0000633564420198
48.29000 0.0000632868880276
48.31000 0.0000632174469543
48.33000 0.0000631480994694
48.35000 0.0000630788626887
48.37000 0.0000630097313966
48.39000 0.0000629407057896
48.41000 0.0000628717743261
48.43000 0.0000628029605520
48.45000 0.0000627342425288
48.47000 0.0000626656265999
48.49000 0.0000625971157432
48.51000 0.0000625287108318
48.53000 0.0000624604054820
48.55000 0.0000623922084830
48.57000 0.0000623241041125
48.59000 0.0000622561117068
48.61000 0.0000621882168620
48.63000 0.0000621204258577
48.65000 0.0000620527337847
48.67000 0.0000619851478016
48.69000 0.0000619176597205
48.71000 0.0000618502704839
48.73000 0.0000617829915180
48.75000 0.0000617158048104
48.77000 0.0000616487205498
48.79000 0.0000615817413382
48.81000 0.0000615148548535
48.83000 0.0000614480772399
48.85000 0.0000613813917691
48.87000 0.0000613148089940
48.89000 0.0000612483260406
48.91000 0.0000611819410412
48.93000 0.0000611156583963
48.95000 0.0000610494735378
48.97000 0.0000609833797638
48.99000 0.0000609173988047
49.01000 0.0000608515060389
49.03000 0.0000607857116146
49.05000 0.0000607200219040
49.07000 0.0000606544213061
49.09000 0.0000605889228141
49.11000 0.0000605235229526
49.13000 0.0000604582241735
49.15000 0.0000603930107486
49.17000 0.0000603279057959
49.19000 0.0000602628887995
49.21000 0.0000601979771760
49.23000 0.0000601331576489
49.25000 0.0000600684292064
49.27000 0.0000600038064201
49.29000 0.0000599392742847
49.31000 0.0000598748355583
49.33000 0.0000598104994409
49.35000 0.0000597462521702
49.37000 0.0000596821001011
49.39000 0.0000596180489814
49.41000 0.0000595540848812
49.43000 0.0000594902195272
49.45000 0.0000594264521273
49.47000 0.0000593627726894
49.49000 0.0000592991912807
49.51000 0.0000592356987130
49.53000 0.0000591723071814
49.55000 0.0000591090056299
49.57000 0.0000590457930235
49.59000 0.0000589826831184
49.61000 0.0000589196593540
49.63000 0.0000588567278479
49.65000 0.0000587938929313
49.67000 0.0000587311497352
49.69000 0.0000586684977451
49.71000 0.0000586059393145
49.73000 0.0000585434699156
49.75000 0.0000584810969731
49.77000 0.0000584188101192
49.79000 0.0000583566180506
49.81000 0.0000582945168931
49.83000 0.0000582325083582
49.85000 0.0000581705865132
49.87000 0.0000581087618301
49.89000 0.0000580470211828
49.91000 0.0000579853762922
49.93000 0.0000579238193868
49.95000 0.0000578623533636
49.97000 0.0000578009756030
49.99000 0.0000577396891005
50.01000 0.0000576784943534
50.03000 0.0000576173817395
50.05000 0.0000575563681380
50.07000 0.0000574954400293
50.09000 0.0000574345913884
50.11000 0.0000573738568634
50.13000 0.0000573131329664
50.15000 0.0000572528018686
50.17000 0.0000571913990934
50.19000 0.0000571344264608
50.21000 0.0000570613145160
50.23000 0.0000570646901954
50.25000 0.0000570363557773
