0.25000 0.5427249919447152
0.27000 0.4052008426788600
0.29000 0.3478128456549568
0.31000 0.2554573799803228
0.33000 0.1834839836560969
0.35000 0.1267218371598632
0.37000 0.0815415480274496
0.39000 0.0452704125833365
0.41000 0.0159358129856665
0.43000 -0.0079437437760112
0.45000 -0.0274925229739163
0.47000 -0.0435734864829909
0.49000 -0.0568556730523769
0.51000 -0.0678627648356323
0.53000 -0.0770080389322775
0.55000 -0.0846202490630476
0.57000 -0.0909632158224732
0.59000 -0.0962496552664995
0.61000 -0.1006523806112145
0.63000 -0.1043128831052962
0.65000 -0.1073472520431537
0.67000 -0.1098514861089523
0.69000 -0.1119053707849912
0.71000 -0.1135754647470621
0.73000 -0.1149174940030848
0.75000 -0.1159783545571932
0.77000 -0.1167977482453166
0.79000 -0.1174093418054680
0.81000 -0.1178417298175305
0.83000 -0.1181192726387286
0.85000 -0.1182630449334389
0.87000 -0.1182908141976811
0.89000 -0.1182182406807254
0.91000 -0.1180586776161128
0.93000 -0.1178234008830645
0.95000 -0.1175228312731804
0.97000 -0.1171655883300986
0.99000 -0.1167591209235005
1.01000 -0.1163101346910482
1.03000 -0.1158245080389776
1.05000 -0.1153072919401458
1.07000 -0.1147628955778450
1.09000 -0.1141952308518231
1.11000 -0.1136077514206293
1.13000 -0.1130035029728485
1.15000 -0.1123851582739292
1.17000 -0.1117550629979226
1.19000 -0.1111152919893036
1.21000 -0.1104676815104191
1.23000 -0.1098138536508919
1.25000 -0.1091552519304327
1.27000 -0.1084931499117666
1.29000 -0.1078286685963737
1.31000 -0.1071628017567642
1.33000 -0.1064964245219721
1.35000 -0.1058303180320829
1.37000 -0.1051651689081815
1.39000 -0.1045015815827657
1.41000 -0.1038400953062591
1.43000 -0.1031811836806817
1.45000 -0.1025252441729542
1.47000 -0.1018726630324818
1.49000 -0.1012237314489276
1.51000 -0.1005787518896818
1.53000 -0.0999379575916966
1.55000 -0.0993015339884879
1.57000 -0.0986697159236397
1.59000 -0.0980426114856779
1.61000 -0.0974203574313562
1.63000 -0.0968030905502959
1.65000 -0.0961908882551238
1.67000 -0.0955838192043997
1.69000 -0.0949819569292484
1.71000 -0.0943853513106293
1.73000 -0.0937940288992227
1.75000 -0.0932080179292379
1.77000 -0.0926273374989855
1.79000 -0.0920519938328220
1.81000 -0.0914819853153642
1.83000 -0.0909173013879180
1.85000 -0.0903579345315902
1.87000 -0.0898038659903751
1.89000 -0.0892550674481999
1.91000 -0.0887115137457063
1.93000 -0.0881731731107444
1.95000 -0.0876400115616655
1.97000 -0.0871119956357395
1.99000 -0.0865890799373353
2.01000 -0.0860712143851481
2.03000 -0.0855583565755399
2.05000 -0.0850504677056256
2.07000 -0.0845474963232710
2.09000 -0.0840493993871307
2.11000 -0.0835561251562792
2.13000 -0.0830676290692662
2.15000 -0.0825838530772431
2.17000 -0.0821047365189426
2.19000 -0.0816302410636220
2.21000 -0.0811603064800483
2.23000 -0.0806948842251173
2.25000 -0.0802339244591425
2.27000 -0.0797773711452935
2.29000 -0.0793251767916216
2.31000 -0.0788772887788012
2.33000 -0.0784336496503775
2.35000 -0.0779942059055627
2.37000 -0.0775589056373982
2.39000 -0.0771276991915782
2.41000 -0.0767005385446671
2.43000 -0.0762773756852483
2.45000 -0.0758581563798433
2.47000 -0.0754428306626559
2.49000 -0.0750313563350989
2.51000 -0.0746236852637481
2.53000 -0.0742197648932593
2.55000 -0.0738195452640737
2.57000 -0.0734229793344846
2.59000 -0.0730300210114411
2.61000 -0.0726406266661391
2.63000 -0.0722547505440245
2.65000 -0.0718723438643052
2.67000 -0.0714933641615664
2.69000 -0.0711177704028385
2.71000 -0.0707455242877963
2.73000 -0.0703765814811061
2.75000 -0.0700108969792885
2.77000 -0.0696484286941847
2.79000 -0.0692891373223823
2.81000 -0.0689329872842944
2.83000 -0.0685799373314588
2.85000 -0.0682299494770518
2.87000 -0.0678829830508080
2.89000 -0.0675389960560130
2.91000 -0.0671979526493496
2.93000 -0.0668598199957987
2.95000 -0.0665245647244979
2.97000 -0.0661921508417956
2.99000 -0.0658625413387061
3.01000 -0.0655357014676954
3.03000 -0.0652115962266090
3.05000 -0.0648901910200640
3.07000 -0.0645714543992398
3.09000 -0.0642553567246009
3.11000 -0.0639418655449924
3.13000 -0.0636309478364456
3.15000 -0.0633225757155714
3.17000 -0.0630167195471695
3.19000 -0.0627133445607692
3.21000 -0.0624124178485637
3.23000 -0.0621139122523466
3.25000 -0.0618178022542581
3.27000 -0.0615240613746200
3.29000 -0.0612326608604015
3.31000 -0.0609435708503335
3.33000 -0.0606567667423970
3.35000 -0.0603722231424075
3.37000 -0.0600899129714524
3.39000 -0.0598098067628501
3.41000 -0.0595318780030191
3.43000 -0.0592561057714908
3.45000 -0.0589824661055005
3.47000 -0.0587109354229907
3.49000 -0.0584414902566666
3.51000 -0.0581741053179245
3.53000 -0.0579087564759837
3.55000 -0.0576454223207716
3.57000 -0.0573840825030143
3.59000 -0.0571247140850532
3.61000 -0.0568672920109476
3.63000 -0.0566117933068276
3.65000 -0.0563581975053874
3.67000 -0.0561064855795583
3.69000 -0.0558566393040509
3.71000 -0.0556086374946192
3.73000 -0.0553624579663718
3.75000 -0.0551180813885032
3.77000 -0.0548754886634306
3.79000 -0.0546346601148717
3.81000 -0.0543955772846975
3.83000 -0.0541582226797769
3.85000 -0.0539225781479478
3.87000 -0.0536886238199733
3.89000 -0.0534563393497968
3.91000 -0.0532257079128175
3.93000 -0.0529967138722294
3.95000 -0.0527693406128159
3.97000 -0.0525435716605405
3.99000 -0.0523193908926777
4.01000 -0.0520967831041238
4.03000 -0.0518757326362395
4.05000 -0.0516562204514496
4.07000 -0.0514382293324483
4.09000 -0.0512217459538620
4.11000 -0.0510067562210605
4.13000 -0.0507932452340085
4.15000 -0.0505811965544371
4.17000 -0.0503705950683446
4.19000 -0.0501614274965201
4.21000 -0.0499536792112852
4.23000 -0.0497473357233704
4.25000 -0.0495423819502276
4.27000 -0.0493388037421540
4.29000 -0.0491365897748027
4.31000 -0.0489357281407412
4.33000 -0.0487362051875509
4.35000 -0.0485380081771902
4.37000 -0.0483411239760511
4.39000 -0.0481455383825861
4.41000 -0.0479512386366607
4.43000 -0.0477582130323293
4.45000 -0.0475664508439143
4.47000 -0.0473759391936002
4.49000 -0.0471866644249743
4.51000 -0.0469986154193608
4.53000 -0.0468117816103989
4.55000 -0.0466261518117817
4.57000 -0.0464417147870197
4.59000 -0.0462584605235146
4.61000 -0.0460763774314194
4.63000 -0.0458954515572573
4.65000 -0.0457156716432511
4.67000 -0.0455370294616749
4.69000 -0.0453595160428884
4.71000 -0.0451831209074734
4.73000 -0.0450078333422227
4.75000 -0.0448336428341111
4.77000 -0.0446605397124655
4.79000 -0.0444885147572886
4.81000 -0.0443175572199042
4.83000 -0.0441476573074149
4.85000 -0.0439788070216991
4.87000 -0.0438109968067021
4.89000 -0.0436442168738722
4.91000 -0.0434784572182610
4.93000 -0.0433137077640491
4.95000 -0.0431499600395374
4.97000 -0.0429872065956548
4.99000 -0.0428254390939844
5.01000 -0.0426646479208185
5.03000 -0.0425048252810413
5.05000 -0.0423459634850858
5.07000 -0.0421880532616663
5.09000 -0.0420310862630183
5.11000 -0.0418750548022174
5.13000 -0.0417199496997080
5.15000 -0.0415657620845944
5.17000 -0.0414124856465488
5.19000 -0.0412601140129296
5.21000 -0.0411086392999980
5.23000 -0.0409580527948978
5.25000 -0.0408083463237785
5.27000 -0.0406595128207096
5.29000 -0.0405115453345054
5.31000 -0.0403644370957984
5.33000 -0.0402181814150924
5.35000 -0.0400727715754066
5.37000 -0.0399281995002364
5.39000 -0.0397844571117106
5.41000 -0.0396415386538114
5.43000 -0.0394994379932179
5.45000 -0.0393581480262949
5.47000 -0.0392176614361380
5.49000 -0.0390779705372532
5.51000 -0.0389390691440850
5.53000 -0.0388009521659861
5.55000 -0.0386636133415885
5.57000 -0.0385270462838055
5.59000 -0.0383912451307487
5.61000 -0.0382562037311546
5.63000 -0.0381219158708710
5.65000 -0.0379883752437323
5.67000 -0.0378555749937957
5.69000 -0.0377235092305334
5.71000 -0.0375921734341550
5.73000 -0.0374615624177603
5.75000 -0.0373316700315663
5.77000 -0.0372024897978968
5.79000 -0.0370740158591350
5.81000 -0.0369462429158358
5.83000 -0.0368191660982555
5.85000 -0.0366927803513472
5.87000 -0.0365670800147447
5.89000 -0.0364420591241671
5.91000 -0.0363177123788143
5.93000 -0.0361940352454948
5.95000 -0.0360710224654867
5.97000 -0.0359486686162038
5.99000 -0.0358269682948812
6.01000 -0.0357059169700312
6.03000 -0.0355855110113478
6.05000 -0.0354657455711442
6.07000 -0.0353466154577565
6.09000 -0.0352281157638574
6.11000 -0.0351102409319529
6.13000 -0.0349929860183421
6.15000 -0.0348763463574965
6.17000 -0.0347603174819862
6.19000 -0.0346448958361563
6.21000 -0.0345300769130868
6.23000 -0.0344158550661162
6.25000 -0.0343022260909066
6.27000 -0.0341891864981338
6.29000 -0.0340767314624369
6.31000 -0.0339648563451575
6.33000 -0.0338535573703435
6.35000 -0.0337428301955450
6.37000 -0.0336326706592657
6.39000 -0.0335230753582302
6.41000 -0.0334140400073806
6.43000 -0.0333055597413678
6.45000 -0.0331976308489845
6.47000 -0.0330902498928652
6.49000 -0.0329834127148813
6.51000 -0.0328771147785535
6.53000 -0.0327713522023950
6.55000 -0.0326661218112465
6.57000 -0.0325614199361735
6.59000 -0.0324572432284012
6.61000 -0.0323535881867389
6.63000 -0.0322504508019470
6.65000 -0.0321478269756939
6.67000 -0.0320457128143141
6.69000 -0.0319441050813542
6.71000 -0.0318430003080380
6.73000 -0.0317423944701335
6.75000 -0.0316422840903462
6.77000 -0.0315426661491124
6.79000 -0.0314435371091576
6.81000 -0.0313448934027139
6.83000 -0.0312467318405033
6.85000 -0.0311490491377751
6.87000 -0.0310518423943122
6.89000 -0.0309551085613503
6.91000 -0.0308588440205387
6.93000 -0.0307630457274238
6.95000 -0.0306677105519492
6.97000 -0.0305728347885471
6.99000 -0.0304784150759759
7.01000 -0.0303844487032643
7.03000 -0.0302909330896210
7.05000 -0.0301978655356722
7.07000 -0.0301052430577771
7.09000 -0.0300130620559299
7.11000 -0.0299213191479348
7.13000 -0.0298300116235118
7.15000 -0.0297391368775056
7.17000 -0.0296486917204690
7.19000 -0.0295586730617775
7.21000 -0.0294690786435093
7.23000 -0.0293799055832253
7.25000 -0.0292911508773195
7.27000 -0.0292028118830431
7.29000 -0.0291148860151746
7.31000 -0.0290273707320164
7.33000 -0.0289402631974902
7.35000 -0.0288535607987600
7.37000 -0.0287672609506987
7.39000 -0.0286813606769606
7.41000 -0.0285958572443859
7.43000 -0.0285107485125372
7.45000 -0.0284260321943466
7.47000 -0.0283417056273258
7.49000 -0.0282577660027800
7.51000 -0.0281742105970502
7.53000 -0.0280910370234396
7.55000 -0.0280082430280682
7.57000 -0.0279258261705740
7.59000 -0.0278437840546248
7.61000 -0.0277621145380498
7.63000 -0.0276808154639101
7.65000 -0.0275998843014440
7.67000 -0.0275193185685391
7.69000 -0.0274391162273749
7.71000 -0.0273592748788125
7.73000 -0.0272797919394124
7.75000 -0.0272006651038148
7.77000 -0.0271218923246871
7.79000 -0.0270434716851673
7.81000 -0.0269654010068882
7.83000 -0.0268876780207631
7.85000 -0.0268103001965031
7.87000 -0.0267332654775449
7.89000 -0.0266565722981160
7.91000 -0.0265802185542420
7.93000 -0.0265042019130369
7.95000 -0.0264285200022814
7.97000 -0.0263531706858215
7.99000 -0.0262781520783556
8.01000 -0.0262034620941827
8.03000 -0.0261290987036959
8.05000 -0.0260550600754500
8.07000 -0.0259813442223029
8.09000 -0.0259079491920583
8.11000 -0.0258348732184383
8.13000 -0.0257621143467330
8.15000 -0.0256896705306715
8.17000 -0.0256175398909111
8.19000 -0.0255457206454514
8.21000 -0.0254742109813124
8.23000 -0.0254030089369086
8.25000 -0.0253321123662990
8.27000 -0.0252615195578267
8.29000 -0.0251912291375026
8.31000 -0.0251212394352285
8.33000 -0.0250515485319127
8.35000 -0.0249821545726496
8.37000 -0.0249130556092108
8.39000 -0.0248442497079395
8.41000 -0.0247757351937876
8.43000 -0.0247075104820691
8.45000 -0.0246395739611151
8.47000 -0.0245719238339194
8.49000 -0.0245045585146997
8.51000 -0.0244374763639916
8.53000 -0.0243706755359315
8.55000 -0.0243041545628810
8.57000 -0.0242379118867125
8.59000 -0.0241719456420481
8.61000 -0.0241062542498174
8.63000 -0.0240408363652860
8.65000 -0.0239756907522361
8.67000 -0.0239108158561485
8.69000 -0.0238462096855590
8.71000 -0.0237818705335323
8.73000 -0.0237177970020518
8.75000 -0.0236539875944878
8.77000 -0.0235904408544589
8.79000 -0.0235271552666214
8.81000 -0.0234641292544323
8.83000 -0.0234013613221382
8.85000 -0.0233388500341385
8.87000 -0.0232765939666396
8.89000 -0.0232145916936851
8.91000 -0.0231528418493542
8.93000 -0.0230913431784832
8.95000 -0.0230300944333045
8.97000 -0.0229690941007150
8.99000 -0.0229083404312066
9.01000 -0.0228478319323368
9.03000 -0.0227875674005185
9.05000 -0.0227275455270390
9.07000 -0.0226677649585267
9.09000 -0.0226082243022746
9.11000 -0.0225489222601817
9.13000 -0.0224898575554570
9.15000 -0.0224310289315221
9.17000 -0.0223724352636933
9.19000 -0.0223140752234681
9.21000 -0.0222559473004644
9.23000 -0.0221980502197322
9.25000 -0.0221403826618984
9.27000 -0.0220829432454495
9.29000 -0.0220257308869711
9.31000 -0.0219687445804554
9.33000 -0.0219119831183540
9.35000 -0.0218554450891949
9.37000 -0.0217991292082685
9.39000 -0.0217430344082857
9.41000 -0.0216871594993671
9.43000 -0.0216315031822072
9.45000 -0.0215760643148120
9.47000 -0.0215208417957101
9.49000 -0.0214658344448798
9.51000 -0.0214110412506553
9.53000 -0.0213564611510703
9.55000 -0.0213020928561648
9.57000 -0.0212479351618280
9.59000 -0.0211939869349499
9.61000 -0.0211402469688808
9.63000 -0.0210867142134800
9.65000 -0.0210333876343694
9.67000 -0.0209802660251300
9.69000 -0.0209273483745732
9.71000 -0.0208746336632167
9.73000 -0.0208221206978818
9.75000 -0.0207698082915861
9.77000 -0.0207176954421885
9.79000 -0.0206657813114704
9.81000 -0.0206140648524445
9.83000 -0.0205625449134023
9.85000 -0.0205112205070991
9.87000 -0.0204600905975285
9.89000 -0.0204091542003175
9.91000 -0.0203584103934271
9.93000 -0.0203078581943422
9.95000 -0.0202574966752217
9.97000 -0.0202073248047135
9.99000 -0.0201573415066103
10.01000 -0.0201075457762265
10.03000 -0.0200579365988750
10.05000 -0.0200085130820711
10.07000 -0.0199592743438432
10.09000 -0.0199102193170276
10.11000 -0.0198613469800613
10.13000 -0.0198126565064227
10.15000 -0.0197641470523649
10.17000 -0.0197158177390573
10.19000 -0.0196676676640718
10.21000 -0.0196196958739199
10.23000 -0.0195719014015147
10.25000 -0.0195242833162940
10.27000 -0.0194768407360800
10.29000 -0.0194295727327318
10.31000 -0.0193824784674691
10.33000 -0.0193355570315366
10.35000 -0.0192888075378058
10.37000 -0.0192422292849872
10.39000 -0.0191958215022332
10.41000 -0.0191495832330279
10.43000 -0.0191035134794126
10.45000 -0.0190576114538439
10.47000 -0.0190118764041782
10.49000 -0.0189663074128034
10.51000 -0.0189209036214106
10.53000 -0.0188756642749745
10.55000 -0.0188305885963548
10.57000 -0.0187856757939801
10.59000 -0.0187409249886269
10.61000 -0.0186963353359250
10.63000 -0.0186519060619459
10.65000 -0.0186076363890883
10.67000 -0.0185635256249495
10.69000 -0.0185195730188203
10.71000 -0.0184757776985983
10.73000 -0.0184321388893826
10.75000 -0.0183886558779246
10.77000 -0.0183453277989113
10.79000 -0.0183021539507386
10.81000 -0.0182591337420691
10.83000 -0.0182162663899019
10.85000 -0.0181735510161175
10.87000 -0.0181309868582162
10.89000 -0.0180885732528888
10.91000 -0.0180463094994881
10.93000 -0.0180041949100309
10.95000 -0.0179622286845258
10.97000 -0.0179204100840149
10.99000 -0.0178787384651759
11.01000 -0.0178372130858542
11.03000 -0.0177958332652233
11.05000 -0.0177545983335056
11.07000 -0.0177135075782558
11.09000 -0.0176725602514784
11.11000 -0.0176317556550553
11.13000 -0.0175910932508738
11.15000 -0.0175505723427764
11.17000 -0.0175101921737794
11.19000 -0.0174699521509725
11.21000 -0.0174298516753033
11.23000 -0.0173898901289949
11.25000 -0.0173500668566290
11.27000 -0.0173103810873226
11.29000 -0.0172708321065813
11.31000 -0.0172314192864118
11.33000 -0.0171921419645763
11.35000 -0.0171529994848534
11.37000 -0.0171139912255873
11.39000 -0.0170751165781892
11.41000 -0.0170363750621264
11.43000 -0.0169977660514989
11.45000 -0.0169592887739119
11.47000 -0.0169209426116518
11.49000 -0.0168827270211685
11.51000 -0.0168446414145954
11.53000 -0.0168066851637341
11.55000 -0.0167688577617506
11.57000 -0.0167311586115796
11.59000 -0.0166935870517339
11.61000 -0.0166561424694870
11.63000 -0.0166188242496567
11.65000 -0.0165816319014712
11.67000 -0.0165445648979475
11.69000 -0.0165076226201125
11.71000 -0.0164708044576536
11.73000 -0.0164341098399139
11.75000 -0.0163975382602719
11.77000 -0.0163610891406388
11.79000 -0.0163247619172600
11.81000 -0.0162885560616737
11.83000 -0.0162524709573071
11.85000 -0.0162165060572044
11.87000 -0.0161806608948242
11.89000 -0.0161449349382637
11.91000 -0.0161093276192713
11.93000 -0.0160738383666608
11.95000 -0.0160384666238219
11.97000 -0.0160032118903616
11.99000 -0.0159680736954442
12.01000 -0.0159330514838416
12.03000 -0.0158981447190095
12.05000 -0.0158633528803307
12.07000 -0.0158286754642715
12.09000 -0.0157941119998918
12.11000 -0.0157596619485746
12.13000 -0.0157253247721508
12.15000 -0.0156911000003893
12.17000 -0.0156569871826962
12.19000 -0.0156229857459142
12.21000 -0.0155890951865025
12.23000 -0.0155553150794648
12.25000 -0.0155216449567624
12.27000 -0.0154880843584233
12.29000 -0.0154546327397050
12.31000 -0.0154212895465952
12.33000 -0.0153880543165938
12.35000 -0.0153549265831327
12.37000 -0.0153219058858923
12.39000 -0.0152889917930742
12.41000 -0.0152561839169355
12.43000 -0.0152234818217731
12.45000 -0.0151908849526476
12.47000 -0.0151583928314274
12.49000 -0.0151260050361299
12.51000 -0.0150937210736030
12.53000 -0.0150615405152391
12.55000 -0.0150294629489093
12.57000 -0.0149974878771543
12.59000 -0.0149656148084628
12.61000 -0.0149338433109556
12.63000 -0.0149021729857322
12.65000 -0.0148706034247117
12.67000 -0.0148391341608878
12.69000 -0.0148077647575020
12.71000 -0.0147764948136881
12.73000 -0.0147453238857821
12.75000 -0.0147142515573279
12.77000 -0.0146832774195693
12.79000 -0.0146524010574902
12.81000 -0.0146216220241258
12.83000 -0.0145909399414834
12.85000 -0.0145603544186123
12.87000 -0.0145298649829239
12.89000 -0.0144994712500253
12.91000 -0.0144691728461717
12.93000 -0.0144389693589007
12.95000 -0.0144088603707571
12.97000 -0.0143788454832555
12.99000 -0.0143489243138555
13.01000 -0.0143190964602145
13.03000 -0.0142893615197368
13.05000 -0.0142597190871519
13.07000 -0.0142301687698752
13.09000 -0.0142007102062684
13.11000 -0.0141713430084951
13.13000 -0.0141420667739781
13.15000 -0.0141128811570729
13.17000 -0.0140837857758339
13.19000 -0.0140547801983623
13.21000 -0.0140258640550478
13.23000 -0.0139970370059593
13.25000 -0.0139682986834672
13.27000 -0.0139396487492993
13.29000 -0.0139110868593327
13.31000 -0.0138826126332703
13.33000 -0.0138542256426948
13.35000 -0.0138259254876432
13.37000 -0.0137977118638101
13.39000 -0.0137695844623242
13.41000 -0.0137415429414834
13.43000 -0.0137135869207182
13.45000 -0.0136857160436851
13.47000 -0.0136579299530944
13.49000 -0.0136302283045365
13.51000 -0.0136026107903128
13.53000 -0.0135750770431597
13.55000 -0.0135476266965989
13.57000 -0.0135202594222797
13.59000 -0.0134929748864238
13.61000 -0.0134657727425008
13.63000 -0.0134386526407386
13.65000 -0.0134116142725522
13.67000 -0.0133846573283906
13.69000 -0.0133577814587604
13.71000 -0.0133309863327442
13.73000 -0.0133042716269525
13.75000 -0.0132776370060384
13.77000 -0.0132510821631201
13.79000 -0.0132246067778091
13.81000 -0.0131982105297179
13.83000 -0.0131718931212844
13.85000 -0.0131456542187570
13.87000 -0.0131194934753551
13.89000 -0.0130934105877378
13.91000 -0.0130674052413339
13.93000 -0.0130414771230348
13.95000 -0.0130156259256997
13.97000 -0.0129898513463203
13.99000 -0.0129641531091939
14.01000 -0.0129385309030489
14.03000 -0.0129129844213832
14.05000 -0.0128875133735674
14.07000 -0.0128621174526555
14.09000 -0.0128367963320573
14.11000 -0.0128115497278640
14.13000 -0.0127863773964341
14.15000 -0.0127612790523488
14.17000 -0.0127362543919698
14.19000 -0.0127113030907219
14.21000 -0.0126864248210505
14.23000 -0.0126616193106414
14.25000 -0.0126368863100401
14.27000 -0.0126122255473919
14.29000 -0.0125876367205582
14.31000 -0.0125631195396244
14.33000 -0.0125386737416277
14.35000 -0.0125142990475798
14.37000 -0.0124899951511835
14.39000 -0.0124657617686613
14.41000 -0.0124415986336959
14.43000 -0.0124175054985765
14.45000 -0.0123934821039504
14.47000 -0.0123695281590485
14.49000 -0.0123456433967028
14.51000 -0.0123218275790686
14.53000 -0.0122980804225857
14.55000 -0.0122744016443225
14.57000 -0.0122507909933257
14.59000 -0.0122272482036434
14.61000 -0.0122037730039911
14.63000 -0.0121803651282640
14.65000 -0.0121570243465902
14.67000 -0.0121337504066959
14.69000 -0.0121105430463885
14.71000 -0.0120874020066597
14.73000 -0.0120643270447550
14.75000 -0.0120413179151726
14.77000 -0.0120183743373988
14.79000 -0.0119954960672020
14.81000 -0.0119726828667929
14.83000 -0.0119499344738337
14.85000 -0.0119272506393764
14.87000 -0.0119046311141277
14.89000 -0.0118820756606690
14.91000 -0.0118595840482740
14.93000 -0.0118371560219585
14.95000 -0.0118147913270717
14.97000 -0.0117924897248589
14.99000 -0.0117702509960203
15.01000 -0.0117480749337734
15.03000 -0.0117259612911006
15.05000 -0.0117039098076299
15.07000 -0.0116819202489992
15.09000 -0.0116599923945598
15.11000 -0.0116381260292564
15.13000 -0.0116163209217172
15.15000 -0.0115945768217602
15.17000 -0.0115728935168508
15.19000 -0.0115512707860724
15.21000 -0.0115297083662737
15.23000 -0.0115082060321882
15.25000 -0.0114867635726562
15.27000 -0.0114653807793933
15.29000 -0.0114440574286070
15.31000 -0.0114227932960960
15.33000 -0.0114015881835271
15.35000 -0.0113804418763810
15.37000 -0.0113593541430120
15.39000 -0.0113383247598233
15.41000 -0.0113173535177383
15.43000 -0.0112964401887431
15.45000 -0.0112755845526766
15.47000 -0.0112547864229049
15.49000 -0.0112340455816322
15.51000 -0.0112133618048721
15.53000 -0.0111927348962142
15.55000 -0.0111721646525328
15.57000 -0.0111516508625840
15.59000 -0.0111311933159273
15.61000 -0.0111107918030783
15.63000 -0.0110904461077449
15.65000 -0.0110701560205789
15.67000 -0.0110499213570386
15.69000 -0.0110297419093674
15.71000 -0.0110096174678711
15.73000 -0.0109895478439493
15.75000 -0.0109695328509206
15.77000 -0.0109495722985918
15.79000 -0.0109296659885683
15.81000 -0.0109098137084378
15.83000 -0.0108900152553180
15.85000 -0.0108702704628295
15.87000 -0.0108505791397590
15.89000 -0.0108309410798294
15.91000 -0.0108113560830600
15.93000 -0.0107918239593432
15.95000 -0.0107723445202270
15.97000 -0.0107529175764451
15.99000 -0.0107335429513989
16.01000 -0.0107142204620036
16.03000 -0.0106949499167799
16.05000 -0.0106757311158422
16.07000 -0.0106565638708205
16.09000 -0.0106374480103183
16.11000 -0.0106183833438085
16.13000 -0.0105993696883265
16.15000 -0.0105804068735835
16.17000 -0.0105614947073382
16.19000 -0.0105426330153609
16.21000 -0.0105238216306508
16.23000 -0.0105050603671407
16.25000 -0.0104863490383296
16.27000 -0.0104676874643152
16.29000 -0.0104490754778810
16.31000 -0.0104305129040809
16.33000 -0.0104119995719514
16.35000 -0.0103935353152252
16.37000 -0.0103751199575270
16.39000 -0.0103567533256584
16.41000 -0.0103384352602369
16.43000 -0.0103201655826238
16.45000 -0.0103019441089464
16.47000 -0.0102837706757765
16.49000 -0.0102656451134745
16.51000 -0.0102475672666964
16.53000 -0.0102295369727168
16.55000 -0.0102115540488520
16.57000 -0.0101936183253560
16.59000 -0.0101757296481458
16.61000 -0.0101578878663277
16.63000 -0.0101400928112089
16.65000 -0.0101223443000886
16.67000 -0.0101046421617135
16.69000 -0.0100869862480634
16.71000 -0.0100693764083011
16.73000 -0.0100518124778612
16.75000 -0.0100342943115908
16.77000 -0.0100168217529171
16.79000 -0.0099993946240877
16.81000 -0.0099820127729223
16.83000 -0.0099646760565279
16.85000 -0.0099473843132185
16.87000 -0.0099301373833803
16.89000 -0.0099129351194699
16.91000 -0.0098957773746284
16.93000 -0.0098786639811853
16.95000 -0.0098615947825268
16.97000 -0.0098445696352860
16.99000 -0.0098275883908777
17.01000 -0.0098106509053821
17.03000 -0.0097937570370206
17.05000 -0.0097769066336536
17.07000 -0.0097600995456461
17.09000 -0.0097433356290375
17.11000 -0.0097266147250659
17.13000 -0.0097099366938314
17.15000 -0.0096933013920844
17.17000 -0.0096767086674896
17.19000 -0.0096601583769067
17.21000 -0.0096436503779366
17.23000 -0.0096271845266382
17.25000 -0.0096107606835092
17.27000 -0.0095943787170705
17.29000 -0.0095780384726856
17.31000 -0.0095617397921494
17.33000 -0.0095454825439896
17.35000 -0.0095292666010628
17.37000 -0.0095130918362186
17.39000 -0.0094969581053807
17.41000 -0.0094808652532747
17.43000 -0.0094648131495019
17.45000 -0.0094488016623493
17.47000 -0.0094328306507435
17.49000 -0.0094168999873562
17.51000 -0.0094010095379023
17.53000 -0.0093851591597749
17.55000 -0.0093693487125621
17.57000 -0.0093535780722092
17.59000 -0.0093378471156448
17.61000 -0.0093221557129278
17.63000 -0.0093065037370719
17.65000 -0.0092908910575786
17.67000 -0.0092753175300823
17.69000 -0.0092597830180947
17.71000 -0.0092442874005813
17.73000 -0.0092288305451641
17.75000 -0.0092134123327710
17.77000 -0.0091980326354562
17.79000 -0.0091826913154680
17.81000 -0.0091673882483901
17.83000 -0.0091521233101019
17.85000 -0.0091368963777219
17.87000 -0.0091217073296364
17.89000 -0.0091065560414270
17.91000 -0.0090914423826136
17.93000 -0.0090763662336929
17.95000 -0.0090613274754720
17.97000 -0.0090463259721479
17.99000 -0.0090313616036941
18.01000 -0.0090164342597475
18.03000 -0.0090015438270268
18.05000 -0.0089866901851930
18.07000 -0.0089718732038210
18.09000 -0.0089570927653130
18.11000 -0.0089423487597544
18.13000 -0.0089276410599898
18.15000 -0.0089129695371541
18.17000 -0.0088983340731481
18.19000 -0.0088837345588693
18.21000 -0.0088691708808292
18.23000 -0.0088546429226076
18.25000 -0.0088401505717310
18.27000 -0.0088256937113366
18.29000 -0.0088112722233050
18.31000 -0.0087968859951407
18.33000 -0.0087825349140253
18.35000 -0.0087682188610859
18.37000 -0.0087539377306512
18.39000 -0.0087396914089789
18.41000 -0.0087254797821070
18.43000 -0.0087113027413465
18.45000 -0.0086971601746419
18.47000 -0.0086830519748305
18.49000 -0.0086689780316259
18.51000 -0.0086549382335444
18.53000 -0.0086409324640287
18.55000 -0.0086269606135439
18.57000 -0.0086130225767397
18.59000 -0.0085991182446366
18.61000 -0.0085852475188396
18.63000 -0.0085714102951979
18.65000 -0.0085576064620532
18.67000 -0.0085438359141893
18.69000 -0.0085300985460034
18.71000 -0.0085163942547879
18.73000 -0.0085027229330887
18.75000 -0.0084890844693340
18.77000 -0.0084754787683808
18.79000 -0.0084619057336113
18.81000 -0.0084483652551678
18.83000 -0.0084348572237601
18.85000 -0.0084213815449167
18.87000 -0.0084079381228294
18.89000 -0.0083945268526707
18.91000 -0.0083811476296800
18.93000 -0.0083678003519015
18.95000 -0.0083544849176336
18.97000 -0.0083412012245980
18.99000 -0.0083279491795875
19.01000 -0.0083147286771789
19.03000 -0.0083015396142825
19.05000 -0.0082883818980144
19.07000 -0.0082752554301501
19.09000 -0.0082621601166070
19.11000 -0.0082490958633937
19.13000 -0.0082360625718926
19.15000 -0.0082230601399473
19.17000 -0.0082100884708810
19.19000 -0.0081971474691160
19.21000 -0.0081842370388750
19.23000 -0.0081713570931824
19.25000 -0.0081585075369523
19.27000 -0.0081456882726352
19.29000 -0.0081328992091827
19.31000 -0.0081201402519805
19.33000 -0.0081074113077306
19.35000 -0.0080947122852562
19.37000 -0.0080820430937541
19.39000 -0.0080694036431259
19.41000 -0.0080567938308437
19.43000 -0.0080442135631652
19.45000 -0.0080316627585663
19.47000 -0.0080191413292003
19.49000 -0.0080066491798527
19.51000 -0.0079941862168433
19.53000 -0.0079817523564631
19.55000 -0.0079693475093432
19.57000 -0.0079569715766104
19.59000 -0.0079446244694139
19.61000 -0.0079323061116542
19.63000 -0.0079200164139030
19.65000 -0.0079077552889038
19.67000 -0.0078955226523758
19.69000 -0.0078833184114565
19.71000 -0.0078711424802098
19.73000 -0.0078589947754493
19.75000 -0.0078468752107229
19.77000 -0.0078347836960855
19.79000 -0.0078227201472901
19.81000 -0.0078106844809848
19.83000 -0.0077986766106504
19.85000 -0.0077866964521426
19.87000 -0.0077747439197374
19.89000 -0.0077628189305850
19.91000 -0.0077509214035147
19.93000 -0.0077390512570572
19.95000 -0.0077272084123001
19.97000 -0.0077153927874844
19.99000 -0.0077036042948203
20.01000 -0.0076918428530421
20.03000 -0.0076801083796861
20.05000 -0.0076684007937550
20.07000 -0.0076567200166152
20.09000 -0.0076450659666384
20.11000 -0.0076334385647362
20.13000 -0.0076218377335437
20.15000 -0.0076102633901354
20.17000 -0.0075987154513111
20.19000 -0.0075871938427152
20.21000 -0.0075756984887375
20.23000 -0.0075642293090502
20.25000 -0.0075527862192794
20.27000 -0.0075413691457804
20.29000 -0.0075299780148328
20.31000 -0.0075186127448333
20.33000 -0.0075072732600205
20.35000 -0.0074959594860550
20.37000 -0.0074846713455728
20.39000 -0.0074734087611746
20.41000 -0.0074621716565923
20.43000 -0.0074509599527628
20.45000 -0.0074397735746193
20.47000 -0.0074286124530418
20.49000 -0.0074174765134008
20.51000 -0.0074063656819530
20.53000 -0.0073952798843401
20.55000 -0.0073842190433062
20.57000 -0.0073731830863026
20.59000 -0.0073621719416099
20.61000 -0.0073511855350558
20.63000 -0.0073402237949211
20.65000 -0.0073292866472815
20.67000 -0.0073183740216479
20.69000 -0.0073074858459241
20.71000 -0.0072966220441371
20.73000 -0.0072857825464307
20.75000 -0.0072749672814935
20.77000 -0.0072641761751777
20.79000 -0.0072534091577887
20.81000 -0.0072426661623568
20.83000 -0.0072319471182969
20.85000 -0.0072212519560870
20.87000 -0.0072105806044619
20.89000 -0.0071999329943143
20.91000 -0.0071893090544794
20.93000 -0.0071787087169770
20.95000 -0.0071681319218658
20.97000 -0.0071575785991244
20.99000 -0.0071470486746152
21.01000 -0.0071365420802035
21.03000 -0.0071260587504461
21.05000 -0.0071155986181311
21.07000 -0.0071051616133237
21.09000 -0.0070947476675388
21.11000 -0.0070843567144016
21.13000 -0.0070739886917935
21.15000 -0.0070636435352371
21.17000 -0.0070533211765325
21.19000 -0.0070430215518767
21.21000 -0.0070327445963232
21.23000 -0.0070224902420462
21.25000 -0.0070122584237282
21.27000 -0.0070020490725838
21.29000 -0.0069918621235914
21.31000 -0.0069816975152158
21.33000 -0.0069715551849836
21.35000 -0.0069614350704892
21.37000 -0.0069513371077941
21.39000 -0.0069412612320111
21.41000 -0.0069312073791226
21.43000 -0.0069211754868482
21.45000 -0.0069111654921327
21.47000 -0.0069011773354371
21.49000 -0.0068912109543952
21.51000 -0.0068812662850224
21.53000 -0.0068713432640977
21.55000 -0.0068614418321873
21.57000 -0.0068515619292876
21.59000 -0.0068417034893184
21.61000 -0.0068318664528760
21.63000 -0.0068220507626589
21.65000 -0.0068122563547347
21.67000 -0.0068024831669758
21.69000 -0.0067927311428592
21.71000 -0.0067830002255891
21.73000 -0.0067732903523017
21.75000 -0.0067636014600759
21.77000 -0.0067539334886392
21.79000 -0.0067442863810386
21.81000 -0.0067346600837036
21.83000 -0.0067250545361703
21.85000 -0.0067154696768283
21.87000 -0.0067059054497633
21.89000 -0.0066963617959578
21.91000 -0.0066868386589167
21.93000 -0.0066773359807398
21.95000 -0.0066678537016992
21.97000 -0.0066583917665691
21.99000 -0.0066489501187260
22.01000 -0.0066395286999982
22.03000 -0.0066301274526665
22.05000 -0.0066207463189430
22.07000 -0.0066113852421780
22.09000 -0.0066020441694934
22.11000 -0.0065927230453522
22.13000 -0.0065834218142235
22.15000 -0.0065741404193680
22.17000 -0.0065648788037346
22.19000 -0.0065556369140258
22.21000 -0.0065464146965049
22.23000 -0.0065372121004071
22.25000 -0.0065280290690238
22.27000 -0.0065188655427986
22.29000 -0.0065097214711360
22.31000 -0.0065005968018068
22.33000 -0.0064914914779760
22.35000 -0.0064824054453843
22.37000 -0.0064733386532387
22.39000 -0.0064642910486065
22.41000 -0.0064552625772341
22.43000 -0.0064462531865769
22.45000 -0.0064372628224668
22.47000 -0.0064282914311584
22.49000 -0.0064193389612596
22.51000 -0.0064104053584978
22.53000 -0.0064014905734840
22.55000 -0.0063925945561915
22.57000 -0.0063837172546135
22.59000 -0.0063748586182642
22.61000 -0.0063660185947013
22.63000 -0.0063571971321655
22.65000 -0.0063483941804620
22.67000 -0.0063396096889261
22.69000 -0.0063308436049174
22.71000 -0.0063220958798836
22.73000 -0.0063133664648073
22.75000 -0.0063046553102807
22.77000 -0.0062959623651380
22.79000 -0.0062872875765966
22.81000 -0.0062786308957306
22.83000 -0.0062699922753181
22.85000 -0.0062613716692046
22.87000 -0.0062527690265689
22.89000 -0.0062441842960126
22.91000 -0.0062356174310986
22.93000 -0.0062270683822837
22.95000 -0.0062185371003784
22.97000 -0.0062100235398806
22.99000 -0.0062015276534619
23.01000 -0.0061930493885646
23.03000 -0.0061845886957912
23.05000 -0.0061761455313321
23.07000 -0.0061677198476317
23.09000 -0.0061593115966419
23.11000 -0.0061509207325785
23.13000 -0.0061425472062858
23.15000 -0.0061341909725398
23.17000 -0.0061258519848714
23.19000 -0.0061175301963437
23.21000 -0.0061092255636386
23.23000 -0.0061009380401454
23.25000 -0.0060926675786965
23.27000 -0.0060844141325686
23.29000 -0.0060761776552694
23.31000 -0.0060679581012947
23.33000 -0.0060597554262257
23.35000 -0.0060515695827845
23.37000 -0.0060434005257190
23.39000 -0.0060352482106187
23.41000 -0.0060271125938222
23.43000 -0.0060189936332780
23.45000 -0.0060108912829267
23.47000 -0.0060028054978148
23.49000 -0.0059947362330511
23.51000 -0.0059866834447482
23.53000 -0.0059786470907131
23.55000 -0.0059706271244716
23.57000 -0.0059626235031810
23.59000 -0.0059546361864855
23.61000 -0.0059466651293014
23.63000 -0.0059387102860604
23.65000 -0.0059307716147317
23.67000 -0.0059228490719180
23.69000 -0.0059149426129177
23.71000 -0.0059070521972235
23.73000 -0.0058991777843410
23.75000 -0.0058913193290414
23.77000 -0.0058834767898680
23.79000 -0.0058756501262082
23.81000 -0.0058678392963761
23.83000 -0.0058600442589084
23.85000 -0.0058522649702143
23.87000 -0.0058445013892820
23.89000 -0.0058367534760625
23.91000 -0.0058290211887458
23.93000 -0.0058213044843426
23.95000 -0.0058136033228434
23.97000 -0.0058059176641477
23.99000 -0.0057982474681962
24.01000 -0.0057905926935536
24.03000 -0.0057829532993254
24.05000 -0.0057753292463765
24.07000 -0.0057677204934885
24.09000 -0.0057601270007952
24.11000 -0.0057525487274235
24.13000 -0.0057449856333097
24.15000 -0.0057374376800693
24.17000 -0.0057299048275030
24.19000 -0.0057223870367172
24.21000 -0.0057148842681320
24.23000 -0.0057073964814737
24.25000 -0.0056999236382218
24.27000 -0.0056924657003825
24.29000 -0.0056850226282474
24.31000 -0.0056775943822940
24.33000 -0.0056701809254948
24.35000 -0.0056627822189292
24.37000 -0.0056553982223530
24.39000 -0.0056480289002482
24.41000 -0.0056406742143549
24.43000 -0.0056333341253238
24.45000 -0.0056260085976815
24.47000 -0.0056186975946894
24.49000 -0.0056114010784964
24.51000 -0.0056041190099414
24.53000 -0.0055968513503253
24.55000 -0.0055895980629693
24.57000 -0.0055823591121997
24.59000 -0.0055751344603950
24.61000 -0.0055679240711047
24.63000 -0.0055607279068174
24.65000 -0.0055535459300605
24.67000 -0.0055463781057120
24.69000 -0.0055392243968157
24.71000 -0.0055320847687583
24.73000 -0.0055249591852763
24.75000 -0.0055178476081965
24.77000 -0.0055107500009115
24.79000 -0.0055036663270567
24.81000 -0.0054965965529083
24.83000 -0.0054895406431872
24.85000 -0.0054824985616440
24.87000 -0.0054754702733866
24.89000 -0.0054684557430133
24.91000 -0.0054614549347361
24.93000 -0.0054544678139553
24.95000 -0.0054474943459710
24.97000 -0.0054405344943820
24.99000 -0.0054335882241605
25.01000 -0.0054266555031147
25.03000 -0.0054197362954367
25.05000 -0.0054128305660130
25.07000 -0.0054059382821189
25.09000 -0.0053990594089617
25.11000 -0.0053921939127299
25.13000 -0.0053853417600677
25.15000 -0.0053785029171905
25.17000 -0.0053716773497800
25.19000 -0.0053648650238176
25.21000 -0.0053580659053320
25.23000 -0.0053512799623060
25.25000 -0.0053445071610587
25.27000 -0.0053377474674976
25.29000 -0.0053310008496637
25.31000 -0.0053242672748147
25.33000 -0.0053175467103919
25.35000 -0.0053108391217469
25.37000 -0.0053041444749173
25.39000 -0.0052974627382704
25.41000 -0.0052907938794686
25.43000 -0.0052841378666590
25.45000 -0.0052774946674140
25.47000 -0.0052708642498978
25.49000 -0.0052642465824117
25.51000 -0.0052576416322726
25.53000 -0.0052510493671558
25.55000 -0.0052444697558206
25.57000 -0.0052379027665145
25.59000 -0.0052313483669724
25.61000 -0.0052248065257595
25.63000 -0.0052182772116228
25.65000 -0.0052117603921024
25.67000 -0.0052052560377415
25.69000 -0.0051987641187211
25.71000 -0.0051922846019236
25.73000 -0.0051858174569079
25.75000 -0.0051793626536043
25.77000 -0.0051729201602792
25.79000 -0.0051664899462317
25.81000 -0.0051600719818052
25.83000 -0.0051536662358555
25.85000 -0.0051472726776777
25.87000 -0.0051408912758581
25.89000 -0.0051345220005056
25.91000 -0.0051281648224743
25.93000 -0.0051218197104033
25.95000 -0.0051154866352474
25.97000 -0.0051091655675204
25.99000 -0.0051028564773404
26.01000 -0.0050965593355365
26.03000 -0.0050902741116756
26.05000 -0.0050840007768502
26.07000 -0.0050777393018746
26.09000 -0.0050714896573646
26.11000 -0.0050652518137358
26.13000 -0.0050590257414757
26.15000 -0.0050528114119104
26.17000 -0.0050466087966775
26.19000 -0.0050404178669375
26.21000 -0.0050342385932487
26.23000 -0.0050280709464552
26.25000 -0.0050219148983404
26.27000 -0.0050157704197628
26.29000 -0.0050096374830173
26.31000 -0.0050035160606707
26.33000 -0.0049974061244896
26.35000 -0.0049913076474189
26.37000 -0.0049852205995409
26.39000 -0.0049791449509789
26.41000 -0.0049730806750454
26.43000 -0.0049670277454551
26.45000 -0.0049609861338962
26.47000 -0.0049549558125369
26.49000 -0.0049489367534253
26.51000 -0.0049429289289849
26.53000 -0.0049369323120626
26.55000 -0.0049309468752059
26.57000 -0.0049249725920463
26.59000 -0.0049190094349446
26.61000 -0.0049130573758543
26.63000 -0.0049071163879772
26.65000 -0.0049011864446554
26.67000 -0.0048952675189726
26.69000 -0.0048893595832743
26.71000 -0.0048834626111733
26.73000 -0.0048775765768084
26.75000 -0.0048717014538854
26.77000 -0.0048658372161318
26.79000 -0.0048599838368183
26.81000 -0.0048541412895730
26.83000 -0.0048483095489568
26.85000 -0.0048424885887290
26.87000 -0.0048366783821766
26.89000 -0.0048308789025653
26.91000 -0.0048250901244846
26.93000 -0.0048193120222246
26.95000 -0.0048135445697110
26.97000 -0.0048077877422991
26.99000 -0.0048020415134733
27.01000 -0.0047963058577812
27.03000 -0.0047905807508301
27.05000 -0.0047848661664095
27.07000 -0.0047791620782775
27.09000 -0.0047734684622295
27.11000 -0.0047677852928889
27.13000 -0.0047621125446418
27.15000 -0.0047564501931695
27.17000 -0.0047507982139668
27.19000 -0.0047451565832913
27.21000 -0.0047395252753393
27.23000 -0.0047339042639398
27.25000 -0.0047282935246134
27.27000 -0.0047226930326142
27.29000 -0.0047171027640326
27.31000 -0.0047115226948740
27.33000 -0.0047059528010367
27.35000 -0.0047003930580845
27.37000 -0.0046948434413107
27.39000 -0.0046893039268706
27.41000 -0.0046837744912606
27.43000 -0.0046782551101893
27.45000 -0.0046727457595737
27.47000 -0.0046672464151356
27.49000 -0.0046617570531914
27.51000 -0.0046562776503246
27.53000 -0.0046508081826854
27.55000 -0.0046453486260996
27.57000 -0.0046398989571362
27.59000 -0.0046344591532715
27.61000 -0.0046290291902657
27.63000 -0.0046236090452669
27.65000 -0.0046181986953748
27.67000 -0.0046127981161744
27.69000 -0.0046074072846043
27.71000 -0.0046020261787618
27.73000 -0.0045966547751304
27.75000 -0.0045912930506758
27.77000 -0.0045859409832975
27.79000 -0.0045805985498779
27.81000 -0.0045752657278268
27.83000 -0.0045699424939950
27.85000 -0.0045646288256756
27.87000 -0.0045593247006456
27.89000 -0.0045540300957051
27.91000 -0.0045487449887026
27.93000 -0.0045434693577853
27.95000 -0.0045382031808256
27.97000 -0.0045329464351899
27.99000 -0.0045276990984933
28.01000 -0.0045224611493060
28.03000 -0.0045172325657556
28.05000 -0.0045120133258432
28.07000 -0.0045068034082217
28.09000 -0.0045016027905970
28.11000 -0.0044964114509062
28.13000 -0.0044912293673577
28.15000 -0.0044860565184975
28.17000 -0.0044808928829755
28.19000 -0.0044757384392023
28.21000 -0.0044705931657078
28.23000 -0.0044654570407213
28.25000 -0.0044603300437536
28.27000 -0.0044552121530907
28.29000 -0.0044501033465475
28.31000 -0.0044450036039042
28.33000 -0.0044399129045760
28.35000 -0.0044348312264548
28.37000 -0.0044297585487348
28.39000 -0.0044246948508107
28.41000 -0.0044196401110180
28.43000 -0.0044145943095205
28.45000 -0.0044095574258059
28.47000 -0.0044045294381450
28.49000 -0.0043995103256642
28.51000 -0.0043945000680442
28.53000 -0.0043894986456995
28.55000 -0.0043845060378333
28.57000 -0.0043795222239591
28.59000 -0.0043745471845501
28.61000 -0.0043695808994981
28.63000 -0.0043646233482353
28.65000 -0.0043596745104845
28.67000 -0.0043547343663076
28.69000 -0.0043498028957698
28.71000 -0.0043448800782311
28.73000 -0.0043399658936023
28.75000 -0.0043350603221641
28.77000 -0.0043301633444104
28.79000 -0.0043252749404827
28.81000 -0.0043203950907311
28.83000 -0.0043155237757153
28.85000 -0.0043106609748532
28.87000 -0.0043058066689309
28.89000 -0.0043009608384168
28.91000 -0.0042961234640285
28.93000 -0.0042912945272504
28.95000 -0.0042864740079861
28.97000 -0.0042816618859098
28.99000 -0.0042768581428266
29.01000 -0.0042720627601933
29.03000 -0.0042672757184712
29.05000 -0.0042624969990459
29.07000 -0.0042577265826573
29.09000 -0.0042529644501340
29.11000 -0.0042482105826689
29.13000 -0.0042434649611849
29.15000 -0.0042387275670842
29.17000 -0.0042339983811213
29.19000 -0.0042292773848614
29.21000 -0.0042245645599404
29.23000 -0.0042198598873687
29.25000 -0.0042151633488341
29.27000 -0.0042104749260027
29.29000 -0.0042057946003735
29.31000 -0.0042011223534204
29.33000 -0.0041964581665282
29.35000 -0.0041918020221126
29.37000 -0.0041871539019832
29.39000 -0.0041825137877999
29.41000 -0.0041778816615933
29.43000 -0.0041732575050257
29.45000 -0.0041686413000397
29.47000 -0.0041640330282860
29.49000 -0.0041594326722774
29.51000 -0.0041548402139395
29.53000 -0.0041502556353817
29.55000 -0.0041456789193859
29.57000 -0.0041411100479786
29.59000 -0.0041365490031526
29.61000 -0.0041319957677708
29.63000 -0.0041274503239835
29.65000 -0.0041229126540517
29.67000 -0.0041183827416195
29.69000 -0.0041138605684780
29.71000 -0.0041093461167023
29.73000 -0.0041048393695738
29.75000 -0.0041003403094362
29.77000 -0.0040958489191704
29.79000 -0.0040913651815565
29.81000 -0.0040868890794955
29.83000 -0.0040824205957014
29.85000 -0.0040779597129095
29.87000 -0.0040735064147006
29.89000 -0.0040690606843042
29.91000 -0.0040646225045459
29.93000 -0.0040601918587025
29.95000 -0.0040557687299583
29.97000 -0.0040513531015078
29.99000 -0.0040469449561073
30.01000 -0.0040425442770629
30.03000 -0.0040381510480416
30.05000 -0.0040337652523760
30.07000 -0.0040293868734609
30.09000 -0.0040250158945508
30.11000 -0.0040206522996349
30.13000 -0.0040162960717537
30.15000 -0.0040119471942856
30.17000 -0.0040076056511787
30.19000 -0.0040032714260636
30.21000 -0.0039989445028345
30.23000 -0.0039946248655591
30.25000 -0.0039903124976707
30.27000 -0.0039860073830426
30.29000 -0.0039817095061972
30.31000 -0.0039774188507353
30.33000 -0.0039731354009945
30.35000 -0.0039688591411436
30.37000 -0.0039645900546155
30.39000 -0.0039603281259487
30.41000 -0.0039560733396668
30.43000 -0.0039518256798908
30.45000 -0.0039475851303617
30.47000 -0.0039433516752611
30.49000 -0.0039391252993541
30.51000 -0.0039349059870112
30.53000 -0.0039306937227666
30.55000 -0.0039264884911492
30.57000 -0.0039222902760185
30.59000 -0.0039180990618607
30.61000 -0.0039139148338509
30.63000 -0.0039097375770780
30.65000 -0.0039055672757835
30.67000 -0.0039014039143161
30.69000 -0.0038972474779666
30.71000 -0.0038930979514572
30.73000 -0.0038889553194942
30.75000 -0.0038848195667826
30.77000 -0.0038806906785161
30.79000 -0.0038765686398768
30.81000 -0.0038724534355734
30.83000 -0.0038683450507772
30.85000 -0.0038642434707651
30.87000 -0.0038601486802621
30.89000 -0.0038560606643251
30.91000 -0.0038519794085490
30.93000 -0.0038479048981094
30.95000 -0.0038438371186195
30.97000 -0.0038397760552925
30.99000 -0.0038357216929508
31.01000 -0.0038316740175947
31.03000 -0.0038276330145093
31.05000 -0.0038235986687733
31.07000 -0.0038195709661789
31.09000 -0.0038155498925686
31.11000 -0.0038115354334518
31.13000 -0.0038075275742138
31.15000 -0.0038035263006796
31.17000 -0.0037995315987104
31.19000 -0.0037955434535837
31.21000 -0.0037915618511088
31.23000 -0.0037875867771649
31.25000 -0.0037836182177598
31.27000 -0.0037796561591105
31.29000 -0.0037757005871772
31.31000 -0.0037717514877489
31.33000 -0.0037678088462717
31.35000 -0.0037638726491095
31.37000 -0.0037599428825471
31.39000 -0.0037560195327606
31.41000 -0.0037521025857101
31.43000 -0.0037481920273384
31.45000 -0.0037442878443018
31.47000 -0.0037403900229020
31.49000 -0.0037364985489591
31.51000 -0.0037326134091656
31.53000 -0.0037287345902023
31.55000 -0.0037248620781322
31.57000 -0.0037209958598587
31.59000 -0.0037171359214221
31.61000 -0.0037132822489831
31.63000 -0.0037094348299786
31.65000 -0.0037055936506637
31.67000 -0.0037017586976563
31.69000 -0.0036979299579124
31.71000 -0.0036941074178099
31.73000 -0.0036902910636981
31.75000 -0.0036864808822537
31.77000 -0.0036826768604571
31.79000 -0.0036788789850463
31.81000 -0.0036750872426808
31.83000 -0.0036713016207772
31.85000 -0.0036675221062829
31.87000 -0.0036637486858607
31.89000 -0.0036599813464891
31.91000 -0.0036562200753088
31.93000 -0.0036524648597257
31.95000 -0.0036487156867496
31.97000 -0.0036449725436172
31.99000 -0.0036412354171121
32.01000 -0.0036375042943524
32.03000 -0.0036337791627536
32.05000 -0.0036300600095533
32.07000 -0.0036263468218667
32.09000 -0.0036226395867954
32.11000 -0.0036189382920030
32.13000 -0.0036152429253746
32.15000 -0.0036115534742165
32.17000 -0.0036078699255515
32.19000 -0.0036041922671845
32.21000 -0.0036005204867437
32.23000 -0.0035968545716069
32.25000 -0.0035931945095470
32.27000 -0.0035895402878437
32.29000 -0.0035858918943883
32.31000 -0.0035822493170819
32.33000 -0.0035786125433339
32.35000 -0.0035749815610227
32.37000 -0.0035713563581025
32.39000 -0.0035677369221745
32.41000 -0.0035641232408559
32.43000 -0.0035605153021267
32.45000 -0.0035569130940405
32.47000 -0.0035533166043793
32.49000 -0.0035497258212276
32.51000 -0.0035461407328679
32.53000 -0.0035425613271568
32.55000 -0.0035389875919455
32.57000 -0.0035354195151979
32.59000 -0.0035318570853858
32.61000 -0.0035283002904379
32.63000 -0.0035247491184121
32.65000 -0.0035212035577349
32.67000 -0.0035176635967832
32.69000 -0.0035141292239053
32.71000 -0.0035106004272806
32.73000 -0.0035070771950445
32.75000 -0.0035035595154888
32.77000 -0.0035000473770286
32.79000 -0.0034965407682301
32.81000 -0.0034930396777471
32.83000 -0.0034895440936658
32.85000 -0.0034860540045678
32.87000 -0.0034825693995525
32.89000 -0.0034790902668603
32.91000 -0.0034756165949304
32.93000 -0.0034721483724326
32.95000 -0.0034686855880172
32.97000 -0.0034652282306798
32.99000 -0.0034617762889942
33.01000 -0.0034583297513813
33.03000 -0.0034548886066545
33.05000 -0.0034514528435968
33.07000 -0.0034480224509835
33.09000 -0.0034445974175030
33.11000 -0.0034411777324060
33.13000 -0.0034377633847477
33.15000 -0.0034343543632219
33.17000 -0.0034309506569945
33.19000 -0.0034275522550451
33.21000 -0.0034241591464985
33.23000 -0.0034207713200951
33.25000 -0.0034173887649500
33.27000 -0.0034140114702768
33.29000 -0.0034106394251978
33.31000 -0.0034072726189429
33.33000 -0.0034039110405653
33.35000 -0.0034005546793851
33.37000 -0.0033972035246675
33.39000 -0.0033938575656602
33.41000 -0.0033905167917206
33.43000 -0.0033871811922498
33.45000 -0.0033838507563458
33.47000 -0.0033805254734077
33.49000 -0.0033772053328001
33.51000 -0.0033738903235020
33.53000 -0.0033705804354735
33.55000 -0.0033672756582752
33.57000 -0.0033639759811144
33.59000 -0.0033606813937317
33.61000 -0.0033573918857129
33.63000 -0.0033541074466444
33.65000 -0.0033508280664255
33.67000 -0.0033475537343988
33.69000 -0.0033442844399744
33.71000 -0.0033410201731407
33.73000 -0.0033377609238015
33.75000 -0.0033345066814759
33.77000 -0.0033312574357224
33.79000 -0.0033280131765710
33.81000 -0.0033247738938303
33.83000 -0.0033215395774531
33.85000 -0.0033183102172139
33.87000 -0.0033150858031588
33.89000 -0.0033118663251250
33.91000 -0.0033086517727959
33.93000 -0.0033054421364440
33.95000 -0.0033022374060034
33.97000 -0.0032990375713655
33.99000 -0.0032958426225536
34.01000 -0.0032926525497880
34.03000 -0.0032894673431234
34.05000 -0.0032862869925965
34.07000 -0.0032831114883662
34.09000 -0.0032799408205703
34.11000 -0.0032767749793938
34.13000 -0.0032736139549029
34.15000 -0.0032704577377028
34.17000 -0.0032673063179494
34.19000 -0.0032641596857709
34.21000 -0.0032610178318161
34.23000 -0.0032578807463282
34.25000 -0.0032547484195117
34.27000 -0.0032516208418768
34.29000 -0.0032484980036533
34.31000 -0.0032453798952668
34.33000 -0.0032422665071130
34.35000 -0.0032391578295415
34.37000 -0.0032360538532228
34.39000 -0.0032329545688943
34.41000 -0.0032298599672386
34.43000 -0.0032267700384556
34.45000 -0.0032236847731779
34.47000 -0.0032206041621779
34.49000 -0.0032175281960396
34.51000 -0.0032144568653647
34.53000 -0.0032113901608956
34.55000 -0.0032083280733522
34.57000 -0.0032052705932942
34.59000 -0.0032022177116061
34.61000 -0.0031991694192427
34.63000 -0.0031961257069877
34.65000 -0.0031930865654286
34.67000 -0.0031900519854466
34.69000 -0.0031870219579054
34.71000 -0.0031839964736406
34.73000 -0.0031809755235951
34.75000 -0.0031779590986754
34.77000 -0.0031749471902023
34.79000 -0.0031719397887852
34.81000 -0.0031689368852866
34.83000 -0.0031659384711297
34.85000 -0.0031629445371524
34.87000 -0.0031599550744272
34.89000 -0.0031569700742066
34.91000 -0.0031539895274227
34.93000 -0.0031510134252317
34.95000 -0.0031480417588223
34.97000 -0.0031450745194377
34.99000 -0.0031421116982478
35.01000 -0.0031391532863495
35.03000 -0.0031361992751239
35.05000 -0.0031332496557901
35.07000 -0.0031303044197977
35.09000 -0.0031273635582207
35.11000 -0.0031244270622093
35.13000 -0.0031214949234029
35.15000 -0.0031185671333363
35.17000 -0.0031156436831049
35.19000 -0.0031127245638877
35.21000 -0.0031098097672929
35.23000 -0.0031068992848323
35.25000 -0.0031039931079660
35.27000 -0.0031010912282163
35.29000 -0.0030981936371802
35.31000 -0.0030953003261526
35.33000 -0.0030924112866178
35.35000 -0.0030895265102954
35.37000 -0.0030866459886293
35.39000 -0.0030837697134280
35.41000 -0.0030808976762576
35.43000 -0.0030780298688864
35.45000 -0.0030751662831307
35.47000 -0.0030723069103747
35.49000 -0.0030694517423951
35.51000 -0.0030666007710515
35.53000 -0.0030637539878943
35.55000 -0.0030609113848219
35.57000 -0.0030580729536191
35.59000 -0.0030552386859677
35.61000 -0.0030524085737842
35.63000 -0.0030495826089923
35.65000 -0.0030467607834672
35.67000 -0.0030439430887924
35.69000 -0.0030411295170456
35.71000 -0.0030383200602179
35.73000 -0.0030355147102803
35.75000 -0.0030327134592393
35.77000 -0.0030299162989407
35.79000 -0.0030271232213848
35.81000 -0.0030243342187519
35.83000 -0.0030215492831321
35.85000 -0.0030187684063387
35.87000 -0.0030159915804337
35.89000 -0.0030132187978002
35.91000 -0.0030104500505508
35.93000 -0.0030076853306343
35.95000 -0.0030049246301501
35.97000 -0.0030021679413947
35.99000 -0.0029994152565269
36.01000 -0.0029966665678201
36.03000 -0.0029939218674369
36.05000 -0.0029911811476875
36.07000 -0.0029884444007801
36.09000 -0.0029857116187371
36.11000 -0.0029829827942224
36.13000 -0.0029802579195949
36.15000 -0.0029775369870219
36.17000 -0.0029748199890393
36.19000 -0.0029721069178745
36.21000 -0.0029693977658878
36.23000 -0.0029666925256191
36.25000 -0.0029639911894595
36.27000 -0.0029612937498719
36.29000 -0.0029586001993027
36.31000 -0.0029559105303322
36.33000 -0.0029532247353691
36.35000 -0.0029505428069112
36.37000 -0.0029478647374923
36.39000 -0.0029451905196349
36.41000 -0.0029425201458939
36.43000 -0.0029398536089278
36.45000 -0.0029371909012998
36.47000 -0.0029345320155712
36.49000 -0.0029318769446286
36.51000 -0.0029292256810357
36.53000 -0.0029265782172980
36.55000 -0.0029239345461579
36.57000 -0.0029212946604954
36.59000 -0.0029186585528519
36.61000 -0.0029160262158262
36.63000 -0.0029133976424819
36.65000 -0.0029107728255381
36.67000 -0.0029081517578012
36.69000 -0.0029055344320635
36.71000 -0.0029029208410387
36.73000 -0.0029003109777855
36.75000 -0.0028977048351406
36.77000 -0.0028951024058993
36.79000 -0.0028925036832481
36.81000 -0.0028899086597959
36.83000 -0.0028873173284498
36.85000 -0.0028847296823236
36.87000 -0.0028821457141613
36.89000 -0.0028795654170102
36.91000 -0.0028769887838279
36.93000 -0.0028744158076696
36.95000 -0.0028718464815104
36.97000 -0.0028692807985277
36.99000 -0.0028667187518004
37.01000 -0.0028641603342929
37.03000 -0.0028616055391688
37.05000 -0.0028590543594683
37.07000 -0.0028565067883177
37.09000 -0.0028539628188403
37.11000 -0.0028514224442520
37.13000 -0.0028488856577848
37.15000 -0.0028463524526545
37.17000 -0.0028438228220434
37.19000 -0.0028412967590776
37.21000 -0.0028387742569827
37.23000 -0.0028362553090154
37.25000 -0.0028337399085631
37.27000 -0.0028312280486990
37.29000 -0.0028287197227664
37.31000 -0.0028262149242819
37.33000 -0.0028237136465011
37.35000 -0.0028212158827694
37.37000 -0.0028187216262931
37.39000 -0.0028162308705846
37.41000 -0.0028137436091806
37.43000 -0.0028112598352036
37.45000 -0.0028087795422266
37.47000 -0.0028063027238275
37.49000 -0.0028038293732872
37.51000 -0.0028013594841731
37.53000 -0.0027988930499248
37.55000 -0.0027964300640134
37.57000 -0.0027939705199014
37.59000 -0.0027915144111633
37.61000 -0.0027890617313603
37.63000 -0.0027866124740267
37.65000 -0.0027841666327791
37.67000 -0.0027817242010460
37.69000 -0.0027792851724395
37.71000 -0.0027768495406556
37.73000 -0.0027744172993182
37.75000 -0.0027719884421414
37.77000 -0.0027695629627628
37.79000 -0.0027671408547552
37.81000 -0.0027647221118074
37.83000 -0.0027623067277210
37.85000 -0.0027598946961978
37.87000 -0.0027574860109673
37.89000 -0.0027550806656951
37.91000 -0.0027526786542807
37.93000 -0.0027502799704190
37.95000 -0.0027478846078413
37.97000 -0.0027454925605367
37.99000 -0.0027431038222710
38.01000 -0.0027407183869167
38.03000 -0.0027383362482189
38.05000 -0.0027359573998915
38.07000 -0.0027335818360823
38.09000 -0.0027312095506624
38.11000 -0.0027288405373172
38.13000 -0.0027264747900930
38.15000 -0.0027241123029024
38.17000 -0.0027217530696647
38.19000 -0.0027193970844146
38.21000 -0.0027170443411379
38.23000 -0.0027146948336212
38.25000 -0.0027123485559957
38.27000 -0.0027100055023409
38.29000 -0.0027076656666093
38.31000 -0.0027053290428724
38.33000 -0.0027029956252157
38.35000 -0.0027006654077383
38.37000 -0.0026983383844959
38.39000 -0.0026960145495779
38.41000 -0.0026936938970305
38.43000 -0.0026913764209445
38.45000 -0.0026890621155094
38.47000 -0.0026867509748814
38.49000 -0.0026844429932486
38.51000 -0.0026821381648313
38.53000 -0.0026798364837657
38.55000 -0.0026775379441080
38.57000 -0.0026752425401194
38.59000 -0.0026729502661144
38.61000 -0.0026706611163455
38.63000 -0.0026683750849903
38.65000 -0.0026660921662576
38.67000 -0.0026638123544946
38.69000 -0.0026615356440627
38.71000 -0.0026592620292128
38.73000 -0.0026569915042801
38.75000 -0.0026547240637782
38.77000 -0.0026524597018069
38.79000 -0.0026501984127304
38.81000 -0.0026479401910263
38.83000 -0.0026456850309936
38.85000 -0.0026434329270063
38.87000 -0.0026411838735479
38.89000 -0.0026389378650493
38.91000 -0.0026366948958459
38.93000 -0.0026344549604977
38.95000 -0.0026322180534446
38.97000 -0.0026299841690707
38.99000 -0.0026277533018337
39.01000 -0.0026255254462920
39.03000 -0.0026233005970007
39.05000 -0.0026210787483641
39.07000 -0.0026188598950132
39.09000 -0.0026166440314785
39.11000 -0.0026144311522860
39.13000 -0.0026122212520273
39.15000 -0.0026100143252487
39.17000 -0.0026078103665698
39.19000 -0.0026056093705964
39.21000 -0.0026034113320203
39.23000 -0.0026012162454716
39.25000 -0.0025990241055089
39.27000 -0.0025968349068313
39.29000 -0.0025946486439902
39.31000 -0.0025924653116841
39.33000 -0.0025902849046777
39.35000 -0.0025881074176605
39.37000 -0.0025859328453786
39.39000 -0.0025837611823856
39.41000 -0.0025815924235226
39.43000 -0.0025794265635454
39.45000 -0.0025772635970926
39.47000 -0.0025751035189506
39.49000 -0.0025729463240361
39.51000 -0.0025707920071366
39.53000 -0.0025686405629107
39.55000 -0.0025664919862787
39.57000 -0.0025643462721262
39.59000 -0.0025622034152975
39.61000 -0.0025600634105793
39.63000 -0.0025579262528733
39.65000 -0.0025557919369974
39.67000 -0.0025536604578002
39.69000 -0.0025515318103075
39.71000 -0.0025494059893301
39.73000 -0.0025472829897988
39.75000 -0.0025451628066560
39.77000 -0.0025430454348972
39.79000 -0.0025409308694627
39.81000 -0.0025388191053516
39.83000 -0.0025367101374931
39.85000 -0.0025346039607711
39.87000 -0.0025325005703136
39.89000 -0.0025303999610499
39.91000 -0.0025283021279620
39.93000 -0.0025262070661621
39.95000 -0.0025241147706665
39.97000 -0.0025220252365254
39.99000 -0.0025199384587838
40.01000 -0.0025178544324775
40.03000 -0.0025157731527379
40.05000 -0.0025136946146701
40.07000 -0.0025116188133747
40.09000 -0.0025095457440164
40.11000 -0.0025074754017536
40.13000 -0.0025054077816474
40.15000 -0.0025033428787620
40.17000 -0.0025012806883657
40.19000 -0.0024992212055973
40.21000 -0.0024971644256104
40.23000 -0.0024951103437037
40.25000 -0.0024930589550790
40.27000 -0.0024910102548854
40.29000 -0.0024889642383457
40.31000 -0.0024869209006580
40.33000 -0.0024848802370318
40.35000 -0.0024828422428557
40.37000 -0.0024808069133625
40.39000 -0.0024787742437916
40.41000 -0.0024767442293595
40.43000 -0.0024747168654383
40.45000 -0.0024726921473706
40.47000 -0.0024706700704219
40.49000 -0.0024686506299066
40.51000 -0.0024666338211483
40.53000 -0.0024646196395231
40.55000 -0.0024626080804105
40.57000 -0.0024605991391824
40.59000 -0.0024585928111692
40.61000 -0.0024565890917875
40.63000 -0.0024545879764199
40.65000 -0.0024525894605058
40.67000 -0.0024505935394471
40.69000 -0.0024486002087083
40.71000 -0.0024466094636493
40.73000 -0.0024446212996913
40.75000 -0.0024426357123549
40.77000 -0.0024406526971483
40.79000 -0.0024386722495354
40.81000 -0.0024366943648909
40.83000 -0.0024347190388126
40.85000 -0.0024327462668413
40.87000 -0.0024307760444129
40.89000 -0.0024288083670805
40.91000 -0.0024268432304220
40.93000 -0.0024248806299381
40.95000 -0.0024229205612006
40.97000 -0.0024209630198583
40.99000 -0.0024190080013279
41.01000 -0.0024170555012150
41.03000 -0.0024151055151677
41.05000 -0.0024131580387443
41.07000 -0.0024112130676092
41.09000 -0.0024092705973747
41.11000 -0.0024073306236999
41.13000 -0.0024053931421789
41.15000 -0.0024034581483154
41.17000 -0.0024015256379206
41.19000 -0.0023995956066172
41.21000 -0.0023976680500726
41.23000 -0.0023957429640740
41.25000 -0.0023938203442118
41.27000 -0.0023919001862684
41.29000 -0.0023899824859297
41.31000 -0.0023880672389466
41.33000 -0.0023861544410438
41.35000 -0.0023842440879227
41.37000 -0.0023823361754247
41.39000 -0.0023804306992520
41.41000 -0.0023785276551497
41.43000 -0.0023766270390190
41.45000 -0.0023747288465878
41.47000 -0.0023728330735575
41.49000 -0.0023709397157991
41.51000 -0.0023690487691651
41.53000 -0.0023671602294090
41.55000 -0.0023652740923457
41.57000 -0.0023633903538387
41.59000 -0.0023615090098022
41.61000 -0.0023596300560583
41.63000 -0.0023577534884466
41.65000 -0.0023558793029153
41.67000 -0.0023540074953480
41.69000 -0.0023521380615868
41.71000 -0.0023502709974872
41.73000 -0.0023484062990909
41.75000 -0.0023465439622446
41.77000 -0.0023446839828111
41.79000 -0.0023428263568473
41.81000 -0.0023409710801855
41.83000 -0.0023391181488885
41.85000 -0.0023372675589651
41.87000 -0.0023354193062289
41.89000 -0.0023335733867813
41.91000 -0.0023317297965529
41.93000 -0.0023298885315054
41.95000 -0.0023280495877908
41.97000 -0.0023262129613380
41.99000 -0.0023243786481385
42.01000 -0.0023225466442497
42.03000 -0.0023207169456908
42.05000 -0.0023188895485463
42.07000 -0.0023170644488812
42.09000 -0.0023152416427081
42.11000 -0.0023134211261445
42.13000 -0.0023116028953446
42.15000 -0.0023097869463348
42.17000 -0.0023079732751601
42.19000 -0.0023061618780260
42.21000 -0.0023043527510056
42.23000 -0.0023025458901308
42.25000 -0.0023007412916241
42.27000 -0.0022989389516595
42.29000 -0.0022971388663449
42.31000 -0.0022953410318045
42.33000 -0.0022935454442455
42.35000 -0.0022917520999094
42.37000 -0.0022899609948872
42.39000 -0.0022881721253152
42.41000 -0.0022863854875206
42.43000 -0.0022846010776248
42.45000 -0.0022828188918771
42.47000 -0.0022810389264959
42.49000 -0.0022792611776058
42.51000 -0.0022774856415930
42.53000 -0.0022757123146135
42.55000 -0.0022739411929514
42.57000 -0.0022721722729419
42.59000 -0.0022704055507154
42.61000 -0.0022686410226638
42.63000 -0.0022668786850434
42.65000 -0.0022651185341091
42.67000 -0.0022633605661655
42.69000 -0.0022616047775294
42.71000 -0.0022598511645709
42.73000 -0.0022580997235279
42.75000 -0.0022563504507352
42.77000 -0.0022546033425024
42.79000 -0.0022528583952658
42.81000 -0.0022511156054320
42.83000 -0.0022493749692331
42.85000 -0.0022476364830592
42.87000 -0.0022459001433319
42.89000 -0.0022441659463675
42.91000 -0.0022424338885444
42.93000 -0.0022407039663652
42.95000 -0.0022389761761963
42.97000 -0.0022372505144317
42.99000 -0.0022355269775431
43.01000 -0.0022338055619324
43.03000 -0.0022320862640218
43.05000 -0.0022303690802544
43.07000 -0.0022286540071083
43.09000 -0.0022269410409668
43.11000 -0.0022252301783659
43.13000 -0.0022235214158413
43.15000 -0.0022218147497423
43.17000 -0.0022201101766290
43.19000 -0.0022184076930251
43.21000 -0.0022167072953992
43.23000 -0.0022150089802409
43.25000 -0.0022133127440231
43.27000 -0.0022116185833550
43.29000 -0.0022099264947167
43.31000 -0.0022082364746835
43.33000 -0.0022065485197968
43.35000 -0.0022048626265786
43.37000 -0.0022031787916805
43.39000 -0.0022014970115944
43.41000 -0.0021998172828860
43.43000 -0.0021981396021737
43.45000 -0.0021964639660449
43.47000 -0.0021947903710678
43.49000 -0.0021931188139122
43.51000 -0.0021914492910948
43.53000 -0.0021897817992591
43.55000 -0.0021881163351262
43.57000 -0.0021864528952285
43.59000 -0.0021847914761850
43.61000 -0.0021831320746947
43.63000 -0.0021814746873974
43.65000 -0.0021798193109092
43.67000 -0.0021781659419290
43.69000 -0.0021765145771880
43.71000 -0.0021748652133097
43.73000 -0.0021732178469110
43.75000 -0.0021715724747788
43.77000 -0.0021699290935771
43.79000 -0.0021682877000213
43.81000 -0.0021666482908585
43.83000 -0.0021650108627636
43.85000 -0.0021633754124977
43.87000 -0.0021617419368004
43.89000 -0.0021601104324050
43.91000 -0.0021584808959925
43.93000 -0.0021568533243662
43.95000 -0.0021552277143300
43.97000 -0.0021536040625611
43.99000 -0.0021519823659305
44.01000 -0.0021503626211485
44.03000 -0.0021487448250306
44.05000 -0.0021471289744486
44.07000 -0.0021455150660485
44.09000 -0.0021439030966503
44.11000 -0.0021422930631663
44.13000 -0.0021406849623148
44.15000 -0.0021390787910012
44.17000 -0.0021374745460757
44.19000 -0.0021358722243027
44.21000 -0.0021342718225799
44.23000 -0.0021326733377762
44.25000 -0.0021310767667052
44.27000 -0.0021294821062430
44.29000 -0.0021278893533114
44.31000 -0.0021262985047370
44.33000 -0.0021247095573775
44.35000 -0.0021231225081388
44.37000 -0.0021215373539297
44.39000 -0.0021199540916482
44.41000 -0.0021183727182632
44.43000 -0.0021167932306904
44.45000 -0.0021152156257805
44.47000 -0.0021136399004787
44.49000 -0.0021120660517639
44.51000 -0.0021104940764865
44.53000 -0.0021089239715765
44.55000 -0.0021073557341192
44.57000 -0.0021057893609946
44.59000 -0.0021042248491577
44.61000 -0.0021026621956634
44.63000 -0.0021011013974003
44.65000 -0.0020995424513936
44.67000 -0.0020979853545842
44.69000 -0.0020964301040026
44.71000 -0.0020948766966762
44.73000 -0.0020933251295847
44.75000 -0.0020917753997555
44.77000 -0.0020902275042275
44.79000 -0.0020886814399829
44.81000 -0.0020871372040299
44.83000 -0.0020855947934981
44.85000 -0.0020840542053510
44.87000 -0.0020825154366559
44.89000 -0.0020809784845473
44.91000 -0.0020794433460027
44.93000 -0.0020779100181149
44.95000 -0.0020763784979845
44.97000 -0.0020748487826243
44.99000 -0.0020733208691830
45.01000 -0.0020717947547137
45.03000 -0.0020702704363180
45.05000 -0.0020687479111421
45.07000 -0.0020672271762112
45.09000 -0.0020657082287605
45.11000 -0.0020641910658557
45.13000 -0.0020626756845533
45.15000 -0.0020611620820732
45.17000 -0.0020596502555213
45.19000 -0.0020581402020470
45.21000 -0.0020566319188163
45.23000 -0.0020551254029844
45.25000 -0.0020536206516472
45.27000 -0.0020521176620355
45.29000 -0.0020506164313204
45.31000 -0.0020491169566265
45.33000 -0.0020476192351842
45.35000 -0.0020461232641586
45.37000 -0.0020446290407001
45.39000 -0.0020431365621381
45.41000 -0.0020416458255814
45.43000 -0.0020401568282186
45.45000 -0.0020386695673811
45.47000 -0.0020371840401913
45.49000 -0.0020357002439375
45.51000 -0.0020342181758623
45.53000 -0.0020327378330890
45.55000 -0.0020312592129555
45.57000 -0.0020297823127868
45.59000 -0.0020283071296834
45.61000 -0.0020268336610468
45.63000 -0.0020253619040533
45.65000 -0.0020238918559943
45.67000 -0.0020224235141825
45.69000 -0.0020209568757614
45.71000 -0.0020194919382039
45.73000 -0.0020180286987356
45.75000 -0.0020165671546075
45.77000 -0.0020151073031993
45.79000 -0.0020136491417634
45.81000 -0.0020121926676411
45.83000 -0.0020107378781943
45.85000 -0.0020092847707035
45.87000 -0.0020078333425072
45.89000 -0.0020063835909822
45.91000 -0.0020049355133918
45.93000 -0.0020034891071185
45.95000 -0.0020020443695776
45.97000 -0.0020006012980630
45.99000 -0.0019991598899146
46.01000 -0.0019977201425171
46.03000 -0.0019962820532267
46.05000 -0.0019948456195089
46.07000 -0.0019934108387490
46.09000 -0.0019919777082385
46.11000 -0.0019905462254005
46.13000 -0.0019891163876441
46.15000 -0.0019876881923994
46.17000 -0.0019862616370486
46.19000 -0.0019848367190094
46.21000 -0.0019834134356905
46.23000 -0.0019819917844964
46.25000 -0.0019805717629321
46.27000 -0.0019791533683823
46.29000 -0.0019777365982813
46.31000 -0.0019763214501075
46.33000 -0.0019749079212983
46.35000 -0.0019734960092515
46.37000 -0.0019720857114115
46.39000 -0.0019706770253643
46.41000 -0.0019692699485223
46.43000 -0.0019678644783238
46.45000 -0.0019664606123070
46.47000 -0.0019650583479263
46.49000 -0.0019636576826815
46.51000 -0.0019622586140738
46.53000 -0.0019608611395731
46.55000 -0.0019594652567285
46.57000 -0.0019580709630339
46.59000 -0.0019566782560048
46.61000 -0.0019552871331503
46.63000 -0.0019538975919779
46.65000 -0.0019525096300615
46.67000 -0.0019511232449396
46.69000 -0.0019497384340907
46.71000 -0.0019483551950885
46.73000 -0.0019469735255019
46.75000 -0.0019455934228269
46.77000 -0.0019442148846888
46.79000 -0.0019428379086091
46.81000 -0.0019414624921532
46.83000 -0.0019400886329181
46.85000 -0.0019387163284798
46.87000 -0.0019373455763852
46.89000 -0.0019359763742354
46.91000 -0.0019346087196537
46.93000 -0.0019332426102189
46.95000 -0.0019318780435270
46.97000 -0.0019305150171629
46.99000 -0.0019291535287700
47.01000 -0.0019277935759953
47.03000 -0.0019264351563670
47.05000 -0.0019250782675092
47.07000 -0.0019237229071829
47.09000 -0.0019223690729017
47.11000 -0.0019210167622936
47.13000 -0.0019196659730573
47.15000 -0.0019183167028288
47.17000 -0.0019169689492830
47.19000 -0.0019156227100484
47.21000 -0.0019142779827767
47.23000 -0.0019129347651374
47.25000 -0.0019115930548388
47.27000 -0.0019102528494876
47.29000 -0.0019089141467781
47.31000 -0.0019075769444476
47.33000 -0.0019062412401370
47.35000 -0.0019049070315420
47.37000 -0.0019035743163497
47.39000 -0.0019022430922726
47.41000 -0.0019009133570385
47.43000 -0.0018995851082940
47.45000 -0.0018982583438254
47.47000 -0.0018969330613464
47.49000 -0.0018956092584952
47.51000 -0.0018942869330913
47.53000 -0.0018929660828141
47.55000 -0.0018916467053950
47.57000 -0.0018903287986554
47.59000 -0.0018890123602709
47.61000 -0.0018876973879837
47.63000 -0.0018863838795478
47.65000 -0.0018850718327981
47.67000 -0.0018837612454605
47.69000 -0.0018824521152095
47.71000 -0.0018811444398855
47.73000 -0.0018798382172750
47.75000 -0.0018785334451962
47.77000 -0.0018772301213601
47.79000 -0.0018759282435583
47.81000 -0.0018746278096411
47.83000 -0.0018733288173639
47.85000 -0.0018720312645338
47.87000 -0.0018707351489753
47.89000 -0.0018694404684106
47.91000 -0.0018681472207156
47.93000 -0.0018668554037207
47.95000 -0.0018655650152198
47.97000 -0.0018642760530786
47.99000 -0.0018629885150671
48.01000 -0.0018617023990228
48.03000 -0.0018604177028597
48.05000 -0.0018591344244029
48.07000 -0.0018578525614126
48.09000 -0.0018565721118372
48.11000 -0.0018552930734715
48.13000 -0.0018540154441812
48.15000 -0.0018527392218785
48.17000 -0.0018514644043844
48.19000 -0.0018501909895582
48.21000 -0.0018489189753060
48.23000 -0.0018476483595534
48.25000 -0.0018463791400435
48.27000 -0.0018451113147343
48.29000 -0.0018438448816171
48.31000 -0.0018425798384399
48.33000 -0.0018413161831467
48.35000 -0.0018400539137033
48.37000 -0.0018387930279386
48.39000 -0.0018375335237347
48.41000 -0.0018362753991097
48.43000 -0.0018350186519372
48.45000 -0.0018337632800723
48.47000 -0.0018325092815542
48.49000 -0.0018312566543057
48.51000 -0.0018300053962114
48.53000 -0.0018287555052204
48.55000 -0.0018275069792485
48.57000 -0.0018262598162935
48.59000 -0.0018250140143099
48.61000 -0.0018237695711926
48.63000 -0.0018225264849346
48.65000 -0.0018212847535092
48.67000 -0.0018200443748631
48.69000 -0.0018188053469526
48.71000 -0.0018175676678236
48.73000 -0.0018163313353718
48.75000 -0.0018150963475725
48.77000 -0.0018138627024910
48.79000 -0.0018126303980383
48.81000 -0.0018113994322439
48.83000 -0.0018101698030906
48.85000 -0.0018089415085644
48.87000 -0.0018077145467250
48.89000 -0.0018064889155396
48.91000 -0.0018052646130353
48.93000 -0.0018040416372074
48.95000 -0.0018028199860466
48.97000 -0.0018015996576814
48.99000 -0.0018003806500622
49.01000 -0.0017991629611715
49.03000 -0.0017979465891634
49.05000 -0.0017967315319903
49.07000 -0.0017955177877177
49.09000 -0.0017943053544435
49.11000 -0.0017930942301523
49.13000 -0.0017918844128371
49.15000 -0.0017906759006489
49.17000 -0.0017894686916473
49.19000 -0.0017882627838630
49.21000 -0.0017870581753661
49.23000 -0.0017858548641721
49.25000 -0.0017846528484664
49.27000 -0.0017834521262732
49.29000 -0.0017822526956211
49.31000 -0.0017810545546857
49.33000 -0.0017798577014948
49.35000 -0.0017786621341329
49.37000 -0.0017774678507731
49.39000 -0.0017762748494408
49.41000 -0.0017750831282581
49.43000 -0.0017738926853763
49.45000 -0.0017727035188142
49.47000 -0.0017715156267215
49.49000 -0.0017703290072378
49.51000 -0.0017691436584955
49.53000 -0.0017679595785943
49.55000 -0.0017667767656160
49.57000 -0.0017655952177884
49.59000 -0.0017644149331846
49.61000 -0.0017632359099095
49.63000 -0.0017620581461944
49.65000 -0.0017608816401441
49.67000 -0.0017597063898700
49.69000 -0.0017585323935485
49.71000 -0.0017573596493301
49.73000 -0.0017561881553928
49.75000 -0.0017550179098763
49.77000 -0.0017538489109557
49.79000 -0.0017526811568283
49.81000 -0.0017515146456323
49.83000 -0.0017503493755294
49.85000 -0.0017491853447334
49.87000 -0.0017480225514024
49.89000 -0.0017468609937230
49.91000 -0.0017457006699006
49.93000 -0.0017445415780921
49.95000 -0.0017433837165132
49.97000 -0.0017422270833738
49.99000 -0.0017410716768789
50.01000 -0.0017399174951899
50.03000 -0.0017387645365795
50.05000 -0.0017376127992337
50.07000 -0.0017364622812918
50.09000 -0.0017353129811340
50.11000 -0.0017341648967716
50.13000 -0.0017330180271460
50.15000 -0.0017318723674691
50.17000 -0.0017307279273742
50.19000 -0.0017295846626642
50.21000 -0.0017284427300710
50.23000 -0.0017278722451303
50.25000 -0.0017267315180147
