0.25000 0.8111391829008606
0.27000 0.8219936827397549
0.29000 0.8300976995933321
0.31000 0.8360924293080422
0.33000 0.8404540724899691
0.35000 0.8435348947175733
0.37000 0.8456012667921172
0.39000 0.8468567428068601
0.41000 0.8474588856776755
0.43000 0.8475309467820386
0.45000 0.8471703034769851
0.47000 0.8464545837075795
0.49000 0.8454461865957430
0.51000 0.8441956484880194
0.53000 0.8427441832530749
0.55000 0.8411256205267865
0.57000 0.8393678922496263
0.59000 0.8374941802355618
0.61000 0.8355238327206708
0.63000 0.8334730615591021
0.65000 0.8313555141846404
0.67000 0.8291827238925897
0.69000 0.8269644718789294
0.71000 0.8247090797795628
0.73000 0.8224236502688222
0.75000 0.8201142625510272
0.77000 0.8177861326113844
0.79000 0.8154437436137866
0.81000 0.8130909583497735
0.83000 0.8107311104914523
0.85000 0.8083670827889179
0.87000 0.8060013645602366
0.89000 0.8036361216840738
0.91000 0.8012732170601431
0.93000 0.7989142805515440
0.95000 0.7965607181278651
0.97000 0.7942137464377854
0.99000 0.7918744236556380
1.01000 0.7895436659729511
1.03000 0.7872222634308303
1.05000 0.7849108969651755
1.07000 0.7826101535227876
1.09000 0.7803205367742444
1.11000 0.7780424768420642
1.13000 0.7757763389238258
1.15000 0.7735224310603894
1.17000 0.7712810112343297
1.19000 0.7690522933118387
1.21000 0.7668364520549213
1.23000 0.7646336277025556
1.25000 0.7624439299225657
1.27000 0.7602674411292081
1.29000 0.7581042199314453
1.31000 0.7559543037524158
1.33000 0.7538177113713576
1.35000 0.7516944450701295
1.37000 0.7495844923584282
1.39000 0.7474878279766807
1.41000 0.7454044151617304
1.43000 0.7433342070764115
1.45000 0.7412771480297766
1.47000 0.7392331750044144
1.49000 0.7372022171872628
1.51000 0.7351841994640959
1.53000 0.7331790392549703
1.55000 0.7311866519995986
1.57000 0.7292069472932919
1.59000 0.7272398319279065
1.61000 0.7252852105031071
1.63000 0.7233429844346828
1.65000 0.7214130531310277
1.67000 0.7194953146833418
1.69000 0.7175896656736089
1.71000 0.7156960013843885
1.73000 0.7138142164024205
1.75000 0.7119442048283857
1.77000 0.7100858601614000
1.79000 0.7082390757592409
1.81000 0.7064037448490186
1.83000 0.7045797608492119
1.85000 0.7027670173568548
1.87000 0.7009654081550306
1.89000 0.6991748275831494
1.91000 0.6973951704972594
1.93000 0.6956263322822531
1.95000 0.6938682090468296
1.97000 0.6921206975262895
1.99000 0.6903836952243498
2.01000 0.6886571006549933
2.03000 0.6869408132614212
2.05000 0.6852347332752962
2.07000 0.6835387617649027
2.09000 0.6818528009321955
2.11000 0.6801767536342012
2.13000 0.6785105240825955
2.15000 0.6768540170056103
2.17000 0.6752071388800924
2.19000 0.6735697967527153
2.21000 0.6719418988239818
2.23000 0.6703233544119951
2.25000 0.6687140737095423
2.27000 0.6671139680512270
2.29000 0.6655229498080316
2.31000 0.6639409322747802
2.33000 0.6623678299279572
2.35000 0.6608035583175437
2.37000 0.6592480340662299
2.39000 0.6577011747982970
2.41000 0.6561628991269592
2.43000 0.6546331266093575
2.45000 0.6531117778054332
2.47000 0.6515987743905483
2.49000 0.6500940389076484
2.51000 0.6485974947861171
2.53000 0.6471090664904073
2.55000 0.6456286795159193
2.57000 0.6441562603204485
2.59000 0.6426917362898239
2.61000 0.6412350357219208
2.63000 0.6397860877704437
2.65000 0.6383448225652802
2.67000 0.6369111711672657
2.69000 0.6354850654239302
2.71000 0.6340664380384197
2.73000 0.6326552224311930
2.75000 0.6312513530544386
2.77000 0.6298547651075470
2.79000 0.6284653947242811
2.81000 0.6270831786765370
2.83000 0.6257080545637299
2.85000 0.6243399607713680
2.87000 0.6229788364424793
2.89000 0.6216246215810244
2.91000 0.6202772569731749
2.93000 0.6189366840703763
2.95000 0.6176028449931381
2.97000 0.6162756825397219
2.99000 0.6149551402618196
3.01000 0.6136411624218597
3.03000 0.6123336939715303
3.05000 0.6110326805696535
3.07000 0.6097380685385562
3.09000 0.6084498048028825
3.11000 0.6071678368931790
3.13000 0.6058921130205407
3.15000 0.6046225820106199
3.17000 0.6033591932231568
3.19000 0.6021018966858445
3.21000 0.6008506431136574
3.23000 0.5996053838292092
3.25000 0.5983660706537308
3.27000 0.5971326559469944
3.29000 0.5959050925969609
3.31000 0.5946833341049582
3.33000 0.5934673345239374
3.35000 0.5922570483668862
3.37000 0.5910524307105602
3.39000 0.5898534371521189
3.41000 0.5886600239189481
3.43000 0.5874721476570730
3.45000 0.5862897654709176
3.47000 0.5851128349530326
3.49000 0.5839413141519449
3.51000 0.5827751616068091
3.53000 0.5816143363627294
3.55000 0.5804587979156097
3.57000 0.5793085061765858
3.59000 0.5781634214746452
3.61000 0.5770235046357363
3.63000 0.5758887169692262
3.65000 0.5747590202158617
3.67000 0.5736343765092867
3.69000 0.5725147483575141
3.71000 0.5714000986415401
3.73000 0.5702903907068606
3.75000 0.5691855883027670
3.77000 0.5680856555592588
3.79000 0.5669905569939666
3.81000 0.5659002575156806
3.83000 0.5648147223817106
3.85000 0.5637339172095380
3.87000 0.5626578079879725
3.89000 0.5615863611212832
3.91000 0.5605195433924660
3.93000 0.5594573218894374
3.95000 0.5583996640322823
3.97000 0.5573465375691482
3.99000 0.5562979105772282
4.01000 0.5552537514475349
4.03000 0.5542140288736184
4.05000 0.5531787118852589
4.07000 0.5521477699117183
4.09000 0.5511211726606823
4.11000 0.5500988901167929
4.13000 0.5490808925547824
4.15000 0.5480671505575740
4.17000 0.5470576350430936
4.19000 0.5460523171963472
4.21000 0.5450511684813701
4.23000 0.5440541606629512
4.25000 0.5430612657866343
4.27000 0.5420724562120693
4.29000 0.5410877045423700
4.31000 0.5401069836069539
4.33000 0.5391302664916632
4.35000 0.5381575265601928
4.37000 0.5371887374132934
4.39000 0.5362238729425217
4.41000 0.5352629073045471
4.43000 0.5343058149020425
4.45000 0.5333525703622584
4.47000 0.5324031485319709
4.49000 0.5314575245465134
4.51000 0.5305156737825468
4.53000 0.5295775718288595
4.55000 0.5286431944913859
4.57000 0.5277125178037215
4.59000 0.5267855180162712
4.61000 0.5258621715768264
4.63000 0.5249424552018680
4.65000 0.5240263458720369
4.67000 0.5231138207516972
4.69000 0.5222048571698401
4.71000 0.5212994326550958
4.73000 0.5203975249495190
4.75000 0.5194991120069217
4.77000 0.5186041719865805
4.79000 0.5177126832317744
4.81000 0.5168246242793330
4.83000 0.5159399738906906
4.85000 0.5150587109906867
4.87000 0.5141808146763835
4.89000 0.5133062642500846
4.91000 0.5124350391994830
4.93000 0.5115671192252115
4.95000 0.5107024842097807
4.97000 0.5098411141958383
4.99000 0.5089829893739866
5.01000 0.5081280901218154
5.03000 0.5072763970001531
5.05000 0.5064278907061676
5.07000 0.5055825521162539
5.09000 0.5047403622870419
5.11000 0.5039013024299477
5.13000 0.5030653539188421
5.15000 0.5022324983231877
5.17000 0.5014027173608919
5.19000 0.5005759928666490
5.21000 0.4997523068217040
5.23000 0.4989316413727877
5.25000 0.4981139788420014
5.27000 0.4972993016998034
5.29000 0.4964875925555361
5.31000 0.4956788341580356
5.33000 0.4948730093881407
5.35000 0.4940701012636322
5.37000 0.4932700929399308
5.39000 0.4924729677504542
5.41000 0.4916787091627742
5.43000 0.4908873007531898
5.45000 0.4900987262387296
5.47000 0.4893129694764699
5.49000 0.4885300144753263
5.51000 0.4877498453906366
5.53000 0.4869724464810040
5.55000 0.4861978021164710
5.57000 0.4854258968018381
5.59000 0.4846567151592913
5.61000 0.4838902419316797
5.63000 0.4831264619865834
5.65000 0.4823653603156519
5.67000 0.4816069220400779
5.69000 0.4808511324181315
5.71000 0.4800979768049311
5.73000 0.4793474406498059
5.75000 0.4785995095176706
5.77000 0.4778541691003096
5.79000 0.4771114052165368
5.81000 0.4763712037922315
5.83000 0.4756335508592381
5.85000 0.4748984325417205
5.87000 0.4741658350760297
5.89000 0.4734357448108877
5.91000 0.4727081482161150
5.93000 0.4719830318522029
5.95000 0.4712603823774661
5.97000 0.4705401865606158
5.99000 0.4698224312751352
6.01000 0.4691071035014442
6.03000 0.4683941902948646
6.05000 0.4676836787912589
6.07000 0.4669755562363768
6.09000 0.4662698099706158
6.11000 0.4655664274395810
6.13000 0.4648653962002188
6.15000 0.4641667038968691
6.17000 0.4634703382733226
6.19000 0.4627762871502111
6.21000 0.4620845384226312
6.23000 0.4613950800920150
6.25000 0.4607079002668945
6.27000 0.4600229871201850
6.29000 0.4593403289098082
6.31000 0.4586599139948771
6.33000 0.4579817308154163
6.35000 0.4573057678878875
6.37000 0.4566320138227740
6.39000 0.4559604573006700
6.41000 0.4552910870759000
6.43000 0.4546238919988708
6.45000 0.4539588610101514
6.47000 0.4532959831126097
6.49000 0.4526352473895674
6.51000 0.4519766430084861
6.53000 0.4513201592287343
6.55000 0.4506657853727977
6.57000 0.4500135108326353
6.59000 0.4493633250743934
6.61000 0.4487152176261812
6.63000 0.4480691780959809
6.65000 0.4474251961701528
6.67000 0.4467832616186335
6.69000 0.4461433642815687
6.71000 0.4455054940627438
6.73000 0.4448696409425602
6.75000 0.4442357949804949
6.77000 0.4436039462964098
6.79000 0.4429740850752236
6.81000 0.4423462015761761
6.83000 0.4417202861248231
6.85000 0.4410963291098570
6.87000 0.4404743209863913
6.89000 0.4398542522617884
6.91000 0.4392361135149093
6.93000 0.4386198953927248
6.95000 0.4380055885988123
6.97000 0.4373931839075940
6.99000 0.4367826721663303
7.01000 0.4361740442821203
7.03000 0.4355672912132567
7.05000 0.4349624039717885
7.07000 0.4343593736251857
7.09000 0.4337581913061139
7.11000 0.4331588482217261
7.13000 0.4325613356375347
7.15000 0.4319656448720568
7.17000 0.4313717672984020
7.19000 0.4307796943592653
7.21000 0.4301894175481156
7.23000 0.4296009284045924
7.25000 0.4290142185354608
7.27000 0.4284292795980014
7.29000 0.4278461033059437
7.31000 0.4272646814203860
7.33000 0.4266850057581800
7.35000 0.4261070681915752
7.37000 0.4255308606428551
7.39000 0.4249563750894891
7.41000 0.4243836035696590
7.43000 0.4238125381684771
7.45000 0.4232431710134112
7.47000 0.4226754942825157
7.49000 0.4221095002086114
7.51000 0.4215451810806371
7.53000 0.4209825292390493
7.55000 0.4204215370693109
7.57000 0.4198621970036272
7.59000 0.4193045015239963
7.61000 0.4187484431574705
7.63000 0.4181940144731671
7.65000 0.4176412080861250
7.67000 0.4170900166645712
7.69000 0.4165404329210501
7.71000 0.4159924496090167
7.73000 0.4154460595362587
7.75000 0.4149012555571550
7.77000 0.4143580305716159
7.79000 0.4138163775167896
7.81000 0.4132762893712598
7.83000 0.4127377591587468
7.85000 0.4122007799489270
7.87000 0.4116653448631097
7.89000 0.4111314470533236
7.91000 0.4105990797085302
7.93000 0.4100682360638392
7.95000 0.4095389094002528
7.97000 0.4090110930462328
7.99000 0.4084847803682266
8.01000 0.4079599647722267
8.03000 0.4074366397070098
8.05000 0.4069147986591031
8.07000 0.4063944351521244
8.09000 0.4058755427512512
8.11000 0.4053581150575470
8.13000 0.4048421457085781
8.15000 0.4043276283831654
8.17000 0.4038145567994145
8.19000 0.4033029247115988
8.21000 0.4027927259098642
8.23000 0.4022839542216717
8.25000 0.4017766035155120
8.27000 0.4012706677016393
8.29000 0.4007661407175167
8.31000 0.4002630165315876
8.33000 0.3997612891480994
8.35000 0.3992609526107559
8.37000 0.3987620009985224
8.39000 0.3982644284324076
8.41000 0.3977682290675231
8.43000 0.3972733970926670
8.45000 0.3967799267271072
8.47000 0.3962878122247774
8.49000 0.3957970478750738
8.51000 0.3953076279965406
8.53000 0.3948195469447409
8.55000 0.3943327991094719
8.57000 0.3938473789071479
8.59000 0.3933632807908881
8.61000 0.3928804992488810
8.63000 0.3923990287974286
8.65000 0.3919188639794280
8.67000 0.3914399993629331
8.69000 0.3909624295534534
8.71000 0.3904861491951069
8.73000 0.3900111529613530
8.75000 0.3895374355541773
8.77000 0.3890649917065092
8.79000 0.3885938161790333
8.81000 0.3881239037652712
8.83000 0.3876552492882623
8.85000 0.3871878476014052
8.87000 0.3867216935854184
8.89000 0.3862567821507125
8.91000 0.3857931082347148
8.93000 0.3853306668022611
8.95000 0.3848694528416519
8.97000 0.3844094613690452
8.99000 0.3839506874329809
9.01000 0.3834931261170652
9.03000 0.3830367725293015
9.05000 0.3825816218033707
9.07000 0.3821276690995491
9.09000 0.3816749096055354
9.11000 0.3812233385366653
9.13000 0.3807729511328467
9.15000 0.3803237426604834
9.17000 0.3798757084093892
9.19000 0.3794288436925701
9.21000 0.3789831438528273
9.23000 0.3785386042616210
9.25000 0.3780952203139076
9.27000 0.3776529874339477
9.29000 0.3772119010702961
9.31000 0.3767719566916369
9.33000 0.3763331497882944
9.35000 0.3758954758772436
9.37000 0.3754589305035552
9.39000 0.3750235092351301
9.41000 0.3745892076613701
9.43000 0.3741560213977512
9.45000 0.3737239460843727
9.47000 0.3732929773828806
9.49000 0.3728631109779605
9.51000 0.3724343425774242
9.53000 0.3720066679074926
9.55000 0.3715800827192947
9.57000 0.3711545827891808
9.59000 0.3707301639164095
9.61000 0.3703068219232500
9.63000 0.3698845526562362
9.65000 0.3694633519803256
9.67000 0.3690432157842491
9.69000 0.3686241399796025
9.71000 0.3682061204964827
9.73000 0.3677891532880918
9.75000 0.3673732343313350
9.77000 0.3669583596259119
9.79000 0.3665445251890247
9.81000 0.3661317270557348
9.83000 0.3657199612846707
9.85000 0.3653092239556665
9.87000 0.3648995111676946
9.89000 0.3644908190416301
9.91000 0.3640831437157865
9.93000 0.3636764813484781
9.95000 0.3632708281169008
9.97000 0.3628661802171865
9.99000 0.3624625338675070
10.01000 0.3620598853064590
10.03000 0.3616582307926674
10.05000 0.3612575666047639
10.07000 0.3608578890376763
10.09000 0.3604591944062270
10.11000 0.3600614790468949
10.13000 0.3596647393145999
10.15000 0.3592689715798735
10.17000 0.3588741722315967
10.19000 0.3584803376754370
10.21000 0.3580874643364813
10.23000 0.3576955486583279
10.25000 0.3573045871044647
10.27000 0.3569145761556677
10.29000 0.3565255123111102
10.31000 0.3561373920881508
10.33000 0.3557502120201848
10.35000 0.3553639686604567
10.37000 0.3549786585771263
10.39000 0.3545942783527565
10.41000 0.3542108245869800
10.43000 0.3538282938998225
10.45000 0.3534466829295810
10.47000 0.3530659883286239
10.49000 0.3526862067663139
10.51000 0.3523073349306881
10.53000 0.3519293695251677
10.55000 0.3515523072685927
10.57000 0.3511761448955442
10.59000 0.3508008791568253
10.61000 0.3504265068215843
10.63000 0.3500530246741837
10.65000 0.3496804295150329
10.67000 0.3493087181592813
10.69000 0.3489378874357466
10.71000 0.3485679341898811
10.73000 0.3481988552843482
10.75000 0.3478306475957580
10.77000 0.3474633080162138
10.79000 0.3470968334555072
10.81000 0.3467312208340804
10.83000 0.3463664670868682
10.85000 0.3460025691651981
10.87000 0.3456395240380253
10.89000 0.3452773286872055
10.91000 0.3449159801088997
10.93000 0.3445554753128872
10.95000 0.3441958113233559
10.97000 0.3438369851812620
10.99000 0.3434789939401846
11.01000 0.3431218346676809
11.03000 0.3427655044463492
11.05000 0.3424100003711837
11.07000 0.3420553195518601
11.09000 0.3417014591118099
11.11000 0.3413484161901406
11.13000 0.3409961879377817
11.15000 0.3406447715168479
11.17000 0.3402941641056784
11.19000 0.3399443628955800
11.21000 0.3395953650893455
11.23000 0.3392471679024181
11.25000 0.3388997685624558
11.27000 0.3385531643114215
11.29000 0.3382073524069638
11.31000 0.3378623301194394
11.33000 0.3375180947321782
11.35000 0.3371746435418759
11.37000 0.3368319738579542
11.39000 0.3364900830020122
11.41000 0.3361489683074090
11.43000 0.3358086271162798
11.45000 0.3354690567870061
11.47000 0.3351302546911479
11.49000 0.3347922182120925
11.51000 0.3344549447437682
11.53000 0.3341184316930484
11.55000 0.3337826764782977
11.57000 0.3334476765276245
11.59000 0.3331134292831971
11.61000 0.3327799321990227
11.63000 0.3324471827418994
11.65000 0.3321151783899195
11.67000 0.3317839166302893
11.69000 0.3314533949624948
11.71000 0.3311236108980091
11.73000 0.3307945619605054
11.75000 0.3304662456842106
11.77000 0.3301386596136862
11.79000 0.3298118013059209
11.81000 0.3294856683279405
11.83000 0.3291602582583872
11.85000 0.3288355686882184
11.87000 0.3285115972178981
11.89000 0.3281883414577572
11.91000 0.3278657990294553
11.93000 0.3275439675658591
11.95000 0.3272228447113384
11.97000 0.3269024281208208
11.99000 0.3265827154588667
12.01000 0.3262637043997716
12.03000 0.3259453926298511
12.05000 0.3256277778448177
12.07000 0.3253108577517975
12.09000 0.3249946300666224
12.11000 0.3246790925157138
12.13000 0.3243642428361219
12.15000 0.3240500787754514
12.17000 0.3237365980898396
12.19000 0.3234237985455493
12.21000 0.3231116779207518
12.23000 0.3228002340017680
12.25000 0.3224894645843501
12.27000 0.3221793674734074
12.29000 0.3218699404834896
12.31000 0.3215611814409055
12.33000 0.3212530881818644
12.35000 0.3209456585515884
12.37000 0.3206388904049350
12.39000 0.3203327816054221
12.41000 0.3200273300251488
12.43000 0.3197225335436363
12.45000 0.3194183900507132
12.47000 0.3191148974471629
12.49000 0.3188120536419971
12.51000 0.3185098565534499
12.53000 0.3182083041096806
12.55000 0.3179073942462962
12.57000 0.3176071249084240
12.59000 0.3173074940511353
12.61000 0.3170084996389112
12.63000 0.3167101396442247
12.65000 0.3164124120477680
12.67000 0.3161153148385653
12.69000 0.3158188460155671
12.71000 0.3155230035852309
12.73000 0.3152277855628935
12.75000 0.3149331899724619
12.77000 0.3146392148460026
12.79000 0.3143458582238621
12.81000 0.3140531181547915
12.83000 0.3137609926965707
12.85000 0.3134694799134614
12.87000 0.3131785778791774
12.89000 0.3128882846761125
12.91000 0.3125985983936808
12.93000 0.3123095171294943
12.95000 0.3120210389893138
12.97000 0.3117331620873129
12.99000 0.3114458845452113
13.01000 0.3111592044926558
13.03000 0.3108731200673824
13.05000 0.3105876294151335
13.07000 0.3103027306897693
13.09000 0.3100184220526672
13.11000 0.3097347016724225
13.13000 0.3094515677258632
13.15000 0.3091690183973758
13.17000 0.3088870518780482
13.19000 0.3086056663676000
13.21000 0.3083248600738571
13.23000 0.3080446312114534
13.25000 0.3077649780020865
13.27000 0.3074858986748659
13.29000 0.3072073914651893
13.31000 0.3069294546161075
13.33000 0.3066520863782596
13.35000 0.3063752850114126
13.37000 0.3060990487818763
13.39000 0.3058233759620758
13.41000 0.3055482648308800
13.43000 0.3052737136743997
13.45000 0.3049997207864233
13.47000 0.3047262844673949
13.49000 0.3044534030253261
13.51000 0.3041810747743643
13.53000 0.3039092980352677
13.55000 0.3036380711366026
13.57000 0.3033673924135907
13.59000 0.3030972602081325
13.61000 0.3028276728688540
13.63000 0.3025586287514505
13.65000 0.3022901262183345
13.67000 0.3020221636377534
13.69000 0.3017547393846896
13.71000 0.3014878518411052
13.73000 0.3012214993952513
13.75000 0.3009556804421061
13.77000 0.3006903933831649
13.79000 0.3004256366258630
13.81000 0.3001614085844556
13.83000 0.2998977076791061
13.85000 0.2996345323362418
13.87000 0.2993718809892607
13.89000 0.2991097520781939
13.91000 0.2988481440488084
13.93000 0.2985870553536805
13.95000 0.2983264844510739
13.97000 0.2980664298058459
13.99000 0.2978068898882996
14.01000 0.2975478631746029
14.03000 0.2972893481473360
14.05000 0.2970313432948690
14.07000 0.2967738471115606
14.09000 0.2965168580980558
14.11000 0.2962603747614680
14.13000 0.2960043956138227
14.15000 0.2957489191723836
14.17000 0.2954939439605241
14.19000 0.2952394685076428
14.21000 0.2949854913499690
14.23000 0.2947320110297162
14.25000 0.2944790260941638
14.27000 0.2942265350957546
14.29000 0.2939745365926864
14.31000 0.2937230291492710
14.33000 0.2934720113352285
14.35000 0.2932214817256016
14.37000 0.2929714389013226
14.39000 0.2927218814494429
14.41000 0.2924728079622426
14.43000 0.2922242170374402
14.45000 0.2919761072773880
14.47000 0.2917284772902646
14.49000 0.2914813256897866
14.51000 0.2912346510948005
14.53000 0.2909884521288836
14.55000 0.2907427274220170
14.57000 0.2904974756089388
14.59000 0.2902526953298799
14.61000 0.2900083852301856
14.63000 0.2897645439608650
14.65000 0.2895211701777776
14.67000 0.2892782625413995
14.69000 0.2890358197176428
14.71000 0.2887938403773933
14.73000 0.2885523231968614
14.75000 0.2883112668567471
14.77000 0.2880706700432147
14.79000 0.2878305314478608
14.81000 0.2875908497667465
14.83000 0.2873516237011303
14.85000 0.2871128519574010
14.87000 0.2868745332468165
14.89000 0.2866366662856862
14.91000 0.2863992497948024
14.93000 0.2861622824998483
14.95000 0.2859257631316989
14.97000 0.2856896904261284
14.99000 0.2854540631235401
15.01000 0.2852188799685443
15.03000 0.2849841397100713
15.05000 0.2847498411024836
15.07000 0.2845159829049191
15.09000 0.2842825638811577
15.11000 0.2840495827992239
15.13000 0.2838170384316163
15.15000 0.2835849295556093
15.17000 0.2833532549534530
15.19000 0.2831220134111401
15.21000 0.2828912037199074
15.23000 0.2826608246759020
15.25000 0.2824308750794534
15.27000 0.2822013537352331
15.29000 0.2819722594519939
15.31000 0.2817435910432803
15.33000 0.2815153473266966
15.35000 0.2812875271239181
15.37000 0.2810601292611433
15.39000 0.2808331525691852
15.41000 0.2806065958831564
15.43000 0.2803804580423803
15.45000 0.2801547378909611
15.47000 0.2799294342769214
15.49000 0.2797045460521270
15.51000 0.2794800720732041
15.53000 0.2792560112008152
15.55000 0.2790323622995963
15.57000 0.2788091242383559
15.59000 0.2785862958901375
15.61000 0.2783638761321647
15.63000 0.2781418638458900
15.65000 0.2779202579171143
15.67000 0.2776990572355931
15.69000 0.2774782606947285
15.71000 0.2772578671924927
15.73000 0.2770378756305598
15.75000 0.2768182849145324
15.77000 0.2765990939535937
15.79000 0.2763803016609849
15.81000 0.2761619069538415
15.83000 0.2759439087537713
15.85000 0.2757263059859101
15.87000 0.2755090975788096
15.89000 0.2752922824652275
15.91000 0.2750758595818529
15.93000 0.2748598278694155
15.95000 0.2746441862722476
15.97000 0.2744289337386275
15.99000 0.2742140692204035
16.01000 0.2739995916730090
16.03000 0.2737855000556356
16.05000 0.2735717933313654
16.07000 0.2733584704672821
16.09000 0.2731455304339827
16.11000 0.2729329722055703
16.13000 0.2727207947601474
16.15000 0.2725089970791144
16.17000 0.2722975781475336
16.19000 0.2720865369543199
16.21000 0.2718758724915528
16.23000 0.2716655837549540
16.25000 0.2714556697439625
16.27000 0.2712461294617113
16.29000 0.2710369619148107
16.31000 0.2708281661131754
16.33000 0.2706197410703663
16.35000 0.2704116858031356
16.37000 0.2702039993317608
16.39000 0.2699966806799857
16.41000 0.2697897288749735
16.43000 0.2695831429469951
16.45000 0.2693769219302927
16.47000 0.2691710648623690
16.49000 0.2689655707841117
16.51000 0.2687604387397333
16.53000 0.2685556677764413
16.55000 0.2683512569450133
16.57000 0.2681472052998034
16.59000 0.2679435118983546
16.61000 0.2677401758012577
16.63000 0.2675371960722026
16.65000 0.2673345717785054
16.67000 0.2671323019910268
16.69000 0.2669303857838731
16.71000 0.2667288222339549
16.73000 0.2665276104214652
16.75000 0.2663267494297558
16.77000 0.2661262383449672
16.79000 0.2659260762567532
16.81000 0.2657262622581442
16.83000 0.2655267954449523
16.85000 0.2653276749160613
16.87000 0.2651288997736569
16.89000 0.2649304691229534
16.91000 0.2647323820721006
16.93000 0.2645346377322836
16.95000 0.2643372352182095
16.97000 0.2641401736473089
16.99000 0.2639434521401087
17.01000 0.2637470698199464
17.03000 0.2635510258131208
17.05000 0.2633553192486975
17.07000 0.2631599492590020
17.09000 0.2629649149790724
17.11000 0.2627702155470754
17.13000 0.2625758501042534
17.15000 0.2623818177944658
17.17000 0.2621881177647154
17.19000 0.2619947491648714
17.21000 0.2618017111476956
17.23000 0.2616090028687652
17.25000 0.2614166234865708
17.27000 0.2612245721622659
17.29000 0.2610328480597435
17.31000 0.2608414503462434
17.33000 0.2606503781918353
17.35000 0.2604596307691167
17.37000 0.2602692072532876
17.39000 0.2600791068221167
17.41000 0.2598893286565278
17.43000 0.2596998719403296
17.45000 0.2595107358597767
17.47000 0.2593219196039887
17.49000 0.2591334223647643
17.51000 0.2589452433364088
17.53000 0.2587573817161034
17.55000 0.2585698367037975
17.57000 0.2583826075022199
17.59000 0.2581956933163559
17.61000 0.2580090933539005
17.63000 0.2578228068249972
17.65000 0.2576368329424531
17.67000 0.2574511709216740
17.69000 0.2572658199811335
17.71000 0.2570807793416603
17.73000 0.2568960482266869
17.75000 0.2567116258622408
17.77000 0.2565275114766167
17.79000 0.2563437043009634
17.81000 0.2561602035689768
17.83000 0.2559770085168345
17.85000 0.2557941183831992
17.87000 0.2556115324091664
17.89000 0.2554292498382855
17.91000 0.2552472699166381
17.93000 0.2550655918929152
17.95000 0.2548842150180313
17.97000 0.2547031385455176
17.99000 0.2545223617315702
18.01000 0.2543418838345419
18.03000 0.2541617041151126
18.05000 0.2539818218361963
18.07000 0.2538022362632914
18.09000 0.2536229466644184
18.11000 0.2534439523098064
18.13000 0.2532652524719915
18.15000 0.2530868464262175
18.17000 0.2529087334501048
18.19000 0.2527309128236297
18.21000 0.2525533838288442
18.23000 0.2523761457502618
18.25000 0.2521991978745611
18.27000 0.2520225394907903
18.29000 0.2518461698902873
18.31000 0.2516700883667925
18.33000 0.2514942942161719
18.35000 0.2513187867367005
18.37000 0.2511435652289173
18.39000 0.2509686289954164
18.41000 0.2507939773412554
18.43000 0.2506196095735599
18.45000 0.2504455250017709
18.47000 0.2502717229374640
18.49000 0.2500982026944021
18.51000 0.2499249635885685
18.53000 0.2497520049381973
18.55000 0.2495793260638764
18.57000 0.2494069262882325
18.59000 0.2492348049361008
18.61000 0.2490629613344096
18.63000 0.2488913948120058
18.65000 0.2487201046999937
18.67000 0.2485490903316213
18.69000 0.2483783510422263
18.71000 0.2482078861692720
18.73000 0.2480376950522403
18.75000 0.2478677770328822
18.77000 0.2476981314550492
18.79000 0.2475287576643835
18.81000 0.2473596550086619
18.83000 0.2471908228378508
18.85000 0.2470222605040283
18.87000 0.2468539673610168
18.89000 0.2466859427647696
18.91000 0.2465181860732598
18.93000 0.2463506966466137
18.95000 0.2461834738468933
18.97000 0.2460165170382937
18.99000 0.2458498255869317
19.01000 0.2456833988608244
19.03000 0.2455172362302394
19.05000 0.2453513370672785
19.07000 0.2451857007459931
19.09000 0.2450203266423771
19.11000 0.2448552141342642
19.13000 0.2446903626014329
19.15000 0.2445257714256537
19.17000 0.2443614399907476
19.19000 0.2441973676823689
19.21000 0.2440335538881661
19.23000 0.2438699979975898
19.25000 0.2437066994018446
19.27000 0.2435436574941608
19.29000 0.2433808716696023
19.31000 0.2432183413250841
19.33000 0.2430560658594348
19.35000 0.2428940446732959
19.37000 0.2427322771691520
19.39000 0.2425707627512827
19.41000 0.2424095008258305
19.43000 0.2422484908010744
19.45000 0.2420877320868882
19.47000 0.2419272240949034
19.49000 0.2417669662385186
19.51000 0.2416069579331258
19.53000 0.2414471985958320
19.55000 0.2412876876454530
19.57000 0.2411284245026870
19.59000 0.2409694085902078
19.61000 0.2408106393322572
19.63000 0.2406521161546741
19.65000 0.2404938384852142
19.67000 0.2403358057532011
19.69000 0.2401780173898098
19.71000 0.2400204728280090
19.73000 0.2398631715024276
19.75000 0.2397061128493935
19.77000 0.2395492963069936
19.79000 0.2393927213151101
19.81000 0.2392363873152210
19.83000 0.2390802937505627
19.85000 0.2389244400660503
19.87000 0.2387688257083004
19.89000 0.2386134501256374
19.91000 0.2384583127679963
19.93000 0.2383034130869575
19.95000 0.2381487505357054
19.97000 0.2379943245690040
19.99000 0.2378401346433202
20.01000 0.2376861802168722
20.03000 0.2375324607494076
20.05000 0.2373789757024334
20.07000 0.2372257245389341
20.09000 0.2370727067235857
20.11000 0.2369199217226136
20.13000 0.2367673690038626
20.15000 0.2366150480366865
20.17000 0.2364629582922193
20.19000 0.2363110992430999
20.21000 0.2361594703634843
20.23000 0.2360080711290580
20.25000 0.2358569010171809
20.27000 0.2357059595068447
20.29000 0.2355552460784053
20.31000 0.2354047602138408
20.33000 0.2352545013967093
20.35000 0.2351044691120367
20.37000 0.2349546628463775
20.39000 0.2348050820878392
20.41000 0.2346557263260668
20.43000 0.2345065950522334
20.45000 0.2343576877591135
20.47000 0.2342090039408755
20.49000 0.2340605430931121
20.51000 0.2339123047129522
20.53000 0.2337642882989438
20.55000 0.2336164933511977
20.57000 0.2334689193713171
20.59000 0.2333215658623319
20.61000 0.2331744323287301
20.63000 0.2330275182764882
20.65000 0.2328808232129808
20.67000 0.2327343466471183
20.69000 0.2325880880891183
20.71000 0.2324420470507838
20.73000 0.2322962230453265
20.75000 0.2321506155873767
20.77000 0.2320052241930055
20.79000 0.2318600483797744
20.81000 0.2317150876665502
20.83000 0.2315703415736039
20.85000 0.2314258096226072
20.87000 0.2312814913366217
20.89000 0.2311373862401533
20.91000 0.2309934938590437
20.93000 0.2308498137206192
20.95000 0.2307063453534235
20.97000 0.2305630882872659
20.99000 0.2304200420534654
21.01000 0.2302772061847447
21.03000 0.2301345802151610
21.05000 0.2299921636800795
21.07000 0.2298499561162512
21.09000 0.2297079570618174
21.11000 0.2295661660562617
21.13000 0.2294245826403730
21.15000 0.2292832063561526
21.17000 0.2291420367469747
21.19000 0.2290010733575318
21.21000 0.2288603157337746
21.23000 0.2287197634230022
21.25000 0.2285794159738553
21.27000 0.2284392729362686
21.29000 0.2282993338616010
21.31000 0.2281595983023879
21.33000 0.2280200658124716
21.35000 0.2278807359468851
21.37000 0.2277416082619742
21.39000 0.2276026823153264
21.41000 0.2274639576658729
21.43000 0.2273254338737576
21.45000 0.2271871105004126
21.47000 0.2270489871084877
21.49000 0.2269110632618256
21.51000 0.2267733385255666
21.53000 0.2266358124660986
21.55000 0.2264984846510765
21.57000 0.2263613546492888
21.59000 0.2262244220308136
21.61000 0.2260876863670241
21.63000 0.2259511472303955
21.65000 0.2258148041946344
21.67000 0.2256786568347335
21.69000 0.2255427047268647
21.71000 0.2254069474483120
21.73000 0.2252713845775483
21.75000 0.2251360156943436
21.77000 0.2250008403796699
21.79000 0.2248658582157032
21.81000 0.2247310687856988
21.83000 0.2245964716740242
21.85000 0.2244620664663263
21.87000 0.2243278527494043
21.89000 0.2241938301111790
21.91000 0.2240599981407887
21.93000 0.2239263564284311
21.95000 0.2237929045655614
21.97000 0.2236596421447380
21.99000 0.2235265687596514
22.01000 0.2233936840051279
22.03000 0.2232609874771753
22.05000 0.2231284787729292
22.07000 0.2229961574907015
22.09000 0.2228640232298834
22.11000 0.2227320755909318
22.13000 0.2226003141754503
22.15000 0.2224687385861211
22.17000 0.2223373484268109
22.19000 0.2222061433024652
22.21000 0.2220751228191001
22.23000 0.2219442865838006
22.25000 0.2218136342046545
22.27000 0.2216831652909981
22.29000 0.2215528794532464
22.31000 0.2214227763028075
22.33000 0.2212928554522021
22.35000 0.2211631165150773
22.37000 0.2210335591061187
22.39000 0.2209041828410321
22.41000 0.2207749873366182
22.43000 0.2206459722107391
22.45000 0.2205171370823110
22.47000 0.2203884815713533
22.49000 0.2202600052989236
22.51000 0.2201317078871182
22.53000 0.2200035889591323
22.55000 0.2198756481390622
22.57000 0.2197478850521123
22.59000 0.2196202993244443
22.61000 0.2194928905832960
22.63000 0.2193656584569147
22.65000 0.2192386025746042
22.67000 0.2191117225666298
22.69000 0.2189850180643271
22.71000 0.2188584887000400
22.73000 0.2187321341070659
22.75000 0.2186059539197124
22.77000 0.2184799477732599
22.79000 0.2183541153040595
22.81000 0.2182284561494763
22.83000 0.2181029699478266
22.85000 0.2179776563383721
22.87000 0.2178525149613024
22.89000 0.2177275454578917
22.91000 0.2176027474703597
22.93000 0.2174781206418734
22.95000 0.2173536646166194
22.97000 0.2172293790397172
22.99000 0.2171052635572012
23.01000 0.2169813178160992
23.03000 0.2168575414645065
23.05000 0.2167339341514148
23.07000 0.2166104955267154
23.09000 0.2164872252412899
23.11000 0.2163641229469391
23.13000 0.2162411882963987
23.15000 0.2161184209434047
23.17000 0.2159958205425234
23.19000 0.2158733867493463
23.21000 0.2157511192203000
23.23000 0.2156290176127400
23.25000 0.2155070815849469
23.27000 0.2153853107961564
23.29000 0.2152637049065177
23.31000 0.2151422635771227
23.33000 0.2150209864699420
23.35000 0.2148998732478612
23.37000 0.2147789235747204
23.39000 0.2146581371152185
23.41000 0.2145375135349726
23.43000 0.2144170525004270
23.45000 0.2142967536789063
23.47000 0.2141766167386748
23.49000 0.2140566413488570
23.51000 0.2139368271795085
23.53000 0.2138171739015084
23.55000 0.2136976811866252
23.57000 0.2135783487075612
23.59000 0.2134591761378044
23.61000 0.2133401631517056
23.63000 0.2132213094245366
23.65000 0.2131026146324513
23.67000 0.2129840784524247
23.69000 0.2128657005623457
23.71000 0.2127474806409526
23.73000 0.2126294183677750
23.75000 0.2125115134231923
23.77000 0.2123937654885049
23.79000 0.2122761742457616
23.81000 0.2121587393778978
23.83000 0.2120414605686256
23.85000 0.2119243375025475
23.87000 0.2118073698650978
23.89000 0.2116905573425263
23.91000 0.2115738996218834
23.93000 0.2114573963910880
23.95000 0.2113410473388902
23.97000 0.2112248521548223
23.99000 0.2111088105292404
24.01000 0.2109929221532852
24.03000 0.2108771867189608
24.05000 0.2107616039190385
24.07000 0.2106461734471045
24.09000 0.2105308949975650
24.11000 0.2104157682656098
24.13000 0.2103007929472716
24.15000 0.2101859687393395
24.17000 0.2100712953393968
24.19000 0.2099567724458280
24.21000 0.2098423997577806
24.23000 0.2097281769752218
24.25000 0.2096141037988985
24.27000 0.2095001799303248
24.29000 0.2093864050717783
24.31000 0.2092727789263518
24.33000 0.2091593011978936
24.35000 0.2090459715909979
24.37000 0.2089327898110662
24.39000 0.2088197555642759
24.41000 0.2087068685574824
24.43000 0.2085941284983863
24.45000 0.2084815350953943
24.47000 0.2083690880576492
24.49000 0.2082567870950293
24.51000 0.2081446319181913
24.53000 0.2080326222385702
24.55000 0.2079207577683624
24.57000 0.2078090382204756
24.59000 0.2076974633085472
24.61000 0.2075860327469771
24.63000 0.2074747462508695
24.65000 0.2073636035361190
24.67000 0.2072526043193188
24.69000 0.2071417483177859
24.71000 0.2070310352495753
24.73000 0.2069204648334067
24.75000 0.2068100367887871
24.77000 0.2066997508359462
24.79000 0.2065896066958589
24.81000 0.2064796040902004
24.83000 0.2063697427413139
24.85000 0.2062600223722841
24.87000 0.2061504427068933
24.89000 0.2060410034696296
24.91000 0.2059317043856911
24.93000 0.2058225451809903
24.95000 0.2057135255821156
24.97000 0.2056046453163743
24.99000 0.2054959041117956
25.01000 0.2053873016970827
25.03000 0.2052788378015815
25.05000 0.2051705121554083
25.07000 0.2050623244893055
25.09000 0.2049542745347180
25.11000 0.2048463620237671
25.13000 0.2047385866892520
25.15000 0.2046309482646329
25.17000 0.2045234464840610
25.19000 0.2044160810823652
25.21000 0.2043088517950570
25.23000 0.2042017583583167
25.25000 0.2040948005089532
25.27000 0.2039879779844881
25.29000 0.2038812905230822
25.31000 0.2037747378635484
25.33000 0.2036683197453551
25.35000 0.2035620359086270
25.37000 0.2034558860942045
25.39000 0.2033498700435627
25.41000 0.2032439874988211
25.43000 0.2031382382027443
25.45000 0.2030326218987305
25.47000 0.2029271383308362
25.49000 0.2028217872437351
25.51000 0.2027165683827571
25.53000 0.2026114814938765
25.55000 0.2025065263237127
25.57000 0.2024017026194972
25.59000 0.2022970101291197
25.61000 0.2021924486010960
25.63000 0.2020880177845761
25.65000 0.2019837174293312
25.67000 0.2018795472857913
25.69000 0.2017755071049219
25.71000 0.2016715966383590
25.73000 0.2015678156383660
25.75000 0.2014641638578059
25.77000 0.2013606410501545
25.79000 0.2012572469695320
25.81000 0.2011539813706422
25.83000 0.2010508440088031
25.85000 0.2009478346399566
25.87000 0.2008449530206523
25.89000 0.2007421989080785
25.91000 0.2006395720599848
25.93000 0.2005370722347381
25.95000 0.2004346991913228
25.97000 0.2003324526892790
25.99000 0.2002303324887712
26.01000 0.2001283383505304
26.03000 0.2000264700358957
26.05000 0.1999247273068032
26.07000 0.1998231099257562
26.09000 0.1997216176558587
26.11000 0.1996202502607889
26.13000 0.1995190075048327
26.15000 0.1994178891528450
26.17000 0.1993168949702611
26.19000 0.1992160247230751
26.21000 0.1991152781778763
26.23000 0.1990146551018318
26.25000 0.1989141552626941
26.27000 0.1988137784287667
26.29000 0.1987135243689578
26.31000 0.1986133928526839
26.33000 0.1985133836499559
26.35000 0.1984134965313126
26.37000 0.1983137312678644
26.39000 0.1982140876313328
26.41000 0.1981145653940072
26.43000 0.1980151643286903
26.45000 0.1979158842087353
26.47000 0.1978167248080665
26.49000 0.1977176859011518
26.51000 0.1976187672630313
26.53000 0.1975199686692757
26.55000 0.1974212898960142
26.57000 0.1973227307199105
26.59000 0.1972242909181590
26.61000 0.1971259702685249
26.63000 0.1970277685493165
26.65000 0.1969296855393757
26.67000 0.1968317210180799
26.69000 0.1967338747653492
26.71000 0.1966361465616578
26.73000 0.1965385361879843
26.75000 0.1964410434258425
26.77000 0.1963436680572615
26.79000 0.1962464098648073
26.81000 0.1961492686315742
26.83000 0.1960522441411808
26.85000 0.1959553361777472
26.87000 0.1958585445259405
26.89000 0.1957618689709461
26.91000 0.1956653092984944
26.93000 0.1955688652947947
26.95000 0.1954725367466061
26.97000 0.1953763234411736
26.99000 0.1952802251662561
27.01000 0.1951842417101463
27.03000 0.1950883728616213
27.05000 0.1949926184099629
27.07000 0.1948969781449881
27.09000 0.1948014518570187
27.11000 0.1947060393368544
27.13000 0.1946107403758282
27.15000 0.1945155547657569
27.17000 0.1944204822989525
27.19000 0.1943255227682097
27.21000 0.1942306759668030
27.23000 0.1941359416885511
27.25000 0.1940413197277649
27.27000 0.1939468098792503
27.29000 0.1938524119383042
27.31000 0.1937581257006930
27.33000 0.1936639509626741
27.35000 0.1935698875209791
27.37000 0.1934759351728421
27.39000 0.1933820937159775
27.41000 0.1932883629485757
27.43000 0.1931947426692968
27.45000 0.1931012326772986
27.47000 0.1930078327722055
27.49000 0.1929145427541429
27.51000 0.1928213624236843
27.53000 0.1927282915818953
27.55000 0.1926353300303025
27.57000 0.1925424775709332
27.59000 0.1924497340062510
27.61000 0.1923570991391956
27.63000 0.1922645727731870
27.65000 0.1921721547120853
27.67000 0.1920798447602330
27.69000 0.1919876427224532
27.71000 0.1918955484040118
27.73000 0.1918035616106210
27.75000 0.1917116821484780
27.77000 0.1916199098242142
27.79000 0.1915282444449194
27.81000 0.1914366858181437
27.83000 0.1913452337518846
27.85000 0.1912538880546134
27.87000 0.1911626485352363
27.89000 0.1910715150031195
27.91000 0.1909804872680881
27.93000 0.1908895651403977
27.95000 0.1907987484307508
27.97000 0.1907080369502890
27.99000 0.1906174305106161
28.01000 0.1905269289237661
28.03000 0.1904365320022064
28.05000 0.1903462395588445
28.07000 0.1902560514070248
28.09000 0.1901659673605156
28.11000 0.1900759872335477
28.13000 0.1899861108407714
28.15000 0.1898963379972887
28.17000 0.1898066685186094
28.19000 0.1897171022206913
28.21000 0.1896276389199062
28.23000 0.1895382784330720
28.25000 0.1894490205774248
28.27000 0.1893598651706135
28.29000 0.1892708120307388
28.31000 0.1891818609763258
28.33000 0.1890930118262951
28.35000 0.1890042644000004
28.37000 0.1889156185172340
28.39000 0.1888270739981864
28.41000 0.1887386306634793
28.43000 0.1886502883341576
28.45000 0.1885620468316476
28.47000 0.1884739059778176
28.49000 0.1883858655949534
28.51000 0.1882979255057581
28.53000 0.1882100855333307
28.55000 0.1881223455011667
28.57000 0.1880347052331899
28.59000 0.1879471645537123
28.61000 0.1878597232874460
28.63000 0.1877723812595069
28.65000 0.1876851382954262
28.67000 0.1875979942211304
28.69000 0.1875109488629501
28.71000 0.1874240020476124
28.73000 0.1873371536022677
28.75000 0.1872504033544469
28.77000 0.1871637511320902
28.79000 0.1870771967635115
28.81000 0.1869907400774430
28.83000 0.1869043809029848
28.85000 0.1868181190696523
28.87000 0.1867319544073578
28.89000 0.1866458867463921
28.91000 0.1865599159174465
28.93000 0.1864740417515815
28.95000 0.1863882640802399
28.97000 0.1863025827352790
28.99000 0.1862169975489437
29.01000 0.1861315083538304
29.03000 0.1860461149829293
29.05000 0.1859608172696100
29.07000 0.1858756150476138
29.09000 0.1857905081510777
29.11000 0.1857054964145082
29.13000 0.1856205796727974
29.15000 0.1855357577612120
29.17000 0.1854510305153925
29.19000 0.1853663977713690
29.21000 0.1852818593655229
29.23000 0.1851974151346219
29.25000 0.1851130649158012
29.27000 0.1850288085465640
29.29000 0.1849446458647798
29.31000 0.1848605767086912
29.33000 0.1847766009169084
29.35000 0.1846927183284140
29.37000 0.1846089287825288
29.39000 0.1845252321189614
29.41000 0.1844416281777639
29.43000 0.1843581167993666
29.45000 0.1842746978245524
29.47000 0.1841913710944761
29.49000 0.1841081364506497
29.51000 0.1840249937349337
29.53000 0.1839419427895598
29.55000 0.1838589834571019
29.57000 0.1837761155804871
29.59000 0.1836933390030049
29.61000 0.1836106535682986
29.63000 0.1835280591203500
29.65000 0.1834455555035125
29.67000 0.1833631425624727
29.69000 0.1832808201422523
29.71000 0.1831985880882568
29.73000 0.1831164462462205
29.75000 0.1830343944622269
29.77000 0.1829524325827106
29.79000 0.1828705604544423
29.81000 0.1827887779245448
29.83000 0.1827070848404740
29.85000 0.1826254810500427
29.87000 0.1825439664013939
29.89000 0.1824625407430029
29.91000 0.1823812039236839
29.93000 0.1822999557925950
29.95000 0.1822187961992218
29.97000 0.1821377249933950
29.99000 0.1820567420252741
30.01000 0.1819758471453747
30.03000 0.1818950402045250
30.05000 0.1818143210538973
30.07000 0.1817336895449850
30.09000 0.1816531455296250
30.11000 0.1815726888599770
30.13000 0.1814923193885258
30.15000 0.1814120369681036
30.17000 0.1813318414518588
30.19000 0.1812517326932697
30.21000 0.1811717105461369
30.23000 0.1810917748645837
30.25000 0.1810119255030516
30.27000 0.1809321623163213
30.29000 0.1808524851594787
30.31000 0.1807728938879304
30.33000 0.1806933883574112
30.35000 0.1806139684239585
30.37000 0.1805346339439425
30.39000 0.1804553847740548
30.41000 0.1803762207712890
30.43000 0.1802971417929584
30.45000 0.1802181476966913
30.47000 0.1801392383404472
30.49000 0.1800604135824865
30.51000 0.1799816732813825
30.53000 0.1799030172960188
30.55000 0.1798244454855882
30.57000 0.1797459577095957
30.59000 0.1796675538278736
30.61000 0.1795892337005471
30.63000 0.1795109971880454
30.65000 0.1794328441510940
30.67000 0.1793547744507478
30.69000 0.1792767879483543
30.71000 0.1791988845055636
30.73000 0.1791210639843323
30.75000 0.1790433262469217
30.77000 0.1789656711558980
30.79000 0.1788880985741172
30.81000 0.1788106083647404
30.83000 0.1787332003912309
30.85000 0.1786558745173445
30.87000 0.1785786306071366
30.89000 0.1785014685249698
30.91000 0.1784243881354961
30.93000 0.1783473893036586
30.95000 0.1782704718946991
30.97000 0.1781936357741397
30.99000 0.1781168808078132
31.01000 0.1780402068618422
31.03000 0.1779636138026278
31.05000 0.1778871014968789
31.07000 0.1778106698115892
31.09000 0.1777343186140388
31.11000 0.1776580477717899
31.13000 0.1775818571527012
31.15000 0.1775057466249166
31.17000 0.1774297160568640
31.19000 0.1773537653172555
31.21000 0.1772778942751028
31.23000 0.1772021027996875
31.25000 0.1771263907605858
31.27000 0.1770507580276389
31.29000 0.1769752044709768
31.31000 0.1768997299610020
31.33000 0.1768243343684131
31.35000 0.1767490175641891
31.37000 0.1766737794195782
31.39000 0.1765986198061089
31.41000 0.1765235385955828
31.43000 0.1764485356600887
31.45000 0.1763736108719873
31.47000 0.1762987641039060
31.49000 0.1762239952287542
31.51000 0.1761493041197200
31.53000 0.1760746906502491
31.55000 0.1760001546940654
31.57000 0.1759256961251658
31.59000 0.1758513148178053
31.61000 0.1757770106465347
31.63000 0.1757027834861573
31.65000 0.1756286332117374
31.67000 0.1755545596986217
31.69000 0.1754805628224098
31.71000 0.1754066424589744
31.73000 0.1753327984844572
31.75000 0.1752590307752750
31.77000 0.1751853392081029
31.79000 0.1751117236598809
31.81000 0.1750381840078135
31.83000 0.1749647201293709
31.85000 0.1748913319022666
31.87000 0.1748180192044922
31.89000 0.1747447819142916
31.91000 0.1746716199101778
31.93000 0.1745985330709089
31.95000 0.1745255212755046
31.97000 0.1744525844032403
31.99000 0.1743797223336488
32.01000 0.1743069349465306
32.03000 0.1742342221219337
32.05000 0.1741615837401645
32.07000 0.1740890196817815
32.09000 0.1740165298276053
32.11000 0.1739441140587076
32.13000 0.1738717722564046
32.15000 0.1737995043022564
32.17000 0.1737273100780853
32.19000 0.1736551894659658
32.21000 0.1735831423482120
32.23000 0.1735111686073937
32.25000 0.1734392681263275
32.27000 0.1733674407880756
32.29000 0.1732956864759587
32.31000 0.1732240050735261
32.33000 0.1731523964645847
32.35000 0.1730808605331831
32.37000 0.1730093971636148
32.39000 0.1729380062404124
32.41000 0.1728666876483635
32.43000 0.1727954412724942
32.45000 0.1727242669980743
32.47000 0.1726531647106095
32.49000 0.1725821342958556
32.51000 0.1725111756397954
32.53000 0.1724402886286566
32.55000 0.1723694731489057
32.57000 0.1722987290872553
32.59000 0.1722280563306519
32.61000 0.1721574547662740
32.63000 0.1720869242815479
32.65000 0.1720164647641285
32.67000 0.1719460761019071
32.69000 0.1718757581830035
32.71000 0.1718055108957759
32.73000 0.1717353341288162
32.75000 0.1716652277709561
32.77000 0.1715951917112559
32.79000 0.1715252258390105
32.81000 0.1714553300437383
32.83000 0.1713855042151908
32.85000 0.1713157482433581
32.87000 0.1712460620184482
32.89000 0.1711764454308937
32.91000 0.1711068983713685
32.93000 0.1710374207307669
32.95000 0.1709680124002171
32.97000 0.1708986732710660
32.99000 0.1708294032348857
33.01000 0.1707602021834788
33.03000 0.1706910700088778
33.05000 0.1706220066033348
33.07000 0.1705530118593310
33.09000 0.1704840856695675
33.11000 0.1704152279269752
33.13000 0.1703464385246886
33.15000 0.1702777173560774
33.17000 0.1702090643147245
33.19000 0.1701404792944357
33.21000 0.1700719621892337
33.23000 0.1700035128933611
33.25000 0.1699351313012880
33.27000 0.1698668173076934
33.29000 0.1697985708074796
33.31000 0.1697303916957601
33.33000 0.1696622798678692
33.35000 0.1695942352193562
33.37000 0.1695262576459840
33.39000 0.1694583470437313
33.41000 0.1693905033087905
33.43000 0.1693227263375662
33.45000 0.1692550160266765
33.47000 0.1691873722729593
33.49000 0.1691197949734582
33.51000 0.1690522840254378
33.53000 0.1689848393263766
33.55000 0.1689174607739470
33.57000 0.1688501482660449
33.59000 0.1687829017007706
33.61000 0.1687157209764332
33.63000 0.1686486059915489
33.65000 0.1685815566448422
33.67000 0.1685145728352372
33.69000 0.1684476544618818
33.71000 0.1683808014241210
33.73000 0.1683140136215065
33.75000 0.1682472909537888
33.77000 0.1681806333209366
33.79000 0.1681140406231160
33.81000 0.1680475127606976
33.83000 0.1679810496342538
33.85000 0.1679146511445584
33.87000 0.1678483171925909
33.89000 0.1677820476795253
33.91000 0.1677158425067474
33.93000 0.1676497015758405
33.95000 0.1675836247885836
33.97000 0.1675176120469616
33.99000 0.1674516632531566
34.01000 0.1673857783095526
34.03000 0.1673199571187244
34.05000 0.1672541995834533
34.07000 0.1671885056067119
34.09000 0.1671228750916757
34.11000 0.1670573079417117
34.13000 0.1669918040603883
34.15000 0.1669263633514673
34.17000 0.1668609857188972
34.19000 0.1667956710668318
34.21000 0.1667304192996119
34.23000 0.1666652303217694
34.25000 0.1666001040380340
34.27000 0.1665350403533279
34.29000 0.1664700391727628
34.31000 0.1664051004016495
34.33000 0.1663402239454839
34.35000 0.1662754097099609
34.37000 0.1662106576009604
34.39000 0.1661459675245521
34.41000 0.1660813393869872
34.43000 0.1660167730947097
34.45000 0.1659522685543588
34.47000 0.1658878256727542
34.49000 0.1658234443569060
34.51000 0.1657591245140094
34.53000 0.1656948660514500
34.55000 0.1656306688767942
34.57000 0.1655665328977991
34.59000 0.1655024580224066
34.61000 0.1654384441587395
34.63000 0.1653744912151029
34.65000 0.1653105990999884
34.67000 0.1652467677220753
34.69000 0.1651829969902210
34.71000 0.1651192868134705
34.73000 0.1650556371010472
34.75000 0.1649920477623589
34.77000 0.1649285187069911
34.79000 0.1648650498447035
34.81000 0.1648016410854531
34.83000 0.1647382923393635
34.85000 0.1646750035167399
34.87000 0.1646117745280690
34.89000 0.1645486052840130
34.91000 0.1644854956954110
34.93000 0.1644224456732854
34.95000 0.1643594551288298
34.97000 0.1642965239734191
34.99000 0.1642336521185977
35.01000 0.1641708394760937
35.03000 0.1641080859578060
35.05000 0.1640453914758093
35.07000 0.1639827559423524
35.09000 0.1639201792698545
35.11000 0.1638576613709194
35.13000 0.1637952021583182
35.15000 0.1637328015449920
35.17000 0.1636704594440524
35.19000 0.1636081757687940
35.21000 0.1635459504326795
35.23000 0.1634837833493415
35.25000 0.1634216744325822
35.27000 0.1633596235963753
35.29000 0.1632976307548623
35.31000 0.1632356958223546
35.33000 0.1631738187133394
35.35000 0.1631119993424686
35.37000 0.1630502376245629
35.39000 0.1629885334746138
35.41000 0.1629268868077721
35.43000 0.1628652975393649
35.45000 0.1628037655848729
35.47000 0.1627422908599526
35.49000 0.1626808732804260
35.51000 0.1626195127622795
35.53000 0.1625582092216625
35.55000 0.1624969625748965
35.57000 0.1624357727384572
35.59000 0.1623746396289946
35.61000 0.1623135631633154
35.63000 0.1622525432583940
35.65000 0.1621915798313608
35.67000 0.1621306727995160
35.69000 0.1620698220803229
35.71000 0.1620090275914014
35.73000 0.1619482892505349
35.75000 0.1618876069756643
35.77000 0.1618269806848936
35.79000 0.1617664102964882
35.81000 0.1617058957288721
35.83000 0.1616454369006249
35.85000 0.1615850337304878
35.87000 0.1615246861373652
35.89000 0.1614643940403155
35.91000 0.1614041573585508
35.93000 0.1613439760114445
35.95000 0.1612838499185290
35.97000 0.1612237789994937
35.99000 0.1611637631741805
36.01000 0.1611038023625916
36.03000 0.1610438964848788
36.05000 0.1609840454613566
36.07000 0.1609242492124858
36.09000 0.1608645076588925
36.11000 0.1608048207213530
36.13000 0.1607451883207912
36.15000 0.1606856103782886
36.17000 0.1606260868150799
36.19000 0.1605666175525481
36.21000 0.1605072025122369
36.23000 0.1604478416158346
36.25000 0.1603885347851847
36.27000 0.1603292819422791
36.29000 0.1602700830092630
36.31000 0.1602109379084298
36.33000 0.1601518465622229
36.35000 0.1600928088932383
36.37000 0.1600338248242195
36.39000 0.1599748942780615
36.41000 0.1599160171778066
36.43000 0.1598571934466473
36.45000 0.1597984230079205
36.47000 0.1597397057851157
36.49000 0.1596810417018660
36.51000 0.1596224306819483
36.53000 0.1595638726492920
36.55000 0.1595053675279723
36.57000 0.1594469152422095
36.59000 0.1593885157163656
36.61000 0.1593301688749576
36.63000 0.1592718746426416
36.65000 0.1592136329442156
36.67000 0.1591554437046254
36.69000 0.1590973068489569
36.71000 0.1590392223024445
36.73000 0.1589811899904637
36.75000 0.1589232098385290
36.77000 0.1588652817723017
36.79000 0.1588074057175829
36.81000 0.1587495816003103
36.83000 0.1586918093465768
36.85000 0.1586340888826044
36.87000 0.1585764201347639
36.89000 0.1585188030295646
36.91000 0.1584612374936570
36.93000 0.1584037234538314
36.95000 0.1583462608370167
36.97000 0.1582888495702832
36.99000 0.1582314895808340
37.01000 0.1581741807960162
37.03000 0.1581169231433131
37.05000 0.1580597165503466
37.07000 0.1580025609448774
37.09000 0.1579454562548026
37.11000 0.1578884024081578
37.13000 0.1578313993331117
37.15000 0.1577744469579709
37.17000 0.1577175452111755
37.19000 0.1576606940213047
37.21000 0.1576038933170732
37.23000 0.1575471430273311
37.25000 0.1574904430810627
37.27000 0.1574337934073845
37.29000 0.1573771939355550
37.31000 0.1573206445949577
37.33000 0.1572641453151124
37.35000 0.1572076960256708
37.37000 0.1571512966564196
37.39000 0.1570949471372806
37.41000 0.1570386473983012
37.43000 0.1569823973696635
37.45000 0.1569261969816864
37.47000 0.1568700461648108
37.49000 0.1568139448496140
37.51000 0.1567578929668032
37.53000 0.1567018904472146
37.55000 0.1566459372218173
37.57000 0.1565900332217087
37.59000 0.1565341783781188
37.61000 0.1564783726224026
37.63000 0.1564226158860478
37.65000 0.1563669081006678
37.67000 0.1563112491980064
37.69000 0.1562556391099383
37.71000 0.1562000777684634
37.73000 0.1561445651057090
37.75000 0.1560891010539296
37.77000 0.1560336855455048
37.79000 0.1559783185129432
37.81000 0.1559229998888808
37.83000 0.1558677296060786
37.85000 0.1558125075974215
37.87000 0.1557573337959221
37.89000 0.1557022081347162
37.91000 0.1556471305470687
37.93000 0.1555921009663613
37.95000 0.1555371193261098
37.97000 0.1554821855599460
37.99000 0.1554272996016280
38.01000 0.1553724613850359
38.03000 0.1553176708441737
38.05000 0.1552629279131710
38.07000 0.1552082325262814
38.09000 0.1551535846178719
38.11000 0.1550989841224408
38.13000 0.1550444309746051
38.15000 0.1549899251091036
38.17000 0.1549354664607959
38.19000 0.1548810549646638
38.21000 0.1548266905558063
38.23000 0.1547723731694463
38.25000 0.1547181027409289
38.27000 0.1546638792057134
38.29000 0.1546097024993824
38.31000 0.1545555725576357
38.33000 0.1545014893162936
38.35000 0.1544474527112926
38.37000 0.1543934626786891
38.39000 0.1543395191546573
38.41000 0.1542856220754902
38.43000 0.1542317713775996
38.45000 0.1541779669975147
38.47000 0.1541242088718804
38.49000 0.1540704969374595
38.51000 0.1540168311311291
38.53000 0.1539632113898839
38.55000 0.1539096376508356
38.57000 0.1538561098512151
38.59000 0.1538026279283644
38.61000 0.1537491918197424
38.63000 0.1536958014629211
38.65000 0.1536424567955918
38.67000 0.1535891577555576
38.69000 0.1535359042807366
38.71000 0.1534826963091578
38.73000 0.1534295337789685
38.75000 0.1533764166284241
38.77000 0.1533233447958937
38.79000 0.1532703182198657
38.81000 0.1532173368389354
38.83000 0.1531644005918135
38.85000 0.1531115094173220
38.87000 0.1530586632543964
38.89000 0.1530058620420804
38.91000 0.1529531057195323
38.93000 0.1529003942260209
38.95000 0.1528477275009238
38.97000 0.1527951054837319
38.99000 0.1527425281140466
39.01000 0.1526899953315806
39.03000 0.1526375070761534
39.05000 0.1525850632876960
39.07000 0.1525326639062503
39.09000 0.1524803088719634
39.11000 0.1524279981250955
39.13000 0.1523757316060124
39.15000 0.1523235092551911
39.17000 0.1522713310132151
39.19000 0.1522191968207769
39.21000 0.1521671066186753
39.23000 0.1521150603478160
39.25000 0.1520630579492125
39.27000 0.1520110993639871
39.29000 0.1519591845333668
39.31000 0.1519073133986906
39.33000 0.1518554859013975
39.35000 0.1518037019830368
39.37000 0.1517519615852597
39.39000 0.1517002646498262
39.41000 0.1516486111186034
39.43000 0.1515970009335595
39.45000 0.1515454340367713
39.47000 0.1514939103704203
39.49000 0.1514424298767919
39.51000 0.1513909924982721
39.53000 0.1513395981773551
39.55000 0.1512882468566384
39.57000 0.1512369384788208
39.59000 0.1511856729867046
39.61000 0.1511344503231947
39.63000 0.1510832704313014
39.65000 0.1510321332541342
39.67000 0.1509810387349102
39.69000 0.1509299868169443
39.71000 0.1508789774436544
39.73000 0.1508280105585615
39.75000 0.1507770861052865
39.77000 0.1507262040275527
39.79000 0.1506753642691817
39.81000 0.1506245667740987
39.83000 0.1505738114863260
39.85000 0.1505230983499913
39.87000 0.1504724273093201
39.89000 0.1504217983086374
39.91000 0.1503712112923702
39.93000 0.1503206662050437
39.95000 0.1502701629912817
39.97000 0.1502197015958080
39.99000 0.1501692819634447
40.01000 0.1501189040391137
40.03000 0.1500685677678351
40.05000 0.1500182730947263
40.07000 0.1499680199650031
40.09000 0.1499178083239784
40.11000 0.1498676381170619
40.13000 0.1498175092897606
40.15000 0.1497674217876811
40.17000 0.1497173755565269
40.19000 0.1496673705420956
40.21000 0.1496174066902843
40.23000 0.1495674839470840
40.25000 0.1495176022585810
40.27000 0.1494677615709579
40.29000 0.1494179618304946
40.31000 0.1493682029835651
40.33000 0.1493184849766410
40.35000 0.1492688077562876
40.37000 0.1492191712691623
40.39000 0.1491695754620203
40.41000 0.1491200202817096
40.43000 0.1490705056751758
40.45000 0.1490210315894531
40.47000 0.1489715979716735
40.49000 0.1489222047690600
40.51000 0.1488728519289322
40.53000 0.1488235393986998
40.55000 0.1487742671258678
40.57000 0.1487250350580308
40.59000 0.1486758431428790
40.61000 0.1486266913281932
40.63000 0.1485775795618474
40.65000 0.1485285077918067
40.67000 0.1484794759661281
40.69000 0.1484304840329601
40.71000 0.1483815319405419
40.73000 0.1483326196372067
40.75000 0.1482837470713768
40.77000 0.1482349141915650
40.79000 0.1481861209463736
40.81000 0.1481373672844970
40.83000 0.1480886531547209
40.85000 0.1480399785059172
40.87000 0.1479913432870502
40.89000 0.1479427474471733
40.91000 0.1478941909354292
40.93000 0.1478456737010486
40.95000 0.1477971956933533
40.97000 0.1477487568617514
40.99000 0.1477003571557401
41.01000 0.1476519965249088
41.03000 0.1476036749189311
41.05000 0.1475553922875712
41.07000 0.1475071485806795
41.09000 0.1474589437481941
41.11000 0.1474107777401408
41.13000 0.1473626505066318
41.15000 0.1473145619978690
41.17000 0.1472665121641429
41.19000 0.1472185009558249
41.21000 0.1471705283233797
41.23000 0.1471225942173518
41.25000 0.1470746985883757
41.27000 0.1470268413871706
41.29000 0.1469790225645409
41.31000 0.1469312420713778
41.33000 0.1468834998586558
41.35000 0.1468357958774374
41.37000 0.1467881300788682
41.39000 0.1467405024141782
41.41000 0.1466929128346842
41.43000 0.1466453612917858
41.45000 0.1465978477369654
41.47000 0.1465503721217928
41.49000 0.1465029343979213
41.51000 0.1464555345170868
41.53000 0.1464081724311088
41.55000 0.1463608480918924
41.57000 0.1463135614514246
41.59000 0.1462663124617758
41.61000 0.1462191010750972
41.63000 0.1461719272436258
41.65000 0.1461247909196788
41.67000 0.1460776920556562
41.69000 0.1460306306040395
41.71000 0.1459836065173948
41.73000 0.1459366197483688
41.75000 0.1458896702496875
41.77000 0.1458427579741628
41.79000 0.1457958828746854
41.81000 0.1457490449042267
41.83000 0.1457022440158423
41.85000 0.1456554801626622
41.87000 0.1456087532979022
41.89000 0.1455620633748579
41.91000 0.1455154103469028
41.93000 0.1454687941674944
41.95000 0.1454222147901672
41.97000 0.1453756721685343
41.99000 0.1453291662562919
42.01000 0.1452826970072134
42.03000 0.1452362643751530
42.05000 0.1451898683140430
42.07000 0.1451435087778947
42.09000 0.1450971857207977
42.11000 0.1450508990969223
42.13000 0.1450046488605136
42.15000 0.1449584349658965
42.17000 0.1449122573674746
42.19000 0.1448661160197300
42.21000 0.1448200108772195
42.23000 0.1447739418945820
42.25000 0.1447279090265318
42.27000 0.1446819122278601
42.29000 0.1446359514534344
42.31000 0.1445900266582011
42.33000 0.1445441377971823
42.35000 0.1444982848254766
42.37000 0.1444524676982571
42.39000 0.1444066863707779
42.41000 0.1443609407983662
42.43000 0.1443152309364243
42.45000 0.1442695567404335
42.47000 0.1442239181659469
42.49000 0.1441783151685969
42.51000 0.1441327477040903
42.53000 0.1440872157282062
42.55000 0.1440417191968036
42.57000 0.1439962580658106
42.59000 0.1439508322912339
42.61000 0.1439054418291543
42.63000 0.1438600866357244
42.65000 0.1438147666671746
42.67000 0.1437694818798068
42.69000 0.1437242322299992
42.71000 0.1436790176742012
42.73000 0.1436338381689369
42.75000 0.1435886936708051
42.77000 0.1435435841364769
42.79000 0.1434985095226984
42.81000 0.1434534697862838
42.83000 0.1434084648841234
42.85000 0.1433634947731809
42.87000 0.1433185594104915
42.89000 0.1432736587531625
42.91000 0.1432287927583757
42.93000 0.1431839613833832
42.95000 0.1431391645855077
42.97000 0.1430944023221459
42.99000 0.1430496745507646
43.01000 0.1430049812289023
43.03000 0.1429603223141693
43.05000 0.1429156977642471
43.07000 0.1428711075368884
43.09000 0.1428265515899160
43.11000 0.1427820298812261
43.13000 0.1427375423687810
43.15000 0.1426930890106161
43.17000 0.1426486697648381
43.19000 0.1426042845896209
43.21000 0.1425599334432105
43.23000 0.1425156162839218
43.25000 0.1424713330701412
43.27000 0.1424270837603240
43.29000 0.1423828683129934
43.31000 0.1423386866867447
43.33000 0.1422945388402384
43.35000 0.1422504247322082
43.37000 0.1422063443214532
43.39000 0.1421622975668422
43.41000 0.1421182844273136
43.43000 0.1420743048618735
43.45000 0.1420303588295961
43.47000 0.1419864462896239
43.49000 0.1419425672011680
43.51000 0.1418987215235051
43.53000 0.1418549092159842
43.55000 0.1418111302380168
43.57000 0.1417673845490842
43.59000 0.1417236721087353
43.61000 0.1416799928765865
43.63000 0.1416363468123195
43.65000 0.1415927338756851
43.67000 0.1415491540264998
43.69000 0.1415056072246465
43.71000 0.1414620934300732
43.73000 0.1414186126027974
43.75000 0.1413751647029017
43.77000 0.1413317496905334
43.79000 0.1412883675259076
43.81000 0.1412450181693033
43.83000 0.1412017015810661
43.85000 0.1411584177216072
43.87000 0.1411151665514024
43.89000 0.1410719480309932
43.91000 0.1410287621209862
43.93000 0.1409856087820549
43.95000 0.1409424879749344
43.97000 0.1408993996604265
43.99000 0.1408563437993978
44.01000 0.1408133203527769
44.03000 0.1407703292815607
44.05000 0.1407273705468056
44.07000 0.1406844441096347
44.09000 0.1406415499312369
44.11000 0.1405986879728628
44.13000 0.1405558581958259
44.15000 0.1405130605615066
44.17000 0.1404702950313433
44.19000 0.1404275615668425
44.21000 0.1403848601295709
44.23000 0.1403421906811599
44.25000 0.1402995531833015
44.27000 0.1402569475977542
44.29000 0.1402143738863350
44.31000 0.1401718320109260
44.33000 0.1401293219334707
44.35000 0.1400868436159768
44.37000 0.1400443970205116
44.39000 0.1400019821092067
44.41000 0.1399595988442531
44.43000 0.1399172471879041
44.45000 0.1398749271024743
44.47000 0.1398326385503422
44.49000 0.1397903814939447
44.51000 0.1397481558957820
44.53000 0.1397059617184160
44.55000 0.1396637989244694
44.57000 0.1396216674766223
44.59000 0.1395795673376209
44.61000 0.1395374984702671
44.63000 0.1394954608374261
44.65000 0.1394534544020228
44.67000 0.1394114791270423
44.69000 0.1393695349755313
44.71000 0.1393276219105939
44.73000 0.1392857398953959
44.75000 0.1392438888931621
44.77000 0.1392020688671771
44.79000 0.1391602797807844
44.81000 0.1391185215973891
44.83000 0.1390767942804538
44.85000 0.1390350977934998
44.87000 0.1389934321001101
44.89000 0.1389517971639231
44.91000 0.1389101929486377
44.93000 0.1388686194180120
44.95000 0.1388270765358614
44.97000 0.1387855642660607
44.99000 0.1387440825725437
45.01000 0.1387026314193002
45.03000 0.1386612107703813
45.05000 0.1386198205898928
45.07000 0.1385784608420005
45.09000 0.1385371314909279
45.11000 0.1384958325009531
45.13000 0.1384545638364162
45.15000 0.1384133254617122
45.17000 0.1383721173412937
45.19000 0.1383309394396708
45.21000 0.1382897917214102
45.23000 0.1382486741511356
45.25000 0.1382075866935274
45.27000 0.1381665293133249
45.29000 0.1381255019753201
45.31000 0.1380845046443652
45.33000 0.1380435372853667
45.35000 0.1380025998632884
45.37000 0.1379616923431498
45.39000 0.1379208146900279
45.41000 0.1378799668690508
45.43000 0.1378391488454099
45.45000 0.1377983605843454
45.47000 0.1377576020511569
45.49000 0.1377168732111982
45.51000 0.1376761740298783
45.53000 0.1376355044726615
45.55000 0.1375948645050704
45.57000 0.1375542540926770
45.59000 0.1375136732011117
45.61000 0.1374731217960601
45.63000 0.1374325998432588
45.65000 0.1373921073085050
45.67000 0.1373516441576441
45.69000 0.1373112103565815
45.71000 0.1372708058712747
45.73000 0.1372304306677328
45.75000 0.1371900847120230
45.77000 0.1371497679702638
45.79000 0.1371094804086284
45.81000 0.1370692219933445
45.83000 0.1370289926906917
45.85000 0.1369887924670036
45.87000 0.1369486212886682
45.89000 0.1369084791221256
45.91000 0.1368683659338693
45.93000 0.1368282816904478
45.95000 0.1367882263584597
45.97000 0.1367481999045578
45.99000 0.1367082022954481
46.01000 0.1366682334978896
46.03000 0.1366282934786933
46.05000 0.1365883822047234
46.07000 0.1365484996428933
46.09000 0.1365086457601717
46.11000 0.1364688205235792
46.13000 0.1364290239001884
46.15000 0.1363892558571234
46.17000 0.1363495163615598
46.19000 0.1363098053807261
46.21000 0.1362701228819013
46.23000 0.1362304688324175
46.25000 0.1361908431996573
46.27000 0.1361512459510535
46.29000 0.1361116770540923
46.31000 0.1360721364763094
46.33000 0.1360326241852923
46.35000 0.1359931401486790
46.37000 0.1359536843341607
46.39000 0.1359142567094774
46.41000 0.1358748572424181
46.43000 0.1358354859008254
46.45000 0.1357961426525907
46.47000 0.1357568274656556
46.49000 0.1357175403080127
46.51000 0.1356782811477041
46.53000 0.1356390499528223
46.55000 0.1355998466915102
46.57000 0.1355606713319588
46.59000 0.1355215238424110
46.61000 0.1354824041911575
46.63000 0.1354433123465404
46.65000 0.1354042482769500
46.67000 0.1353652119508260
46.69000 0.1353262033366572
46.71000 0.1352872224029834
46.73000 0.1352482691183909
46.75000 0.1352093434515172
46.77000 0.1351704453710477
46.79000 0.1351315748457159
46.81000 0.1350927318443058
46.83000 0.1350539163356483
46.85000 0.1350151282886238
46.87000 0.1349763676721601
46.89000 0.1349376344552354
46.91000 0.1348989286068736
46.93000 0.1348602500961483
46.95000 0.1348215988921799
46.97000 0.1347829749641383
46.99000 0.1347443782812403
47.01000 0.1347058088127501
47.03000 0.1346672665279794
47.05000 0.1346287513962902
47.07000 0.1345902633870890
47.09000 0.1345518024698292
47.11000 0.1345133686140150
47.13000 0.1344749617891950
47.15000 0.1344365819649660
47.17000 0.1343982291109707
47.19000 0.1343599031968992
47.21000 0.1343216041924890
47.23000 0.1342833320675239
47.25000 0.1342450867918346
47.27000 0.1342068683352973
47.29000 0.1341686766678374
47.31000 0.1341305117594238
47.33000 0.1340923735800727
47.35000 0.1340542620998468
47.37000 0.1340161772888550
47.39000 0.1339781191172521
47.41000 0.1339400875552385
47.43000 0.1339020825730605
47.45000 0.1338641041410116
47.47000 0.1338261522294276
47.49000 0.1337882268086935
47.51000 0.1337503278492382
47.53000 0.1337124553215356
47.55000 0.1336746091961065
47.57000 0.1336367894435154
47.59000 0.1335989960343713
47.61000 0.1335612289393305
47.63000 0.1335234881290928
47.65000 0.1334857735744041
47.67000 0.1334480852460515
47.69000 0.1334104231148717
47.71000 0.1333727871517437
47.73000 0.1333351773275915
47.75000 0.1332975936133825
47.77000 0.1332600359801286
47.79000 0.1332225043988879
47.81000 0.1331849988407605
47.83000 0.1331475192768913
47.85000 0.1331100656784696
47.87000 0.1330726380167282
47.89000 0.1330352362629438
47.91000 0.1329978603884393
47.93000 0.1329605103645772
47.95000 0.1329231861627671
47.97000 0.1328858877544594
47.99000 0.1328486151111497
48.01000 0.1328113682043769
48.03000 0.1327741470057230
48.05000 0.1327369514868112
48.07000 0.1326997816193103
48.09000 0.1326626373749320
48.11000 0.1326255187254287
48.13000 0.1325884256425993
48.15000 0.1325513580982816
48.17000 0.1325143160643587
48.19000 0.1324772995127551
48.21000 0.1324403084154392
48.23000 0.1324033427444196
48.25000 0.1323664024717487
48.27000 0.1323294875695232
48.29000 0.1322925980098782
48.31000 0.1322557337649921
48.33000 0.1322188948070880
48.35000 0.1321820811084274
48.37000 0.1321452926413153
48.39000 0.1321085293780993
48.41000 0.1320717912911688
48.43000 0.1320350783529519
48.45000 0.1319983905359225
48.47000 0.1319617278125935
48.49000 0.1319250901555186
48.51000 0.1318884775372935
48.53000 0.1318518899305561
48.55000 0.1318153273079845
48.57000 0.1317787896422994
48.59000 0.1317422769062596
48.61000 0.1317057890726678
48.63000 0.1316693261143662
48.65000 0.1316328880042383
48.67000 0.1315964747152073
48.69000 0.1315600862202388
48.71000 0.1315237224923374
48.73000 0.1314873835045479
48.75000 0.1314510692299581
48.77000 0.1314147796416937
48.79000 0.1313785147129209
48.81000 0.1313422744168478
48.83000 0.1313060587267202
48.85000 0.1312698676158266
48.87000 0.1312337010574931
48.89000 0.1311975590250865
48.91000 0.1311614414920137
48.93000 0.1311253484317206
48.95000 0.1310892798176942
48.97000 0.1310532356234602
48.99000 0.1310172158225819
49.01000 0.1309812203886661
49.03000 0.1309452492953560
49.05000 0.1309093025163339
49.07000 0.1308733800253237
49.09000 0.1308374817960853
49.11000 0.1308016078024194
49.13000 0.1307657580181659
49.15000 0.1307299324172051
49.17000 0.1306941309734521
49.19000 0.1306583536608644
49.21000 0.1306226004534357
49.23000 0.1305868713252009
49.25000 0.1305511662502323
49.27000 0.1305154852026389
49.29000 0.1304798281565710
49.31000 0.1304441950862160
49.33000 0.1304085859657986
49.35000 0.1303730007695840
49.37000 0.1303374394718734
49.39000 0.1303019020470061
49.41000 0.1302663884693614
49.43000 0.1302308987133539
49.45000 0.1301954327534375
49.47000 0.1301599905641048
49.49000 0.1301245721198845
49.51000 0.1300891773953438
49.53000 0.1300538063650858
49.55000 0.1300184590037537
49.57000 0.1299831352860269
49.59000 0.1299478351866207
49.61000 0.1299125586802906
49.63000 0.1298773057418273
49.65000 0.1298420763460584
49.67000 0.1298068704678497
49.69000 0.1297716880821039
49.71000 0.1297365291637604
49.73000 0.1297013936877955
49.75000 0.1296662816292218
49.77000 0.1296311929630898
49.79000 0.1295961276644850
49.81000 0.1295610857085304
49.83000 0.1295260670703857
49.85000 0.1294910717252473
49.87000 0.1294560996483466
49.89000 0.1294211508149535
49.91000 0.1293862252003720
49.93000 0.1293513227799440
49.95000 0.1293164435290468
49.97000 0.1292815874230939
49.99000 0.1292467544375342
50.01000 0.1292119445478533
50.03000 0.1291771577295728
50.05000 0.1291423939582483
50.07000 0.1291076532094740
50.09000 0.1290729354588783
50.11000 0.1290382406821228
50.13000 0.1290035688549113
50.15000 0.1289689199529626
50.17000 0.1289342939521119
50.19000 0.1288996908279202
50.21000 0.1288651105571415
50.23000 0.1288305531122389
50.25000 0.1287960184818786
