0.25000 1.3085648994953318
0.27000 1.3355530349446614
0.29000 1.3610350352781260
0.31000 1.3852008686311790
0.33000 1.4082071427082068
0.35000 1.4301822111155249
0.37000 1.4512333693142976
0.39000 1.4714511296098314
0.41000 1.4909126725926274
0.43000 1.5096843865553897
0.45000 1.5278238391959882
0.47000 1.5453813091490247
0.49000 1.5624009975936057
0.51000 1.5789219920612472
0.53000 1.5949790444075986
0.55000 1.6106032078819135
0.57000 1.6258223563140966
0.59000 1.6406616085713825
0.61000 1.6551437013867638
0.63000 1.6692892773587813
0.65000 1.6831171460532748
0.67000 1.6966445008388791
0.69000 1.7098871020781718
0.71000 1.7228594345258550
0.73000 1.7355748475792203
0.75000 1.7480456742415780
0.77000 1.7602833341055577
0.79000 1.7722984199041112
0.81000 1.7841007803542892
0.83000 1.7956995904834743
0.85000 1.8071034136496475
0.87000 1.8183202504197016
0.89000 1.8293576011293113
0.91000 1.8402224873967459
0.93000 1.8509215192287036
0.95000 1.8614609057561518
0.97000 1.8718464901584460
0.99000 1.8820837886051669
1.01000 1.8921780113649969
1.03000 1.9021340806448890
1.05000 1.9119566534351764
1.07000 1.9216501449917895
1.09000 1.9312187446229709
1.11000 1.9406664299293519
1.13000 1.9499969799505958
1.15000 1.9592139877924426
1.17000 1.9683208743432705
1.19000 1.9773209002793735
1.21000 1.9862171758606049
1.23000 1.9950126702759148
1.25000 2.0037102203778252
1.27000 2.0123125382567428
1.29000 2.0208222187023939
1.31000 2.0292417452721367
1.33000 2.0375734968715853
1.35000 2.0458197546746120
1.37000 2.0539827068065830
1.39000 2.0620644542224897
1.41000 2.0700670147213946
1.43000 2.0779923275282264
1.45000 2.0858422573560627
1.47000 2.0936185984530664
1.49000 2.1013230769191362
1.51000 2.1089573577775478
1.53000 2.1165230414552911
1.55000 2.1240216757372354
1.57000 2.1314547502698118
1.59000 2.1388237029132133
1.61000 2.1461299241937377
1.63000 2.1533747553770097
1.65000 2.1605594921779456
1.67000 2.1676853889456997
1.69000 2.1747536589121510
1.71000 2.1817654743858514
1.73000 2.1887219705639258
1.75000 2.1956242476238632
1.77000 2.2024733715272009
1.79000 2.2092703742301456
1.81000 2.2160162557280105
1.83000 2.2227119863903777
1.85000 2.2293585080462242
1.87000 2.2359567347337026
1.89000 2.2425075531381693
1.91000 2.2490118237015779
1.93000 2.2554703826680238
1.95000 2.2618840429281719
1.97000 2.2682535947212887
1.99000 2.2745798062047875
2.01000 2.2808634239441079
2.03000 2.2871051739522565
2.05000 2.2933057626973699
2.07000 2.2994658780969597
2.09000 2.3055861901672654
2.11000 2.3116673511468457
2.13000 2.3177099971596249
2.15000 2.3237147465705461
2.17000 2.3296822033919935
2.19000 2.3356129548453870
2.21000 2.3415075743042100
2.23000 2.3473666213695763
2.25000 2.3531906410845185
2.27000 2.3589801658603635
2.29000 2.3647357157921767
2.31000 2.3704577977005874
2.33000 2.3761469064378997
2.35000 2.3818035257560597
2.37000 2.3874281278723304
2.39000 2.3930211734651690
2.41000 2.3985831131851603
2.43000 2.4041143879761591
2.45000 2.4096154286007825
2.47000 2.4150866557676034
2.49000 2.4205284813156820
2.51000 2.4259413083046271
2.53000 2.4313255309570936
2.55000 2.4366815345640469
2.57000 2.4420096960777555
2.59000 2.4473103846964750
2.61000 2.4525839618945757
2.63000 2.4578307815721949
2.65000 2.4630511899251717
2.67000 2.4682455261617831
2.69000 2.4734141225750861
2.71000 2.4785573050503036
2.73000 2.4836753927749333
2.75000 2.4887686988877715
2.77000 2.4938375292956243
2.79000 2.4988821847115066
2.81000 2.5039029594740891
2.83000 2.5089001427909063
2.85000 2.5138740183278583
2.87000 2.5188248637131694
2.89000 2.5237529515040094
2.91000 2.5286585491533131
2.93000 2.5335419187709602
2.95000 2.5384033180889265
2.97000 2.5432430002016342
2.99000 2.5480612131052580
3.01000 2.5528582005938274
3.03000 2.5576342020501297
3.05000 2.5623894521997412
3.07000 2.5671241815409029
3.09000 2.5718386167559260
3.11000 2.5765329807048101
3.13000 2.5812074921253521
3.15000 2.5858623658523130
3.17000 2.5904978132762722
3.19000 2.5951140421205174
3.21000 2.5997112562702771
3.23000 2.6042896560593221
3.25000 2.6088494386547856
3.27000 2.6133907979586990
3.29000 2.6179139247119547
3.31000 2.6224190063746606
3.33000 2.6269062273656703
3.35000 2.6313757690749764
3.37000 2.6358278102501522
3.39000 2.6402625262347645
3.41000 2.6446800897814233
3.43000 2.6490806705622982
3.45000 2.6534644359815256
3.47000 2.6578315508612955
3.49000 2.6621821772165317
3.51000 2.6665164746891636
3.53000 2.6708346002868666
3.55000 2.6751367085302706
3.57000 2.6794229519119335
3.59000 2.6836934805030030
3.61000 2.6879484418942368
3.63000 2.6921879815373839
3.65000 2.6964122426559660
3.67000 2.7006213662351852
3.69000 2.7048154913178095
3.71000 2.7089947550606048
3.73000 2.7131592924468473
3.75000 2.7173092364570719
3.77000 2.7214447182082089
3.79000 2.7255658669324254
3.81000 2.7296728098640144
3.83000 2.7337656725182322
3.85000 2.7378445787338981
3.87000 2.7419096506143985
3.89000 2.7459610082770518
3.91000 2.7499987701585731
3.93000 2.7540230531877441
3.95000 2.7580339727725516
3.97000 2.7620316425359235
3.99000 2.7660161747410585
4.01000 2.7699876799981014
4.03000 2.7739462676603113
4.05000 2.7778920453574365
4.07000 2.7818251192919279
4.09000 2.7857455942956579
4.11000 2.7896535737625774
4.13000 2.7935491598687636
4.15000 2.7974324532839288
4.17000 2.8013035533601980
4.19000 2.8051625582774911
4.21000 2.8090095648344557
4.23000 2.8128446685829873
4.25000 2.8166679639491154
4.27000 2.8204795439645012
4.29000 2.8242795005027177
4.31000 2.8280679244532543
4.33000 2.8318449055901387
4.35000 2.8356105324499961
4.37000 2.8393648925328612
4.39000 2.8431080722197497
4.41000 2.8468401566937671
4.43000 2.8505612301644505
4.45000 2.8542713759137825
4.47000 2.8579706762154178
4.49000 2.8616592121904585
4.51000 2.8653370639828930
4.53000 2.8690043108810657
4.55000 2.8726610311853515
4.57000 2.8763073022654000
4.59000 2.8799432005664651
4.61000 2.8835688017700845
4.63000 2.8871841804585698
4.65000 2.8907894103513003
4.67000 2.8943845642812187
4.69000 2.8979697143952192
4.71000 2.9015449319846036
4.73000 2.9051102874493684
4.75000 2.9086658504541694
4.77000 2.9122116898168877
4.79000 2.9157478736174536
4.81000 2.9192744691880481
4.83000 2.9227915429637217
4.85000 2.9262991607231181
4.87000 2.9297973875867456
4.89000 2.9332862878686510
4.91000 2.9367659251813625
4.93000 2.9402363623922554
4.95000 2.9436976616259396
4.97000 2.9471498844082680
4.99000 2.9505930916721312
5.01000 2.9540273436234292
5.03000 2.9574526997804793
5.05000 2.9608692190905601
5.07000 2.9642769598715693
5.09000 2.9676759797635537
5.11000 2.9710663357949314
5.13000 2.9744480844040235
5.15000 2.9778212814128313
5.17000 2.9811859820333564
5.19000 2.9845422409873037
5.21000 2.9878901123996946
5.23000 2.9912296498668351
5.25000 2.9945609063180343
5.27000 2.9978839342318007
5.29000 3.0011987854943913
5.31000 3.0045055115036732
5.33000 3.0078041631227150
5.35000 3.0110947906956573
5.37000 3.0143774441123861
5.39000 3.0176521726823307
5.41000 3.0209190252234119
5.43000 3.0241780501085307
5.45000 3.0274292952077193
5.47000 3.0306728079460812
5.49000 3.0339086352335505
5.51000 3.0371368234345817
5.53000 3.0403574185394540
5.55000 3.0435704661384033
5.57000 3.0467760113245723
5.59000 3.0499740988135691
5.61000 3.0531647729077100
5.63000 3.0563480774065099
5.65000 3.0595240557053494
5.67000 3.0626927507843140
5.69000 3.0658542051614064
5.71000 3.0690084609796160
5.73000 3.0721555600529529
5.75000 3.0752955437984046
5.77000 3.0784284532121986
5.79000 3.0815543288686502
5.81000 3.0846732109937771
5.83000 3.0877851394151454
5.85000 3.0908901536627527
5.87000 3.0939882928520706
5.89000 3.0970795957764201
5.91000 3.1001641007934619
5.93000 3.1032418459696225
5.95000 3.1063128690171844
5.97000 3.1093772073022405
5.99000 3.1124348978613869
6.01000 3.1154859773413763
6.03000 3.1185304821256690
6.05000 3.1215684483023982
6.07000 3.1245999116048488
6.09000 3.1276249074826019
6.11000 3.1306434710468647
6.13000 3.1336556370559996
6.15000 3.1366614399785919
6.17000 3.1396609139751228
6.19000 3.1426540929191984
6.21000 3.1456410104149617
6.23000 3.1486216997570571
6.25000 3.1515961939114989
6.27000 3.1545645256099966
6.29000 3.1575267273076983
6.31000 3.1604828311600230
6.33000 3.1634328690547933
6.35000 3.1663768726244910
6.37000 3.1693148731964103
6.39000 3.1722469018522084
6.41000 3.1751729894357719
6.43000 3.1780931665208652
6.45000 3.1810074633914267
6.47000 3.1839159101360521
6.49000 3.1868185365544512
6.51000 3.1897153722042111
6.53000 3.1926064463608821
6.55000 3.1954917881117866
6.57000 3.1983714263049787
6.59000 3.2012453895412412
6.61000 3.2041137062297702
6.63000 3.2069764045186657
6.65000 3.2098335123331534
6.67000 3.2126850573519601
6.69000 3.2155310670253030
6.71000 3.2183715686098062
6.73000 3.2212065891248658
6.75000 3.2240361553462438
6.77000 3.2268602938678210
6.79000 3.2296790310786405
6.81000 3.2324923931446197
6.83000 3.2353004060339887
6.85000 3.2381030955045729
6.87000 3.2409004871196694
6.89000 3.2436926062635596
6.91000 3.2464794781006221
6.93000 3.2492611275941874
6.95000 3.2520375795416157
6.97000 3.2548088585425949
6.99000 3.2575749889744761
7.01000 3.2603359950406721
7.03000 3.2630919007702071
7.05000 3.2658427300196133
7.07000 3.2685885064672120
7.09000 3.2713292536243657
7.11000 3.2740649947717180
7.13000 3.2767957530423168
7.15000 3.2795215513834122
7.17000 3.2822424125857315
7.19000 3.2849583592386087
7.21000 3.2876694137821629
7.23000 3.2903755985224961
7.25000 3.2930769355569138
7.27000 3.2957734468340822
7.29000 3.2984651541437429
7.31000 3.3011520791162097
7.33000 3.3038342432340415
7.35000 3.3065116678099731
7.37000 3.3091843740097611
7.39000 3.3118523828464936
7.41000 3.3145157151540063
7.43000 3.3171743916250116
7.45000 3.3198284328292966
7.47000 3.3224778591868236
7.49000 3.3251226909611513
7.51000 3.3277629482630831
7.53000 3.3303986510458286
7.55000 3.3330298191342256
7.57000 3.3356564722216380
7.59000 3.3382786298562750
7.61000 3.3408963114514560
7.63000 3.3435095363030114
7.65000 3.3461183235654386
7.67000 3.3487226922517368
7.69000 3.3513226612346045
7.71000 3.3539182492720969
7.73000 3.3565094749700908
7.75000 3.3590963568228758
7.77000 3.3616789131773914
7.79000 3.3642571622672732
7.81000 3.3668311222137168
7.83000 3.3694008110156477
7.85000 3.3719662465409503
7.87000 3.3745274465130883
7.89000 3.3770844285634940
7.91000 3.3796372102132062
7.93000 3.3821858088552479
7.95000 3.3847302417588216
7.97000 3.3872705260702114
7.99000 3.3898066788243297
8.01000 3.3923387169406269
8.03000 3.3948666572211965
8.05000 3.3973905163651099
8.07000 3.3999103109689157
8.09000 3.4024260575069385
8.11000 3.4049377723522278
8.13000 3.4074454717786611
8.15000 3.4099491719444801
8.17000 3.4124488889056148
8.19000 3.4149446386187057
8.21000 3.4174364369279635
8.23000 3.4199242995808685
8.25000 3.4224082422201607
8.27000 3.4248882803648510
8.29000 3.4273644294555483
8.31000 3.4298367048409979
8.33000 3.4323051217789300
8.35000 3.4347696954160192
8.37000 3.4372304408118826
8.39000 3.4396873729109263
8.41000 3.4421405065667066
8.43000 3.4445898565374726
8.45000 3.4470354374980756
8.47000 3.4494772640297939
8.49000 3.4519153506134703
8.51000 3.4543497116524411
8.53000 3.4567803614523918
8.55000 3.4592073142246273
8.57000 3.4616305841070885
8.59000 3.4640501851411467
8.61000 3.4664661312767664
8.63000 3.4688784363854430
8.65000 3.4712871142615205
8.67000 3.4736921786211576
8.69000 3.4760936430830780
8.71000 3.4784915211707834
8.73000 3.4808858263385938
8.75000 3.4832765719570395
8.77000 3.4856637713067133
8.79000 3.4880474375953088
8.81000 3.4904275839501664
8.83000 3.4928042234170968
8.85000 3.4951773689626933
8.87000 3.4975470334819767
8.89000 3.4999132297879201
8.91000 3.5022759706248672
8.93000 3.5046352686551376
8.95000 3.5069911364789688
8.97000 3.5093435866196576
8.99000 3.5116926315262664
9.01000 3.5140382835511925
9.03000 3.5163805549842331
9.05000 3.5187194580494956
9.07000 3.5210550048986002
9.09000 3.5233872076099968
9.11000 3.5257160781849439
9.13000 3.5280416285624536
9.15000 3.5303638706111280
9.17000 3.5326828161362522
9.19000 3.5349984768821736
9.21000 3.5373108645181865
9.23000 3.5396199906445918
9.25000 3.5419258667950282
9.27000 3.5442285044281356
9.29000 3.5465279149415050
9.31000 3.5488241096730628
9.33000 3.5511170998980388
9.35000 3.5534068968277235
9.37000 3.5556935116057509
9.39000 3.5579769553190048
9.41000 3.5602572389947773
9.43000 3.5625343735870714
9.45000 3.5648083699900890
9.47000 3.5670792390390873
9.49000 3.5693469915088603
9.51000 3.5716116381160443
9.53000 3.5738731895309361
9.55000 3.5761316563543266
9.57000 3.5783870491293954
9.59000 3.5806393783326134
9.61000 3.5828886543889280
9.63000 3.5851348876581532
9.65000 3.5873780884544479
9.67000 3.5896182670318604
9.69000 3.5918554335831288
9.71000 3.5940895982541803
9.73000 3.5963207711299039
9.75000 3.5985489622404012
9.77000 3.6007741815561256
9.79000 3.6029964389984190
9.81000 3.6052157444389974
9.83000 3.6074321076918658
9.85000 3.6096455385208790
9.87000 3.6118560466403355
9.89000 3.6140636417075536
9.91000 3.6162683333340757
9.93000 3.6184701310811045
9.95000 3.6206690444604872
9.97000 3.6228650829339730
9.99000 3.6250582559090674
10.01000 3.6272485727438784
10.03000 3.6294360427454264
10.05000 3.6316206751686919
10.07000 3.6338024792272772
10.09000 3.6359814640857304
10.11000 3.6381576388545072
10.13000 3.6403310125966502
10.15000 3.6425015943373245
10.17000 3.6446693930505556
10.19000 3.6468344176696963
10.21000 3.6489966770773044
10.23000 3.6511561801105779
10.25000 3.6533129355546494
10.27000 3.6554669521568015
10.29000 3.6576182386182547
10.31000 3.6597668035942759
10.33000 3.6619126556992234
10.35000 3.6640558034963422
10.37000 3.6661962555123595
10.39000 3.6683340202332650
10.41000 3.6704691060985244
10.43000 3.6726015215023966
10.45000 3.6747312747944814
10.47000 3.6768583742885252
10.49000 3.6789828282550388
10.51000 3.6811046449201101
10.53000 3.6832238324711288
10.55000 3.6853403990555211
10.57000 3.6874543527806218
10.59000 3.6895657017156980
10.61000 3.6916744538847315
10.63000 3.6937806172719236
10.65000 3.6958841998234462
10.67000 3.6979852094478249
10.69000 3.7000836540165198
10.71000 3.7021795413600169
10.73000 3.7042728792692818
10.75000 3.7063636754985292
10.77000 3.7084519377639924
10.79000 3.7105376737384521
10.81000 3.7126208910681577
10.83000 3.7147015973615773
10.85000 3.7167798001883838
10.87000 3.7188555070745766
10.89000 3.7209287255166315
10.91000 3.7229994629732919
10.93000 3.7250677268690362
10.95000 3.7271335245930266
10.97000 3.7291968634931192
10.99000 3.7312577508874130
11.01000 3.7333161940573527
11.03000 3.7353722002472747
11.05000 3.7374257766710350
11.07000 3.7394769305083222
11.09000 3.7415256689051848
11.11000 3.7435719989675524
11.13000 3.7456159277707610
11.15000 3.7476574623638723
11.17000 3.7496966097559978
11.19000 3.7517333769242245
11.21000 3.7537677708181261
11.23000 3.7557997983554339
11.25000 3.7578294664232543
11.27000 3.7598567818739950
11.29000 3.7618817515230201
11.31000 3.7639043821559972
11.33000 3.7659246805258171
11.35000 3.7679426533527787
11.37000 3.7699583073252096
11.39000 3.7719716491021478
11.41000 3.7739826853125051
11.43000 3.7759914225627433
11.45000 3.7779978674219832
11.47000 3.7800020264293352
11.49000 3.7820039060924655
11.51000 3.7840035128942500
11.53000 3.7860008532842668
11.55000 3.7879959336836322
11.57000 3.7899887604899996
11.59000 3.7919793400671447
11.61000 3.7939676787505481
11.63000 3.7959537828451237
11.65000 3.7979376586286744
11.67000 3.7999193123541088
11.69000 3.8018987502454364
11.71000 3.8038759784995064
11.73000 3.8058510032824024
11.75000 3.8078238307334504
11.77000 3.8097944669674471
11.79000 3.8117629180697974
11.81000 3.8137291901018799
11.83000 3.8156932890966777
11.85000 3.8176552210557886
11.87000 3.8196149919580402
11.89000 3.8215726077580157
11.91000 3.8235280743816982
11.93000 3.8254813977290238
11.95000 3.8274325836732532
11.97000 3.8293816380642061
11.99000 3.8313285667272243
12.01000 3.8332733754629804
12.03000 3.8352160700419979
12.05000 3.8371566562145651
12.07000 3.8390951397011563
12.09000 3.8410315262020105
12.11000 3.8429658213908202
12.13000 3.8448980309163909
12.15000 3.8468281604030938
12.17000 3.8487562154543165
12.19000 3.8506822016493403
12.21000 3.8526061245382803
12.23000 3.8545279896520674
12.25000 3.8564478024975375
12.27000 3.8583655685585034
12.29000 3.8602812932961625
12.31000 3.8621949821441852
12.33000 3.8641066405137452
12.35000 3.8660162737935759
12.37000 3.8679238873492308
12.39000 3.8698294865250502
12.41000 3.8717330766446318
12.43000 3.8736346630137519
12.45000 3.8755342509126485
12.47000 3.8774318455959480
12.49000 3.8793274522983117
12.51000 3.8812210762319492
12.53000 3.8831127225858255
12.55000 3.8850023965301093
12.57000 3.8868901032129379
12.59000 3.8887758477599959
12.61000 3.8906596352738068
12.63000 3.8925414708384154
12.65000 3.8944213595167803
12.67000 3.8962993063525411
12.69000 3.8981753163646187
12.71000 3.9000493945559298
12.73000 3.9019215459062888
12.75000 3.9037917753742923
12.77000 3.9056600878994265
12.79000 3.9075264884015044
12.81000 3.9093909817795311
12.83000 3.9112535729112237
12.85000 3.9131142666593415
12.87000 3.9149730678635963
12.89000 3.9168299813439065
12.91000 3.9186850119021495
12.93000 3.9205381643206656
12.95000 3.9223894433635409
12.97000 3.9242388537740109
12.99000 3.9260864002775193
13.01000 3.9279320875809947
13.03000 3.9297759203706972
13.05000 3.9316179033149967
13.07000 3.9334580410631279
13.09000 3.9352963382455668
13.11000 3.9371327994752190
13.13000 3.9389674293454497
13.15000 3.9408002324323563
13.17000 3.9426312132954950
13.19000 3.9444603764730708
13.21000 3.9462877264856426
13.23000 3.9481132678372117
13.25000 3.9499370050154132
13.27000 3.9517589424882642
13.29000 3.9535790847096752
13.31000 3.9553974361147750
13.33000 3.9572140011212862
13.35000 3.9590287841262350
13.37000 3.9608417895104790
13.39000 3.9626530216394422
13.41000 3.9644624848632235
13.43000 3.9662701835149963
13.45000 3.9680761219093656
13.47000 3.9698803043462791
13.49000 3.9716827351062092
13.51000 3.9734834184544803
13.53000 3.9752823586415627
13.55000 3.9770795598991384
13.57000 3.9788750264437844
13.59000 3.9806687624751245
13.61000 3.9824607721769212
13.63000 3.9842510597169372
13.65000 3.9860396292459939
13.67000 3.9878264849015403
13.69000 3.9896116308045126
13.71000 3.9913950710592747
13.73000 3.9931768097569895
13.75000 3.9949568509722670
13.77000 3.9967351987633961
13.79000 3.9985118571748357
13.81000 4.0002868302343781
13.83000 4.0020601219555090
13.85000 4.0038317363366094
13.87000 4.0056016773603389
13.89000 4.0073699489935137
13.91000 4.0091365551895644
13.93000 4.0109014998852333
13.95000 4.0126647870043453
13.97000 4.0144264204551376
13.99000 4.0161864041332933
14.01000 4.0179447419193597
14.03000 4.0197014376791156
14.05000 4.0214564952648013
14.07000 4.0232099185140315
14.09000 4.0249617112497287
14.11000 4.0267118772794683
14.13000 4.0284604203987557
14.15000 4.0302073443906306
14.17000 4.0319526530232963
14.19000 4.0336963500520060
14.21000 4.0354384392155813
14.23000 4.0371789242375540
14.25000 4.0389178088296367
14.27000 4.0406550966914558
14.29000 4.0423907915089199
14.31000 4.0441248969533836
14.33000 4.0458574166830692
14.35000 4.0475883543444340
14.37000 4.0493177135697067
14.39000 4.0510454979771833
14.41000 4.0527717111725901
14.43000 4.0544963567479124
14.45000 4.0562194382845496
14.47000 4.0579409593498763
14.49000 4.0596609234976677
14.51000 4.0613793342695930
14.53000 4.0630961951964739
14.55000 4.0648115097937678
14.57000 4.0665252815657986
14.59000 4.0682375140034184
14.61000 4.0699482105855225
14.63000 4.0716573747784315
14.65000 4.0733650100370040
14.67000 4.0750711198048162
14.69000 4.0767757075122795
14.71000 4.0784787765775361
14.73000 4.0801803304061552
14.75000 4.0818803723931110
14.77000 4.0835789059205343
14.79000 4.0852759343574636
14.81000 4.0869714610625802
14.83000 4.0886654893820342
14.85000 4.0903580226499603
14.87000 4.0920490641898484
14.89000 4.0937386173123871
14.91000 4.0954266853177623
14.93000 4.0971132714945524
14.95000 4.0987983791191480
14.97000 4.1004820114562799
14.99000 4.1021641717593029
15.01000 4.1038448632715472
15.03000 4.1055240892262521
15.05000 4.1072018528434340
15.07000 4.1088781573317110
15.09000 4.1105530058889785
15.11000 4.1122264017033379
15.13000 4.1138983479510873
15.15000 4.1155688477983023
15.17000 4.1172379043989986
15.19000 4.1189055208985472
15.21000 4.1205717004298510
15.23000 4.1222364461147816
15.25000 4.1238997610649086
15.27000 4.1255616483817033
15.29000 4.1272221111562102
15.31000 4.1288811524676099
15.33000 4.1305387753858573
15.35000 4.1321949829707565
15.37000 4.1338497782724746
15.39000 4.1355031643299505
15.41000 4.1371551441710563
15.43000 4.1388057208143119
15.45000 4.1404548972667854
15.47000 4.1421026765262674
15.49000 4.1437490615815191
15.51000 4.1453940554099784
15.53000 4.1470376609794339
15.55000 4.1486798812480483
15.57000 4.1503207191639317
15.59000 4.1519601776652415
15.61000 4.1535982596802645
15.63000 4.1552349681277407
15.65000 4.1568703059162733
15.67000 4.1585042759445878
15.69000 4.1601368811028703
15.71000 4.1617681242703179
15.73000 4.1633980083174338
15.75000 4.1650265361046808
15.77000 4.1666537104837902
15.79000 4.1682795342971417
15.81000 4.1699040103784002
15.83000 4.1715271415504569
15.85000 4.1731489306277973
15.87000 4.1747693804164889
15.89000 4.1763884937129170
15.91000 4.1780062733040921
15.93000 4.1796227219672568
15.95000 4.1812378424712469
15.97000 4.1828516375753386
15.99000 4.1844641100304081
16.01000 4.1860752625787425
16.03000 4.1876850979535201
16.05000 4.1892936188787280
16.07000 4.1909008280682327
16.09000 4.1925067282282598
16.11000 4.1941113220569619
16.13000 4.1957146122423508
16.15000 4.1973166014645678
16.17000 4.1989172923951941
16.19000 4.2005166876964433
16.21000 4.2021147900230345
16.23000 4.2037116020213432
16.25000 4.2053071263290036
16.27000 4.2069013655748977
16.29000 4.2084943223791731
16.31000 4.2100859993542912
16.33000 4.2116763991034913
16.35000 4.2132655242224875
16.37000 4.2148533772986374
16.39000 4.2164399609113818
16.41000 4.2180252776319049
16.43000 4.2196093300239301
16.45000 4.2211921206414660
16.47000 4.2227736520310897
16.49000 4.2243539267313865
16.51000 4.2259329472726863
16.53000 4.2275107161783483
16.55000 4.2290872359631093
16.57000 4.2306625091332366
16.59000 4.2322365381872933
16.61000 4.2338093256167619
16.63000 4.2353808739054095
16.65000 4.2369511855285236
16.67000 4.2385202629532293
16.69000 4.2400881086383801
16.71000 4.2416547250361756
16.73000 4.2432201145909847
16.75000 4.2447842797391120
16.77000 4.2463472229106296
16.79000 4.2479089465276632
16.81000 4.2494694530042425
16.83000 4.2510287447475212
16.85000 4.2525868241570288
16.87000 4.2541436936246662
16.89000 4.2556993555348432
16.91000 4.2572538122647803
16.93000 4.2588070661850148
16.95000 4.2603591196574673
16.97000 4.2619099750376019
16.99000 4.2634596346733495
17.01000 4.2650081009059786
17.03000 4.2665553760690855
17.05000 4.2681014624900708
17.07000 4.2696463624882659
17.09000 4.2711900783763479
17.11000 4.2727326124596647
17.13000 4.2742739670362262
17.15000 4.2758141443979465
17.17000 4.2773531468293502
17.19000 4.2788909766080607
17.21000 4.2804276360045259
17.23000 4.2819631272823591
17.25000 4.2834974526981187
17.27000 4.2850306145020323
17.29000 4.2865626149378286
17.31000 4.2880934562414481
17.33000 4.2896231406422274
17.35000 4.2911516703632211
17.37000 4.2926790476209886
17.39000 4.2942052746256163
17.41000 4.2957303535798781
17.43000 4.2972542866797188
17.45000 4.2987770761149440
17.47000 4.3002987240686519
17.49000 4.3018192327176088
17.51000 4.3033386042324437
17.53000 4.3048568407770542
17.55000 4.3063739445087581
17.57000 4.3078899175777998
17.59000 4.3094047621291329
17.61000 4.3109184803010629
17.63000 4.3124310742257626
17.65000 4.3139425460289775
17.67000 4.3154528978306779
17.69000 4.3169621317432902
17.71000 4.3184702498735668
17.73000 4.3199772543219712
17.75000 4.3214831471825184
17.77000 4.3229879305438113
17.79000 4.3244916064877028
17.81000 4.3259941770899006
17.83000 4.3274956444198560
17.85000 4.3289960105415108
17.87000 4.3304952775128713
17.89000 4.3319934473854804
17.91000 4.3334905222052242
17.93000 4.3349865040119067
17.95000 4.3364813948396437
17.97000 4.3379751967160862
17.99000 4.3394679116625223
18.01000 4.3409595416953799
18.03000 4.3424500888251734
18.05000 4.3439395550568731
18.07000 4.3454279423892581
18.09000 4.3469152528147150
18.11000 4.3484014883205377
18.13000 4.3498866508885810
18.15000 4.3513707424939838
18.17000 4.3528537651063806
18.19000 4.3543357206897797
18.21000 4.3558166112031111
18.23000 4.3572964385989792
18.25000 4.3587752048250001
18.27000 4.3602529118231654
18.29000 4.3617295615299119
18.31000 4.3632051558754821
18.33000 4.3646796967852755
18.35000 4.3661531861789395
18.37000 4.3676256259702875
18.39000 4.3690970180684134
18.41000 4.3705673643762593
18.43000 4.3720366667915567
18.45000 4.3735049272063948
18.47000 4.3749721475080738
18.49000 4.3764383295786820
18.51000 4.3779034752946426
18.53000 4.3793675865272013
18.55000 4.3808306651418309
18.57000 4.3822927129989804
18.59000 4.3837537319535018
18.61000 4.3852137238550162
18.63000 4.3866726905487834
18.65000 4.3881306338744697
18.67000 4.3895875556663810
18.69000 4.3910434577538640
18.71000 4.3924983419611552
18.73000 4.3939522101073880
18.75000 4.3954050640064422
18.77000 4.3968569054671072
18.79000 4.3983077362937992
18.81000 4.3997575582853905
18.83000 4.4012063732355946
18.85000 4.4026541829328538
18.87000 4.4041009891613809
18.89000 4.4055467937000925
18.91000 4.4069915983231196
18.93000 4.4084354047993761
18.95000 4.4098782148931743
18.97000 4.4113200303635640
18.99000 4.4127608529649374
19.01000 4.4142006844472377
19.03000 4.4156395265545960
19.05000 4.4170773810267390
19.07000 4.4185142495987240
19.09000 4.4199501340008007
19.11000 4.4213850359586306
19.13000 4.4228189571932042
19.15000 4.4242518994207289
19.17000 4.4256838643523029
19.19000 4.4271148536946550
19.21000 4.4285448691496008
19.23000 4.4299739124144466
19.25000 4.4314019851821467
19.27000 4.4328290891406246
19.29000 4.4342552259735024
19.31000 4.4356803973596266
19.33000 4.4371046049730154
19.35000 4.4385278504834602
19.37000 4.4399501355563116
19.39000 4.4413714618525288
19.41000 4.4427918310285985
19.43000 4.4442112447357252
19.45000 4.4456297046212274
19.47000 4.4470472123280222
19.49000 4.4484637694946434
19.51000 4.4498793777547245
19.53000 4.4512940387379842
19.55000 4.4527077540695457
19.57000 4.4541205253701692
19.59000 4.4555323542557455
19.61000 4.4569432423381370
19.63000 4.4583531912254273
19.65000 4.4597622025208521
19.67000 4.4611702778235856
19.69000 4.4625774187284151
19.71000 4.4639836268257724
19.73000 4.4653889037021415
19.75000 4.4667932509396637
19.77000 4.4681966701162157
19.79000 4.4695991628053227
19.81000 4.4710007305765291
19.83000 4.4724013749949698
19.85000 4.4738010976216431
19.87000 4.4751999000135294
19.89000 4.4765977837231468
19.91000 4.4779947502992110
19.93000 4.4793908012864252
19.95000 4.4807859382254014
19.97000 4.4821801626528766
19.99000 4.4835734761012347
20.01000 4.4849658800987573
20.03000 4.4863573761700364
20.05000 4.4877479658351040
20.07000 4.4891376506104272
20.09000 4.4905264320083038
20.11000 4.4919143115371849
20.13000 4.4933012907014671
20.15000 4.4946873710017092
20.17000 4.4960725539342343
20.19000 4.4974568409915960
20.21000 4.4988402336625075
20.23000 4.5002227334320697
20.25000 4.5016043417813005
20.27000 4.5029850601870560
20.29000 4.5043648901227300
20.31000 4.5057438330576804
20.33000 4.5071218904573644
20.35000 4.5084990637836624
20.37000 4.5098753544945636
20.39000 4.5112507640443535
20.41000 4.5126252938834801
20.43000 4.5139989454585745
20.45000 4.5153717202123378
20.47000 4.5167436195838704
20.49000 4.5181146450088558
20.51000 4.5194847979190511
20.53000 4.5208540797426613
20.55000 4.5222224919040181
20.57000 4.5235900358237506
20.59000 4.5249567129189243
20.61000 4.5263225246030734
20.63000 4.5276874722858969
20.65000 4.5290515573737213
20.67000 4.5304147812690916
20.69000 4.5317771453712545
20.71000 4.5331386510755820
20.73000 4.5344992997740201
20.75000 4.5358590928548814
20.77000 4.5372180317030315
20.79000 4.5385761176994235
20.81000 4.5399333522217917
20.83000 4.5412897366443268
20.85000 4.5426452723378326
20.87000 4.5439999606696375
20.89000 4.5453538030034011
20.91000 4.5467068006996207
20.93000 4.5480589551149615
20.95000 4.5494102676029238
20.97000 4.5507607395137875
20.99000 4.5521103721941731
21.01000 4.5534591669872935
21.03000 4.5548071252328830
21.05000 4.5561542482674424
21.07000 4.5575005374240378
21.09000 4.5588459940321817
21.11000 4.5601906194180533
21.13000 4.5615344149046546
21.15000 4.5628773818118811
21.17000 4.5642195214561498
21.19000 4.5655608351505022
21.21000 4.5669013242050038
21.23000 4.5682409899263305
21.25000 4.5695798336176647
21.27000 4.5709178565791095
21.29000 4.5722550601071381
21.31000 4.5735914454952793
21.33000 4.5749270140338281
21.35000 4.5762617670099504
21.37000 4.5775957057074921
21.39000 4.5789288314072776
21.41000 4.5802611453867961
21.43000 4.5815926489204521
21.45000 4.5829233432795302
21.47000 4.5842532297321545
21.49000 4.5855823095433577
21.51000 4.5869105839747899
21.53000 4.5882380542852443
21.55000 4.5895647217302784
21.57000 4.5908905875625310
21.59000 4.5922156530314799
21.61000 4.5935399193832795
21.63000 4.5948633878613458
21.65000 4.5961860597059383
21.67000 4.5975079361540692
21.69000 4.5988290184398846
21.71000 4.6001493077947018
21.73000 4.6014688054467712
21.75000 4.6027875126211990
21.77000 4.6041054305399394
21.79000 4.6054225604218821
21.81000 4.6067389034831638
21.83000 4.6080544609370548
21.85000 4.6093692339937107
21.87000 4.6106832238603976
21.89000 4.6119964317415452
21.91000 4.6133088588384101
21.93000 4.6146205063497110
21.95000 4.6159313754708613
21.97000 4.6172414673945390
21.99000 4.6185507833105754
22.01000 4.6198593244059323
22.03000 4.6211670918645051
22.05000 4.6224740868674470
22.07000 4.6237803105929522
22.09000 4.6250857642164194
22.11000 4.6263904489104899
22.13000 4.6276943658448904
22.15000 4.6289975161867334
22.17000 4.6302999011000638
22.19000 4.6316015217462034
22.21000 4.6329023792836841
22.23000 4.6342024748683253
22.25000 4.6355018096534231
22.27000 4.6368003847891144
22.29000 4.6380982014228715
22.31000 4.6393952606995779
22.33000 4.6406915637613855
22.35000 4.6419871117475360
22.37000 4.6432819057945363
22.39000 4.6445759470363965
22.41000 4.6458692366042627
22.43000 4.6471617756267047
22.45000 4.6484535652295884
22.47000 4.6497446065359593
22.49000 4.6510349006661400
22.51000 4.6523244487378808
22.53000 4.6536132518661271
22.55000 4.6549013111634956
22.57000 4.6561886277397395
22.59000 4.6574752027022148
22.61000 4.6587610371555686
22.63000 4.6600461322018729
22.65000 4.6613304889404663
22.67000 4.6626141084682082
22.69000 4.6638969918792537
22.71000 4.6651791402651508
22.73000 4.6664605547150346
22.75000 4.6677412363154440
22.77000 4.6690211861505428
22.79000 4.6703004053015995
22.81000 4.6715788948473858
22.83000 4.6728566558642513
22.85000 4.6741336894260286
22.87000 4.6754099966041931
22.89000 4.6766855784674899
22.91000 4.6779604360822606
22.93000 4.6792345705124960
22.95000 4.6805079828194982
22.97000 4.6817806740621197
22.99000 4.6830526452968861
23.01000 4.6843238975778485
23.03000 4.6855944319562708
23.05000 4.6868642494811592
23.07000 4.6881333511991574
23.09000 4.6894017381544160
23.11000 4.6906694113887424
23.13000 4.6919363719415292
23.15000 4.6932026208495552
23.17000 4.6944681591475454
23.19000 4.6957329878675766
23.21000 4.6969971080394854
23.23000 4.6982605206907095
23.25000 4.6995232268463489
23.27000 4.7007852275290558
23.29000 4.7020465237591491
23.31000 4.7033071165544698
23.33000 4.7045670069306746
23.35000 4.7058261959011229
23.37000 4.7070846844766594
23.39000 4.7083424736659660
23.41000 4.7095995644753028
23.43000 4.7108559579088247
23.45000 4.7121116549683961
23.47000 4.7133666566534531
23.49000 4.7146209639611572
23.51000 4.7158745778862770
23.53000 4.7171274994214354
23.55000 4.7183797295570526
23.57000 4.7196312692811286
23.59000 4.7208821195795343
23.61000 4.7221322814359503
23.63000 4.7233817558317339
23.65000 4.7246305437459117
23.67000 4.7258786461554045
23.69000 4.7271260640348540
23.71000 4.7283727983566717
23.73000 4.7296188500912208
23.75000 4.7308642202066737
23.77000 4.7321089096688294
23.79000 4.7333529194414830
23.81000 4.7345962504861463
23.83000 4.7358389037623194
23.85000 4.7370808802271513
23.87000 4.7383221808356835
23.89000 4.7395628065408371
23.91000 4.7408027582935368
23.93000 4.7420420370423857
23.95000 4.7432806437337982
23.97000 4.7445185793121913
23.99000 4.7457558447198398
24.01000 4.7469924408969950
24.03000 4.7482283687816578
24.05000 4.7494636293098349
24.07000 4.7506982234153483
24.09000 4.7519321520299265
24.11000 4.7531654160833163
24.13000 4.7543980165030533
24.15000 4.7556299542146929
24.17000 4.7568612301417543
24.19000 4.7580918452056489
24.21000 4.7593218003258277
24.23000 4.7605510964196016
24.25000 4.7617797344022961
24.27000 4.7630077151871655
24.29000 4.7642350396854676
24.31000 4.7654617088063240
24.33000 4.7666877234569185
24.35000 4.7679130845424815
24.37000 4.7691377929662151
24.39000 4.7703618496292552
24.41000 4.7715852554309359
24.43000 4.7728080112683307
24.45000 4.7740301180367153
24.47000 4.7752515766294081
24.49000 4.7764723879378757
24.51000 4.7776925528515379
24.53000 4.7789120722578149
24.55000 4.7801309470420836
24.57000 4.7813491780879058
24.59000 4.7825667662769336
24.61000 4.7837837124887654
24.63000 4.7850000176012033
24.65000 4.7862156824898969
24.67000 4.7874307080287544
24.69000 4.7886450950897901
24.71000 4.7898588445430192
24.73000 4.7910719572567375
24.75000 4.7922844340972013
24.77000 4.7934962759288053
24.79000 4.7947074836140073
24.81000 4.7959180580133873
24.83000 4.7971279999857499
24.85000 4.7983373103879705
24.87000 4.7995459900751269
24.89000 4.8007540399003688
24.91000 4.8019614607149936
24.93000 4.8031682533684785
24.95000 4.8043744187085196
24.97000 4.8055799575809459
24.99000 4.8067848708296834
25.01000 4.8079891592968051
25.03000 4.8091928238227615
25.05000 4.8103958652459431
25.07000 4.8115982844031304
25.09000 4.8128000821291907
25.11000 4.8140012592572523
25.13000 4.8152018166186439
25.15000 4.8164017550429863
25.17000 4.8176010753580423
25.19000 4.8187997783897787
25.21000 4.8199978649623816
25.23000 4.8211953358982820
25.25000 4.8223921920182411
25.27000 4.8235884341411266
25.29000 4.8247840630841567
25.31000 4.8259790796628144
25.33000 4.8271734846908201
25.35000 4.8283672789802257
25.37000 4.8295604633411822
25.39000 4.8307530385822206
25.41000 4.8319450055100788
25.43000 4.8331363649297892
25.45000 4.8343271176447313
25.47000 4.8355172644564917
25.49000 4.8367068061650595
25.51000 4.8378957435686871
25.53000 4.8390840774639408
25.55000 4.8402718086456726
25.57000 4.8414589379071042
25.59000 4.8426454660396843
25.61000 4.8438313938332742
25.63000 4.8450167220759921
25.65000 4.8462014515543421
25.67000 4.8473855830530770
25.69000 4.8485691173555425
25.71000 4.8497520552432443
25.73000 4.8509343974961130
25.75000 4.8521161448924319
25.77000 4.8532972982088136
25.79000 4.8544778582202071
25.81000 4.8556578257000274
25.83000 4.8568372014200785
25.85000 4.8580159861504439
25.87000 4.8591941806595926
25.89000 4.8603717857143298
25.91000 4.8615488020800059
25.93000 4.8627252305203026
25.95000 4.8639010717972671
25.97000 4.8650763266714474
25.99000 4.8662509959017601
26.01000 4.8674250802455701
26.03000 4.8685985804585883
26.05000 4.8697714972949573
26.07000 4.8709438315073257
26.09000 4.8721155838467132
26.11000 4.8732867550626491
26.13000 4.8744573459030693
26.15000 4.8756273571143431
26.17000 4.8767967894412809
26.19000 4.8779656436272392
26.21000 4.8791339204139668
26.23000 4.8803016205416965
26.25000 4.8814687447490792
26.27000 4.8826352937732880
26.29000 4.8838012683498544
26.31000 4.8849666692129681
26.33000 4.8861314970952359
26.35000 4.8872957527278569
26.37000 4.8884594368405025
26.39000 4.8896225501612021
26.41000 4.8907850934164463
26.43000 4.8919470673313823
26.45000 4.8931084726296898
26.47000 4.8942693100334971
26.49000 4.8954295802634977
26.51000 4.8965892840388294
26.53000 4.8977484220772256
26.55000 4.8989069950949382
26.57000 4.9000650038067644
26.59000 4.9012224489260889
26.61000 4.9023793311647204
26.63000 4.9035356512330521
26.65000 4.9046914098400656
26.67000 4.9058466076932445
26.69000 4.9070012454986438
26.71000 4.9081553239608233
26.73000 4.9093088437829957
26.75000 4.9104618056669471
26.77000 4.9116142103130400
26.79000 4.9127660584201731
26.81000 4.9139173506858684
26.83000 4.9150680878062429
26.85000 4.9162182704760440
26.87000 4.9173678993885455
26.89000 4.9185169752356366
26.91000 4.9196654987077002
26.93000 4.9208134704938846
26.95000 4.9219608912818433
26.97000 4.9231077617579233
26.99000 4.9242540826070869
27.01000 4.9253998545127997
27.03000 4.9265450781572637
27.05000 4.9276897542213192
27.07000 4.9288338833843657
27.09000 4.9299774663244493
27.11000 4.9311205037182981
27.13000 4.9322629962412421
27.15000 4.9334049445672647
27.17000 4.9345463493690280
27.19000 4.9356872113178865
27.21000 4.9368275310838738
27.23000 4.9379673093355709
27.25000 4.9391065467402537
27.27000 4.9402452439638838
27.29000 4.9413834016710609
27.31000 4.9425210205250814
27.33000 4.9436581011878946
27.35000 4.9447946443202113
27.37000 4.9459306505814071
27.39000 4.9470661206294837
27.41000 4.9482010551211637
27.43000 4.9493354547119210
27.45000 4.9504693200558885
27.47000 4.9516026518059268
27.49000 4.9527354506135532
27.51000 4.9538677171290697
27.53000 4.9549994520013838
27.55000 4.9561306558781721
27.57000 4.9572613294057479
27.59000 4.9583914732292644
27.61000 4.9595210879925702
27.63000 4.9606501743382037
27.65000 4.9617787329075060
27.67000 4.9629067643405573
27.69000 4.9640342692760946
27.71000 4.9651612483516416
27.73000 4.9662877022035250
27.75000 4.9674136314667372
27.77000 4.9685390367751028
27.79000 4.9696639187611682
27.81000 4.9707882780562223
27.83000 4.9719121152903671
27.85000 4.9730354310924092
27.87000 4.9741582260899513
27.89000 4.9752805009093954
27.91000 4.9764022561758585
27.93000 4.9775234925132548
27.95000 4.9786442105442816
27.97000 4.9797644108904482
27.99000 4.9808840941720156
28.01000 4.9820032610080887
28.03000 4.9831219120165402
28.05000 4.9842400478140414
28.07000 4.9853576690160875
28.09000 4.9864747762370074
28.11000 4.9875913700898487
28.13000 4.9887074511865235
28.15000 4.9898230201377149
28.17000 4.9909380775530066
28.19000 4.9920526240407446
28.21000 4.9931666602081357
28.23000 4.9942801866611530
28.25000 4.9953932040046372
28.27000 4.9965057128422945
28.29000 4.9976177137765729
28.31000 4.9987292074088163
28.33000 4.9998401943392521
28.35000 5.0009506751669042
28.37000 5.0020606504895939
28.39000 5.0031701209040875
28.41000 5.0042790870059548
28.43000 5.0053875493896047
28.45000 5.0064955086483733
28.47000 5.0076029653744039
28.49000 5.0087099201586947
28.51000 5.0098163735910743
28.53000 5.0109223262602995
28.55000 5.0120277787540335
28.57000 5.0131327316587608
28.59000 5.0142371855599110
28.61000 5.0153411410417785
28.63000 5.0164445986875474
28.65000 5.0175475590792722
28.67000 5.0186500227978881
28.69000 5.0197519904232477
28.71000 5.0208534625341228
28.73000 5.0219544397080806
28.75000 5.0230549225216894
28.77000 5.0241549115503634
28.79000 5.0252544073684868
28.81000 5.0263534105493095
28.83000 5.0274519216650466
28.85000 5.0285499412867649
28.87000 5.0296474699844378
28.89000 5.0307445083269950
28.91000 5.0318410568822358
28.93000 5.0329371162169450
28.95000 5.0340326868968592
28.97000 5.0351277694865866
28.99000 5.0362223645496762
29.01000 5.0373164726486737
29.03000 5.0384100943450409
29.05000 5.0395032301991778
29.07000 5.0405958807704554
29.09000 5.0416880466171747
29.11000 5.0427797282965976
29.13000 5.0438709263649448
29.15000 5.0449616413773901
29.17000 5.0460518738880511
29.19000 5.0471416244499778
29.21000 5.0482308936152309
29.23000 5.0493196819348247
29.25000 5.0504079899587673
29.27000 5.0514958182359919
29.29000 5.0525831673144417
29.31000 5.0536700377410435
29.33000 5.0547564300616772
29.35000 5.0558423448211878
29.37000 5.0569277825634913
29.39000 5.0580127438314326
29.41000 5.0590972291668779
29.43000 5.0601812391106300
29.45000 5.0612647742025345
29.47000 5.0623478349814199
29.49000 5.0634304219850899
29.51000 5.0645125357503851
29.53000 5.0655941768131214
29.55000 5.0666753457081608
29.57000 5.0677560429693740
29.59000 5.0688362691296280
29.61000 5.0699160247207891
29.63000 5.0709953102737968
29.65000 5.0720741263185687
29.67000 5.0731524733840692
29.69000 5.0742303519983194
29.71000 5.0753077626882837
29.73000 5.0763847059799909
29.75000 5.0774611823985074
29.77000 5.0785371924679197
29.79000 5.0796127367113870
29.81000 5.0806878156510722
29.83000 5.0817624298082089
29.85000 5.0828365797030282
29.87000 5.0839102658548248
29.89000 5.0849834887819725
29.91000 5.0860562490019161
29.93000 5.0871285470311127
29.95000 5.0882003833851117
29.97000 5.0892717585784828
29.99000 5.0903426731248977
30.01000 5.0914131275370345
30.03000 5.0924831223267013
30.05000 5.0935526580047306
30.07000 5.0946217350810441
30.09000 5.0956903540646241
30.11000 5.0967585154635433
30.13000 5.0978262197849578
30.15000 5.0988934675350341
30.17000 5.0999602592190687
30.19000 5.1010265953414162
30.21000 5.1020924764055167
30.23000 5.1031579029139378
30.25000 5.1042228753683512
30.27000 5.1052873942694488
30.29000 5.1063514601170530
30.31000 5.1074150734101034
30.33000 5.1084782346466193
30.35000 5.1095409443237818
30.37000 5.1106032029378126
30.39000 5.1116650109840247
30.41000 5.1127263689568867
30.43000 5.1137872773499682
30.45000 5.1148477366559577
30.47000 5.1159077473666112
30.49000 5.1169673099728490
30.51000 5.1180264249646985
30.53000 5.1190850928313001
30.55000 5.1201433140609298
30.57000 5.1212010891410014
30.59000 5.1222584185579825
30.61000 5.1233153027975096
30.63000 5.1243717423443655
30.65000 5.1254277376825028
30.67000 5.1264832892949421
30.69000 5.1275383976638711
30.71000 5.1285930632706336
30.73000 5.1296472865957101
30.75000 5.1307010681187117
30.77000 5.1317544083183799
30.79000 5.1328073076726373
30.81000 5.1338597666585466
30.83000 5.1349117857523128
30.85000 5.1359633654293031
30.87000 5.1370145061640402
30.89000 5.1380652084301817
30.91000 5.1391154727005546
30.93000 5.1401652994471743
30.95000 5.1412146891412140
30.97000 5.1422636422530479
30.99000 5.1433121592521553
31.01000 5.1443602406072255
31.03000 5.1454078867861481
31.05000 5.1464550982559203
31.07000 5.1475018754827522
31.09000 5.1485482189320315
31.11000 5.1495941290683458
31.13000 5.1506396063554147
31.15000 5.1516846512561729
31.17000 5.1527292642327263
31.19000 5.1537734457463813
31.21000 5.1548171962576044
31.23000 5.1558605162260829
31.25000 5.1569034061106844
31.27000 5.1579458663695119
31.29000 5.1589878974598253
31.31000 5.1600294998381226
31.33000 5.1610706739600616
31.35000 5.1621114202804925
31.37000 5.1631517392535047
31.39000 5.1641916313323932
31.41000 5.1652310969696682
31.43000 5.1662701366170127
31.45000 5.1673087507253408
31.47000 5.1683469397448203
31.49000 5.1693847041248153
31.51000 5.1704220443138844
31.53000 5.1714589607598311
31.55000 5.1724954539096721
31.57000 5.1735315242096620
31.59000 5.1745671721052977
31.61000 5.1756023980412458
31.63000 5.1766372024614391
31.65000 5.1776715858090681
31.67000 5.1787055485265023
31.69000 5.1797390910553851
31.71000 5.1807722138365975
31.73000 5.1818049173102523
31.75000 5.1828372019156701
31.77000 5.1838690680914254
31.79000 5.1849005162753352
31.81000 5.1859315469044560
31.83000 5.1869621604150948
31.85000 5.1879923572428615
31.87000 5.1890221378225636
31.89000 5.1900515025882870
31.91000 5.1910804519733329
31.93000 5.1921089864103038
31.95000 5.1931371063310561
31.97000 5.1941648121666946
31.99000 5.1951921043475915
32.01000 5.1962189833033605
32.03000 5.1972454494628986
32.05000 5.1982715032543734
32.07000 5.1992971451052199
32.09000 5.2003223754421102
32.11000 5.2013471946910075
32.13000 5.2023716032771530
32.15000 5.2033956016250773
32.17000 5.2044191901585704
32.19000 5.2054423693006999
32.21000 5.2064651394738384
32.23000 5.2074875010996093
32.25000 5.2085094545989437
32.27000 5.2095310003920492
32.29000 5.2105521388983904
32.31000 5.2115728705367825
32.33000 5.2125931957253036
32.35000 5.2136131148813121
32.37000 5.2146326284214650
32.39000 5.2156517367617470
32.41000 5.2166704403173982
32.43000 5.2176887395029672
32.45000 5.2187066347323015
32.47000 5.2197241264185594
32.49000 5.2207412149741756
32.51000 5.2217579008109398
32.53000 5.2227741843399222
32.55000 5.2237900659715075
32.57000 5.2248055461153653
32.59000 5.2258206251804813
32.61000 5.2268353035751653
32.63000 5.2278495817070194
32.65000 5.2288634599829926
32.67000 5.2298769388093342
32.69000 5.2308900185916265
32.71000 5.2319026997347740
32.73000 5.2329149826429830
32.75000 5.2339268677197746
32.77000 5.2349383553680031
32.79000 5.2359494459898688
32.81000 5.2369601399868895
32.83000 5.2379704377599303
32.85000 5.2389803397091530
32.87000 5.2399898462340770
32.89000 5.2409989577335736
32.91000 5.2420076746058175
32.93000 5.2430159972483370
32.95000 5.2440239260579835
32.97000 5.2450314614309663
32.99000 5.2460386037628410
33.01000 5.2470453534484944
33.03000 5.2480517108821365
33.05000 5.2490576764573529
33.07000 5.2500632505670719
33.09000 5.2510684336035602
33.11000 5.2520732259584291
33.13000 5.2530776280226972
33.15000 5.2540816401866888
33.17000 5.2550852628400948
33.19000 5.2560884963719721
33.21000 5.2570913411707263
33.23000 5.2580937976241273
33.25000 5.2590958661192806
33.27000 5.2600975470426690
33.29000 5.2610988407801456
33.31000 5.2620997477169453
33.33000 5.2631002682376460
33.35000 5.2641004027262044
33.37000 5.2651001515659388
33.39000 5.2660995151395396
33.41000 5.2670984938290788
33.43000 5.2680970880160034
33.45000 5.2690952980811359
33.47000 5.2700931244046574
33.49000 5.2710905673661399
33.51000 5.2720876273445185
33.53000 5.2730843047181057
33.55000 5.2740805998646403
33.57000 5.2750765131612107
33.59000 5.2760720449842875
33.61000 5.2770671957097486
33.63000 5.2780619657128609
33.65000 5.2790563553682803
33.67000 5.2800503650500552
33.69000 5.2810439951315891
33.71000 5.2820372459857143
33.73000 5.2830301179846497
33.75000 5.2840226115000215
33.77000 5.2850147269028218
33.79000 5.2860064645634584
33.81000 5.2869978248517500
33.83000 5.2879888081368973
33.85000 5.2889794147875229
33.87000 5.2899696451716398
33.89000 5.2909594996566849
33.91000 5.2919489786094775
33.93000 5.2929380823962573
33.95000 5.2939268113826721
33.97000 5.2949151659337872
33.99000 5.2959031464140649
34.01000 5.2968907531873750
34.03000 5.2978779866170296
34.05000 5.2988648470657429
34.07000 5.2998513348956431
34.09000 5.3008374504682685
34.11000 5.3018231941445944
34.13000 5.3028085662850062
34.15000 5.3037935672493086
34.17000 5.3047781973967565
34.19000 5.3057624570859874
34.21000 5.3067463466750899
34.23000 5.3077298665215915
34.25000 5.3087130169824368
34.27000 5.3096957984139896
34.29000 5.3106782111720623
34.31000 5.3116602556118879
34.33000 5.3126419320881437
34.35000 5.3136232409549073
34.37000 5.3146041825657244
34.39000 5.3155847572735659
34.41000 5.3165649654308744
34.43000 5.3175448073895053
34.45000 5.3185242835007429
34.47000 5.3195033941153325
34.49000 5.3204821395834543
34.51000 5.3214605202547407
34.53000 5.3224385364782645
34.55000 5.3234161886025557
34.57000 5.3243934769755699
34.59000 5.3253704019447072
34.61000 5.3263469638568468
34.63000 5.3273231630583266
34.65000 5.3282989998949279
34.67000 5.3292744747118785
34.69000 5.3302495878538627
34.71000 5.3312243396650159
34.73000 5.3321987304889316
34.75000 5.3331727606686696
34.77000 5.3341464305467392
34.79000 5.3351197404651352
34.81000 5.3360926907652857
34.83000 5.3370652817881048
34.85000 5.3380375138739646
34.87000 5.3390093873626920
34.89000 5.3399809025935880
34.91000 5.3409520599054341
34.93000 5.3419228596364601
34.95000 5.3428933021243834
34.97000 5.3438633877063797
34.99000 5.3448331167191228
35.01000 5.3458024894987357
35.03000 5.3467715063808310
35.05000 5.3477401677004970
35.07000 5.3487084737923034
35.09000 5.3496764249903013
35.11000 5.3506440216279909
35.13000 5.3516112640383771
35.15000 5.3525781525539546
35.17000 5.3535446875067008
35.19000 5.3545108692280508
35.21000 5.3554766980489266
35.23000 5.3564421742997537
35.25000 5.3574072983104362
35.27000 5.3583720704103728
35.29000 5.3593364909284515
35.31000 5.3603005601930604
35.33000 5.3612642785320537
35.35000 5.3622276462728005
35.37000 5.3631906637421487
35.39000 5.3641533312664400
35.41000 5.3651156491715302
35.43000 5.3660776177827465
35.45000 5.3670392374249491
35.47000 5.3680005084224804
35.49000 5.3689614310991747
35.51000 5.3699220057783812
35.53000 5.3708822327829422
35.55000 5.3718421124352007
35.57000 5.3728016450570264
35.59000 5.3737608309697782
35.61000 5.3747196704943239
35.63000 5.3756781639510400
35.65000 5.3766363116598219
35.67000 5.3775941139400558
35.69000 5.3785515711106440
35.71000 5.3795086834900063
35.73000 5.3804654513960690
35.75000 5.3814218751462866
35.77000 5.3823779550576205
35.79000 5.3833336914465395
35.81000 5.3842890846290272
35.83000 5.3852441349206215
35.85000 5.3861988426363592
35.87000 5.3871532080907807
35.89000 5.3881072315979539
35.91000 5.3890609134714804
35.93000 5.3900142540244840
35.95000 5.3909672535695998
35.97000 5.3919199124189925
35.99000 5.3928722308843611
36.01000 5.3938242092769277
36.03000 5.3947758479074439
36.05000 5.3957271470861761
36.07000 5.3966781071229386
36.09000 5.3976287283270619
36.11000 5.3985790110074134
36.13000 5.3995289554724168
36.15000 5.4004785620300106
36.17000 5.4014278309876653
36.19000 5.4023767626524037
36.21000 5.4033253573307585
36.23000 5.4042736153288331
36.25000 5.4052215369522525
36.27000 5.4061691225061841
36.29000 5.4071163722953290
36.31000 5.4080632866239435
36.33000 5.4090098657958237
36.35000 5.4099561101142974
36.37000 5.4109020198822551
36.39000 5.4118475954021266
36.41000 5.4127928369758767
36.43000 5.4137377449050206
36.45000 5.4146823194906331
36.47000 5.4156265610333367
36.49000 5.4165704698333048
36.51000 5.4175140461902629
36.53000 5.4184572904034782
36.55000 5.4194002027717776
36.57000 5.4203427835935383
36.59000 5.4212850331666935
36.61000 5.4222269517887227
36.63000 5.4231685397566656
36.65000 5.4241097973671391
36.67000 5.4250507249163045
36.69000 5.4259913226998950
36.71000 5.4269315910131919
36.73000 5.4278715301510418
36.75000 5.4288111404078609
36.77000 5.4297504220776256
36.79000 5.4306893754538734
36.81000 5.4316280008297246
36.83000 5.4325662984978251
36.85000 5.4335042687504220
36.87000 5.4344419118793175
36.89000 5.4353792281758846
36.91000 5.4363162179310613
36.93000 5.4372528814353558
36.95000 5.4381892189788497
36.97000 5.4391252308511868
36.99000 5.4400609173416088
37.01000 5.4409962787389174
37.03000 5.4419313153314919
37.05000 5.4428660274072804
37.07000 5.4438004152538033
37.09000 5.4447344791581704
37.11000 5.4456682194070662
37.13000 5.4466016362867578
37.15000 5.4475347300830821
37.17000 5.4484675010814723
37.19000 5.4493999495669421
37.21000 5.4503320758240772
37.23000 5.4512638801370494
37.25000 5.4521953627896105
37.27000 5.4531265240651159
37.29000 5.4540573642464727
37.31000 5.4549878836162158
37.33000 5.4559180824564422
37.35000 5.4568479610488456
37.37000 5.4577775196747043
37.39000 5.4587067586148867
37.41000 5.4596356781498585
37.43000 5.4605642785596791
37.45000 5.4614925601239941
37.47000 5.4624205231220602
37.49000 5.4633481678327014
37.51000 5.4642754945343510
37.53000 5.4652025035050400
37.55000 5.4661291950223907
37.57000 5.4670555693636329
37.59000 5.4679816268055808
37.61000 5.4689073676246585
37.63000 5.4698327920968772
37.65000 5.4707579004978593
37.67000 5.4716826931028297
37.69000 5.4726071701866044
37.71000 5.4735313320236090
37.73000 5.4744551788878741
37.75000 5.4753787110530352
37.77000 5.4763019287923438
37.79000 5.4772248323786448
37.81000 5.4781474220843824
37.83000 5.4790696981816192
37.85000 5.4799916609420301
37.87000 5.4809133106368915
37.89000 5.4818346475370996
37.91000 5.4827556719131518
37.93000 5.4836763840351708
37.95000 5.4845967841728811
37.97000 5.4855168725956229
37.99000 5.4864366495723482
38.01000 5.4873561153716404
38.03000 5.4882752702616884
38.05000 5.4891941145102967
38.07000 5.4901126483848746
38.09000 5.4910308721524785
38.11000 5.4919487860797611
38.13000 5.4928663904330017
38.15000 5.4937836854780953
38.17000 5.4947006714805626
38.19000 5.4956173487055446
38.21000 5.4965337174178037
38.23000 5.4974497778817248
38.25000 5.4983655303613066
38.27000 5.4992809751201905
38.29000 5.5001961124216416
38.31000 5.5011109425285438
38.33000 5.5020254657034160
38.35000 5.5029396822084014
38.37000 5.5038535923052763
38.39000 5.5047671962554414
38.41000 5.5056804943199316
38.43000 5.5065934867594040
38.45000 5.5075061738341500
38.47000 5.5084185558040968
38.49000 5.5093306329288101
38.51000 5.5102424054674879
38.53000 5.5111538736789525
38.55000 5.5120650378216736
38.57000 5.5129758981537353
38.59000 5.5138864549328801
38.61000 5.5147967084164859
38.63000 5.5157066588615606
38.65000 5.5166163065247495
38.67000 5.5175256516623454
38.69000 5.5184346945302707
38.71000 5.5193434353841040
38.73000 5.5202518744790519
38.75000 5.5211600120699771
38.77000 5.5220678484113765
38.79000 5.5229753837573892
38.81000 5.5238826183618031
38.83000 5.5247895524780439
38.85000 5.5256961863591911
38.87000 5.5266025202579669
38.89000 5.5275085544267517
38.91000 5.5284142891175607
38.93000 5.5293197245820549
38.95000 5.5302248610715603
38.97000 5.5311296988370398
38.99000 5.5320342381291070
39.01000 5.5329384791980276
39.03000 5.5338424222937252
39.05000 5.5347460676657718
39.07000 5.5356494155633893
39.09000 5.5365524662354622
39.11000 5.5374552199305178
39.13000 5.5383576768967453
39.15000 5.5392598373819943
39.17000 5.5401617016337745
39.19000 5.5410632698992419
39.21000 5.5419645424252257
39.23000 5.5428655194582044
39.25000 5.5437662012443143
39.27000 5.5446665880293606
39.29000 5.5455666800588057
39.31000 5.5464664775777539
39.33000 5.5473659808309925
39.35000 5.5482651900629634
39.37000 5.5491641055177796
39.39000 5.5500627274392125
39.41000 5.5509610560706930
39.43000 5.5518590916553263
39.45000 5.5527568344358773
39.47000 5.5536542846547734
39.49000 5.5545514425541080
39.51000 5.5554483083756550
39.53000 5.5563448823608459
39.55000 5.5572411647507840
39.57000 5.5581371557862482
39.59000 5.5590328557076818
39.61000 5.5599282647552046
39.63000 5.5608233831686151
39.65000 5.5617182111873715
39.67000 5.5626127490506043
39.69000 5.5635069969971225
39.71000 5.5644009552654055
39.73000 5.5652946240936076
39.75000 5.5661880037195681
39.77000 5.5670810943807973
39.79000 5.5679738963144816
39.81000 5.5688664097574794
39.83000 5.5697586349463375
39.85000 5.5706505721172750
39.87000 5.5715422215061912
39.89000 5.5724335833486673
39.91000 5.5733246578799616
39.93000 5.5742154453350015
39.95000 5.5751059459484207
39.97000 5.5759961599545171
39.99000 5.5768860875872797
40.01000 5.5777757290803747
40.03000 5.5786650846671515
40.05000 5.5795541545806504
40.07000 5.5804429390535875
40.09000 5.5813314383183732
40.11000 5.5822196526071073
40.13000 5.5831075821515768
40.15000 5.5839952271832445
40.17000 5.5848825879332695
40.19000 5.5857696646324984
40.21000 5.5866564575114657
40.23000 5.5875429668003962
40.25000 5.5884291927292109
40.27000 5.5893151355275208
40.29000 5.5902007954246180
40.31000 5.5910861726494989
40.33000 5.5919712674308437
40.35000 5.5928560799970324
40.37000 5.5937406105761429
40.39000 5.5946248593959371
40.41000 5.5955088266838766
40.43000 5.5963925126671166
40.45000 5.5972759175725191
40.47000 5.5981590416266300
40.49000 5.5990418850556951
40.51000 5.5999244480856625
40.53000 5.6008067309421774
40.55000 5.6016887338505814
40.57000 5.6025704570359265
40.59000 5.6034519007229528
40.61000 5.6043330651361076
40.63000 5.6052139504995386
40.65000 5.6060945570370890
40.67000 5.6069748849723204
40.69000 5.6078549345284792
40.71000 5.6087347059285344
40.73000 5.6096141993951409
40.75000 5.6104934151506649
40.77000 5.6113723534171829
40.79000 5.6122510144164739
40.81000 5.6131293983700203
40.83000 5.6140075054990106
40.85000 5.6148853360243534
40.87000 5.6157628901666508
40.89000 5.6166401681462164
40.91000 5.6175171701830777
40.93000 5.6183938964969684
40.95000 5.6192703473073360
40.97000 5.6201465228333358
40.99000 5.6210224232938408
41.01000 5.6218980489074237
41.03000 5.6227733998923792
41.05000 5.6236484764667054
41.07000 5.6245232788481250
41.09000 5.6253978072540676
41.11000 5.6262720619016813
41.13000 5.6271460430078344
41.15000 5.6280197507891021
41.17000 5.6288931854617683
41.19000 5.6297663472418424
41.21000 5.6306392363450506
41.23000 5.6315118529868444
41.25000 5.6323841973823860
41.27000 5.6332562697465551
41.29000 5.6341280702939605
41.31000 5.6349995992389177
41.33000 5.6358708567954672
41.35000 5.6367418431773650
41.37000 5.6376125585980983
41.39000 5.6384830032708724
41.41000 5.6393531774086139
41.43000 5.6402230812239722
41.45000 5.6410927149293233
41.47000 5.6419620787367650
41.49000 5.6428311728581173
41.51000 5.6436999975049273
41.53000 5.6445685528884724
41.55000 5.6454368392197498
41.57000 5.6463048567094836
41.59000 5.6471726055681222
41.61000 5.6480400860058433
41.63000 5.6489072982325554
41.65000 5.6497742424578945
41.67000 5.6506409188912201
41.69000 5.6515073277416290
41.71000 5.6523734692179426
41.73000 5.6532393435287176
41.75000 5.6541049508822363
41.77000 5.6549702914865172
41.79000 5.6558353655493034
41.81000 5.6567001732780753
41.83000 5.6575647148800368
41.85000 5.6584289905621450
41.87000 5.6592930005310782
41.89000 5.6601567449932491
41.91000 5.6610202241548082
41.93000 5.6618834382216301
41.95000 5.6627463873993404
41.97000 5.6636090718932941
41.99000 5.6644714919085857
42.01000 5.6653336476500451
42.03000 5.6661955393222367
42.05000 5.6670571671294674
42.07000 5.6679185312757765
42.09000 5.6687796319649504
42.11000 5.6696404694005054
42.13000 5.6705010437857082
42.15000 5.6713613553235627
42.17000 5.6722214042168080
42.19000 5.6730811906679319
42.21000 5.6739407148791656
42.23000 5.6747999770524782
42.25000 5.6756589773895740
42.27000 5.6765177160919142
42.29000 5.6773761933606952
42.31000 5.6782344093968646
42.33000 5.6790923644011055
42.35000 5.6799500585738585
42.37000 5.6808074921153029
42.39000 5.6816646652253624
42.41000 5.6825215781037057
42.43000 5.6833782309497556
42.45000 5.6842346239626744
42.47000 5.6850907573413823
42.49000 5.6859466312845370
42.51000 5.6868022459905463
42.53000 5.6876576016575751
42.55000 5.6885126984835290
42.57000 5.6893675366660696
42.59000 5.6902221164026132
42.61000 5.6910764378903185
42.63000 5.6919305013260937
42.65000 5.6927843069066100
42.67000 5.6936378548282791
42.69000 5.6944911452872695
42.71000 5.6953441784795080
42.73000 5.6961969546006666
42.75000 5.6970494738461754
42.77000 5.6979017364112128
42.79000 5.6987537424907222
42.81000 5.6996054922793977
42.83000 5.7004569859716900
42.85000 5.7013082237618118
42.87000 5.7021592058437189
42.89000 5.7030099324111383
42.91000 5.7038604036575427
42.93000 5.7047106197761686
42.95000 5.7055605809600110
42.97000 5.7064102874018241
42.99000 5.7072597392941224
43.01000 5.7081089368291815
43.03000 5.7089578801990326
43.05000 5.7098065695954716
43.07000 5.7106550052100467
43.09000 5.7115031872340811
43.11000 5.7123511158586515
43.13000 5.7131987912745981
43.15000 5.7140462136725283
43.17000 5.7148933832427993
43.19000 5.7157403001755442
43.21000 5.7165869646606575
43.23000 5.7174333768877963
43.25000 5.7182795370463824
43.27000 5.7191254453256022
43.29000 5.7199711019144033
43.31000 5.7208165070015067
43.33000 5.7216616607753963
43.35000 5.7225065634243260
43.37000 5.7233512151363142
43.39000 5.7241956160991476
43.41000 5.7250397665003803
43.43000 5.7258836665273378
43.45000 5.7267273163671106
43.47000 5.7275707162065617
43.49000 5.7284138662323247
43.51000 5.7292567666308001
43.53000 5.7300994175881534
43.55000 5.7309418192903347
43.57000 5.7317839719230550
43.59000 5.7326258756717978
43.61000 5.7334675307218168
43.63000 5.7343089372581497
43.65000 5.7351500954655918
43.67000 5.7359910055287227
43.69000 5.7368316676318880
43.71000 5.7376720819592162
43.73000 5.7385122486945992
43.75000 5.7393521680217079
43.77000 5.7401918401239937
43.79000 5.7410312651846738
43.81000 5.7418704433867545
43.83000 5.7427093749130105
43.85000 5.7435480599459945
43.87000 5.7443864986680389
43.89000 5.7452246912612503
43.91000 5.7460626379075119
43.93000 5.7469003387884880
43.95000 5.7477377940856194
43.97000 5.7485750039801271
43.99000 5.7494119686530167
44.01000 5.7502486882850627
44.03000 5.7510851630568274
44.05000 5.7519213931486579
44.07000 5.7527573787406725
44.09000 5.7535931200127788
44.11000 5.7544286171446570
44.13000 5.7552638703157770
44.15000 5.7560988797053838
44.17000 5.7569336454925146
44.19000 5.7577681678559829
44.21000 5.7586024469743888
44.23000 5.7594364830261169
44.25000 5.7602702761893347
44.27000 5.7611038266419943
44.29000 5.7619371345618351
44.31000 5.7627702001263819
44.33000 5.7636030235129425
44.35000 5.7644356048986110
44.37000 5.7652679444602688
44.39000 5.7661000423745872
44.41000 5.7669318988180169
44.43000 5.7677635139668118
44.45000 5.7685948879969988
44.47000 5.7694260210844011
44.49000 5.7702569134046273
44.51000 5.7710875651330698
44.53000 5.7719179764449207
44.55000 5.7727481475151547
44.57000 5.7735780785185389
44.59000 5.7744077696296321
44.61000 5.7752372210227847
44.63000 5.7760664328721365
44.65000 5.7768954053516159
44.67000 5.7777241386349480
44.69000 5.7785526328956456
44.71000 5.7793808883070188
44.73000 5.7802089050421719
44.75000 5.7810366832739968
44.77000 5.7818642231751829
44.79000 5.7826915249182118
44.81000 5.7835185886753600
44.83000 5.7843454146186986
44.85000 5.7851720029200964
44.87000 5.7859983537512152
44.89000 5.7868244672835125
44.91000 5.7876503436882478
44.93000 5.7884759831364665
44.95000 5.7893013857990194
44.97000 5.7901265518465488
44.99000 5.7909514814495013
45.01000 5.7917761747781116
45.03000 5.7926006320024195
45.05000 5.7934248532922625
45.07000 5.7942488388172748
45.09000 5.7950725887468924
45.11000 5.7958961032503549
45.13000 5.7967193824966952
45.15000 5.7975424266547479
45.17000 5.7983652358931481
45.19000 5.7991878103803334
45.21000 5.8000101502845398
45.23000 5.8008322557738072
45.25000 5.8016541270159765
45.27000 5.8024757641786886
45.29000 5.8032971674293909
45.31000 5.8041183369353320
45.33000 5.8049392728635620
45.35000 5.8057599753809326
45.37000 5.8065804446541085
45.39000 5.8074006808495513
45.41000 5.8082206841335307
45.43000 5.8090404546721164
45.45000 5.8098599926311865
45.47000 5.8106792981764226
45.49000 5.8114983714733173
45.51000 5.8123172126871632
45.53000 5.8131358219830664
45.55000 5.8139541995259290
45.57000 5.8147723454804687
45.59000 5.8155902600112137
45.61000 5.8164079432824920
45.63000 5.8172253954584443
45.65000 5.8180426167030204
45.67000 5.8188596071799736
45.69000 5.8196763670528684
45.71000 5.8204928964850806
45.73000 5.8213091956397927
45.75000 5.8221252646800004
45.77000 5.8229411037685095
45.79000 5.8237567130679349
45.81000 5.8245720927407048
45.83000 5.8253872429490530
45.85000 5.8262021638550330
45.87000 5.8270168556205055
45.89000 5.8278313184071457
45.91000 5.8286455523764404
45.93000 5.8294595576896855
45.95000 5.8302733345079973
45.97000 5.8310868829923006
45.99000 5.8319002033033369
46.01000 5.8327132956016525
46.03000 5.8335261600476205
46.05000 5.8343387968014229
46.07000 5.8351512060230579
46.09000 5.8359633878723383
46.11000 5.8367753425088926
46.13000 5.8375870700921624
46.15000 5.8383985707814094
46.17000 5.8392098447357057
46.19000 5.8400208921139516
46.21000 5.8408317130748548
46.23000 5.8416423077769410
46.25000 5.8424526763785574
46.27000 5.8432628190378635
46.29000 5.8440727359128450
46.31000 5.8448824271613002
46.33000 5.8456918929408497
46.35000 5.8465011334089292
46.37000 5.8473101487227908
46.39000 5.8481189390395150
46.41000 5.8489275045159976
46.43000 5.8497358453089561
46.45000 5.8505439615749282
46.47000 5.8513518534702742
46.49000 5.8521595211511741
46.51000 5.8529669647736311
46.53000 5.8537741844934663
46.55000 5.8545811804663277
46.57000 5.8553879528476811
46.59000 5.8561945017928183
46.61000 5.8570008274568535
46.63000 5.8578069299947257
46.65000 5.8586128095611967
46.67000 5.8594184663108502
46.69000 5.8602239003980952
46.71000 5.8610291119771682
46.73000 5.8618341012021222
46.75000 5.8626388682268384
46.77000 5.8634434132050268
46.79000 5.8642477362902179
46.81000 5.8650518376357699
46.83000 5.8658557173948704
46.85000 5.8666593757205305
46.87000 5.8674628127655870
46.89000 5.8682660286827044
46.91000 5.8690690236243768
46.93000 5.8698717977429222
46.95000 5.8706743511904902
46.97000 5.8714766841190542
46.99000 5.8722787966804182
47.01000 5.8730806890262155
47.03000 5.8738823613079063
47.05000 5.8746838136767776
47.07000 5.8754850462839494
47.09000 5.8762860592803756
47.11000 5.8770868528168316
47.13000 5.8778874270439285
47.15000 5.8786877821121069
47.17000 5.8794879181716375
47.19000 5.8802878353726236
47.21000 5.8810875338649966
47.23000 5.8818870137985249
47.25000 5.8826862753228006
47.27000 5.8834853185872582
47.29000 5.8842841437411524
47.31000 5.8850827509335799
47.33000 5.8858811403134670
47.35000 5.8866793120295755
47.37000 5.8874772662304977
47.39000 5.8882750030646624
47.41000 5.8890725226803289
47.43000 5.8898698252255937
47.45000 5.8906669108483847
47.47000 5.8914637796964699
47.49000 5.8922604319174461
47.51000 5.8930568676587489
47.53000 5.8938530870676500
47.55000 5.8946490902912547
47.57000 5.8954448774765069
47.59000 5.8962404487701834
47.61000 5.8970358043189020
47.63000 5.8978309442691144
47.65000 5.8986258687671063
47.67000 5.8994205779590132
47.69000 5.9002150719907966
47.71000 5.9010093510082582
47.73000 5.9018034151570360
47.75000 5.9025972645826128
47.77000 5.9033908994303061
47.79000 5.9041843198452710
47.81000 5.9049775259725061
47.83000 5.9057705179568494
47.85000 5.9065632959429744
47.87000 5.9073558600753930
47.89000 5.9081482104984611
47.91000 5.9089403473563751
47.93000 5.9097322707931692
47.95000 5.9105239809527221
47.97000 5.9113154779787509
47.99000 5.9121067620148162
48.01000 5.9128978332043181
48.03000 5.9136886916905000
48.05000 5.9144793376164522
48.07000 5.9152697711250974
48.09000 5.9160599923592079
48.11000 5.9168500014613992
48.13000 5.9176397985741245
48.15000 5.9184293838396895
48.17000 5.9192187574002366
48.19000 5.9200079193977535
48.21000 5.9207968699740716
48.23000 5.9215856092708705
48.25000 5.9223741374296717
48.27000 5.9231624545918367
48.29000 5.9239505608985787
48.31000 5.9247384564909575
48.33000 5.9255261415098701
48.35000 5.9263136160960679
48.37000 5.9271008803901433
48.39000 5.9278879345325350
48.41000 5.9286747786635319
48.43000 5.9294614129232661
48.45000 5.9302478374517174
48.47000 5.9310340523887142
48.49000 5.9318200578739333
48.51000 5.9326058540469004
48.53000 5.9333914410469832
48.55000 5.9341768190134028
48.57000 5.9349619880852273
48.59000 5.9357469484013752
48.61000 5.9365317001006082
48.63000 5.9373162433215425
48.65000 5.9381005782026444
48.67000 5.9388847048822271
48.69000 5.9396686234984513
48.71000 5.9404523341893336
48.73000 5.9412358370927381
48.75000 5.9420191323463802
48.77000 5.9428022200878274
48.79000 5.9435851004544942
48.81000 5.9443677735836520
48.83000 5.9451502396124143
48.85000 5.9459324986777569
48.87000 5.9467145509165009
48.89000 5.9474963964653220
48.91000 5.9482780354607501
48.93000 5.9490594680391649
48.95000 5.9498406943367979
48.97000 5.9506217144897366
48.99000 5.9514025286339223
49.01000 5.9521831369051457
49.03000 5.9529635394390530
49.05000 5.9537437363711483
49.07000 5.9545237278367829
49.09000 5.9553035139711712
49.11000 5.9560830949093759
49.13000 5.9568624707863158
49.15000 5.9576416417367621
49.17000 5.9584206078953494
49.19000 5.9591993693965604
49.21000 5.9599779263747346
49.23000 5.9607562789640713
49.25000 5.9615344272986226
49.27000 5.9623123715122963
49.29000 5.9630901117388575
49.31000 5.9638676481119299
49.33000 5.9646449807649935
49.35000 5.9654221098313878
49.37000 5.9661990354443066
49.39000 5.9669757577368028
49.41000 5.9677522768417868
49.43000 5.9685285928920253
49.45000 5.9693047060201465
49.47000 5.9700806163586320
49.49000 5.9708563240398318
49.51000 5.9716318291959469
49.53000 5.9724071319590406
49.55000 5.9731822324610340
49.57000 5.9739571308337069
49.59000 5.9747318272087018
49.61000 5.9755063217175222
49.63000 5.9762806144915288
49.65000 5.9770547056619465
49.67000 5.9778285953598589
49.69000 5.9786022837162083
49.71000 5.9793757708618003
49.73000 5.9801490569273019
49.75000 5.9809221420432426
49.77000 5.9816950263400113
49.79000 5.9824677099478594
49.81000 5.9832401929969015
49.83000 5.9840124756171162
49.85000 5.9847845579383403
49.87000 5.9855564400902779
49.89000 5.9863281222024911
49.91000 5.9870996044044089
49.93000 5.9878708868253225
49.95000 5.9886419695943891
49.97000 5.9894128528406254
49.99000 5.9901835366929115
50.01000 5.9909540212799994
50.03000 5.9917243067305002
50.05000 5.9924943931728860
50.07000 5.9932642807355005
50.09000 5.9940339695465568
50.11000 5.9948034597341051
50.13000 5.9955727514261472
50.15000 5.9963418447502503
50.17000 5.9971107398349632
50.19000 5.9978794368045358
50.21000 5.9986479357986449
50.23000 5.9994162368986634
50.25000 6.0001843404033250
