0.25000 0.0000000000000000
0.27000 0.0151279377398687
0.29000 0.0299603727065271
0.31000 0.0445251236846225
0.33000 0.0588439209758159
0.35000 0.0729359004284568
0.37000 0.0868175077295265
0.39000 0.1005031552856229
0.41000 0.1140055317265029
0.43000 0.1273358972312293
0.45000 0.1405043042999204
0.47000 0.1535197787445927
0.49000 0.1663904645410813
0.51000 0.1791237452489994
0.53000 0.1917263440381649
0.55000 0.2042044038646863
0.57000 0.2165635584156973
0.59000 0.2288089965066729
0.61000 0.2409455009884350
0.63000 0.2529775032884281
0.65000 0.2649091154590522
0.67000 0.2767441619861494
0.69000 0.2884862095669822
0.71000 0.3001385929742972
0.73000 0.3117044338517469
0.75000 0.3231866597325328
0.77000 0.3345880213750210
0.79000 0.3459111111411881
0.81000 0.3571583733873162
0.83000 0.3683321158952701
0.85000 0.3794345206529780
0.87000 0.3904676576269488
0.89000 0.4014334834746767
0.91000 0.4123338647400691
0.93000 0.4231705647197975
0.95000 0.4339452676491474
0.97000 0.4446595823373656
0.99000 0.4553150387336746
1.01000 0.4659130959583860
1.03000 0.4764551511985951
1.05000 0.4869425422472997
1.07000 0.4973765473559372
1.09000 0.5077583899123465
1.11000 0.5180892429728765
1.13000 0.5283702333630883
1.15000 0.5386024449202459
1.17000 0.5487869195332632
1.19000 0.5589246586135327
1.21000 0.5690166255601046
1.23000 0.5790637478994000
1.25000 0.5890669190097829
1.27000 0.5990270001941238
1.29000 0.6089448224326857
1.31000 0.6188211885627540
1.33000 0.6286568744858367
1.35000 0.6384526295580401
1.37000 0.6482091785254733
1.39000 0.6579272220245804
1.41000 0.6676074382892804
1.43000 0.6772504840683462
1.45000 0.6868569956927605
1.47000 0.6964275899764647
1.49000 0.7059628657477254
1.51000 0.7154634021813978
1.53000 0.7249297643315897
1.55000 0.7343624973018669
1.57000 0.7437621329247509
1.59000 0.7531291878978998
1.61000 0.7624641626222177
1.63000 0.7717675451110809
1.65000 0.7810398104350440
1.67000 0.7902814194212915
1.69000 0.7994928205057693
1.71000 0.8086744516634649
1.73000 0.8178267391048248
1.75000 0.8269500972254764
1.77000 0.8360449296354167
1.79000 0.8451116307001957
1.81000 0.8541505853417654
1.83000 0.8631621684793692
1.85000 0.8721467454088141
1.87000 0.8811046724956028
1.89000 0.8900362982447285
1.91000 0.8989419634736224
1.93000 0.9078220005816693
1.95000 0.9166767339876738
1.97000 0.9255064805235514
1.99000 0.9343115499973136
2.01000 0.9430922458132710
2.03000 0.9518488649110964
2.05000 0.9605816976418277
2.07000 0.9692910277332488
2.09000 0.9779771326439570
2.11000 0.9866402839617524
2.13000 0.9952807470148288
2.15000 1.0038987826230077
2.17000 1.0124946453737536
2.19000 1.0210685858296746
2.21000 1.0296208487626028
2.23000 1.0381516737085947
2.25000 1.0466612960598562
2.27000 1.0551499460574165
2.29000 1.0636178489721873
2.31000 1.0720652264231478
2.33000 1.0804922958015690
2.35000 1.0888992699593916
2.37000 1.0972863579918943
2.39000 1.1056537656500138
2.41000 1.1140016943890056
2.43000 1.1223303414268451
2.45000 1.1306399006260615
2.47000 1.1389305628179422
2.49000 1.1472025149284564
2.51000 1.1554559402520517
2.53000 1.1636910189436498
2.55000 1.1719079284352314
2.57000 1.1801068431731918
2.59000 1.1882879343515604
2.61000 1.1964513701758206
2.63000 1.2045973159831480
2.65000 1.2127259346871420
2.67000 1.2208373863730444
2.69000 1.2289318283931869
2.71000 1.2370094151870703
2.73000 1.2450702986935356
2.75000 1.2531146282029617
2.77000 1.2611425514578407
2.79000 1.2691542132038229
2.81000 1.2771497561674483
2.83000 1.2851293203248382
2.85000 1.2930930434436516
2.87000 1.3010410616711225
2.89000 1.3089735089648373
2.91000 1.3168905172152230
2.93000 1.3247922165464425
2.95000 1.3326787346088915
2.97000 1.3405501969925671
2.99000 1.3484067278391534
3.01000 1.3562484491763722
3.03000 1.3640754812646860
3.05000 1.3718879429361066
3.07000 1.3796859513060178
3.09000 1.3874696215321802
3.11000 1.3952390669342274
3.13000 1.4029943994207501
3.15000 1.4107357293904186
3.17000 1.4184631653787412
3.19000 1.4261768145025107
3.21000 1.4338767827457730
3.23000 1.4415631747118287
3.25000 1.4492360933238417
3.27000 1.4568956400276578
3.29000 1.4645419148042733
3.31000 1.4721750164432044
3.33000 1.4797950423848552
3.35000 1.4874020887121537
3.37000 1.4949962500081841
3.39000 1.5025776200671315
3.41000 1.5101462913826429
3.43000 1.5177023554427311
3.45000 1.5252459021416100
3.47000 1.5327770201574484
3.49000 1.5402957971888234
3.51000 1.5478023197219708
3.53000 1.5552966733178617
3.55000 1.5627789425109373
3.57000 1.5702492104551204
3.59000 1.5777075593197964
3.61000 1.5851540705020446
3.63000 1.5925888243834991
3.65000 1.6000119004110309
3.67000 1.6074233771179558
3.69000 1.6148233319284058
3.71000 1.6222118411625013
3.73000 1.6295889804225829
3.75000 1.6369548244489762
3.77000 1.6443094470517423
3.79000 1.6516529211586246
3.81000 1.6589853189775960
3.83000 1.6663067117682395
3.85000 1.6736171698686659
3.87000 1.6809167628103157
3.89000 1.6882055596355459
3.91000 1.6954836286324451
3.93000 1.7027510371451864
3.95000 1.7100078516586010
3.97000 1.7172541380563893
3.99000 1.7244899613214477
4.01000 1.7317153857908145
4.03000 1.7389304748722740
4.05000 1.7461352914945656
4.07000 1.7533298979903698
4.09000 1.7605143559319425
4.11000 1.7676887262259713
4.13000 1.7748530689953514
4.15000 1.7820074438674360
4.17000 1.7891519098660229
4.19000 1.7962865252680256
4.21000 1.8034113478155123
4.23000 1.8105264346637993
4.25000 1.8176318422973479
4.27000 1.8247276268154948
4.29000 1.8318138436748586
4.31000 1.8388905475544155
4.33000 1.8459577925238493
4.35000 1.8530156322027986
4.37000 1.8600641195983649
4.39000 1.8671033072569594
4.41000 1.8741332473200252
4.43000 1.8811539913347368
4.45000 1.8881655902216834
4.47000 1.8951680943596514
4.49000 1.9021615538218395
4.51000 1.9091460181980078
4.53000 1.9161215364740742
4.55000 1.9230881571752749
4.57000 1.9300459283460480
4.59000 1.9369948975582241
4.61000 1.9439351117881249
4.63000 1.9508666177914593
4.65000 1.9577894619594871
4.67000 1.9647036902096531
4.69000 1.9716093478363250
4.71000 1.9785064797045582
4.73000 1.9853951303165294
4.75000 1.9922753437124674
4.77000 1.9991471635727744
4.79000 2.0060106331175103
4.81000 2.0128657951407525
4.83000 2.0197126921986279
4.85000 2.0265513663596284
4.87000 2.0333818592177964
4.89000 2.0402042120799146
4.91000 2.0470184658790589
4.93000 2.0538246612702182
4.95000 2.0606228385870566
4.97000 2.0674130377098803
4.99000 2.0741952980639908
5.01000 2.0809696587867386
5.03000 2.0877361587103871
5.05000 2.0944948362343188
5.07000 2.1012457294378346
5.09000 2.1079888761284344
5.11000 2.1147243137695511
5.13000 2.1214520794972924
5.15000 2.1281722102038811
5.17000 2.1348847424652755
5.19000 2.1415897124136434
5.21000 2.1482871558819507
5.23000 2.1549771083866598
5.25000 2.1616596052687802
5.27000 2.1683346815119142
5.29000 2.1750023718250304
5.31000 2.1816627105813340
5.33000 2.1883157318525681
5.35000 2.1949614694189932
5.37000 2.2015999567401057
5.39000 2.2082312271155451
5.41000 2.2148553135756970
5.43000 2.2214722488056324
5.45000 2.2280820652440427
5.47000 2.2346847950703190
5.49000 2.2412804702773053
5.51000 2.2478691226917333
5.53000 2.2544507837797076
5.55000 2.2610254846886595
5.57000 2.2675932563673338
5.59000 2.2741541294556944
5.61000 2.2807081343264417
5.63000 2.2872553011791337
5.65000 2.2937956599732257
5.67000 2.3003292404684372
5.69000 2.3068560722594094
5.71000 2.3133761846461667
5.73000 2.3198896066084700
5.75000 2.3263963669024803
5.77000 2.3328964941090211
5.79000 2.3393900166617265
5.81000 2.3458769627549874
5.83000 2.3523573603761694
5.85000 2.3588312372156661
5.87000 2.3652986207906652
5.89000 2.3717595384042109
5.91000 2.3782140172427484
5.93000 2.3846620842273061
5.95000 2.3911037660792829
5.97000 2.3975390893297237
5.99000 2.4039680803170151
6.01000 2.4103907652349803
6.03000 2.4168071699825902
6.05000 2.4232173202130283
6.07000 2.4296212414289404
6.09000 2.4360189589260970
6.11000 2.4424104978631997
6.13000 2.4487958832932057
6.15000 2.4551751400723179
6.17000 2.4615482928926462
6.19000 2.4679153662258941
6.21000 2.4742763843208357
6.23000 2.4806313712988168
6.25000 2.4869803511837665
6.27000 2.4933233477505587
6.29000 2.4996603845968730
6.31000 2.5059914851961627
6.33000 2.5123166728463371
6.35000 2.5186359706528436
6.37000 2.5249494016057596
6.39000 2.5312569885004375
6.41000 2.5375587539323883
6.43000 2.5438547203816855
6.45000 2.5501449102169929
6.47000 2.5564293455818623
6.49000 2.5627080485010851
6.51000 2.5689810408704941
6.53000 2.5752483444872394
6.55000 2.5815099809372541
6.57000 2.5877659716358403
6.59000 2.5940163378503347
6.61000 2.6002611006445853
6.63000 2.6065002809734668
6.65000 2.6127338996718477
6.67000 2.6189619774843025
6.69000 2.6251845350156002
6.71000 2.6314015927046448
6.73000 2.6376131708829251
6.75000 2.6438192897916890
6.77000 2.6500199695009274
6.79000 2.6562152299270214
6.81000 2.6624050908853696
6.83000 2.6685895720579604
6.85000 2.6747686929915546
6.87000 2.6809424730989946
6.89000 2.6871109316235917
6.91000 2.6932740877110088
6.93000 2.6994319603994437
6.95000 2.7055845685752522
6.97000 2.7117319310214643
6.99000 2.7178740664545877
7.01000 2.7240109934579730
7.03000 2.7301427304582919
7.05000 2.7362692957349557
7.07000 2.7423907074343297
7.09000 2.7485069836104619
7.11000 2.7546181422830052
7.13000 2.7607242013407771
7.15000 2.7668251785551194
7.17000 2.7729210915728495
7.19000 2.7790119579823389
7.21000 2.7850977952351781
7.23000 2.7911786206285747
7.25000 2.7972544514092075
7.27000 2.8033253046970454
7.29000 2.8093911975062951
7.31000 2.8154521467287066
7.33000 2.8215081691554120
7.35000 2.8275592814930945
7.37000 2.8336055003304792
7.39000 2.8396468421625900
7.41000 2.8456833234268233
7.43000 2.8517149604465790
7.45000 2.8577417694082352
7.47000 2.8637637663967941
7.49000 2.8697809674239827
7.51000 2.8757933884369198
7.53000 2.8818010453081917
7.55000 2.8878039537998399
7.57000 2.8938021295649690
7.59000 2.8997955881669388
7.61000 2.9057843450701650
7.63000 2.9117684156184436
7.65000 2.9177478150582443
7.67000 2.9237225585736901
7.69000 2.9296926612653773
7.71000 2.9356581381275912
7.73000 2.9416190041043073
7.75000 2.9475752740582015
7.77000 2.9535269627778948
7.79000 2.9594740849384449
7.81000 2.9654166551061683
7.83000 2.9713546877677093
7.85000 2.9772881973490595
7.87000 2.9832171982316780
7.89000 2.9891417046623912
7.91000 2.9950617307798986
7.93000 3.0009772906609000
7.95000 3.0068883983340209
7.97000 3.0127950677762310
7.99000 3.0186973128794183
8.01000 3.0245951474585375
8.03000 3.0304885852570447
8.05000 3.0363776399308984
8.07000 3.0422623250494794
8.09000 3.0481426541163787
8.11000 3.0540186405493817
8.13000 3.0598902976796527
8.15000 3.0657576387776819
8.17000 3.0716206770472660
8.19000 3.0774794256106515
8.21000 3.0833338975212272
8.23000 3.0891841057587706
8.25000 3.0950300632480174
8.27000 3.1008717828718115
8.29000 3.1067092773999954
8.31000 3.1125425595072240
8.33000 3.1183716417911636
8.35000 3.1241965368022719
8.37000 3.1300172570382299
8.39000 3.1358338149636023
8.41000 3.1416462229758855
8.43000 3.1474544934022819
8.45000 3.1532586384875589
8.47000 3.1590586704220396
8.49000 3.1648546013437961
8.51000 3.1706464433051109
8.53000 3.1764342083083146
8.55000 3.1822179083014808
8.57000 3.1879975551431672
8.59000 3.1937731606494721
8.61000 3.1995447365882996
8.63000 3.2053122946459540
8.65000 3.2110758464202385
8.67000 3.2168354034253923
8.69000 3.2225909771433585
8.71000 3.2283425790364384
8.73000 3.2340902205027109
8.75000 3.2398339128764095
8.77000 3.2455736674381410
8.79000 3.2513094954116246
8.81000 3.2570414079723196
8.83000 3.2627694162371075
8.85000 3.2684935312710852
8.87000 3.2742137640748368
8.89000 3.2799301255964308
8.91000 3.2856426267178911
8.93000 3.2913512782634284
8.95000 3.2970560909759841
8.97000 3.3027570755416682
8.99000 3.3084542426211407
9.01000 3.3141476028585779
9.03000 3.3198371668386044
9.05000 3.3255229450877493
9.07000 3.3312049480758494
9.09000 3.3368831862223205
9.11000 3.3425576699001289
9.13000 3.3482284094246850
9.15000 3.3538954150563010
9.17000 3.3595586969871003
9.19000 3.3652182653474196
9.21000 3.3708741302413285
9.23000 3.3765263017453719
9.25000 3.3821747898844854
9.27000 3.3878196046507543
9.29000 3.3934607559817054
9.31000 3.3990982537434160
9.33000 3.4047321077399229
9.35000 3.4103623277382642
9.37000 3.4159889234743082
9.39000 3.4216119046290263
9.41000 3.4272312808329017
9.43000 3.4328470616854285
9.45000 3.4384592567396193
9.47000 3.4440678754958007
9.49000 3.4496729274096340
9.51000 3.4552744218873577
9.53000 3.4608723682638325
9.55000 3.4664667758420875
9.57000 3.4720576538940304
9.59000 3.4776450116529318
9.61000 3.4832288583126867
9.63000 3.4888092030365065
9.65000 3.4943860549318955
9.67000 3.4999594230717501
9.69000 3.5055293164955197
9.71000 3.5110957441867550
9.73000 3.5166587150977371
9.75000 3.5222182381537710
9.77000 3.5277743222478186
9.79000 3.5333269762128521
9.81000 3.5388762088280692
9.83000 3.5444220288432065
9.85000 3.5499644449735772
9.87000 3.5555034658892644
9.89000 3.5610391002250972
9.91000 3.5665713565641171
9.93000 3.5721002434451106
9.95000 3.5776257693607292
9.97000 3.5831479427614599
9.99000 3.5886667720700665
10.01000 3.5941822656833264
10.03000 3.5996944319703865
10.05000 3.6052032792655822
10.07000 3.6107088158537972
10.09000 3.6162110499891029
10.11000 3.6217099899023815
10.13000 3.6272056437844769
10.15000 3.6326980197724614
10.17000 3.6381871259626979
10.19000 3.6436729704087099
10.21000 3.6491555611354869
10.23000 3.6546349061376051
10.25000 3.6601110133881729
10.27000 3.6655838908218370
10.29000 3.6710535463391749
10.31000 3.6765199878085633
10.33000 3.6819832230600706
10.35000 3.6874432599031230
10.37000 3.6929001060987883
10.39000 3.6983537693563666
10.41000 3.7038042573541530
10.43000 3.7092515777565196
10.45000 3.7146957382018044
10.47000 3.7201367462820132
10.49000 3.7255746095621034
10.51000 3.7310093355877023
10.53000 3.7364409318696188
10.55000 3.7418694058762152
10.57000 3.7472947650401744
10.59000 3.7527170167667174
10.61000 3.7581361684399459
10.63000 3.7635522274076814
10.65000 3.7689652009900954
10.67000 3.7743750964727614
10.69000 3.7797819211014554
10.71000 3.7851856820956078
10.73000 3.7905863866509391
10.75000 3.7959840419243505
10.77000 3.8013786550509852
10.79000 3.8067702331514597
10.81000 3.8121587832932020
10.83000 3.8175443125057602
10.85000 3.8229268278011856
10.87000 3.8283063361799807
10.89000 3.8336828446009874
10.91000 3.8390563599929415
10.93000 3.8444268892521656
10.95000 3.8497944392487478
10.97000 3.8551590168382637
10.99000 3.8605206288408351
11.01000 3.8658792820478665
11.03000 3.8712349832302948
11.05000 3.8765877391222792
11.07000 3.8819375564353207
11.09000 3.8872844418549541
11.11000 3.8926284020501334
11.13000 3.8979694436508097
11.15000 3.9033075732451477
11.17000 3.9086427974111961
11.19000 3.9139751226967330
11.21000 3.9193045556100787
11.23000 3.9246311026266629
11.25000 3.9299547701877380
11.27000 3.9352755647196855
11.29000 3.9405934926468333
11.31000 3.9459085603705248
11.33000 3.9512207742688883
11.35000 3.9565301407039333
11.37000 3.9618366660139954
11.39000 3.9671403565087253
11.41000 3.9724412184642635
11.43000 3.9777392581119493
11.45000 3.9830344816793843
11.47000 3.9883268953773503
11.49000 3.9936165053917128
11.51000 3.9989033178730242
11.53000 4.0041873389520735
11.55000 4.0094685747339325
11.57000 4.0147470312852453
11.59000 4.0200227146599126
11.61000 4.0252956308915309
11.63000 4.0305657859994639
11.65000 4.0358331859761938
11.67000 4.0410978367758874
11.69000 4.0463597443320900
11.71000 4.0516189145597812
11.73000 4.0568753533553084
11.75000 4.0621290665886480
11.77000 4.0673800601034245
11.79000 4.0726283397283991
11.81000 4.0778739112660141
11.83000 4.0831167805001600
11.85000 4.0883569531987156
11.87000 4.0935944350979065
11.89000 4.0988292319076400
11.91000 4.1040613493187923
11.93000 4.1092907930029599
11.95000 4.1145175686188855
11.97000 4.1197416818062278
11.99000 4.1249631381762359
12.01000 4.1301819433132057
12.03000 4.1353981027915525
12.05000 4.1406116221605860
12.07000 4.1458225069526913
12.09000 4.1510307626711773
12.11000 4.1562363948017866
12.13000 4.1614394088121678
12.15000 4.1666398101518567
12.17000 4.1718376042411860
12.19000 4.1770327964843874
12.21000 4.1822253922797827
12.23000 4.1874153969935399
12.25000 4.1926028159673754
12.27000 4.1977876545204280
12.29000 4.2029699179536939
12.31000 4.2081496115683814
12.33000 4.2133267406517234
12.35000 4.2185013104672784
12.37000 4.2236733262581314
12.39000 4.2288427932415029
12.41000 4.2340097166076225
12.43000 4.2391741015127460
12.45000 4.2443359531008733
12.47000 4.2494952765095606
12.49000 4.2546520768536196
12.51000 4.2598063592297626
12.53000 4.2649581287242899
12.55000 4.2701073903971052
12.57000 4.2752541492937697
12.59000 4.2803984104502479
12.61000 4.2855401788943661
12.63000 4.2906794596305327
12.65000 4.2958162576406087
12.67000 4.3009505778871668
12.69000 4.3060824253214891
12.71000 4.3112118048707728
12.73000 4.3163387214464910
12.75000 4.3214631799431036
12.77000 4.3265851852337800
12.79000 4.3317047421726755
12.81000 4.3368218555981279
12.83000 4.3419365303384652
12.85000 4.3470487711925596
12.87000 4.3521585829463385
12.89000 4.3572659703705945
12.91000 4.3623709382150464
12.93000 4.3674734912150512
12.95000 4.3725736340909558
12.97000 4.3776713715482307
12.99000 4.3827667082711486
13.01000 4.3878596489271109
13.03000 4.3929501981696708
13.05000 4.3980383606419364
13.07000 4.4031241409757245
13.09000 4.4082075437848873
13.11000 4.4132885736653895
13.13000 4.4183672352019459
13.15000 4.4234435329625459
13.17000 4.4285174714947511
13.19000 4.4335890553382296
13.21000 4.4386582890198154
13.23000 4.4437251770449695
13.25000 4.4487897239025234
13.27000 4.4538519340648941
13.29000 4.4589118119801396
13.31000 4.4639693620796459
13.33000 4.4690245887900035
13.35000 4.4740774965389667
13.37000 4.4791280897346866
13.39000 4.4841763727603317
13.41000 4.4892223499766057
13.43000 4.4942660257289795
13.45000 4.4993074043538384
13.47000 4.5043464901725470
13.49000 4.5093832874943782
13.51000 4.5144178006081228
13.53000 4.5194500337852732
13.55000 4.5244799912906677
13.57000 4.5295076773782599
13.59000 4.5345330962896524
13.61000 4.5395562522500192
13.63000 4.5445771494727047
13.65000 4.5495957921563468
13.67000 4.5546121844780254
13.69000 4.5596263306046003
13.71000 4.5646382346930450
13.73000 4.5696479008812432
13.75000 4.5746553332937481
13.77000 4.5796605360445968
13.79000 4.5846635132295814
13.81000 4.5896642689324096
13.83000 4.5946628072212352
13.85000 4.5996591321503812
13.87000 4.6046532477673985
13.89000 4.6096451581136053
13.91000 4.6146348672190287
13.93000 4.6196223791016928
13.95000 4.6246076977636408
13.97000 4.6295908271971857
13.99000 4.6345717713760708
14.01000 4.6395505342582064
14.03000 4.6445271197892861
14.05000 4.6495015319010102
14.07000 4.6544737745126694
14.09000 4.6594438515351175
14.11000 4.6644117668693355
14.13000 4.6693775243951690
14.15000 4.6743411279724443
14.17000 4.6793025814488844
14.19000 4.6842618886649543
14.21000 4.6892190534609277
14.23000 4.6941740796673388
14.25000 4.6991269710949259
14.27000 4.7040777315362492
14.29000 4.7090263647741875
14.31000 4.7139728745850924
14.33000 4.7189172647322577
14.35000 4.7238595389662148
14.37000 4.7287997010300407
14.39000 4.7337377546608961
14.41000 4.7386737035816759
14.43000 4.7436075515009586
14.45000 4.7485393021088322
14.47000 4.7534689590844756
14.49000 4.7583965260969272
14.51000 4.7633220067998456
14.53000 4.7682454048306777
14.55000 4.7731667238251205
14.57000 4.7780859674059215
14.59000 4.7830031391856052
14.61000 4.7879182427665974
14.63000 4.7928312817430196
14.65000 4.7977422596941537
14.67000 4.8026511801828216
14.69000 4.8075580467606081
14.71000 4.8124628629681476
14.73000 4.8173656323386878
14.75000 4.8222663583921870
14.77000 4.8271650446403163
14.79000 4.8320616945866597
14.81000 4.8369563117213259
14.83000 4.8418488995242868
14.85000 4.8467394614676449
14.87000 4.8516280010172279
14.89000 4.8565145216312935
14.91000 4.8613990267534426
14.93000 4.8662815198171572
14.95000 4.8711620042484736
14.97000 4.8760404834621998
14.99000 4.8809169608594427
15.01000 4.8857914398264928
15.03000 4.8906639237344374
15.05000 4.8955344159504719
15.07000 4.9004029198363419
15.09000 4.9052694387408389
15.11000 4.9101339759981837
15.13000 4.9149965349319942
15.15000 4.9198571188574229
15.17000 4.9247157310826406
15.19000 4.9295723749020040
15.21000 4.9344270536071138
15.23000 4.9392797704856273
15.25000 4.9441305288136039
15.27000 4.9489793318541686
15.29000 4.9538261828570604
15.31000 4.9586710850636679
15.33000 4.9635140417015915
15.35000 4.9683550559850271
15.37000 4.9731941311209962
15.39000 4.9780312703104181
15.41000 4.9828664767457935
15.43000 4.9876997536119516
15.45000 4.9925311040886058
15.47000 4.9973605313419416
15.49000 5.0021880385246735
15.51000 5.0070136287851490
15.53000 5.0118373052620377
15.55000 5.0166590710811967
15.57000 5.0214789293606605
15.59000 5.0262968832136323
15.61000 5.0311129357456004
15.63000 5.0359270900562336
15.65000 5.0407393492389385
15.67000 5.0455497163764047
15.69000 5.0503581945392622
15.71000 5.0551647867919423
15.73000 5.0599694961868629
15.75000 5.0647723257661399
15.77000 5.0695732785584076
15.79000 5.0743723575826030
15.81000 5.0791695658512745
15.83000 5.0839649063726471
15.85000 5.0887583821450146
15.87000 5.0935499961523698
15.89000 5.0983397513731399
15.91000 5.1031276507792001
15.93000 5.1079136973367083
15.95000 5.1126978940015197
15.97000 5.1174802437198732
15.99000 5.1222607494268928
16.01000 5.1270394140488325
16.03000 5.1318162405058301
16.05000 5.1365912317129672
16.07000 5.1413643905791915
16.09000 5.1461357200048123
16.11000 5.1509052228791958
16.13000 5.1556729020862644
16.15000 5.1604387605003366
16.17000 5.1652028009881708
16.19000 5.1699650264107779
16.21000 5.1747254396158189
16.23000 5.1794840434429164
16.25000 5.1842408407264156
16.27000 5.1889958342949942
16.29000 5.1937490269674260
16.31000 5.1985004215525832
16.33000 5.2032500208506862
16.35000 5.2079978276507397
16.37000 5.2127438447330334
16.39000 5.2174880748709533
16.41000 5.2222305208291795
16.43000 5.2269711853649934
16.45000 5.2317100712362485
16.47000 5.2364471811945013
16.49000 5.2411825179837326
16.51000 5.2459160843396688
16.53000 5.2506478829864198
16.55000 5.2553779166415202
16.57000 5.2601061880180993
16.59000 5.2648326998191628
16.61000 5.2695574547402559
16.63000 5.2742804554677951
16.65000 5.2790017046854754
16.67000 5.2837212050768381
16.69000 5.2884389593177179
16.71000 5.2931549700709963
16.73000 5.2978692399913072
16.75000 5.3025817717243289
16.77000 5.3072925679047058
16.79000 5.3120016311625395
16.81000 5.3167089641253247
16.83000 5.3214145694108881
16.85000 5.3261184496290044
16.87000 5.3308206073854505
16.89000 5.3355210452789139
16.91000 5.3402197659003763
16.93000 5.3449167718339634
16.95000 5.3496120656612396
16.97000 5.3543056499540125
16.99000 5.3589975272766646
17.01000 5.3636877001836050
17.03000 5.3683761712202065
17.05000 5.3730629429226608
17.07000 5.3777480178221326
17.09000 5.3824313984419163
17.11000 5.3871130873001363
17.13000 5.3917930869110009
17.15000 5.3964713997806406
17.17000 5.4011480284106748
17.19000 5.4058229752963571
17.21000 5.4104962429262624
17.23000 5.4151678337817106
17.25000 5.4198377503374315
17.27000 5.4245059950587660
17.29000 5.4291725704080340
17.31000 5.4338374788485595
17.33000 5.4385007228371789
17.35000 5.4431623048198174
17.37000 5.4478222272316295
17.39000 5.4524804924995030
17.41000 5.4571371030484119
17.43000 5.4617920612994411
17.45000 5.4664453696640978
17.47000 5.4710970305506397
17.49000 5.4757470463610005
17.51000 5.4803954194888096
17.53000 5.4850421523226229
17.55000 5.4896872472465343
17.57000 5.4943307066371805
17.59000 5.4989725328599572
17.61000 5.5036127282729286
17.63000 5.5082512952263833
17.65000 5.5128882360643372
17.67000 5.5175235531258711
17.69000 5.5221572487499042
17.71000 5.5267893252695055
17.73000 5.5314197850111411
17.75000 5.5360486302946272
17.77000 5.5406758634315763
17.79000 5.5453014867322397
17.81000 5.5499255025026804
17.83000 5.5545479130426330
17.85000 5.5591687206442870
17.87000 5.5637879275918918
17.89000 5.5684055361624711
17.91000 5.5730215486284296
17.93000 5.5776359672586606
17.95000 5.5822487943140224
17.97000 5.5868600320527175
17.99000 5.5914696827301000
18.01000 5.5960777485915765
18.03000 5.6006842318739842
18.05000 5.6052891348058544
18.07000 5.6098924596116451
18.09000 5.6144942085104770
18.11000 5.6190943837157423
18.13000 5.6236929874367192
18.15000 5.6282900218828145
18.17000 5.6328854892607545
18.19000 5.6374793917720591
18.21000 5.6420717316094260
18.23000 5.6466625109592528
18.25000 5.6512517320001896
18.27000 5.6558393969053435
18.29000 5.6604255078429055
18.31000 5.6650100669762251
18.33000 5.6695930764630518
18.35000 5.6741745384568283
18.37000 5.6787544551058646
18.39000 5.6833328285502471
18.41000 5.6879096609275726
18.43000 5.6924849543702134
18.45000 5.6970587110070641
18.47000 5.7016309329592652
18.49000 5.7062016223423857
18.51000 5.7107707812669126
18.53000 5.7153384118389381
18.55000 5.7199045161635418
18.57000 5.7244690963401403
18.59000 5.7290321544618941
18.61000 5.7335936926151847
18.63000 5.7381537128774660
18.65000 5.7427122173212455
18.67000 5.7472692080150800
18.69000 5.7518246870224932
18.71000 5.7563786564024841
18.73000 5.7609311182085552
18.75000 5.7654820744919189
18.77000 5.7700315272982685
18.79000 5.7745794786645925
18.81000 5.7791259306221523
18.83000 5.7836708852003724
18.85000 5.7882143444243566
18.87000 5.7927563103096684
18.89000 5.7972967848657495
18.91000 5.8018357700969352
18.93000 5.8063732680045153
18.95000 5.8109092805870199
18.97000 5.8154438098398318
18.99000 5.8199768577547308
19.01000 5.8245084263194773
19.03000 5.8290385175203028
19.05000 5.8335671333372066
19.07000 5.8380942757437566
19.09000 5.8426199467088766
19.11000 5.8471441481947029
19.13000 5.8516668821583391
19.15000 5.8561881505540692
19.17000 5.8607079553332202
19.19000 5.8652262984411561
19.21000 5.8697431818197403
19.23000 5.8742586074042933
19.25000 5.8787725771233470
19.27000 5.8832850929020424
19.29000 5.8877961566602854
19.31000 5.8923057703121247
19.33000 5.8968139357670362
19.35000 5.9013206549299184
19.37000 5.9058259297019999
19.39000 5.9103297619785211
19.41000 5.9148321536543360
19.43000 5.9193331066232506
19.45000 5.9238326227712799
19.47000 5.9283307039795048
19.49000 5.9328273521245274
19.51000 5.9373225690794591
19.53000 5.9418163567135966
19.55000 5.9463087168912558
19.57000 5.9507996514750312
19.59000 5.9552891623251814
19.61000 5.9597772512937901
19.63000 5.9642639202253767
19.65000 5.9687491709603107
19.67000 5.9732330053328431
19.69000 5.9777154251741251
19.71000 5.9821964323129961
19.73000 5.9866760285748866
19.75000 5.9911542157802105
19.77000 5.9956309957456844
19.79000 6.0001063702855255
19.81000 6.0045803412076131
19.83000 6.0090529103160719
19.85000 6.0135240794122238
19.87000 6.0179938502949115
19.89000 6.0224622247588204
19.91000 6.0269292045937171
19.93000 6.0313947915833062
19.95000 6.0358589875052902
19.97000 6.0403217941327982
19.99000 6.0447832132371904
20.01000 6.0492432465866850
20.03000 6.0537018959447320
20.05000 6.0581591630730065
20.07000 6.0626150497277527
20.09000 6.0670695576605809
20.11000 6.0715226886194680
20.13000 6.0759744443478061
20.15000 6.0804248265849354
20.17000 6.0848738370677911
20.19000 6.0893214775282933
20.21000 6.0937677496934048
20.23000 6.0982126552864546
20.25000 6.1026561960292502
20.27000 6.1070983736408007
20.29000 6.1115391898342972
20.31000 6.1159786463184762
20.33000 6.1204167447982032
20.35000 6.1248534869729125
20.37000 6.1292888745377034
20.39000 6.1337229091860994
20.41000 6.1381555926085847
20.43000 6.1425869264924104
20.45000 6.1470169125220471
20.47000 6.1514455523757885
20.49000 6.1558728477271076
20.51000 6.1602988002454602
20.53000 6.1647234115955776
20.55000 6.1691466834398252
20.57000 6.1735686174369855
20.59000 6.1779892152414284
20.61000 6.1824084785036248
20.63000 6.1868264088697602
20.65000 6.1912430079813525
20.67000 6.1956582774770519
20.69000 6.2000722189938484
20.71000 6.2044848341688255
20.73000 6.2088961246370893
20.75000 6.2133060920307743
20.77000 6.2177147379788851
20.79000 6.2221220641065669
20.81000 6.2265280720340614
20.83000 6.2309327633774458
20.85000 6.2353361397483393
20.87000 6.2397382027547730
20.89000 6.2441389540012642
20.91000 6.2485383950891222
20.93000 6.2529365276166944
20.95000 6.2573333531753379
20.97000 6.2617288733500924
20.99000 6.2661230897237985
21.01000 6.2705160038790559
21.03000 6.2749076173971714
21.05000 6.2792979318545878
21.07000 6.2836869488240916
21.09000 6.2880746698758774
21.11000 6.2924610965773109
21.13000 6.2968462304911181
21.15000 6.3012300731753852
21.17000 6.3056126261847227
21.19000 6.3099938910699160
21.21000 6.3143738693770723
21.23000 6.3187525626495278
21.25000 6.3231299724285543
21.27000 6.3275061002537729
21.29000 6.3318809476634481
21.31000 6.3362545161917829
21.33000 6.3406268073684258
21.35000 6.3449978227189527
21.37000 6.3493675637649520
21.39000 6.3537360320242682
21.41000 6.3581032290124204
21.43000 6.3624691562421996
21.45000 6.3668338152235968
21.47000 6.3711972074619982
21.49000 6.3755593344576749
21.51000 6.3799201977090272
21.53000 6.3842797987130790
21.55000 6.3886381389639544
21.57000 6.3929952199513540
21.59000 6.3973510431635887
21.61000 6.4017056100863625
21.63000 6.4060589222005131
21.65000 6.4104109809841763
21.67000 6.4147617879139842
21.69000 6.4191113444627028
21.71000 6.4234596520971774
21.73000 6.4278067122809333
21.75000 6.4321525264761652
21.77000 6.4364970961442394
21.79000 6.4408404227427791
21.81000 6.4451825077237297
21.83000 6.4495233525343707
21.85000 6.4538629586216505
21.87000 6.4582013274298484
21.89000 6.4625384603997560
21.91000 6.4668743589688145
21.93000 6.4712090245703529
21.95000 6.4755424586363750
21.97000 6.4798746625958596
21.99000 6.4842056378737380
22.01000 6.4885353858929644
22.03000 6.4928639080755257
22.05000 6.4971912058419434
22.07000 6.5015172806103427
22.09000 6.5058421337944292
22.11000 6.5101657668040733
22.13000 6.5144881810458859
22.15000 6.5188093779230467
22.17000 6.5231293588365782
22.19000 6.5274481251838488
22.21000 6.5317656783577362
22.23000 6.5360820197465062
22.25000 6.5403971507339902
22.27000 6.5447110727055069
22.29000 6.5490237870443702
22.31000 6.5533352951293153
22.33000 6.5576455983373840
22.35000 6.5619546980430830
22.37000 6.5662625956168466
22.39000 6.5705692924268417
22.41000 6.5748747898393409
22.43000 6.5791790892183348
22.45000 6.5834821919261373
22.47000 6.5877840993236170
22.49000 6.5920848127684355
22.51000 6.5963843336153207
22.53000 6.6006826632172837
22.55000 6.6049798029225224
22.57000 6.6092757540755454
22.59000 6.6135705180167985
22.61000 6.6178640960852304
22.63000 6.6221564896175789
22.65000 6.6264476999486632
22.67000 6.6307377284097671
22.69000 6.6350265763299792
22.71000 6.6393142450353428
22.73000 6.6436007358475306
22.75000 6.6478860500852894
22.77000 6.6521701890644476
22.79000 6.6564531540999274
22.81000 6.6607349465059071
22.83000 6.6650155675928877
22.85000 6.6692950186670092
22.87000 6.6735733010305358
22.89000 6.6778504159852847
22.91000 6.6821263648302587
22.93000 6.6864011488607398
22.95000 6.6906747693698447
22.97000 6.6949472276485293
22.99000 6.6992185249841150
23.01000 6.7034886626620578
23.03000 6.7077576419680396
23.05000 6.7120254641851336
23.07000 6.7162921305923247
23.09000 6.7205576424667592
23.11000 6.7248220010823108
23.13000 6.7290852077104475
23.15000 6.7333472636206562
23.17000 6.7376081700778991
23.19000 6.7418679283455907
23.21000 6.7461265396826633
23.23000 6.7503840053450332
23.25000 6.7546403265873645
23.27000 6.7588955046628367
23.29000 6.7631495408233233
23.31000 6.7674024363207108
23.33000 6.7716541924039140
23.35000 6.7759048103193438
23.37000 6.7801542913112867
23.39000 6.7844026366207899
23.41000 6.7886498474860888
23.43000 6.7928959251412895
23.45000 6.7971408708171861
23.47000 6.8013846857433338
23.49000 6.8056273711471515
23.51000 6.8098689282543265
23.53000 6.8141093582868777
23.55000 6.8183486624643352
23.57000 6.8225868420049807
23.59000 6.8268238981228686
23.61000 6.8310598320305580
23.63000 6.8352946449405190
23.65000 6.8395283380636203
23.67000 6.8437609126085244
23.69000 6.8479923697819771
23.71000 6.8522227107881477
23.73000 6.8564519368270833
23.75000 6.8606800490963931
23.77000 6.8649070487927677
23.79000 6.8691329371091454
23.81000 6.8733577152362777
23.83000 6.8775813843622853
23.85000 6.8818039456729254
23.87000 6.8860254003511887
23.89000 6.8902457495773364
23.91000 6.8944649945290344
23.93000 6.8986831363830232
23.95000 6.9029001763142386
23.97000 6.9071161154938148
23.99000 6.9113309550906274
24.01000 6.9155446962712315
24.03000 6.9197573402000172
24.05000 6.9239688880382380
24.07000 6.9281793409455794
24.09000 6.9323887000802067
24.11000 6.9365969665988683
24.13000 6.9408041416576802
24.15000 6.9450102264097930
24.17000 6.9492152220058676
24.19000 6.9534191295949457
24.21000 6.9576219503240937
24.23000 6.9618236853383877
24.25000 6.9660243357801832
24.27000 6.9702239027895958
24.29000 6.9744223875038349
24.31000 6.9786197910581436
24.33000 6.9828161145868295
24.35000 6.9870113592226177
24.37000 6.9912055260966053
24.39000 6.9953986163368986
24.41000 6.9995906310675826
24.43000 7.0037815714112259
24.45000 7.0079714384871474
24.47000 7.0121602334109561
24.49000 7.0163479572958130
24.51000 7.0205346112549307
24.53000 7.0247201964004953
24.55000 7.0289047138427438
24.57000 7.0330881646886851
24.59000 7.0372705500439867
24.61000 7.0414518710128471
24.63000 7.0456321286971537
24.65000 7.0498113241971847
24.67000 7.0539894586100083
24.69000 7.0581665330305903
24.71000 7.0623425485513645
24.73000 7.0665175062610102
24.75000 7.0706914072477707
24.77000 7.0748642525996104
24.79000 7.0790360434035948
24.81000 7.0832067807436072
24.83000 7.0873764657004799
24.85000 7.0915450993537750
24.87000 7.0957126827813326
24.89000 7.0998792170585636
24.91000 7.1040447032589080
24.93000 7.1082091424547666
24.95000 7.1123725357170988
24.97000 7.1165348841164038
24.99000 7.1206961887215554
25.01000 7.1248564505985561
25.03000 7.1290156708107739
25.05000 7.1331738504200315
25.07000 7.1373309904854203
25.09000 7.1414870920645450
25.11000 7.1456421562129728
25.13000 7.1497961839838764
25.15000 7.1539491764271750
25.17000 7.1581011345912664
25.19000 7.1622520595230812
25.21000 7.1664019522679210
25.23000 7.1705508138689931
25.25000 7.1746986453674486
25.27000 7.1788454478026722
25.29000 7.1829912222116006
25.31000 7.1871359696281454
25.33000 7.1912796910833165
25.35000 7.1954223876080423
25.37000 7.1995640602358097
25.39000 7.2037047099981093
25.41000 7.2078443379237749
25.43000 7.2119829450387014
25.45000 7.2161205323662081
25.47000 7.2202571009272960
25.49000 7.2243926517406134
25.51000 7.2285271858234292
25.53000 7.2326607041910309
25.55000 7.2367932078571506
25.57000 7.2409246978338668
25.59000 7.2450551751318839
25.61000 7.2491846407605154
25.63000 7.2533130957272292
25.65000 7.2574405410377230
25.67000 7.2615669776954137
25.69000 7.2656924066995652
25.71000 7.2698168290481746
25.73000 7.2739402457380198
25.75000 7.2780626577632601
25.77000 7.2821840661155957
25.79000 7.2863044717868926
25.81000 7.2904238757676074
25.83000 7.2945422790463894
25.85000 7.2986596826101140
25.87000 7.3027760874449372
25.89000 7.3068914945363952
25.91000 7.3110059048669989
25.93000 7.3151193194181676
25.95000 7.3192317391706707
25.97000 7.3233431651022762
25.99000 7.3274535981892059
26.01000 7.3315630394054416
26.03000 7.3356714897230662
26.05000 7.3397789501126072
26.07000 7.3438854215420539
26.09000 7.3479909049774026
26.11000 7.3520954013834352
26.13000 7.3561989117245101
26.15000 7.3603014369627440
26.17000 7.3644029780576492
26.19000 7.3685035359663136
26.21000 7.3726031116463382
26.23000 7.3767017060549964
26.25000 7.3807993201480802
26.27000 7.3848959548790782
26.29000 7.3889916111993657
26.31000 7.3930862900572842
26.33000 7.3971799923991268
26.35000 7.4012727191682455
26.37000 7.4053644713073901
26.39000 7.4094552497593646
26.41000 7.4135450554661393
26.43000 7.4176338893664626
26.45000 7.4217217523964853
26.47000 7.4258086454907604
26.49000 7.4298945695821077
26.51000 7.4339795256019583
26.53000 7.4380635144807767
26.55000 7.4421465371476510
26.57000 7.4462285945296669
26.59000 7.4503096875519841
26.61000 7.4543898171388827
26.63000 7.4584689842145195
26.65000 7.4625471897015938
26.67000 7.4666244345217221
26.69000 7.4707007195949284
26.71000 7.4747760458394810
26.73000 7.4788504141713430
26.75000 7.4829238255046011
26.77000 7.4869962807509882
26.79000 7.4910677808204342
26.81000 7.4951383266215750
26.83000 7.4992079190612833
26.85000 7.5032765590443988
26.87000 7.5073442474755314
26.89000 7.5114109852580881
26.91000 7.5154767732940853
26.93000 7.5195416124831524
26.95000 7.5236055037234886
26.97000 7.5276684479113589
26.99000 7.5317304459409931
27.01000 7.5357914987052519
27.03000 7.5398516070949233
27.05000 7.5439107719992062
27.07000 7.5479689943067170
27.09000 7.5520262749047236
27.11000 7.5560826146794646
27.13000 7.5601380145164052
27.15000 7.5641924752994614
27.17000 7.5682459979103953
27.19000 7.5722985832289460
27.21000 7.5763502321326541
27.23000 7.5804009454989281
27.25000 7.5844507242048689
27.27000 7.5884995691259007
27.29000 7.5925474811353437
27.31000 7.5965944611040586
27.33000 7.6006405099006802
27.35000 7.6046856283921986
27.37000 7.6087298174440079
27.39000 7.6127730779203429
27.41000 7.6168154106835164
27.43000 7.6208568165941584
27.45000 7.6248972965123052
27.47000 7.6289368512965297
27.49000 7.6329754818052455
27.51000 7.6370131888959456
27.53000 7.6410499734253872
27.55000 7.6450858362490610
27.57000 7.6491207782207464
27.59000 7.6531548001916239
27.61000 7.6571879030117023
27.63000 7.6612200875296566
27.65000 7.6652513545928755
27.67000 7.6692817050480997
27.69000 7.6733111397415072
27.71000 7.6773396595169787
27.73000 7.6813672652167408
27.75000 7.6853939576815824
27.77000 7.6894197377503932
27.79000 7.6934446062602051
27.81000 7.6974685640464946
27.83000 7.7014916119439487
27.85000 7.7055137507862907
27.87000 7.7095349814057190
27.89000 7.7135553046332515
27.91000 7.7175747212995685
27.93000 7.7215932322335119
27.95000 7.7256108382622113
27.97000 7.7296275402117240
27.99000 7.7336433389071857
28.01000 7.7376582351718568
28.03000 7.7416722298267624
28.05000 7.7456853236911316
28.07000 7.7496975175825309
28.09000 7.7537088123169315
28.11000 7.7577192087100473
28.13000 7.7617287075762276
28.15000 7.7657373097287534
28.17000 7.7697450159794830
28.19000 7.7737518271387547
28.21000 7.7777577440153172
28.23000 7.7817627674166001
28.25000 7.7857668981481076
28.27000 7.7897701370146306
28.29000 7.7937724848209404
28.31000 7.7977739423704904
28.33000 7.8017745104647451
28.35000 7.8057741899044997
28.37000 7.8097729814896804
28.39000 7.8137708860183803
28.41000 7.8177679042880541
28.43000 7.8217640370950940
28.45000 7.8257592852334694
28.47000 7.8297536494969373
28.49000 7.8337471306791313
28.51000 7.8377397295719282
28.53000 7.8417314469651167
28.55000 7.8457222836467011
28.57000 7.8497122404035444
28.59000 7.8537013180204527
28.61000 7.8576895172802832
28.63000 7.8616768389646934
28.65000 7.8656632838540759
28.67000 7.8696488527275301
28.69000 7.8736335463633349
28.71000 7.8776173655384651
28.73000 7.8816003110290787
28.75000 7.8855823836097612
28.77000 7.8895635840541205
28.79000 7.8935439131339509
28.81000 7.8975233716206201
28.83000 7.9015019602838326
28.85000 7.9054796798939790
28.87000 7.9094565312205489
28.89000 7.9134325150314577
28.91000 7.9174076320934441
28.93000 7.9213818831713914
28.95000 7.9253552690288682
28.97000 7.9293277904293191
28.99000 7.9332994481351147
29.01000 7.9372702429060134
29.03000 7.9412401755001509
29.05000 7.9452092466741489
29.07000 7.9491774571829197
29.09000 7.9531448077802320
29.11000 7.9571112992188038
29.13000 7.9610769322506982
29.15000 7.9650417076273925
29.17000 7.9690056260993645
29.19000 7.9729686884167572
29.21000 7.9769308953283193
29.23000 7.9808922475821280
29.25000 7.9848527459247256
29.27000 7.9888123911010895
29.29000 7.9927711838546935
29.31000 7.9967291249281178
29.33000 8.0006862150632578
29.35000 8.0046424550004893
29.37000 8.0085978454779418
29.39000 8.0125523872325957
29.41000 8.0165060809998074
29.43000 8.0204589275146372
29.45000 8.0244109275117186
29.47000 8.0283620817249286
29.49000 8.0323123908871992
29.51000 8.0362618557301388
29.53000 8.0402104769842708
29.55000 8.0441582553782176
29.57000 8.0481051916392889
29.59000 8.0520512864936720
29.61000 8.0559965406667899
29.63000 8.0599409548825864
29.65000 8.0638845298639392
29.67000 8.0678272663318040
29.69000 8.0717691650056036
29.71000 8.0757102266053451
29.73000 8.0796504518502417
29.75000 8.0835898414576874
29.77000 8.0875283961438864
29.79000 8.0914661166236552
29.81000 8.0954030036106133
29.83000 8.0993390578173194
29.85000 8.1032742799557429
29.87000 8.1072086707360018
29.89000 8.1111422308664078
29.91000 8.1150749610539012
29.93000 8.1190068620045608
29.95000 8.1229379344233870
29.97000 8.1268681790142807
29.99000 8.1307975964801251
30.01000 8.1347261875237695
30.03000 8.1386539528472124
30.05000 8.1425808931515249
30.07000 8.1465070091368599
30.09000 8.1504323015027804
30.11000 8.1543567709476008
30.13000 8.1582804181683191
30.15000 8.1622032438619314
30.17000 8.1661252487239029
30.19000 8.1700464334486966
30.21000 8.1739667987303637
30.23000 8.1778863452618147
30.25000 8.1818050737345072
30.27000 8.1857229848386392
30.29000 8.1896400792628175
30.31000 8.1935563576941721
30.33000 8.1974718208187856
30.35000 8.2013864693218608
30.37000 8.2053003038879044
30.39000 8.2092133252001194
30.41000 8.2131255339398859
30.43000 8.2170369307877689
30.45000 8.2209475164238555
30.47000 8.2248572915288083
30.49000 8.2287662567816771
30.51000 8.2326744128600886
30.53000 8.2365817604407905
30.55000 8.2404883001991802
30.57000 8.2443940328102983
30.59000 8.2482989589490732
30.61000 8.2522030792891332
30.63000 8.2561063945023143
30.65000 8.2600089052588181
30.67000 8.2639106122280435
30.69000 8.2678115160781420
30.71000 8.2717116174763703
30.73000 8.2756109170894092
30.75000 8.2795094155835525
30.77000 8.2834071136242233
30.79000 8.2873040118752090
30.81000 8.2912001109988953
30.83000 8.2950954116566429
30.85000 8.2989899145085388
30.87000 8.3028836202140806
30.89000 8.3067765294323124
30.91000 8.3106686428213727
30.93000 8.3145599610382561
30.95000 8.3184504847387721
30.97000 8.3223402145778049
30.99000 8.3262291512098656
31.01000 8.3301172952883089
31.03000 8.3340046474651768
31.05000 8.3378912083917989
31.07000 8.3417769787186415
31.09000 8.3456619590951622
31.11000 8.3495461501693544
31.13000 8.3534295525881834
31.15000 8.3573121669973478
31.17000 8.3611939940417201
31.19000 8.3650750343657236
31.21000 8.3689552886135772
31.23000 8.3728347574287909
31.25000 8.3767134414537097
31.27000 8.3805913413289304
31.29000 8.3844684576936430
31.31000 8.3883447911864373
31.33000 8.3922203424458015
31.35000 8.3960951121089558
31.37000 8.3999691008116244
31.39000 8.4038423091890291
31.41000 8.4077147378756205
31.43000 8.4115863875050731
31.45000 8.4154572587100418
31.47000 8.4193273521218774
31.49000 8.4231966683712525
31.51000 8.4270652080877770
31.53000 8.4309329718993329
31.55000 8.4347999604329065
31.57000 8.4386661743149070
31.59000 8.4425316141712496
31.61000 8.4463962806273862
31.63000 8.4502601743069405
31.65000 8.4541232958321864
31.67000 8.4579856458244969
31.69000 8.4618472249035932
31.71000 8.4657080336884611
31.73000 8.4695680727985660
31.75000 8.4734273428538387
31.77000 8.4772858444739470
31.79000 8.4811435782777078
31.81000 8.4850005448831567
31.83000 8.4888567449072010
31.85000 8.4927121789649824
31.87000 8.4965668476709162
31.89000 8.5004207516387744
31.91000 8.5042738914813825
31.93000 8.5081262678098408
31.95000 8.5119778812341753
31.97000 8.5158287323633228
31.99000 8.5196788218055559
32.01000 8.5235281501689144
32.03000 8.5273767180604860
32.05000 8.5312245260865733
32.07000 8.5350715748529673
32.09000 8.5389178649649757
32.11000 8.5427633970264836
32.13000 8.5466081716395941
32.15000 8.5504521894051031
32.17000 8.5542954509237070
32.19000 8.5581379567953331
32.21000 8.5619797076187840
32.23000 8.5658207039921184
32.25000 8.5696609465127551
32.27000 8.5735004357770599
32.29000 8.5773391723804338
32.31000 8.5811771569168656
32.33000 8.5850143899798876
32.35000 8.5888508721625243
32.37000 8.5926866040570076
32.39000 8.5965215862543634
32.41000 8.6003558193453671
32.43000 8.6041893039200215
32.45000 8.6080220405673682
32.47000 8.6118540298754240
32.49000 8.6156852724312838
32.51000 8.6195157688210546
32.53000 8.6233455196297566
32.55000 8.6271745254413688
32.57000 8.6310027868392680
32.59000 8.6348303044065098
32.61000 8.6386570787255916
32.63000 8.6424831103790059
32.65000 8.6463083999479853
32.67000 8.6501329480125229
32.69000 8.6539567551518033
32.71000 8.6577798219442084
32.73000 8.6616021489671322
32.75000 8.6654237367976723
32.77000 8.6692445860124945
32.79000 8.6730646971869199
32.81000 8.6768840708947952
32.83000 8.6807027077095373
32.85000 8.6845206082041528
32.87000 8.6883377729498843
32.89000 8.6921542025166882
32.91000 8.6959698974739226
32.93000 8.6997848583911370
32.95000 8.7035990858377410
32.97000 8.7074125803816855
32.99000 8.7112253425895450
33.01000 8.7150373730279860
33.03000 8.7188486722639915
33.05000 8.7226592408641466
33.07000 8.7264690793943327
33.09000 8.7302781884195966
33.11000 8.7340865685040967
33.13000 8.7378942202103431
33.15000 8.7417011440999399
33.17000 8.7455073407334645
33.19000 8.7493128106706468
33.21000 8.7531175544702755
33.23000 8.7569215726900609
33.25000 8.7607248658870436
33.27000 8.7645274346178574
33.29000 8.7683292794383902
33.31000 8.7721304009035830
33.33000 8.7759307995677673
33.35000 8.7797304759846000
33.37000 8.7835294307066736
33.39000 8.7873276642854989
33.41000 8.7911251772714198
33.43000 8.7949219702142027
33.45000 8.7987180436636763
33.47000 8.8025133981696033
33.49000 8.8063080342810611
33.51000 8.8101019525467823
33.53000 8.8138951535150838
33.55000 8.8176876377328188
33.57000 8.8214794057460821
33.59000 8.8252704581001975
33.61000 8.8290607953396734
33.63000 8.8328504180082223
33.65000 8.8366393266483687
33.67000 8.8404275218022583
33.69000 8.8442150040119287
33.71000 8.8480017738183552
33.73000 8.8517878317611043
33.75000 8.8555731783785330
33.77000 8.8593578142086997
33.79000 8.8631417397892047
33.81000 8.8669249556568506
33.83000 8.8707074623475854
33.85000 8.8744892603964036
33.87000 8.8782703503378624
33.89000 8.8820507327055420
33.91000 8.8858304080324970
33.93000 8.8896093768509985
33.95000 8.8933876396924170
33.97000 8.8971651970874959
33.99000 8.9009420495663125
34.01000 8.9047181976580170
34.03000 8.9084936418907557
34.05000 8.9122683827922646
34.07000 8.9160424208899371
34.09000 8.9198157567107081
34.11000 8.9235883907807576
34.13000 8.9273603236257628
34.15000 8.9311315557703619
34.17000 8.9349020877379406
34.19000 8.9386719200514815
34.21000 8.9424410532328569
34.23000 8.9462094878027170
34.25000 8.9499772242810618
34.27000 8.9537442631871293
34.29000 8.9575106050404028
34.31000 8.9612762503611343
34.33000 8.9650411996691872
34.35000 8.9688054534842170
34.37000 8.9725690123246959
34.39000 8.9763318767079259
34.41000 8.9800940471496649
34.43000 8.9838555241651168
34.45000 8.9876163082690486
34.47000 8.9913763999752216
34.49000 8.9951357997969286
34.51000 8.9988945082468330
34.53000 9.0026525258366306
34.55000 9.0064098530773151
34.57000 9.0101664904793957
34.59000 9.0139224385524521
34.61000 9.0176776978047535
34.63000 9.0214322687439932
34.65000 9.0251861518777883
34.67000 9.0289393477132887
34.69000 9.0326918567574452
34.71000 9.0364436795169780
34.73000 9.0401948164978219
34.75000 9.0439452682047836
34.77000 9.0476950351417571
34.79000 9.0514441178118510
34.81000 9.0551925167182983
34.83000 9.0589402323634136
34.85000 9.0626872652485364
34.87000 9.0664336158740912
34.89000 9.0701792847394511
34.91000 9.0739242723432572
34.93000 9.0776685791840599
34.95000 9.0814122057594986
34.97000 9.0851551525665162
34.99000 9.0888974201014143
35.01000 9.0926390088598357
35.03000 9.0963799193363730
35.05000 9.1001201520247061
35.07000 9.1038597074180547
35.09000 9.1075985860088835
35.11000 9.1113367882895187
35.13000 9.1150743147516380
35.15000 9.1188111658861146
35.17000 9.1225473421835748
35.19000 9.1262828441345203
35.21000 9.1300176722287762
35.23000 9.1337518269550735
35.25000 9.1374853088012795
35.27000 9.1412181182548444
35.29000 9.1449502558027067
35.31000 9.1486817219315171
35.33000 9.1524125171281039
35.35000 9.1561426418785068
35.37000 9.1598720966679554
35.39000 9.1636008819806811
35.41000 9.1673289982999560
35.43000 9.1710564461085706
35.45000 9.1747832258880084
35.47000 9.1785093381189551
35.49000 9.1822347832814017
35.51000 9.1859595618547001
35.53000 9.1896836743178874
35.55000 9.1934071211497930
35.57000 9.1971299028288893
35.59000 9.2008520198332970
35.61000 9.2045734726404991
35.63000 9.2082942617272643
35.65000 9.2120143875698783
35.67000 9.2157338506445790
35.69000 9.2194526514270194
35.71000 9.2231707903917375
35.73000 9.2268882680124982
35.75000 9.2306050847622672
35.77000 9.2343212411133617
35.79000 9.2380367375374295
35.81000 9.2417515745054413
35.83000 9.2454657524875490
35.85000 9.2491792719541763
35.87000 9.2528921333753527
35.89000 9.2566043372198177
35.91000 9.2603158839551867
35.93000 9.2640267740489204
35.95000 9.2677370079686181
35.97000 9.2714465861812148
35.99000 9.2751555091530218
36.01000 9.2788637773498213
36.03000 9.2825713912370276
36.05000 9.2862783512795009
36.07000 9.2899846579413339
36.09000 9.2936903116864809
36.11000 9.2973953129780220
36.13000 9.3010996622778652
36.15000 9.3048033600474831
36.17000 9.3085064067478918
36.19000 9.3122088028394678
36.21000 9.3159105487819485
36.23000 9.3196116450342572
36.25000 9.3233120920547279
36.27000 9.3270118903010744
36.29000 9.3307110402304421
36.31000 9.3344095422990634
36.33000 9.3381073969623145
36.35000 9.3418046046754242
36.37000 9.3455011658933529
36.39000 9.3491970810705123
36.41000 9.3528923506609605
36.43000 9.3565869751186543
36.45000 9.3602809548969166
36.47000 9.3639742904480912
36.49000 9.3676669822235414
36.51000 9.3713590306738066
36.53000 9.3750504362494151
36.55000 9.3787411994004177
36.57000 9.3824313205761563
36.59000 9.3861208002256031
36.61000 9.3898096387976775
36.63000 9.3934978367404476
36.65000 9.3971853945008217
36.67000 9.4008723125252747
36.69000 9.4045585912595069
36.71000 9.4082442311488936
36.73000 9.4119292326379345
36.75000 9.4156135961701004
36.77000 9.4192973221882941
36.79000 9.4229804111347750
36.81000 9.4266628634512468
36.83000 9.4303446795794397
36.85000 9.4340258599604336
36.87000 9.4377064050352413
36.89000 9.4413863152445892
36.91000 9.4450655910289179
36.93000 9.4487442328280355
36.95000 9.4524222410811074
36.97000 9.4560996162266804
36.99000 9.4597763587025803
37.01000 9.4634524689464747
37.03000 9.4671279473957526
37.05000 9.4708027944875024
37.07000 9.4744770106579494
37.09000 9.4781505963426351
37.11000 9.4818235519766922
37.13000 9.4854958779945520
37.15000 9.4891675748298976
37.17000 9.4928386429156681
37.19000 9.4965090826843941
37.21000 9.5001788945681422
37.23000 9.5038480789986419
37.25000 9.5075166364072601
37.27000 9.5111845672251114
37.29000 9.5148518718830601
37.31000 9.5185185508107981
37.33000 9.5221846044370970
37.35000 9.5258500331899612
37.37000 9.5295148374972314
37.39000 9.5331790177866491
37.41000 9.5368425744854282
37.43000 9.5405055080200061
37.45000 9.5441678188161738
37.47000 9.5478295072988786
37.49000 9.5514905738923748
37.51000 9.5551510190200482
37.53000 9.5588108431046255
37.55000 9.5624700465686097
37.57000 9.5661286298343988
37.59000 9.5697865933240696
37.61000 9.5734439374593734
37.63000 9.5771006626617243
37.65000 9.5807567693517797
37.67000 9.5844122579498077
37.69000 9.5880671288760375
37.71000 9.5917213825501140
37.73000 9.5953750193912590
37.75000 9.5990280398180694
37.77000 9.6026804442484259
37.79000 9.6063322330997245
37.81000 9.6099834067889756
37.83000 9.6136339657326193
37.85000 9.6172839103463037
37.87000 9.6209332410452628
37.89000 9.6245819582445904
37.91000 9.6282300623590960
37.93000 9.6318775538026795
37.95000 9.6355244329888077
37.97000 9.6391707003302400
37.99000 9.6428163562388196
38.01000 9.6464614011257979
38.03000 9.6501058354022629
38.05000 9.6537496594787431
38.07000 9.6573928737651116
38.09000 9.6610354786704917
38.11000 9.6646774746040798
38.13000 9.6683188619750027
38.15000 9.6719596411916839
38.17000 9.6755998126621083
38.19000 9.6792393767938663
38.21000 9.6828783339941555
38.23000 9.6865166846698614
38.25000 9.6901544292275652
38.27000 9.6937915680732036
38.29000 9.6974281016121022
38.31000 9.7010640302488582
38.33000 9.7046993543874365
38.35000 9.7083340744310078
38.37000 9.7119681907823310
38.39000 9.7156017038438200
38.41000 9.7192346140177150
38.43000 9.7228669217061778
38.45000 9.7264986273108889
38.47000 9.7301297312326707
38.49000 9.7337602338715037
38.51000 9.7373901356266863
38.53000 9.7410194368975578
38.55000 9.7446481380834236
38.57000 9.7482762395834133
38.59000 9.7519037417960117
38.61000 9.7555306451191015
38.63000 9.7591569499502100
38.65000 9.7627826566866833
38.67000 9.7664077657252388
38.69000 9.7700322774620254
38.71000 9.7736561922926288
38.73000 9.7772795106118693
38.75000 9.7809022328137658
38.77000 9.7845243592923357
38.79000 9.7881458904414522
38.81000 9.7917668266541966
38.83000 9.7953871683228328
38.85000 9.7990069158396373
38.87000 9.8026260695965721
38.89000 9.8062446299849828
38.91000 9.8098625973959326
38.93000 9.8134799722198700
38.95000 9.8170967548467249
38.97000 9.8207129456661946
38.99000 9.8243285450677025
39.01000 9.8279435534399227
39.03000 9.8315579711708647
39.05000 9.8351717986480445
39.07000 9.8387850362584182
39.09000 9.8423976843883523
39.11000 9.8460097434237017
39.13000 9.8496212137498311
39.15000 9.8532320957517250
39.17000 9.8568423898141084
39.19000 9.8604520963213975
39.21000 9.8640612156571894
39.23000 9.8676697482043565
39.25000 9.8712776943451370
39.27000 9.8748850544615880
39.29000 9.8784918289356956
39.31000 9.8820980181490814
39.33000 9.8857036224824100
39.35000 9.8893086423160472
39.37000 9.8929130780297978
39.39000 9.8965169300032638
39.41000 9.9001201986160918
39.43000 9.9037228842476868
39.45000 9.9073249872771818
39.47000 9.9109265080834845
39.49000 9.9145274470448435
39.51000 9.9181278045389654
39.53000 9.9217275809432461
39.55000 9.9253267766345346
39.57000 9.9289253919889635
39.59000 9.9325234273820211
39.61000 9.9361208831884689
39.63000 9.9397177597827415
39.65000 9.9433140575389345
39.67000 9.9469097768308821
39.69000 9.9505049180318590
39.71000 9.9540994815146426
39.73000 9.9576934676518505
39.75000 9.9612868768155725
39.77000 9.9648797093772377
39.79000 9.9684719657077672
39.81000 9.9720636461780163
39.83000 9.9756547511585829
39.85000 9.9792452810197627
39.87000 9.9828352361313168
39.89000 9.9864246168625552
39.91000 9.9900134235824680
39.93000 9.9936016566600667
39.95000 9.9971893164638050
39.97000 10.0007764033618454
39.99000 10.0043629177217372
40.01000 10.0079488599105275
40.03000 10.0115342302947887
40.05000 10.0151190292405161
40.07000 10.0187032571131400
40.09000 10.0222869142773892
40.11000 10.0258700010973616
40.13000 10.0294525179368907
40.15000 10.0330344651600587
40.17000 10.0366158431304644
40.19000 10.0401966522111294
40.21000 10.0437768927646900
40.23000 10.0473565651531889
40.25000 10.0509356697379957
40.27000 10.0545142068803948
40.29000 10.0580921769416634
40.31000 10.0616695802829579
40.33000 10.0652464172648575
40.35000 10.0688226882472112
40.37000 10.0723983935891344
40.39000 10.0759735336494991
40.41000 10.0795481087866392
40.43000 10.0831221193585332
40.45000 10.0866955657226907
40.47000 10.0902684482363689
40.49000 10.0938407672566850
40.51000 10.0974125231407346
40.53000 10.1009837162452722
40.55000 10.1045543469263652
40.57000 10.1081244155393328
40.59000 10.1116939224394269
40.61000 10.1152628679813628
40.63000 10.1188312525192128
40.65000 10.1223990764069054
40.67000 10.1259663399980333
40.69000 10.1295330436458606
40.71000 10.1330991877033796
40.73000 10.1366647725233694
40.75000 10.1402297984579555
40.77000 10.1437942658586948
40.79000 10.1473581750766844
40.81000 10.1509215264628541
40.83000 10.1544843203676631
40.85000 10.1580465571407625
40.87000 10.1616082371314000
40.89000 10.1651693606885782
40.91000 10.1687299281607064
40.93000 10.1722899398957889
40.95000 10.1758493962414960
40.97000 10.1794082975450610
40.99000 10.1829666441530691
41.01000 10.1865244364119789
41.03000 10.1900816746678622
41.05000 10.1936383592662203
41.07000 10.1971944905520377
41.09000 10.2007500688704251
41.11000 10.2043050945663758
41.13000 10.2078595679852224
41.15000 10.2114134894722799
41.17000 10.2149668593725576
41.19000 10.2185196780304501
41.21000 10.2220719457900415
41.23000 10.2256236629947210
41.25000 10.2291748299874588
41.27000 10.2327254471108127
41.29000 10.2362755147065485
41.31000 10.2398250331160696
41.33000 10.2433740026803370
41.35000 10.2469224237402106
41.37000 10.2504702966359336
41.39000 10.2540176217072752
41.41000 10.2575643992934218
41.43000 10.2611106297330004
41.45000 10.2646563133645969
41.47000 10.2682014505265364
41.49000 10.2717460415567690
41.51000 10.2752900867929942
41.53000 10.2788335865725973
41.55000 10.2823765412328019
41.57000 10.2859189511104301
41.59000 10.2894608165416628
41.61000 10.2930021378620218
41.63000 10.2965429154067198
41.65000 10.3000831495103675
41.67000 10.3036228405072734
41.69000 10.3071619887315293
41.71000 10.3107005945169412
41.73000 10.3142386581969969
41.75000 10.3177761801050387
41.77000 10.3213131605742809
41.79000 10.3248495999374779
41.81000 10.3283854985267904
41.83000 10.3319208566739178
41.85000 10.3354556747098183
41.87000 10.3389899529651235
41.89000 10.3425236917703387
41.91000 10.3460568914553992
41.93000 10.3495895523500039
41.95000 10.3531216747834360
41.97000 10.3566532590848919
41.99000 10.3601843055834468
42.01000 10.3637148146079134
42.03000 10.3672447864868307
42.05000 10.3707742215482330
42.07000 10.3743031201195670
42.09000 10.3778314825279452
42.11000 10.3813593091001746
42.13000 10.3848866001624760
42.15000 10.3884133560406209
42.17000 10.3919395770601923
42.19000 10.3954652635463010
42.21000 10.3989904158237643
42.23000 10.4025150342172505
42.25000 10.4060391190511190
42.27000 10.4095626706492315
42.29000 10.4130856893349932
42.31000 10.4166081754314774
42.33000 10.4201301292613380
42.35000 10.4236515511466994
42.37000 10.4271724414096791
42.39000 10.4306928003722650
42.41000 10.4342126283560468
42.43000 10.4377319256822680
42.45000 10.4412506926719182
42.47000 10.4447689296456883
42.49000 10.4482866369242089
42.51000 10.4518038148276027
42.53000 10.4553204636754060
42.55000 10.4588365837869013
42.57000 10.4623521754809232
42.59000 10.4658672390759140
42.61000 10.4693817748899267
42.63000 10.4728957832405989
42.65000 10.4764092644451736
42.67000 10.4799222188204126
42.69000 10.4834346466825306
42.71000 10.4869465483471433
42.73000 10.4904579241297480
42.75000 10.4939687743459427
42.77000 10.4974790993112208
42.79000 10.5009888993408644
42.81000 10.5044981747496227
42.83000 10.5080069258521398
42.85000 10.5115151529629376
42.87000 10.5150228563962109
42.89000 10.5185300364658882
42.91000 10.5220366934857541
42.93000 10.5255428277688416
42.95000 10.5290484396275996
42.97000 10.5325535293741392
42.99000 10.5360580973204332
43.01000 10.5395621437781521
43.03000 10.5430656690583788
43.05000 10.5465686734720165
43.07000 10.5500711573300521
43.09000 10.5535731209428487
43.11000 10.5570745646203630
43.13000 10.5605754886721943
43.15000 10.5640758934075070
43.17000 10.5675757791350762
43.19000 10.5710751461632917
43.21000 10.5745739948004669
43.23000 10.5780723253547411
43.25000 10.5815701381341807
43.27000 10.5850674334464081
43.29000 10.5885642115985821
43.31000 10.5920604728973213
43.33000 10.5955562176488254
43.35000 10.5990514461589100
43.37000 10.6025461587328582
43.39000 10.6060403556758107
43.41000 10.6095340372928906
43.43000 10.6130272038890805
43.45000 10.6165198557689191
43.47000 10.6200119932363464
43.49000 10.6235036165950838
43.51000 10.6269947261487854
43.53000 10.6304853222007623
43.55000 10.6339754050535742
43.57000 10.6374649750094861
43.59000 10.6409540323704288
43.61000 10.6444425774380225
43.63000 10.6479306105139280
43.65000 10.6514181318995576
43.67000 10.6549051418959273
43.69000 10.6583916408036643
43.71000 10.6618776289231008
43.73000 10.6653631065544889
43.75000 10.6688480739978768
43.77000 10.6723325315530531
43.79000 10.6758164795194297
43.81000 10.6792999181961292
43.83000 10.6827828478822511
43.85000 10.6862652688763724
43.87000 10.6897471814765321
43.89000 10.6932285859803624
43.91000 10.6967094826852573
43.93000 10.7001898718883712
43.95000 10.7036697538863486
43.97000 10.7071491289752938
43.99000 10.7106279974509295
44.01000 10.7141063596089730
44.03000 10.7175842157451608
44.05000 10.7210615661551856
44.07000 10.7245384111346453
44.09000 10.7280147509788346
44.11000 10.7314905859827103
44.13000 10.7349659164407605
44.15000 10.7384407426470219
44.17000 10.7419150648950179
44.19000 10.7453888834779541
44.21000 10.7488621986885846
44.23000 10.7523350108191647
44.25000 10.7558073201618676
44.27000 10.7592791270088348
44.29000 10.7627504316517815
44.31000 10.7662212343818737
44.33000 10.7696915354898692
44.35000 10.7731613352663143
44.37000 10.7766306340016023
44.39000 10.7800994319856880
44.41000 10.7835677295081371
44.43000 10.7870355268578990
44.45000 10.7905028243237577
44.47000 10.7939696221942700
44.49000 10.7974359207580601
44.51000 10.8009017203035427
44.53000 10.8043670211189600
44.55000 10.8078318234921316
44.57000 10.8112961277105519
44.59000 10.8147599340615344
44.61000 10.8182232428321576
44.63000 10.8216860543092182
44.65000 10.8251483687792973
44.67000 10.8286101865287296
44.69000 10.8320715078436169
44.71000 10.8355323330095690
44.73000 10.8389926623117265
44.75000 10.8424524960348876
44.77000 10.8459118344635765
44.79000 10.8493706778822379
44.81000 10.8528290265749892
44.83000 10.8562868808254009
44.85000 10.8597442409167328
44.87000 10.8632011071320385
44.89000 10.8666574797538669
44.91000 10.8701133590645309
44.93000 10.8735687453462457
44.95000 10.8770236388809600
44.97000 10.8804780399501304
44.99000 10.8839319488348369
45.01000 10.8873853658161206
45.03000 10.8908382911747434
45.05000 10.8942907251910341
45.07000 10.8977426681451846
45.09000 10.9011941203170224
45.11000 10.9046450819859366
45.13000 10.9080955534312558
45.15000 10.9115455349319141
45.17000 10.9149950267667304
45.19000 10.9184440292142799
45.21000 10.9218925425526798
45.23000 10.9253405670599015
45.25000 10.9287881030136678
45.27000 10.9322351506912980
45.29000 10.9356817103698969
45.31000 10.9391277823264144
45.33000 10.9425733668377649
45.35000 10.9460184641808116
45.37000 10.9494630746321935
45.39000 10.9529071984683029
45.41000 10.9563508359650967
45.43000 10.9597939873981858
45.45000 10.9632366530427205
45.47000 10.9666788331735710
45.49000 10.9701205280654630
45.51000 10.9735617379928563
45.53000 10.9770024632298107
45.55000 10.9804427040501942
45.57000 10.9838824607273686
45.59000 10.9873217335342694
45.61000 10.9907605227435941
45.63000 10.9941988286277414
45.65000 10.9976366514590929
45.67000 11.0010739915098856
45.69000 11.0045108490522487
45.71000 11.0079472243578049
45.73000 11.0113831176977151
45.75000 11.0148185293431293
45.77000 11.0182534595651056
45.79000 11.0216879086344104
45.81000 11.0251218768217516
45.83000 11.0285553643974836
45.85000 11.0319883716315132
45.87000 11.0354208987934097
45.89000 11.0388529461524474
45.91000 11.0422845139775845
45.93000 11.0457156025374399
45.95000 11.0491462121001600
45.97000 11.0525763429336692
45.99000 11.0560059953060232
46.01000 11.0594351694849404
46.03000 11.0628638657375511
46.05000 11.0662920843305841
46.07000 11.0697198255304396
46.09000 11.0731470896034558
46.11000 11.0765738768158215
46.13000 11.0800001874332743
46.15000 11.0834260217211860
46.17000 11.0868513799447417
46.19000 11.0902762623688638
46.21000 11.0937006692582525
46.23000 11.0971246008775228
46.25000 11.1005480574910305
46.27000 11.1039710393627828
46.29000 11.1073935467563913
46.31000 11.1108155799355881
46.33000 11.1142371391640538
46.35000 11.1176582247054707
46.37000 11.1210788368233171
46.39000 11.1244989757805524
46.41000 11.1279186418397433
46.43000 11.1313378352632082
46.45000 11.1347565563127695
46.47000 11.1381748052498395
46.49000 11.1415925823356030
46.51000 11.1450098878310442
46.53000 11.1484267219972217
46.55000 11.1518430850949102
46.57000 11.1552589773845288
46.59000 11.1586743991263013
46.61000 11.1620893505802545
46.63000 11.1655038320063191
46.65000 11.1689178436641399
46.67000 11.1723313858132709
46.69000 11.1757444587128525
46.71000 11.1791570626216163
46.73000 11.1825691977981485
46.75000 11.1859808645008272
46.77000 11.1893920629875989
46.79000 11.1928027935159253
46.81000 11.1962130563428719
46.83000 11.1996228517254757
46.85000 11.2030321799207204
46.87000 11.2064410411851743
46.89000 11.2098494357749736
46.91000 11.2132573639458091
46.93000 11.2166648259533854
46.95000 11.2200718220533577
46.97000 11.2234783525012940
46.99000 11.2268844175523395
47.01000 11.2302900174612184
47.03000 11.2336951524826762
47.05000 11.2370998228711496
47.07000 11.2405040288807179
47.09000 11.2439077707655635
47.11000 11.2473110487797943
47.13000 11.2507138631771220
47.15000 11.2541162142109368
47.17000 11.2575181021343180
47.19000 11.2609195272000946
47.21000 11.2643204896607436
47.23000 11.2677209897684012
47.25000 11.2711210277749085
47.27000 11.2745206039319381
47.29000 11.2779197184909332
47.31000 11.2813183717028966
47.33000 11.2847165638185629
47.35000 11.2881142950887607
47.37000 11.2915115657640666
47.39000 11.2949083760948401
47.41000 11.2983047263311285
47.43000 11.3017006167225773
47.45000 11.3050960475185214
47.47000 11.3084910189680183
47.49000 11.3118855313199269
47.51000 11.3152795848230756
47.53000 11.3186731797260602
47.55000 11.3220663162772599
47.57000 11.3254589947247108
47.59000 11.3288512153163783
47.61000 11.3322429783002203
47.63000 11.3356342839237776
47.65000 11.3390251324342195
47.67000 11.3424155240782198
47.69000 11.3458054591023192
47.71000 11.3491949377529799
47.73000 11.3525839602762950
47.75000 11.3559725269178671
47.77000 11.3593606379231407
47.79000 11.3627482935372335
47.81000 11.3661354940048067
47.83000 11.3695222395703048
47.85000 11.3729085304780906
47.87000 11.3762943669724930
47.89000 11.3796797492978374
47.91000 11.3830646776982629
47.93000 11.3864491524178941
47.95000 11.3898331737007066
47.97000 11.3932167417905710
47.99000 11.3965998569310756
48.01000 11.3999825193654587
48.03000 11.4033647293366318
48.05000 11.4067464870871973
48.07000 11.4101277928594662
48.09000 11.4135086468956395
48.11000 11.4168890494378310
48.13000 11.4202690007279255
48.15000 11.4236485010074613
48.17000 11.4270275505179288
48.19000 11.4304061495004810
48.21000 11.4337842981960058
48.23000 11.4371619968451341
48.25000 11.4405392456884467
48.27000 11.4439160449664072
48.29000 11.4472923949190282
48.31000 11.4506682957861017
48.33000 11.4540437478071624
48.35000 11.4574187512215477
48.37000 11.4607933062685277
48.39000 11.4641674131872939
48.41000 11.4675410722167292
48.43000 11.4709142835952473
48.45000 11.4742870475611678
48.47000 11.4776593643524532
48.49000 11.4810312342066343
48.51000 11.4844026573608584
48.53000 11.4877736340519938
48.55000 11.4911441645166672
48.57000 11.4945142489914929
48.59000 11.4978838877129750
48.61000 11.5012530809174613
48.63000 11.5046218288410493
48.65000 11.5079901317194668
48.67000 11.5113579897882072
48.69000 11.5147254032827462
48.71000 11.5180923724382733
48.73000 11.5214588974899055
48.75000 11.5248249786725658
48.77000 11.5281906162208347
48.79000 11.5315558103693281
48.81000 11.5349205613523402
48.83000 11.5382848694039417
48.85000 11.5416487347580006
48.87000 11.5450121576481095
48.89000 11.5483751383077475
48.91000 11.5517376769702800
48.93000 11.5550997738688004
48.95000 11.5584614292360488
48.97000 11.5618226433043780
48.99000 11.5651834163059686
49.01000 11.5685437484729015
49.03000 11.5719036400368971
49.05000 11.5752630912292496
49.07000 11.5786221022810505
49.09000 11.5819806734230202
49.11000 11.5853388048857706
49.13000 11.5886964968998392
49.15000 11.5920537496955571
49.17000 11.5954105635029254
49.19000 11.5987669385516678
49.21000 11.6021228750715046
49.23000 11.6054783732921205
49.25000 11.6088334334431806
49.27000 11.6121880557543502
49.29000 11.6155422404550457
49.31000 11.6188959877743638
49.33000 11.6222492979410692
49.35000 11.6256021711836279
49.37000 11.6289546077302290
49.39000 11.6323066078087525
49.41000 11.6356581716469627
49.43000 11.6390092994725993
49.45000 11.6423599915131692
49.47000 11.6457102479959040
49.49000 11.6490600691476089
49.51000 11.6524094551947694
49.53000 11.6557584063635922
49.55000 11.6591069228801505
49.57000 11.6624550049703188
49.59000 11.6658026528600427
49.61000 11.6691498667750206
49.63000 11.6724966469408464
49.65000 11.6758429935830854
49.67000 11.6791889069270933
49.69000 11.6825343871979417
49.71000 11.6858794346204107
49.73000 11.6892240494190727
49.75000 11.6925682318182211
49.77000 11.6959119820419684
49.79000 11.6992553003140625
49.81000 11.7025981868579798
49.83000 11.7059406418969889
49.85000 11.7092826656544080
49.87000 11.7126242583535802
49.89000 11.7159654202176728
49.91000 11.7193061514695156
49.93000 11.7226464523316611
49.95000 11.7259863230264951
49.97000 11.7293257637762380
49.99000 11.7326647748027888
50.01000 11.7360033563278598
50.03000 11.7393415085730197
50.05000 11.7426792317595865
50.07000 11.7460165261086296
50.09000 11.7493533918409678
50.11000 11.7526898291771822
50.13000 11.7560258383375391
50.15000 11.7593614195421790
50.17000 11.7626965730108282
50.19000 11.7660312989636360
50.21000 11.7693655976186822
50.23000 11.7726994692006937
50.25000 11.7760329139081605
