0.25000 3.04063908
0.25500 3.02068656
0.26000 3.00134798
0.26500 2.98259092
0.27000 2.96438527
0.27500 2.94670302
0.28000 2.92951809
0.28500 2.91280616
0.29000 2.89654452
0.29500 2.88071195
0.30000 2.86528860
0.30500 2.85025588
0.31000 2.83559633
0.31500 2.82129359
0.32000 2.80733227
0.32500 2.79369791
0.33000 2.78037687
0.33500 2.76735631
0.34000 2.75462413
0.34500 2.74216889
0.35000 2.72997979
0.35500 2.71804661
0.36000 2.70635967
0.36500 2.69490982
0.37000 2.68368837
0.37500 2.67268708
0.38000 2.66189814
0.38500 2.65131410
0.39000 2.64092791
0.39500 2.63073284
0.40000 2.62072249
0.40500 2.61089076
0.41000 2.60123184
0.41500 2.59174017
0.42000 2.58241048
0.42500 2.57323770
0.43000 2.56421700
0.43500 2.55534377
0.44000 2.54661357
0.44500 2.53802218
0.45000 2.52956555
0.45500 2.52123979
0.46000 2.51304118
0.46500 2.50496614
0.47000 2.49701125
0.47500 2.48917322
0.48000 2.48144887
0.48500 2.47383518
0.49000 2.46632922
0.49500 2.45892818
0.50000 2.45162934
0.50500 2.44443011
0.51000 2.43732797
0.51500 2.43032051
0.52000 2.42340539
0.52500 2.41658036
0.53000 2.40984326
0.53500 2.40319198
0.54000 2.39662452
0.54500 2.39013890
0.55000 2.38373326
0.55500 2.37740575
0.56000 2.37115463
0.56500 2.36497817
0.57000 2.35887474
0.57500 2.35284273
0.58000 2.34688059
0.58500 2.34098684
0.59000 2.33516001
0.59500 2.32939869
0.60000 2.32370154
0.60500 2.31806722
0.61000 2.31249444
0.61500 2.30698198
0.62000 2.30152861
0.62500 2.29613316
0.63000 2.29079450
0.63500 2.28551152
0.64000 2.28028315
0.64500 2.27510834
0.65000 2.26998607
0.65500 2.26491536
0.66000 2.25989525
0.66500 2.25492480
0.67000 2.25000311
0.67500 2.24512929
0.68000 2.24030248
0.68500 2.23552184
0.69000 2.23078655
0.69500 2.22609583
0.70000 2.22144889
0.70500 2.21684497
0.71000 2.21228336
0.71500 2.20776331
0.72000 2.20328414
0.72500 2.19884517
0.73000 2.19444572
0.73500 2.19008515
0.74000 2.18576282
0.74500 2.18147811
0.75000 2.17723043
0.75500 2.17301917
0.76000 2.16884376
0.76500 2.16470365
0.77000 2.16059827
0.77500 2.15652710
0.78000 2.15248960
0.78500 2.14848527
0.79000 2.14451360
0.79500 2.14057410
0.80000 2.13666629
0.80500 2.13278970
0.81000 2.12894387
0.81500 2.12512836
0.82000 2.12134272
0.82500 2.11758652
0.83000 2.11385934
0.83500 2.11016077
0.84000 2.10649040
0.84500 2.10284784
0.85000 2.09923271
0.85500 2.09564461
0.86000 2.09208319
0.86500 2.08854807
0.87000 2.08503890
0.87500 2.08155533
0.88000 2.07809702
0.88500 2.07466363
0.89000 2.07125482
0.89500 2.06787029
0.90000 2.06450970
0.90500 2.06117275
0.91000 2.05785914
0.91500 2.05456856
0.92000 2.05130073
0.92500 2.04805534
0.93000 2.04483213
0.93500 2.04163081
0.94000 2.03845111
0.94500 2.03529276
0.95000 2.03215550
0.95500 2.02903908
0.96000 2.02594323
0.96500 2.02286771
0.97000 2.01981228
0.97500 2.01677670
0.98000 2.01376073
0.98500 2.01076413
0.99000 2.00778669
0.99500 2.00482817
1.00000 2.00188836
1.00500 1.99896703
1.01000 1.99606399
1.01500 1.99317902
1.02000 1.99031191
1.02500 1.98746246
1.03000 1.98463048
1.03500 1.98181576
1.04000 1.97901812
1.04500 1.97623736
1.05000 1.97347331
1.05500 1.97072577
1.06000 1.96799457
1.06500 1.96527953
1.07000 1.96258048
1.07500 1.95989724
1.08000 1.95722964
1.08500 1.95457753
1.09000 1.95194073
1.09500 1.94931908
1.10000 1.94671243
1.10500 1.94412062
1.11000 1.94154350
1.11500 1.93898091
1.12000 1.93643270
1.12500 1.93389873
1.13000 1.93137886
1.13500 1.92887294
1.14000 1.92638082
1.14500 1.92390238
1.15000 1.92143747
1.15500 1.91898597
1.16000 1.91654773
1.16500 1.91412263
1.17000 1.91171054
1.17500 1.90931133
1.18000 1.90692488
1.18500 1.90455106
1.19000 1.90218975
1.19500 1.89984084
1.20000 1.89750421
1.20500 1.89517973
1.21000 1.89286729
1.21500 1.89056679
1.22000 1.88827810
1.22500 1.88600113
1.23000 1.88373575
1.23500 1.88148186
1.24000 1.87923936
1.24500 1.87700815
1.25000 1.87478811
1.25500 1.87257916
1.26000 1.87038118
1.26500 1.86819408
1.27000 1.86601776
1.27500 1.86385212
1.28000 1.86169708
1.28500 1.85955253
1.29000 1.85741839
1.29500 1.85529456
1.30000 1.85318095
1.30500 1.85107747
1.31000 1.84898404
1.31500 1.84690057
1.32000 1.84482697
1.32500 1.84276316
1.33000 1.84070906
1.33500 1.83866457
1.34000 1.83662963
1.34500 1.83460415
1.35000 1.83258805
1.35500 1.83058124
1.36000 1.82858367
1.36500 1.82659524
1.37000 1.82461588
1.37500 1.82264553
1.38000 1.82068409
1.38500 1.81873151
1.39000 1.81678770
1.39500 1.81485260
1.40000 1.81292614
1.40500 1.81100824
1.41000 1.80909884
1.41500 1.80719788
1.42000 1.80530527
1.42500 1.80342097
1.43000 1.80154489
1.43500 1.79967698
1.44000 1.79781718
1.44500 1.79596541
1.45000 1.79412162
1.45500 1.79228574
1.46000 1.79045771
1.46500 1.78863748
1.47000 1.78682498
1.47500 1.78502016
1.48000 1.78322295
1.48500 1.78143329
1.49000 1.77965114
1.49500 1.77787643
1.50000 1.77610910
1.50500 1.77434911
1.51000 1.77259639
1.51500 1.77085090
1.52000 1.76911258
1.52500 1.76738137
1.53000 1.76565723
1.53500 1.76394010
1.54000 1.76222992
1.54500 1.76052666
1.55000 1.75883026
1.55500 1.75714067
1.56000 1.75545784
1.56500 1.75378172
1.57000 1.75211227
1.57500 1.75044943
1.58000 1.74879316
1.58500 1.74714341
1.59000 1.74550014
1.59500 1.74386330
1.60000 1.74223285
1.60500 1.74060873
1.61000 1.73899091
1.61500 1.73737935
1.62000 1.73577399
1.62500 1.73417480
1.63000 1.73258174
1.63500 1.73099475
1.64000 1.72941381
1.64500 1.72783886
1.65000 1.72626987
1.65500 1.72470680
1.66000 1.72314960
1.66500 1.72159825
1.67000 1.72005269
1.67500 1.71851289
1.68000 1.71697881
1.68500 1.71545041
1.69000 1.71392766
1.69500 1.71241052
1.70000 1.71089894
1.70500 1.70939290
1.71000 1.70789236
1.71500 1.70639728
1.72000 1.70490762
1.72500 1.70342336
1.73000 1.70194445
1.73500 1.70047086
1.74000 1.69900256
1.74500 1.69753951
1.75000 1.69608168
1.75500 1.69462903
1.76000 1.69318154
1.76500 1.69173917
1.77000 1.69030188
1.77500 1.68886965
1.78000 1.68744245
1.78500 1.68602023
1.79000 1.68460298
1.79500 1.68319065
1.80000 1.68178322
1.80500 1.68038067
1.81000 1.67898295
1.81500 1.67759004
1.82000 1.67620190
1.82500 1.67481852
1.83000 1.67343986
1.83500 1.67206589
1.84000 1.67069658
1.84500 1.66933190
1.85000 1.66797184
1.85500 1.66661635
1.86000 1.66526541
1.86500 1.66391900
1.87000 1.66257708
1.87500 1.66123963
1.88000 1.65990663
1.88500 1.65857804
1.89000 1.65725385
1.89500 1.65593402
1.90000 1.65461853
1.90500 1.65330735
1.91000 1.65200046
1.91500 1.65069783
1.92000 1.64939944
1.92500 1.64810527
1.93000 1.64681528
1.93500 1.64552946
1.94000 1.64424778
1.94500 1.64297022
1.95000 1.64169675
1.95500 1.64042735
1.96000 1.63916200
1.96500 1.63790067
1.97000 1.63664334
1.97500 1.63538999
1.98000 1.63414060
1.98500 1.63289514
1.99000 1.63165359
1.99500 1.63041593
2.00000 1.62918214
2.00500 1.62795220
2.01000 1.62672608
2.01500 1.62550376
2.02000 1.62428523
2.02500 1.62307046
2.03000 1.62185942
2.03500 1.62065211
2.04000 1.61944850
2.04500 1.61824857
2.05000 1.61705230
2.05500 1.61585967
2.06000 1.61467066
2.06500 1.61348525
2.07000 1.61230342
2.07500 1.61112515
2.08000 1.60995042
2.08500 1.60877922
2.09000 1.60761152
2.09500 1.60644731
2.10000 1.60528656
2.10500 1.60412927
2.11000 1.60297540
2.11500 1.60182495
2.12000 1.60067789
2.12500 1.59953421
2.13000 1.59839389
2.13500 1.59725691
2.14000 1.59612325
2.14500 1.59499290
2.15000 1.59386584
2.15500 1.59274206
2.16000 1.59162152
2.16500 1.59050423
2.17000 1.58939016
2.17500 1.58827929
2.18000 1.58717162
2.18500 1.58606711
2.19000 1.58496577
2.19500 1.58386756
2.20000 1.58277248
2.20500 1.58168051
2.21000 1.58059162
2.21500 1.57950582
2.22000 1.57842308
2.22500 1.57734339
2.23000 1.57626672
2.23500 1.57519308
2.24000 1.57412243
2.24500 1.57305477
2.25000 1.57199009
2.25500 1.57092835
2.26000 1.56986957
2.26500 1.56881370
2.27000 1.56776076
2.27500 1.56671071
2.28000 1.56566354
2.28500 1.56461925
2.29000 1.56357781
2.29500 1.56253921
2.30000 1.56150345
2.30500 1.56047050
2.31000 1.55944035
2.31500 1.55841299
2.32000 1.55738840
2.32500 1.55636657
2.33000 1.55534750
2.33500 1.55433115
2.34000 1.55331753
2.34500 1.55230662
2.35000 1.55129841
2.35500 1.55029287
2.36000 1.54929001
2.36500 1.54828981
2.37000 1.54729225
2.37500 1.54629733
2.38000 1.54530502
2.38500 1.54431532
2.39000 1.54332822
2.39500 1.54234371
2.40000 1.54136176
2.40500 1.54038238
2.41000 1.53940554
2.41500 1.53843124
2.42000 1.53745947
2.42500 1.53649021
2.43000 1.53552345
2.43500 1.53455918
2.44000 1.53359739
2.44500 1.53263807
2.45000 1.53168120
2.45500 1.53072678
2.46000 1.52977479
2.46500 1.52882522
2.47000 1.52787807
2.47500 1.52693332
2.48000 1.52599096
2.48500 1.52505097
2.49000 1.52411336
2.49500 1.52317810
2.50000 1.52224520
2.50500 1.52131463
2.51000 1.52038638
2.51500 1.51946046
2.52000 1.51853684
2.52500 1.51761551
2.53000 1.51669647
2.53500 1.51577971
2.54000 1.51486521
2.54500 1.51395297
2.55000 1.51304298
2.55500 1.51213522
2.56000 1.51122969
2.56500 1.51032637
2.57000 1.50942526
2.57500 1.50852635
2.58000 1.50762963
2.58500 1.50673509
2.59000 1.50584271
2.59500 1.50495250
2.60000 1.50406444
2.60500 1.50317851
2.61000 1.50229472
2.61500 1.50141306
2.62000 1.50053350
2.62500 1.49965606
2.63000 1.49878070
2.63500 1.49790744
2.64000 1.49703625
2.64500 1.49616714
2.65000 1.49530008
2.65500 1.49443508
2.66000 1.49357212
2.66500 1.49271120
2.67000 1.49185230
2.67500 1.49099542
2.68000 1.49014055
2.68500 1.48928769
2.69000 1.48843681
2.69500 1.48758792
2.70000 1.48674101
2.70500 1.48589607
2.71000 1.48505308
2.71500 1.48421205
2.72000 1.48337296
2.72500 1.48253581
2.73000 1.48170059
2.73500 1.48086729
2.74000 1.48003590
2.74500 1.47920642
2.75000 1.47837883
2.75500 1.47755313
2.76000 1.47672932
2.76500 1.47590737
2.77000 1.47508730
2.77500 1.47426908
2.78000 1.47345272
2.78500 1.47263820
2.79000 1.47182552
2.79500 1.47101467
2.80000 1.47020564
2.80500 1.46939842
2.81000 1.46859301
2.81500 1.46778941
2.82000 1.46698759
2.82500 1.46618757
2.83000 1.46538932
2.83500 1.46459285
2.84000 1.46379814
2.84500 1.46300519
2.85000 1.46221399
2.85500 1.46142453
2.86000 1.46063681
2.86500 1.45985083
2.87000 1.45906657
2.87500 1.45828402
2.88000 1.45750319
2.88500 1.45672406
2.89000 1.45594664
2.89500 1.45517090
2.90000 1.45439684
2.90500 1.45362447
2.91000 1.45285376
2.91500 1.45208473
2.92000 1.45131735
2.92500 1.45055162
2.93000 1.44978754
2.93500 1.44902510
2.94000 1.44826430
2.94500 1.44750512
2.95000 1.44674756
2.95500 1.44599162
2.96000 1.44523729
2.96500 1.44448456
2.97000 1.44373343
2.97500 1.44298389
2.98000 1.44223594
2.98500 1.44148956
2.99000 1.44074476
2.99500 1.44000153
3.00000 1.43925986
3.00500 1.43851974
3.01000 1.43778118
3.01500 1.43704416
3.02000 1.43630867
3.02500 1.43557472
3.03000 1.43484230
3.03500 1.43411140
3.04000 1.43338202
3.04500 1.43265415
3.05000 1.43192778
3.05500 1.43120291
3.06000 1.43047954
3.06500 1.42975765
3.07000 1.42903725
3.07500 1.42831832
3.08000 1.42760087
3.08500 1.42688489
3.09000 1.42617036
3.09500 1.42545730
3.10000 1.42474568
3.10500 1.42403551
3.11000 1.42332679
3.11500 1.42261949
3.12000 1.42191363
3.12500 1.42120920
3.13000 1.42050618
3.13500 1.41980458
3.14000 1.41910439
3.14500 1.41840561
3.15000 1.41770822
3.15500 1.41701223
3.16000 1.41631763
3.16500 1.41562442
3.17000 1.41493259
3.17500 1.41424213
3.18000 1.41355305
3.18500 1.41286533
3.19000 1.41217897
3.19500 1.41149397
3.20000 1.41081032
3.20500 1.41012801
3.21000 1.40944705
3.21500 1.40876743
3.22000 1.40808914
3.22500 1.40741218
3.23000 1.40673654
3.23500 1.40606223
3.24000 1.40538922
3.24500 1.40471753
3.25000 1.40404714
3.25500 1.40337806
3.26000 1.40271027
3.26500 1.40204377
3.27000 1.40137856
3.27500 1.40071464
3.28000 1.40005199
3.28500 1.39939062
3.29000 1.39873052
3.29500 1.39807168
3.30000 1.39741411
3.30500 1.39675779
3.31000 1.39610273
3.31500 1.39544892
3.32000 1.39479635
3.32500 1.39414502
3.33000 1.39349493
3.33500 1.39284607
3.34000 1.39219844
3.34500 1.39155204
3.35000 1.39090685
3.35500 1.39026288
3.36000 1.38962013
3.36500 1.38897858
3.37000 1.38833823
3.37500 1.38769908
3.38000 1.38706113
3.38500 1.38642438
3.39000 1.38578881
3.39500 1.38515442
3.40000 1.38452121
3.40500 1.38388919
3.41000 1.38325833
3.41500 1.38262864
3.42000 1.38200012
3.42500 1.38137276
3.43000 1.38074655
3.43500 1.38012150
3.44000 1.37949760
3.44500 1.37887484
3.45000 1.37825323
3.45500 1.37763276
3.46000 1.37701342
3.46500 1.37639521
3.47000 1.37577813
3.47500 1.37516217
3.48000 1.37454733
3.48500 1.37393361
3.49000 1.37332101
3.49500 1.37270951
3.50000 1.37209912
3.50500 1.37148983
3.51000 1.37088164
3.51500 1.37027455
3.52000 1.36966855
3.52500 1.36906364
3.53000 1.36845981
3.53500 1.36785706
3.54000 1.36725540
3.54500 1.36665480
3.55000 1.36605528
3.55500 1.36545683
3.56000 1.36485944
3.56500 1.36426311
3.57000 1.36366784
3.57500 1.36307363
3.58000 1.36248047
3.58500 1.36188835
3.59000 1.36129728
3.59500 1.36070725
3.60000 1.36011827
3.60500 1.35953031
3.61000 1.35894339
3.61500 1.35835750
3.62000 1.35777263
3.62500 1.35718878
3.63000 1.35660596
3.63500 1.35602415
3.64000 1.35544335
3.64500 1.35486356
3.65000 1.35428478
3.65500 1.35370701
3.66000 1.35313023
3.66500 1.35255445
3.67000 1.35197967
3.67500 1.35140588
3.68000 1.35083307
3.68500 1.35026125
3.69000 1.34969042
3.69500 1.34912056
3.70000 1.34855168
3.70500 1.34798378
3.71000 1.34741684
3.71500 1.34685088
3.72000 1.34628587
3.72500 1.34572183
3.73000 1.34515875
3.73500 1.34459663
3.74000 1.34403545
3.74500 1.34347523
3.75000 1.34291596
3.75500 1.34235763
3.76000 1.34180024
3.76500 1.34124379
3.77000 1.34068828
3.77500 1.34013370
3.78000 1.33958006
3.78500 1.33902734
3.79000 1.33847555
3.79500 1.33792467
3.80000 1.33737472
3.80500 1.33682569
3.81000 1.33627757
3.81500 1.33573036
3.82000 1.33518406
3.82500 1.33463867
3.83000 1.33409418
3.83500 1.33355060
3.84000 1.33300791
3.84500 1.33246612
3.85000 1.33192522
3.85500 1.33138521
3.86000 1.33084609
3.86500 1.33030785
3.87000 1.32977050
3.87500 1.32923403
3.88000 1.32869844
3.88500 1.32816372
3.89000 1.32762987
3.89500 1.32709690
3.90000 1.32656479
3.90500 1.32603355
3.91000 1.32550317
3.91500 1.32497365
3.92000 1.32444499
3.92500 1.32391719
3.93000 1.32339023
3.93500 1.32286413
3.94000 1.32233888
3.94500 1.32181447
3.95000 1.32129091
3.95500 1.32076818
3.96000 1.32024630
3.96500 1.31972525
3.97000 1.31920504
3.97500 1.31868565
3.98000 1.31816710
3.98500 1.31764937
3.99000 1.31713247
3.99500 1.31661639
4.00000 1.31610113
4.00500 1.31558669
4.01000 1.31507306
4.01500 1.31456025
4.02000 1.31404824
4.02500 1.31353705
4.03000 1.31302666
4.03500 1.31251708
4.04000 1.31200829
4.04500 1.31150031
4.05000 1.31099312
4.05500 1.31048673
4.06000 1.30998114
4.06500 1.30947633
4.07000 1.30897231
4.07500 1.30846908
4.08000 1.30796663
4.08500 1.30746496
4.09000 1.30696408
4.09500 1.30646397
4.10000 1.30596464
4.10500 1.30546608
4.11000 1.30496829
4.11500 1.30447127
4.12000 1.30397502
4.12500 1.30347954
4.13000 1.30298482
4.13500 1.30249086
4.14000 1.30199765
4.14500 1.30150521
4.15000 1.30101352
4.15500 1.30052258
4.16000 1.30003239
4.16500 1.29954295
4.17000 1.29905426
4.17500 1.29856632
4.18000 1.29807911
4.18500 1.29759265
4.19000 1.29710693
4.19500 1.29662194
4.20000 1.29613768
4.20500 1.29565417
4.21000 1.29517138
4.21500 1.29468932
4.22000 1.29420798
4.22500 1.29372738
4.23000 1.29324749
4.23500 1.29276833
4.24000 1.29228988
4.24500 1.29181216
4.25000 1.29133515
4.25500 1.29085885
4.26000 1.29038326
4.26500 1.28990839
4.27000 1.28943422
4.27500 1.28896076
4.28000 1.28848800
4.28500 1.28801595
4.29000 1.28754459
4.29500 1.28707394
4.30000 1.28660398
4.30500 1.28613472
4.31000 1.28566615
4.31500 1.28519827
4.32000 1.28473108
4.32500 1.28426458
4.33000 1.28379877
4.33500 1.28333364
4.34000 1.28286919
4.34500 1.28240542
4.35000 1.28194234
4.35500 1.28147993
4.36000 1.28101819
4.36500 1.28055713
4.37000 1.28009674
4.37500 1.27963703
4.38000 1.27917798
4.38500 1.27871959
4.39000 1.27826188
4.39500 1.27780482
4.40000 1.27734843
4.40500 1.27689270
4.41000 1.27643763
4.41500 1.27598321
4.42000 1.27552945
4.42500 1.27507635
4.43000 1.27462389
4.43500 1.27417209
4.44000 1.27372093
4.44500 1.27327042
4.45000 1.27282056
4.45500 1.27237134
4.46000 1.27192276
4.46500 1.27147482
4.47000 1.27102752
4.47500 1.27058086
4.48000 1.27013483
4.48500 1.26968944
4.49000 1.26924468
4.49500 1.26880055
4.50000 1.26835705
4.50500 1.26791418
4.51000 1.26747193
4.51500 1.26703031
4.52000 1.26658931
4.52500 1.26614894
4.53000 1.26570918
4.53500 1.26527004
4.54000 1.26483152
4.54500 1.26439361
4.55000 1.26395632
4.55500 1.26351964
4.56000 1.26308357
4.56500 1.26264811
4.57000 1.26221326
4.57500 1.26177902
4.58000 1.26134537
4.58500 1.26091234
4.59000 1.26047990
4.59500 1.26004807
4.60000 1.25961683
4.60500 1.25918619
4.61000 1.25875615
4.61500 1.25832670
4.62000 1.25789784
4.62500 1.25746958
4.63000 1.25704191
4.63500 1.25661482
4.64000 1.25618832
4.64500 1.25576241
4.65000 1.25533709
4.65500 1.25491234
4.66000 1.25448818
4.66500 1.25406460
4.67000 1.25364160
4.67500 1.25321917
4.68000 1.25279732
4.68500 1.25237605
4.69000 1.25195535
4.69500 1.25153522
4.70000 1.25111566
4.70500 1.25069667
4.71000 1.25027825
4.71500 1.24986040
4.72000 1.24944311
4.72500 1.24902638
4.73000 1.24861022
4.73500 1.24819462
4.74000 1.24777957
4.74500 1.24736509
4.75000 1.24695116
4.75500 1.24653779
4.76000 1.24612498
4.76500 1.24571272
4.77000 1.24530101
4.77500 1.24488985
4.78000 1.24447924
4.78500 1.24406917
4.79000 1.24365966
4.79500 1.24325069
4.80000 1.24284226
4.80500 1.24243438
4.81000 1.24202704
4.81500 1.24162024
4.82000 1.24121397
4.82500 1.24080825
4.83000 1.24040306
4.83500 1.23999841
4.84000 1.23959429
4.84500 1.23919071
4.85000 1.23878765
4.85500 1.23838513
4.86000 1.23798314
4.86500 1.23758167
4.87000 1.23718073
4.87500 1.23678032
4.88000 1.23638043
4.88500 1.23598107
4.89000 1.23558222
4.89500 1.23518390
4.90000 1.23478610
4.90500 1.23438881
4.91000 1.23399204
4.91500 1.23359579
4.92000 1.23320005
4.92500 1.23280483
4.93000 1.23241012
4.93500 1.23201592
4.94000 1.23162223
4.94500 1.23122905
4.95000 1.23083637
4.95500 1.23044421
4.96000 1.23005255
4.96500 1.22966139
4.97000 1.22927073
4.97500 1.22888058
4.98000 1.22849093
4.98500 1.22810178
4.99000 1.22771313
4.99500 1.22732497
5.00000 1.22693732
5.00500 1.22655015
5.01000 1.22616348
5.01500 1.22577731
5.02000 1.22539162
5.02500 1.22500643
5.03000 1.22462173
5.03500 1.22423751
5.04000 1.22385379
5.04500 1.22347055
5.05000 1.22308779
5.05500 1.22270552
5.06000 1.22232373
5.06500 1.22194243
5.07000 1.22156160
5.07500 1.22118126
5.08000 1.22080139
5.08500 1.22042201
5.09000 1.22004310
5.09500 1.21966466
5.10000 1.21928670
5.10500 1.21890922
5.11000 1.21853220
5.11500 1.21815566
5.12000 1.21777959
5.12500 1.21740399
5.13000 1.21702885
5.13500 1.21665419
5.14000 1.21627999
5.14500 1.21590625
5.15000 1.21553298
5.15500 1.21516018
5.16000 1.21478783
5.16500 1.21441595
5.17000 1.21404453
5.17500 1.21367357
5.18000 1.21330306
5.18500 1.21293302
5.19000 1.21256343
5.19500 1.21219429
5.20000 1.21182561
5.20500 1.21145738
5.21000 1.21108961
5.21500 1.21072228
5.22000 1.21035541
5.22500 1.20998899
5.23000 1.20962301
5.23500 1.20925749
5.24000 1.20889241
5.24500 1.20852777
5.25000 1.20816358
5.25500 1.20779983
5.26000 1.20743653
5.26500 1.20707367
5.27000 1.20671125
5.27500 1.20634927
5.28000 1.20598772
5.28500 1.20562662
5.29000 1.20526595
5.29500 1.20490572
5.30000 1.20454593
5.30500 1.20418657
5.31000 1.20382764
5.31500 1.20346915
5.32000 1.20311108
5.32500 1.20275345
5.33000 1.20239625
5.33500 1.20203947
5.34000 1.20168313
5.34500 1.20132721
5.35000 1.20097172
5.35500 1.20061665
5.36000 1.20026201
5.36500 1.19990779
5.37000 1.19955399
5.37500 1.19920061
5.38000 1.19884766
5.38500 1.19849513
5.39000 1.19814301
5.39500 1.19779131
5.40000 1.19744003
5.40500 1.19708917
5.41000 1.19673872
5.41500 1.19638869
5.42000 1.19603907
5.42500 1.19568987
5.43000 1.19534107
5.43500 1.19499269
5.44000 1.19464472
5.44500 1.19429715
5.45000 1.19395000
5.45500 1.19360325
5.46000 1.19325691
5.46500 1.19291098
5.47000 1.19256545
5.47500 1.19222033
5.48000 1.19187561
5.48500 1.19153130
5.49000 1.19118738
5.49500 1.19084387
5.50000 1.19050076
5.50500 1.19015804
5.51000 1.18981573
5.51500 1.18947381
5.52000 1.18913229
5.52500 1.18879117
5.53000 1.18845044
5.53500 1.18811011
5.54000 1.18777017
5.54500 1.18743063
5.55000 1.18709147
5.55500 1.18675271
5.56000 1.18641434
5.56500 1.18607636
5.57000 1.18573876
5.57500 1.18540156
5.58000 1.18506474
5.58500 1.18472832
5.59000 1.18439227
5.59500 1.18405661
5.60000 1.18372134
5.60500 1.18338645
5.61000 1.18305194
5.61500 1.18271782
5.62000 1.18238407
5.62500 1.18205071
5.63000 1.18171773
5.63500 1.18138512
5.64000 1.18105289
5.64500 1.18072105
5.65000 1.18038957
5.65500 1.18005848
5.66000 1.17972776
5.66500 1.17939741
5.67000 1.17906744
5.67500 1.17873784
5.68000 1.17840861
5.68500 1.17807976
5.69000 1.17775127
5.69500 1.17742316
5.70000 1.17709542
5.70500 1.17676804
5.71000 1.17644103
5.71500 1.17611439
5.72000 1.17578811
5.72500 1.17546221
5.73000 1.17513666
5.73500 1.17481148
5.74000 1.17448667
5.74500 1.17416221
5.75000 1.17383812
5.75500 1.17351439
5.76000 1.17319102
5.76500 1.17286801
5.77000 1.17254536
5.77500 1.17222307
5.78000 1.17190114
5.78500 1.17157956
5.79000 1.17125835
5.79500 1.17093748
5.80000 1.17061697
5.80500 1.17029682
5.81000 1.16997702
5.81500 1.16965757
5.82000 1.16933848
5.82500 1.16901974
5.83000 1.16870134
5.83500 1.16838330
5.84000 1.16806561
5.84500 1.16774827
5.85000 1.16743127
5.85500 1.16711462
5.86000 1.16679832
5.86500 1.16648237
5.87000 1.16616676
5.87500 1.16585150
5.88000 1.16553658
5.88500 1.16522201
5.89000 1.16490777
5.89500 1.16459388
5.90000 1.16428034
5.90500 1.16396713
5.91000 1.16365426
5.91500 1.16334173
5.92000 1.16302955
5.92500 1.16271770
5.93000 1.16240619
5.93500 1.16209501
5.94000 1.16178417
5.94500 1.16147367
5.95000 1.16116350
5.95500 1.16085367
5.96000 1.16054417
5.96500 1.16023501
5.97000 1.15992617
5.97500 1.15961767
5.98000 1.15930950
5.98500 1.15900167
5.99000 1.15869416
5.99500 1.15838698
6.00000 1.15808013
6.00500 1.15777361
6.01000 1.15746742
6.01500 1.15716155
6.02000 1.15685601
6.02500 1.15655080
6.03000 1.15624591
6.03500 1.15594134
6.04000 1.15563710
6.04500 1.15533319
6.05000 1.15502959
6.05500 1.15472632
6.06000 1.15442337
6.06500 1.15412074
6.07000 1.15381843
6.07500 1.15351644
6.08000 1.15321477
6.08500 1.15291342
6.09000 1.15261239
6.09500 1.15231167
6.10000 1.15201128
6.10500 1.15171119
6.11000 1.15141143
6.11500 1.15111197
6.12000 1.15081284
6.12500 1.15051401
6.13000 1.15021551
6.13500 1.14991731
6.14000 1.14961942
6.14500 1.14932185
6.15000 1.14902459
6.15500 1.14872764
6.16000 1.14843100
6.16500 1.14813466
6.17000 1.14783864
6.17500 1.14754293
6.18000 1.14724752
6.18500 1.14695242
6.19000 1.14665762
6.19500 1.14636314
6.20000 1.14606895
6.20500 1.14577508
6.21000 1.14548150
6.21500 1.14518823
6.22000 1.14489527
6.22500 1.14460260
6.23000 1.14431024
6.23500 1.14401818
6.24000 1.14372642
6.24500 1.14343496
6.25000 1.14314381
6.25500 1.14285295
6.26000 1.14256239
6.26500 1.14227212
6.27000 1.14198216
6.27500 1.14169249
6.28000 1.14140312
6.28500 1.14111405
6.29000 1.14082527
6.29500 1.14053679
6.30000 1.14024860
6.30500 1.13996070
6.31000 1.13967310
6.31500 1.13938579
6.32000 1.13909878
6.32500 1.13881205
6.33000 1.13852562
6.33500 1.13823948
6.34000 1.13795363
6.34500 1.13766807
6.35000 1.13738279
6.35500 1.13709781
6.36000 1.13681312
6.36500 1.13652871
6.37000 1.13624459
6.37500 1.13596076
6.38000 1.13567721
6.38500 1.13539395
6.39000 1.13511097
6.39500 1.13482828
6.40000 1.13454587
6.40500 1.13426375
6.41000 1.13398191
6.41500 1.13370035
6.42000 1.13341908
6.42500 1.13313809
6.43000 1.13285737
6.43500 1.13257694
6.44000 1.13229679
6.44500 1.13201692
6.45000 1.13173733
6.45500 1.13145802
6.46000 1.13117898
6.46500 1.13090023
6.47000 1.13062175
6.47500 1.13034354
6.48000 1.13006562
6.48500 1.12978797
6.49000 1.12951059
6.49500 1.12923349
6.50000 1.12895667
6.50500 1.12868011
6.51000 1.12840384
6.51500 1.12812783
6.52000 1.12785210
6.52500 1.12757664
6.53000 1.12730145
6.53500 1.12702653
6.54000 1.12675188
6.54500 1.12647751
6.55000 1.12620340
6.55500 1.12592956
6.56000 1.12565599
6.56500 1.12538269
6.57000 1.12510966
6.57500 1.12483689
6.58000 1.12456439
6.58500 1.12429216
6.59000 1.12402020
6.59500 1.12374849
6.60000 1.12347706
6.60500 1.12320589
6.61000 1.12293498
6.61500 1.12266434
6.62000 1.12239396
6.62500 1.12212384
6.63000 1.12185399
6.63500 1.12158440
6.64000 1.12131506
6.64500 1.12104599
6.65000 1.12077719
6.65500 1.12050864
6.66000 1.12024035
6.66500 1.11997232
6.67000 1.11970455
6.67500 1.11943703
6.68000 1.11916978
6.68500 1.11890278
6.69000 1.11863604
6.69500 1.11836956
6.70000 1.11810333
6.70500 1.11783736
6.71000 1.11757164
6.71500 1.11730618
6.72000 1.11704098
6.72500 1.11677602
6.73000 1.11651132
6.73500 1.11624688
6.74000 1.11598269
6.74500 1.11571875
6.75000 1.11545506
6.75500 1.11519162
6.76000 1.11492843
6.76500 1.11466550
6.77000 1.11440281
6.77500 1.11414038
6.78000 1.11387819
6.78500 1.11361626
6.79000 1.11335457
6.79500 1.11309313
6.80000 1.11283194
6.80500 1.11257099
6.81000 1.11231029
6.81500 1.11204984
6.82000 1.11178964
6.82500 1.11152968
6.83000 1.11126997
6.83500 1.11101050
6.84000 1.11075127
6.84500 1.11049229
6.85000 1.11023355
6.85500 1.10997506
6.86000 1.10971681
6.86500 1.10945880
6.87000 1.10920104
6.87500 1.10894351
6.88000 1.10868623
6.88500 1.10842919
6.89000 1.10817238
6.89500 1.10791582
6.90000 1.10765950
6.90500 1.10740342
6.91000 1.10714757
6.91500 1.10689197
6.92000 1.10663660
6.92500 1.10638147
6.93000 1.10612658
6.93500 1.10587193
6.94000 1.10561751
6.94500 1.10536333
6.95000 1.10510938
6.95500 1.10485567
6.96000 1.10460219
6.96500 1.10434895
6.97000 1.10409595
6.97500 1.10384317
6.98000 1.10359063
6.98500 1.10333833
6.99000 1.10308625
6.99500 1.10283441
7.00000 1.10258280
7.00500 1.10233143
7.01000 1.10208028
7.01500 1.10182936
7.02000 1.10157868
7.02500 1.10132822
7.03000 1.10107800
7.03500 1.10082800
7.04000 1.10057824
7.04500 1.10032870
7.05000 1.10007939
7.05500 1.09983031
7.06000 1.09958146
7.06500 1.09933283
7.07000 1.09908443
7.07500 1.09883626
7.08000 1.09858831
7.08500 1.09834059
7.09000 1.09809309
7.09500 1.09784582
7.10000 1.09759877
7.10500 1.09735195
7.11000 1.09710535
7.11500 1.09685898
7.12000 1.09661283
7.12500 1.09636690
7.13000 1.09612119
7.13500 1.09587571
7.14000 1.09563045
7.14500 1.09538541
7.15000 1.09514059
7.15500 1.09489599
7.16000 1.09465161
7.16500 1.09440745
7.17000 1.09416351
7.17500 1.09391979
7.18000 1.09367629
7.18500 1.09343301
7.19000 1.09318995
7.19500 1.09294710
7.20000 1.09270448
7.20500 1.09246207
7.21000 1.09221987
7.21500 1.09197790
7.22000 1.09173614
7.22500 1.09149459
7.23000 1.09125326
7.23500 1.09101215
7.24000 1.09077125
7.24500 1.09053057
7.25000 1.09029010
7.25500 1.09004984
7.26000 1.08980980
7.26500 1.08956997
7.27000 1.08933036
7.27500 1.08909095
7.28000 1.08885176
7.28500 1.08861278
7.29000 1.08837402
7.29500 1.08813546
7.30000 1.08789711
7.30500 1.08765898
7.31000 1.08742106
7.31500 1.08718334
7.32000 1.08694584
7.32500 1.08670854
7.33000 1.08647145
7.33500 1.08623458
7.34000 1.08599791
7.34500 1.08576145
7.35000 1.08552519
7.35500 1.08528915
7.36000 1.08505331
7.36500 1.08481767
7.37000 1.08458225
7.37500 1.08434703
7.38000 1.08411201
7.38500 1.08387720
7.39000 1.08364260
7.39500 1.08340820
7.40000 1.08317401
7.40500 1.08294002
7.41000 1.08270623
7.41500 1.08247265
7.42000 1.08223927
7.42500 1.08200609
7.43000 1.08177312
7.43500 1.08154035
7.44000 1.08130778
7.44500 1.08107541
7.45000 1.08084325
7.45500 1.08061128
7.46000 1.08037952
7.46500 1.08014795
7.47000 1.07991659
7.47500 1.07968543
7.48000 1.07945446
7.48500 1.07922370
7.49000 1.07899313
7.49500 1.07876277
7.50000 1.07853260
7.50500 1.07830263
7.51000 1.07807286
7.51500 1.07784328
7.52000 1.07761390
7.52500 1.07738472
7.53000 1.07715574
7.53500 1.07692695
7.54000 1.07669836
7.54500 1.07646996
7.55000 1.07624176
7.55500 1.07601375
7.56000 1.07578594
7.56500 1.07555833
7.57000 1.07533090
7.57500 1.07510367
7.58000 1.07487664
7.58500 1.07464980
7.59000 1.07442315
7.59500 1.07419670
7.60000 1.07397043
7.60500 1.07374436
7.61000 1.07351848
7.61500 1.07329280
7.62000 1.07306730
7.62500 1.07284200
7.63000 1.07261688
7.63500 1.07239196
7.64000 1.07216723
7.64500 1.07194268
7.65000 1.07171833
7.65500 1.07149417
7.66000 1.07127019
7.66500 1.07104640
7.67000 1.07082281
7.67500 1.07059940
7.68000 1.07037618
7.68500 1.07015314
7.69000 1.06993030
7.69500 1.06970764
7.70000 1.06948517
7.70500 1.06926288
7.71000 1.06904078
7.71500 1.06881887
7.72000 1.06859714
7.72500 1.06837560
7.73000 1.06815424
7.73500 1.06793307
7.74000 1.06771208
7.74500 1.06749128
7.75000 1.06727066
7.75500 1.06705023
7.76000 1.06682998
7.76500 1.06660991
7.77000 1.06639002
7.77500 1.06617032
7.78000 1.06595080
7.78500 1.06573147
7.79000 1.06551231
7.79500 1.06529334
7.80000 1.06507455
7.80500 1.06485594
7.81000 1.06463751
7.81500 1.06441926
7.82000 1.06420119
7.82500 1.06398330
7.83000 1.06376559
7.83500 1.06354806
7.84000 1.06333072
7.84500 1.06311355
7.85000 1.06289655
7.85500 1.06267974
7.86000 1.06246311
7.86500 1.06224665
7.87000 1.06203037
7.87500 1.06181427
7.88000 1.06159835
7.88500 1.06138260
7.89000 1.06116703
7.89500 1.06095164
7.90000 1.06073642
7.90500 1.06052138
7.91000 1.06030652
7.91500 1.06009183
7.92000 1.05987731
7.92500 1.05966297
7.93000 1.05944881
7.93500 1.05923482
7.94000 1.05902101
7.94500 1.05880736
7.95000 1.05859390
7.95500 1.05838060
7.96000 1.05816748
7.96500 1.05795453
7.97000 1.05774176
7.97500 1.05752916
7.98000 1.05731673
7.98500 1.05710447
7.99000 1.05689238
7.99500 1.05668047
8.00000 1.05646872
8.00500 1.05625715
8.01000 1.05604575
8.01500 1.05583452
8.02000 1.05562346
8.02500 1.05541257
8.03000 1.05520185
8.03500 1.05499130
8.04000 1.05478092
8.04500 1.05457071
8.05000 1.05436066
8.05500 1.05415079
8.06000 1.05394108
8.06500 1.05373154
8.07000 1.05352217
8.07500 1.05331297
8.08000 1.05310394
8.08500 1.05289507
8.09000 1.05268637
8.09500 1.05247784
8.10000 1.05226947
8.10500 1.05206127
8.11000 1.05185323
8.11500 1.05164537
8.12000 1.05143766
8.12500 1.05123012
8.13000 1.05102275
8.13500 1.05081554
8.14000 1.05060850
8.14500 1.05040162
8.15000 1.05019491
8.15500 1.04998836
8.16000 1.04978197
8.16500 1.04957575
8.17000 1.04936969
8.17500 1.04916379
8.18000 1.04895806
8.18500 1.04875249
8.19000 1.04854708
8.19500 1.04834184
8.20000 1.04813675
8.20500 1.04793183
8.21000 1.04772707
8.21500 1.04752247
8.22000 1.04731803
8.22500 1.04711375
8.23000 1.04690963
8.23500 1.04670568
8.24000 1.04650188
8.24500 1.04629825
8.25000 1.04609477
8.25500 1.04589145
8.26000 1.04568829
8.26500 1.04548530
8.27000 1.04528246
8.27500 1.04507977
8.28000 1.04487725
8.28500 1.04467489
8.29000 1.04447268
8.29500 1.04427063
8.30000 1.04406874
8.30500 1.04386701
8.31000 1.04366543
8.31500 1.04346401
8.32000 1.04326275
8.32500 1.04306164
8.33000 1.04286069
8.33500 1.04265990
8.34000 1.04245926
8.34500 1.04225878
8.35000 1.04205845
8.35500 1.04185828
8.36000 1.04165826
8.36500 1.04145840
8.37000 1.04125869
8.37500 1.04105914
8.38000 1.04085974
8.38500 1.04066049
8.39000 1.04046140
8.39500 1.04026246
8.40000 1.04006368
8.40500 1.03986505
8.41000 1.03966657
8.41500 1.03946824
8.42000 1.03927007
8.42500 1.03907205
8.43000 1.03887418
8.43500 1.03867646
8.44000 1.03847890
8.44500 1.03828148
8.45000 1.03808422
8.45500 1.03788711
8.46000 1.03769015
8.46500 1.03749334
8.47000 1.03729668
8.47500 1.03710017
8.48000 1.03690381
8.48500 1.03670760
8.49000 1.03651154
8.49500 1.03631563
8.50000 1.03611987
8.50500 1.03592426
8.51000 1.03572880
8.51500 1.03553348
8.52000 1.03533832
8.52500 1.03514330
8.53000 1.03494843
8.53500 1.03475371
8.54000 1.03455914
8.54500 1.03436471
8.55000 1.03417043
8.55500 1.03397630
8.56000 1.03378231
8.56500 1.03358848
8.57000 1.03339478
8.57500 1.03320124
8.58000 1.03300784
8.58500 1.03281459
8.59000 1.03262148
8.59500 1.03242852
8.60000 1.03223570
8.60500 1.03204303
8.61000 1.03185050
8.61500 1.03165812
8.62000 1.03146588
8.62500 1.03127379
8.63000 1.03108184
8.63500 1.03089004
8.64000 1.03069837
8.64500 1.03050686
8.65000 1.03031548
8.65500 1.03012425
8.66000 1.02993316
8.66500 1.02974222
8.67000 1.02955142
8.67500 1.02936076
8.68000 1.02917024
8.68500 1.02897987
8.69000 1.02878963
8.69500 1.02859954
8.70000 1.02840959
8.70500 1.02821978
8.71000 1.02803012
8.71500 1.02784059
8.72000 1.02765120
8.72500 1.02746196
8.73000 1.02727285
8.73500 1.02708389
8.74000 1.02689507
8.74500 1.02670638
8.75000 1.02651784
8.75500 1.02632943
8.76000 1.02614117
8.76500 1.02595304
8.77000 1.02576505
8.77500 1.02557721
8.78000 1.02538950
8.78500 1.02520192
8.79000 1.02501449
8.79500 1.02482720
8.80000 1.02464004
8.80500 1.02445302
8.81000 1.02426614
8.81500 1.02407940
8.82000 1.02389279
8.82500 1.02370632
8.83000 1.02351999
8.83500 1.02333379
8.84000 1.02314773
8.84500 1.02296181
8.85000 1.02277602
8.85500 1.02259037
8.86000 1.02240485
8.86500 1.02221947
8.87000 1.02203423
8.87500 1.02184912
8.88000 1.02166414
8.88500 1.02147930
8.89000 1.02129460
8.89500 1.02111003
8.90000 1.02092559
8.90500 1.02074129
8.91000 1.02055713
8.91500 1.02037309
8.92000 1.02018919
8.92500 1.02000543
8.93000 1.01982180
8.93500 1.01963830
8.94000 1.01945493
8.94500 1.01927170
8.95000 1.01908860
8.95500 1.01890563
8.96000 1.01872279
8.96500 1.01854009
8.97000 1.01835752
8.97500 1.01817508
8.98000 1.01799277
8.98500 1.01781060
8.99000 1.01762855
8.99500 1.01744664
9.00000 1.01726486
9.00500 1.01708320
9.01000 1.01690168
9.01500 1.01672029
9.02000 1.01653903
9.02500 1.01635790
9.03000 1.01617690
9.03500 1.01599604
9.04000 1.01581530
9.04500 1.01563468
9.05000 1.01545420
9.05500 1.01527385
9.06000 1.01509363
9.06500 1.01491354
9.07000 1.01473357
9.07500 1.01455373
9.08000 1.01437403
9.08500 1.01419445
9.09000 1.01401500
9.09500 1.01383567
9.10000 1.01365648
9.10500 1.01347741
9.11000 1.01329847
9.11500 1.01311965
9.12000 1.01294097
9.12500 1.01276241
9.13000 1.01258398
9.13500 1.01240567
9.14000 1.01222749
9.14500 1.01204944
9.15000 1.01187151
9.15500 1.01169371
9.16000 1.01151604
9.16500 1.01133849
9.17000 1.01116106
9.17500 1.01098377
9.18000 1.01080659
9.18500 1.01062955
9.19000 1.01045262
9.19500 1.01027582
9.20000 1.01009915
9.20500 1.00992260
9.21000 1.00974618
9.21500 1.00956988
9.22000 1.00939370
9.22500 1.00921765
9.23000 1.00904172
9.23500 1.00886592
9.24000 1.00869024
9.24500 1.00851468
9.25000 1.00833924
9.25500 1.00816393
9.26000 1.00798874
9.26500 1.00781367
9.27000 1.00763873
9.27500 1.00746391
9.28000 1.00728921
9.28500 1.00711463
9.29000 1.00694017
9.29500 1.00676584
9.30000 1.00659163
9.30500 1.00641754
9.31000 1.00624357
9.31500 1.00606972
9.32000 1.00589599
9.32500 1.00572239
9.33000 1.00554890
9.33500 1.00537554
9.34000 1.00520229
9.34500 1.00502917
9.35000 1.00485616
9.35500 1.00468328
9.36000 1.00451051
9.36500 1.00433787
9.37000 1.00416534
9.37500 1.00399294
9.38000 1.00382065
9.38500 1.00364849
9.39000 1.00347644
9.39500 1.00330451
9.40000 1.00313270
9.40500 1.00296100
9.41000 1.00278943
9.41500 1.00261797
9.42000 1.00244664
9.42500 1.00227542
9.43000 1.00210432
9.43500 1.00193333
9.44000 1.00176247
9.44500 1.00159172
9.45000 1.00142108
9.45500 1.00125057
9.46000 1.00108017
9.46500 1.00090989
9.47000 1.00073973
9.47500 1.00056968
9.48000 1.00039975
9.48500 1.00022993
9.49000 1.00006023
9.49500 0.99989065
9.50000 0.99972118
9.50500 0.99955183
9.51000 0.99938260
9.51500 0.99921348
9.52000 0.99904447
9.52500 0.99887558
9.53000 0.99870681
9.53500 0.99853815
9.54000 0.99836960
9.54500 0.99820117
9.55000 0.99803286
9.55500 0.99786466
9.56000 0.99769657
9.56500 0.99752859
9.57000 0.99736074
9.57500 0.99719299
9.58000 0.99702536
9.58500 0.99685784
9.59000 0.99669043
9.59500 0.99652314
9.60000 0.99635596
9.60500 0.99618890
9.61000 0.99602195
9.61500 0.99585511
9.62000 0.99568838
9.62500 0.99552176
9.63000 0.99535526
9.63500 0.99518887
9.64000 0.99502259
9.64500 0.99485642
9.65000 0.99469037
9.65500 0.99452443
9.66000 0.99435859
9.66500 0.99419287
9.67000 0.99402727
9.67500 0.99386177
9.68000 0.99369638
9.68500 0.99353111
9.69000 0.99336594
9.69500 0.99320089
9.70000 0.99303594
9.70500 0.99287111
9.71000 0.99270638
9.71500 0.99254177
9.72000 0.99237727
9.72500 0.99221287
9.73000 0.99204859
9.73500 0.99188442
9.74000 0.99172035
9.74500 0.99155640
9.75000 0.99139255
9.75500 0.99122881
9.76000 0.99106518
9.76500 0.99090166
9.77000 0.99073825
9.77500 0.99057495
9.78000 0.99041176
9.78500 0.99024867
9.79000 0.99008569
9.79500 0.98992283
9.80000 0.98976006
9.80500 0.98959741
9.81000 0.98943486
9.81500 0.98927243
9.82000 0.98911009
9.82500 0.98894787
9.83000 0.98878575
9.83500 0.98862375
9.84000 0.98846184
9.84500 0.98830005
9.85000 0.98813836
9.85500 0.98797678
9.86000 0.98781530
9.86500 0.98765393
9.87000 0.98749267
9.87500 0.98733151
9.88000 0.98717046
9.88500 0.98700951
9.89000 0.98684867
9.89500 0.98668794
9.90000 0.98652731
9.90500 0.98636679
9.91000 0.98620637
9.91500 0.98604605
9.92000 0.98588585
9.92500 0.98572574
9.93000 0.98556574
9.93500 0.98540585
9.94000 0.98524606
9.94500 0.98508637
9.95000 0.98492679
9.95500 0.98476732
9.96000 0.98460794
9.96500 0.98444868
9.97000 0.98428951
9.97500 0.98413045
9.98000 0.98397149
9.98500 0.98381264
9.99000 0.98365388
9.99500 0.98349524
10.00000 0.98333669
10.00500 0.98317825
10.01000 0.98301991
10.01500 0.98286167
10.02000 0.98270354
10.02500 0.98254551
10.03000 0.98238758
10.03500 0.98222975
10.04000 0.98207203
10.04500 0.98191441
10.05000 0.98175688
10.05500 0.98159947
10.06000 0.98144215
10.06500 0.98128493
10.07000 0.98112782
10.07500 0.98097081
10.08000 0.98081389
10.08500 0.98065708
10.09000 0.98050037
10.09500 0.98034376
10.10000 0.98018726
10.10500 0.98003085
10.11000 0.97987454
10.11500 0.97971834
10.12000 0.97956223
10.12500 0.97940622
10.13000 0.97925032
10.13500 0.97909451
10.14000 0.97893881
10.14500 0.97878320
10.15000 0.97862769
10.15500 0.97847228
10.16000 0.97831698
10.16500 0.97816177
10.17000 0.97800666
10.17500 0.97785165
10.18000 0.97769674
10.18500 0.97754192
10.19000 0.97738721
10.19500 0.97723260
10.20000 0.97707808
10.20500 0.97692366
10.21000 0.97676934
10.21500 0.97661512
10.22000 0.97646099
10.22500 0.97630697
10.23000 0.97615304
10.23500 0.97599921
10.24000 0.97584548
10.24500 0.97569184
10.25000 0.97553831
10.25500 0.97538487
10.26000 0.97523152
10.26500 0.97507828
10.27000 0.97492513
10.27500 0.97477208
10.28000 0.97461912
10.28500 0.97446626
10.29000 0.97431350
10.29500 0.97416083
10.30000 0.97400826
10.30500 0.97385579
10.31000 0.97370341
10.31500 0.97355113
10.32000 0.97339895
10.32500 0.97324686
10.33000 0.97309487
10.33500 0.97294297
10.34000 0.97279117
10.34500 0.97263946
10.35000 0.97248785
10.35500 0.97233633
10.36000 0.97218491
10.36500 0.97203358
10.37000 0.97188235
10.37500 0.97173121
10.38000 0.97158017
10.38500 0.97142922
10.39000 0.97127837
10.39500 0.97112761
10.40000 0.97097695
10.40500 0.97082638
10.41000 0.97067590
10.41500 0.97052552
10.42000 0.97037523
10.42500 0.97022503
10.43000 0.97007493
10.43500 0.96992492
10.44000 0.96977501
10.44500 0.96962519
10.45000 0.96947546
10.45500 0.96932583
10.46000 0.96917628
10.46500 0.96902683
10.47000 0.96887748
10.47500 0.96872822
10.48000 0.96857904
10.48500 0.96842997
10.49000 0.96828098
10.49500 0.96813209
10.50000 0.96798329
10.50500 0.96783458
10.51000 0.96768596
10.51500 0.96753743
10.52000 0.96738900
10.52500 0.96724066
10.53000 0.96709241
10.53500 0.96694425
10.54000 0.96679618
10.54500 0.96664821
10.55000 0.96650032
10.55500 0.96635253
10.56000 0.96620483
10.56500 0.96605721
10.57000 0.96590969
10.57500 0.96576226
10.58000 0.96561492
10.58500 0.96546767
10.59000 0.96532051
10.59500 0.96517345
10.60000 0.96502647
10.60500 0.96487958
10.61000 0.96473278
10.61500 0.96458607
10.62000 0.96443946
10.62500 0.96429293
10.63000 0.96414649
10.63500 0.96400014
10.64000 0.96385388
10.64500 0.96370771
10.65000 0.96356163
10.65500 0.96341564
10.66000 0.96326973
10.66500 0.96312392
10.67000 0.96297820
10.67500 0.96283256
10.68000 0.96268701
10.68500 0.96254155
10.69000 0.96239618
10.69500 0.96225090
10.70000 0.96210571
10.70500 0.96196060
10.71000 0.96181558
10.71500 0.96167065
10.72000 0.96152581
10.72500 0.96138106
10.73000 0.96123639
10.73500 0.96109182
10.74000 0.96094732
10.74500 0.96080292
10.75000 0.96065861
10.75500 0.96051438
10.76000 0.96037024
10.76500 0.96022618
10.77000 0.96008221
10.77500 0.95993833
10.78000 0.95979454
10.78500 0.95965083
10.79000 0.95950721
10.79500 0.95936368
10.80000 0.95922023
10.80500 0.95907687
10.81000 0.95893360
10.81500 0.95879041
10.82000 0.95864731
10.82500 0.95850429
10.83000 0.95836136
10.83500 0.95821852
10.84000 0.95807576
10.84500 0.95793309
10.85000 0.95779050
10.85500 0.95764800
10.86000 0.95750558
10.86500 0.95736325
10.87000 0.95722100
10.87500 0.95707884
10.88000 0.95693677
10.88500 0.95679477
10.89000 0.95665287
10.89500 0.95651105
10.90000 0.95636931
10.90500 0.95622766
10.91000 0.95608609
10.91500 0.95594461
10.92000 0.95580321
10.92500 0.95566189
10.93000 0.95552066
10.93500 0.95537952
10.94000 0.95523845
10.94500 0.95509747
10.95000 0.95495658
10.95500 0.95481577
10.96000 0.95467504
10.96500 0.95453439
10.97000 0.95439383
10.97500 0.95425336
10.98000 0.95411296
10.98500 0.95397265
10.99000 0.95383242
10.99500 0.95369228
11.00000 0.95355222
11.00500 0.95341224
11.01000 0.95327234
11.01500 0.95313253
11.02000 0.95299279
11.02500 0.95285315
11.03000 0.95271358
11.03500 0.95257409
11.04000 0.95243469
11.04500 0.95229537
11.05000 0.95215614
11.05500 0.95201698
11.06000 0.95187791
11.06500 0.95173891
11.07000 0.95160000
11.07500 0.95146117
11.08000 0.95132243
11.08500 0.95118376
11.09000 0.95104518
11.09500 0.95090667
11.10000 0.95076825
11.10500 0.95062991
11.11000 0.95049165
11.11500 0.95035347
11.12000 0.95021537
11.12500 0.95007736
11.13000 0.94993942
11.13500 0.94980157
11.14000 0.94966379
11.14500 0.94952610
11.15000 0.94938848
11.15500 0.94925095
11.16000 0.94911349
11.16500 0.94897612
11.17000 0.94883883
11.17500 0.94870161
11.18000 0.94856448
11.18500 0.94842742
11.19000 0.94829045
11.19500 0.94815356
11.20000 0.94801674
11.20500 0.94788000
11.21000 0.94774335
11.21500 0.94760677
11.22000 0.94747027
11.22500 0.94733386
11.23000 0.94719752
11.23500 0.94706126
11.24000 0.94692507
11.24500 0.94678897
11.25000 0.94665295
11.25500 0.94651700
11.26000 0.94638114
11.26500 0.94624535
11.27000 0.94610964
11.27500 0.94597401
11.28000 0.94583845
11.28500 0.94570298
11.29000 0.94556758
11.29500 0.94543226
11.30000 0.94529702
11.30500 0.94516186
11.31000 0.94502678
11.31500 0.94489177
11.32000 0.94475684
11.32500 0.94462199
11.33000 0.94448721
11.33500 0.94435252
11.34000 0.94421790
11.34500 0.94408335
11.35000 0.94394889
11.35500 0.94381450
11.36000 0.94368019
11.36500 0.94354595
11.37000 0.94341180
11.37500 0.94327772
11.38000 0.94314371
11.38500 0.94300979
11.39000 0.94287593
11.39500 0.94274216
11.40000 0.94260846
11.40500 0.94247484
11.41000 0.94234130
11.41500 0.94220783
11.42000 0.94207443
11.42500 0.94194112
11.43000 0.94180788
11.43500 0.94167471
11.44000 0.94154162
11.44500 0.94140861
11.45000 0.94127567
11.45500 0.94114281
11.46000 0.94101002
11.46500 0.94087731
11.47000 0.94074467
11.47500 0.94061211
11.48000 0.94047963
11.48500 0.94034722
11.49000 0.94021488
11.49500 0.94008262
11.50000 0.93995044
11.50500 0.93981832
11.51000 0.93968629
11.51500 0.93955433
11.52000 0.93942244
11.52500 0.93929063
11.53000 0.93915889
11.53500 0.93902723
11.54000 0.93889564
11.54500 0.93876412
11.55000 0.93863268
11.55500 0.93850132
11.56000 0.93837002
11.56500 0.93823881
11.57000 0.93810766
11.57500 0.93797659
11.58000 0.93784559
11.58500 0.93771467
11.59000 0.93758382
11.59500 0.93745304
11.60000 0.93732234
11.60500 0.93719171
11.61000 0.93706115
11.61500 0.93693067
11.62000 0.93680026
11.62500 0.93666992
11.63000 0.93653966
11.63500 0.93640947
11.64000 0.93627935
11.64500 0.93614930
11.65000 0.93601933
11.65500 0.93588943
11.66000 0.93575960
11.66500 0.93562985
11.67000 0.93550017
11.67500 0.93537056
11.68000 0.93524102
11.68500 0.93511155
11.69000 0.93498216
11.69500 0.93485284
11.70000 0.93472359
11.70500 0.93459441
11.71000 0.93446530
11.71500 0.93433627
11.72000 0.93420731
11.72500 0.93407842
11.73000 0.93394960
11.73500 0.93382085
11.74000 0.93369217
11.74500 0.93356357
11.75000 0.93343504
11.75500 0.93330657
11.76000 0.93317818
11.76500 0.93304986
11.77000 0.93292161
11.77500 0.93279344
11.78000 0.93266533
11.78500 0.93253729
11.79000 0.93240933
11.79500 0.93228143
11.80000 0.93215361
11.80500 0.93202586
11.81000 0.93189817
11.81500 0.93177056
11.82000 0.93164302
11.82500 0.93151555
11.83000 0.93138814
11.83500 0.93126081
11.84000 0.93113355
11.84500 0.93100636
11.85000 0.93087924
11.85500 0.93075219
11.86000 0.93062520
11.86500 0.93049829
11.87000 0.93037145
11.87500 0.93024468
11.88000 0.93011797
11.88500 0.92999134
11.89000 0.92986477
11.89500 0.92973828
11.90000 0.92961185
11.90500 0.92948549
11.91000 0.92935921
11.91500 0.92923299
11.92000 0.92910684
11.92500 0.92898076
11.93000 0.92885475
11.93500 0.92872880
11.94000 0.92860293
11.94500 0.92847712
11.95000 0.92835139
11.95500 0.92822572
11.96000 0.92810012
11.96500 0.92797459
11.97000 0.92784912
11.97500 0.92772373
11.98000 0.92759840
11.98500 0.92747314
11.99000 0.92734795
11.99500 0.92722283
12.00000 0.92709777
12.00500 0.92697279
12.01000 0.92684787
12.01500 0.92672302
12.02000 0.92659823
12.02500 0.92647352
12.03000 0.92634887
12.03500 0.92622429
12.04000 0.92609977
12.04500 0.92597533
12.05000 0.92585095
12.05500 0.92572664
12.06000 0.92560239
12.06500 0.92547822
12.07000 0.92535411
12.07500 0.92523006
12.08000 0.92510609
12.08500 0.92498218
12.09000 0.92485834
12.09500 0.92473456
12.10000 0.92461085
12.10500 0.92448721
12.11000 0.92436363
12.11500 0.92424012
12.12000 0.92411668
12.12500 0.92399330
12.13000 0.92386999
12.13500 0.92374675
12.14000 0.92362357
12.14500 0.92350046
12.15000 0.92337741
12.15500 0.92325443
12.16000 0.92313152
12.16500 0.92300867
12.17000 0.92288589
12.17500 0.92276317
12.18000 0.92264052
12.18500 0.92251794
12.19000 0.92239542
12.19500 0.92227296
12.20000 0.92215057
12.20500 0.92202825
12.21000 0.92190599
12.21500 0.92178380
12.22000 0.92166167
12.22500 0.92153961
12.23000 0.92141761
12.23500 0.92129568
12.24000 0.92117381
12.24500 0.92105201
12.25000 0.92093027
12.25500 0.92080860
12.26000 0.92068699
12.26500 0.92056545
12.27000 0.92044397
12.27500 0.92032255
12.28000 0.92020120
12.28500 0.92007992
12.29000 0.91995869
12.29500 0.91983754
12.30000 0.91971644
12.30500 0.91959542
12.31000 0.91947445
12.31500 0.91935355
12.32000 0.91923271
12.32500 0.91911194
12.33000 0.91899123
12.33500 0.91887059
12.34000 0.91875001
12.34500 0.91862949
12.35000 0.91850903
12.35500 0.91838864
12.36000 0.91826832
12.36500 0.91814805
12.37000 0.91802785
12.37500 0.91790772
12.38000 0.91778764
12.38500 0.91766763
12.39000 0.91754768
12.39500 0.91742780
12.40000 0.91730798
12.40500 0.91718822
12.41000 0.91706853
12.41500 0.91694889
12.42000 0.91682932
12.42500 0.91670982
12.43000 0.91659037
12.43500 0.91647099
12.44000 0.91635167
12.44500 0.91623242
12.45000 0.91611322
12.45500 0.91599409
12.46000 0.91587502
12.46500 0.91575602
12.47000 0.91563707
12.47500 0.91551819
12.48000 0.91539937
12.48500 0.91528061
12.49000 0.91516191
12.49500 0.91504328
12.50000 0.91492471
12.50500 0.91480620
12.51000 0.91468775
12.51500 0.91456936
12.52000 0.91445104
12.52500 0.91433277
12.53000 0.91421457
12.53500 0.91409643
12.54000 0.91397835
12.54500 0.91386033
12.55000 0.91374238
12.55500 0.91362448
12.56000 0.91350665
12.56500 0.91338887
12.57000 0.91327116
12.57500 0.91315351
12.58000 0.91303592
12.58500 0.91291839
12.59000 0.91280092
12.59500 0.91268352
12.60000 0.91256617
12.60500 0.91244888
12.61000 0.91233166
12.61500 0.91221450
12.62000 0.91209739
12.62500 0.91198035
12.63000 0.91186337
12.63500 0.91174644
12.64000 0.91162958
12.64500 0.91151278
12.65000 0.91139604
12.65500 0.91127936
12.66000 0.91116273
12.66500 0.91104617
12.67000 0.91092967
12.67500 0.91081323
12.68000 0.91069685
12.68500 0.91058053
12.69000 0.91046426
12.69500 0.91034806
12.70000 0.91023192
12.70500 0.91011584
12.71000 0.90999981
12.71500 0.90988385
12.72000 0.90976795
12.72500 0.90965210
12.73000 0.90953632
12.73500 0.90942059
12.74000 0.90930492
12.74500 0.90918932
12.75000 0.90907377
12.75500 0.90895828
12.76000 0.90884285
12.76500 0.90872748
12.77000 0.90861216
12.77500 0.90849691
12.78000 0.90838171
12.78500 0.90826658
12.79000 0.90815150
12.79500 0.90803648
12.80000 0.90792152
12.80500 0.90780662
12.81000 0.90769178
12.81500 0.90757699
12.82000 0.90746227
12.82500 0.90734760
12.83000 0.90723299
12.83500 0.90711844
12.84000 0.90700395
12.84500 0.90688951
12.85000 0.90677513
12.85500 0.90666082
12.86000 0.90654656
12.86500 0.90643235
12.87000 0.90631821
12.87500 0.90620412
12.88000 0.90609009
12.88500 0.90597612
12.89000 0.90586221
12.89500 0.90574835
12.90000 0.90563455
12.90500 0.90552081
12.91000 0.90540713
12.91500 0.90529350
12.92000 0.90517993
12.92500 0.90506642
12.93000 0.90495297
12.93500 0.90483957
12.94000 0.90472623
12.94500 0.90461295
12.95000 0.90449972
12.95500 0.90438655
12.96000 0.90427344
12.96500 0.90416039
12.97000 0.90404739
12.97500 0.90393445
12.98000 0.90382156
12.98500 0.90370874
12.99000 0.90359597
12.99500 0.90348325
13.00000 0.90337059
13.00500 0.90325799
13.01000 0.90314545
13.01500 0.90303296
13.02000 0.90292053
13.02500 0.90280815
13.03000 0.90269583
13.03500 0.90258357
13.04000 0.90247137
13.04500 0.90235921
13.05000 0.90224712
13.05500 0.90213508
13.06000 0.90202310
13.06500 0.90191117
13.07000 0.90179930
13.07500 0.90168749
13.08000 0.90157573
13.08500 0.90146402
13.09000 0.90135238
13.09500 0.90124078
13.10000 0.90112925
13.10500 0.90101777
13.11000 0.90090634
13.11500 0.90079497
13.12000 0.90068366
13.12500 0.90057240
13.13000 0.90046119
13.13500 0.90035005
13.14000 0.90023895
13.14500 0.90012791
13.15000 0.90001693
13.15500 0.89990600
13.16000 0.89979513
13.16500 0.89968431
13.17000 0.89957355
13.17500 0.89946284
13.18000 0.89935219
13.18500 0.89924159
13.19000 0.89913104
13.19500 0.89902055
13.20000 0.89891012
13.20500 0.89879974
13.21000 0.89868941
13.21500 0.89857914
13.22000 0.89846893
13.22500 0.89835876
13.23000 0.89824866
13.23500 0.89813860
13.24000 0.89802860
13.24500 0.89791866
13.25000 0.89780877
13.25500 0.89769893
13.26000 0.89758915
13.26500 0.89747942
13.27000 0.89736974
13.27500 0.89726012
13.28000 0.89715055
13.28500 0.89704104
13.29000 0.89693158
13.29500 0.89682218
13.30000 0.89671282
13.30500 0.89660353
13.31000 0.89649428
13.31500 0.89638509
13.32000 0.89627595
13.32500 0.89616687
13.33000 0.89605784
13.33500 0.89594886
13.34000 0.89583994
13.34500 0.89573106
13.35000 0.89562225
13.35500 0.89551348
13.36000 0.89540477
13.36500 0.89529611
13.37000 0.89518751
13.37500 0.89507896
13.38000 0.89497046
13.38500 0.89486201
13.39000 0.89475362
13.39500 0.89464528
13.40000 0.89453699
13.40500 0.89442875
13.41000 0.89432057
13.41500 0.89421244
13.42000 0.89410436
13.42500 0.89399634
13.43000 0.89388837
13.43500 0.89378045
13.44000 0.89367258
13.44500 0.89356477
13.45000 0.89345700
13.45500 0.89334929
13.46000 0.89324164
13.46500 0.89313403
13.47000 0.89302648
13.47500 0.89291897
13.48000 0.89281153
13.48500 0.89270413
13.49000 0.89259678
13.49500 0.89248949
13.50000 0.89238225
13.50500 0.89227506
13.51000 0.89216792
13.51500 0.89206083
13.52000 0.89195380
13.52500 0.89184682
13.53000 0.89173988
13.53500 0.89163301
13.54000 0.89152618
13.54500 0.89141940
13.55000 0.89131268
13.55500 0.89120600
13.56000 0.89109938
13.56500 0.89099281
13.57000 0.89088629
13.57500 0.89077982
13.58000 0.89067340
13.58500 0.89056704
13.59000 0.89046072
13.59500 0.89035446
13.60000 0.89024824
13.60500 0.89014208
13.61000 0.89003597
13.61500 0.88992991
13.62000 0.88982390
13.62500 0.88971794
13.63000 0.88961204
13.63500 0.88950618
13.64000 0.88940037
13.64500 0.88929462
13.65000 0.88918891
13.65500 0.88908326
13.66000 0.88897765
13.66500 0.88887210
13.67000 0.88876660
13.67500 0.88866114
13.68000 0.88855574
13.68500 0.88845039
13.69000 0.88834509
13.69500 0.88823983
13.70000 0.88813463
13.70500 0.88802948
13.71000 0.88792438
13.71500 0.88781933
13.72000 0.88771433
13.72500 0.88760938
13.73000 0.88750447
13.73500 0.88739962
13.74000 0.88729482
13.74500 0.88719007
13.75000 0.88708537
13.75500 0.88698071
13.76000 0.88687611
13.76500 0.88677156
13.77000 0.88666705
13.77500 0.88656260
13.78000 0.88645820
13.78500 0.88635384
13.79000 0.88624953
13.79500 0.88614528
13.80000 0.88604107
13.80500 0.88593691
13.81000 0.88583281
13.81500 0.88572875
13.82000 0.88562474
13.82500 0.88552077
13.83000 0.88541686
13.83500 0.88531300
13.84000 0.88520919
13.84500 0.88510542
13.85000 0.88500171
13.85500 0.88489804
13.86000 0.88479442
13.86500 0.88469085
13.87000 0.88458733
13.87500 0.88448386
13.88000 0.88438044
13.88500 0.88427706
13.89000 0.88417374
13.89500 0.88407046
13.90000 0.88396723
13.90500 0.88386405
13.91000 0.88376092
13.91500 0.88365783
13.92000 0.88355480
13.92500 0.88345181
13.93000 0.88334887
13.93500 0.88324598
13.94000 0.88314314
13.94500 0.88304035
13.95000 0.88293760
13.95500 0.88283491
13.96000 0.88273226
13.96500 0.88262965
13.97000 0.88252710
13.97500 0.88242460
13.98000 0.88232214
13.98500 0.88221973
13.99000 0.88211737
13.99500 0.88201505
14.00000 0.88191279
14.00500 0.88181057
14.01000 0.88170840
14.01500 0.88160627
14.02000 0.88150420
14.02500 0.88140217
14.03000 0.88130019
14.03500 0.88119825
14.04000 0.88109637
14.04500 0.88099453
14.05000 0.88089274
14.05500 0.88079099
14.06000 0.88068930
14.06500 0.88058765
14.07000 0.88048605
14.07500 0.88038449
14.08000 0.88028298
14.08500 0.88018152
14.09000 0.88008011
14.09500 0.87997874
14.10000 0.87987742
14.10500 0.87977615
14.11000 0.87967492
14.11500 0.87957374
14.12000 0.87947261
14.12500 0.87937152
14.13000 0.87927049
14.13500 0.87916949
14.14000 0.87906855
14.14500 0.87896765
14.15000 0.87886680
14.15500 0.87876599
14.16000 0.87866523
14.16500 0.87856452
14.17000 0.87846385
14.17500 0.87836323
14.18000 0.87826266
14.18500 0.87816213
14.19000 0.87806165
14.19500 0.87796122
14.20000 0.87786083
14.20500 0.87776049
14.21000 0.87766019
14.21500 0.87755994
14.22000 0.87745974
14.22500 0.87735958
14.23000 0.87725947
14.23500 0.87715940
14.24000 0.87705938
14.24500 0.87695940
14.25000 0.87685948
14.25500 0.87675959
14.26000 0.87665976
14.26500 0.87655997
14.27000 0.87646022
14.27500 0.87636052
14.28000 0.87626087
14.28500 0.87616126
14.29000 0.87606169
14.29500 0.87596218
14.30000 0.87586271
14.30500 0.87576328
14.31000 0.87566390
14.31500 0.87556456
14.32000 0.87546527
14.32500 0.87536603
14.33000 0.87526683
14.33500 0.87516767
14.34000 0.87506856
14.34500 0.87496950
14.35000 0.87487048
14.35500 0.87477150
14.36000 0.87467257
14.36500 0.87457369
14.37000 0.87447485
14.37500 0.87437606
14.38000 0.87427731
14.38500 0.87417860
14.39000 0.87407994
14.39500 0.87398133
14.40000 0.87388276
14.40500 0.87378423
14.41000 0.87368575
14.41500 0.87358731
14.42000 0.87348892
14.42500 0.87339058
14.43000 0.87329227
14.43500 0.87319402
14.44000 0.87309580
14.44500 0.87299763
14.45000 0.87289951
14.45500 0.87280143
14.46000 0.87270339
14.46500 0.87260540
14.47000 0.87250745
14.47500 0.87240955
14.48000 0.87231169
14.48500 0.87221388
14.49000 0.87211611
14.49500 0.87201838
14.50000 0.87192070
14.50500 0.87182306
14.51000 0.87172546
14.51500 0.87162791
14.52000 0.87153041
14.52500 0.87143294
14.53000 0.87133552
14.53500 0.87123815
14.54000 0.87114082
14.54500 0.87104353
14.55000 0.87094629
14.55500 0.87084909
14.56000 0.87075193
14.56500 0.87065482
14.57000 0.87055775
14.57500 0.87046072
14.58000 0.87036374
14.58500 0.87026680
14.59000 0.87016990
14.59500 0.87007305
14.60000 0.86997624
14.60500 0.86987948
14.61000 0.86978275
14.61500 0.86968607
14.62000 0.86958944
14.62500 0.86949285
14.63000 0.86939630
14.63500 0.86929979
14.64000 0.86920333
14.64500 0.86910691
14.65000 0.86901053
14.65500 0.86891420
14.66000 0.86881790
14.66500 0.86872166
14.67000 0.86862545
14.67500 0.86852929
14.68000 0.86843317
14.68500 0.86833709
14.69000 0.86824106
14.69500 0.86814506
14.70000 0.86804912
14.70500 0.86795321
14.71000 0.86785735
14.71500 0.86776153
14.72000 0.86766575
14.72500 0.86757001
14.73000 0.86747432
14.73500 0.86737867
14.74000 0.86728306
14.74500 0.86718749
14.75000 0.86709197
14.75500 0.86699649
14.76000 0.86690105
14.76500 0.86680565
14.77000 0.86671030
14.77500 0.86661498
14.78000 0.86651971
14.78500 0.86642448
14.79000 0.86632930
14.79500 0.86623415
14.80000 0.86613905
14.80500 0.86604399
14.81000 0.86594897
14.81500 0.86585400
14.82000 0.86575906
14.82500 0.86566417
14.83000 0.86556932
14.83500 0.86547451
14.84000 0.86537974
14.84500 0.86528502
14.85000 0.86519034
14.85500 0.86509569
14.86000 0.86500109
14.86500 0.86490653
14.87000 0.86481202
14.87500 0.86471754
14.88000 0.86462311
14.88500 0.86452872
14.89000 0.86443436
14.89500 0.86434005
14.90000 0.86424579
14.90500 0.86415156
14.91000 0.86405737
14.91500 0.86396323
14.92000 0.86386913
14.92500 0.86377506
14.93000 0.86368104
14.93500 0.86358706
14.94000 0.86349313
14.94500 0.86339923
14.95000 0.86330537
14.95500 0.86321156
14.96000 0.86311778
14.96500 0.86302405
14.97000 0.86293036
14.97500 0.86283671
14.98000 0.86274309
14.98500 0.86264952
14.99000 0.86255600
14.99500 0.86246251
15.00000 0.86236906
15.00500 0.86227565
15.01000 0.86218229
15.01500 0.86208896
15.02000 0.86199568
15.02500 0.86190243
15.03000 0.86180923
15.03500 0.86171607
15.04000 0.86162294
15.04500 0.86152986
15.05000 0.86143682
15.05500 0.86134382
15.06000 0.86125086
15.06500 0.86115794
15.07000 0.86106506
15.07500 0.86097222
15.08000 0.86087942
15.08500 0.86078666
15.09000 0.86069394
15.09500 0.86060126
15.10000 0.86050862
15.10500 0.86041602
15.11000 0.86032347
15.11500 0.86023095
15.12000 0.86013847
15.12500 0.86004603
15.13000 0.85995363
15.13500 0.85986127
15.14000 0.85976895
15.14500 0.85967667
15.15000 0.85958444
15.15500 0.85949224
15.16000 0.85940008
15.16500 0.85930796
15.17000 0.85921588
15.17500 0.85912384
15.18000 0.85903184
15.18500 0.85893987
15.19000 0.85884795
15.19500 0.85875607
15.20000 0.85866423
15.20500 0.85857243
15.21000 0.85848066
15.21500 0.85838894
15.22000 0.85829725
15.22500 0.85820561
15.23000 0.85811400
15.23500 0.85802244
15.24000 0.85793091
15.24500 0.85783942
15.25000 0.85774797
15.25500 0.85765656
15.26000 0.85756519
15.26500 0.85747386
15.27000 0.85738257
15.27500 0.85729131
15.28000 0.85720010
15.28500 0.85710893
15.29000 0.85701779
15.29500 0.85692669
15.30000 0.85683563
15.30500 0.85674462
15.31000 0.85665364
15.31500 0.85656269
15.32000 0.85647179
15.32500 0.85638093
15.33000 0.85629010
15.33500 0.85619932
15.34000 0.85610857
15.34500 0.85601786
15.35000 0.85592719
15.35500 0.85583656
15.36000 0.85574596
15.36500 0.85565541
15.37000 0.85556489
15.37500 0.85547442
15.38000 0.85538398
15.38500 0.85529358
15.39000 0.85520322
15.39500 0.85511289
15.40000 0.85502261
15.40500 0.85493236
15.41000 0.85484215
15.41500 0.85475198
15.42000 0.85466185
15.42500 0.85457175
15.43000 0.85448170
15.43500 0.85439168
15.44000 0.85430170
15.44500 0.85421176
15.45000 0.85412186
15.45500 0.85403199
15.46000 0.85394216
15.46500 0.85385237
15.47000 0.85376262
15.47500 0.85367291
15.48000 0.85358323
15.48500 0.85349360
15.49000 0.85340400
15.49500 0.85331444
15.50000 0.85322491
15.50500 0.85313543
15.51000 0.85304598
15.51500 0.85295657
15.52000 0.85286719
15.52500 0.85277786
15.53000 0.85268856
15.53500 0.85259930
15.54000 0.85251008
15.54500 0.85242089
15.55000 0.85233174
15.55500 0.85224263
15.56000 0.85215356
15.56500 0.85206453
15.57000 0.85197553
15.57500 0.85188657
15.58000 0.85179764
15.58500 0.85170876
15.59000 0.85161991
15.59500 0.85153110
15.60000 0.85144233
15.60500 0.85135359
15.61000 0.85126489
15.61500 0.85117623
15.62000 0.85108760
15.62500 0.85099901
15.63000 0.85091046
15.63500 0.85082195
15.64000 0.85073347
15.64500 0.85064503
15.65000 0.85055663
15.65500 0.85046826
15.66000 0.85037993
15.66500 0.85029164
15.67000 0.85020339
15.67500 0.85011517
15.68000 0.85002699
15.68500 0.84993884
15.69000 0.84985073
15.69500 0.84976266
15.70000 0.84967463
15.70500 0.84958663
15.71000 0.84949867
15.71500 0.84941074
15.72000 0.84932285
15.72500 0.84923500
15.73000 0.84914719
15.73500 0.84905941
15.74000 0.84897167
15.74500 0.84888396
15.75000 0.84879629
15.75500 0.84870866
15.76000 0.84862106
15.76500 0.84853350
15.77000 0.84844598
15.77500 0.84835849
15.78000 0.84827104
15.78500 0.84818362
15.79000 0.84809625
15.79500 0.84800890
15.80000 0.84792160
15.80500 0.84783433
15.81000 0.84774709
15.81500 0.84765989
15.82000 0.84757273
15.82500 0.84748561
15.83000 0.84739852
15.83500 0.84731146
15.84000 0.84722445
15.84500 0.84713746
15.85000 0.84705052
15.85500 0.84696361
15.86000 0.84687673
15.86500 0.84678989
15.87000 0.84670309
15.87500 0.84661632
15.88000 0.84652959
15.88500 0.84644290
15.89000 0.84635624
15.89500 0.84626961
15.90000 0.84618303
15.90500 0.84609647
15.91000 0.84600996
15.91500 0.84592347
15.92000 0.84583703
15.92500 0.84575062
15.93000 0.84566424
15.93500 0.84557790
15.94000 0.84549160
15.94500 0.84540533
15.95000 0.84531910
15.95500 0.84523290
15.96000 0.84514674
15.96500 0.84506061
15.97000 0.84497452
15.97500 0.84488846
15.98000 0.84480244
15.98500 0.84471645
15.99000 0.84463050
15.99500 0.84454459
16.00000 0.84445870
16.00500 0.84437286
16.01000 0.84428705
16.01500 0.84420127
16.02000 0.84411553
16.02500 0.84402983
16.03000 0.84394416
16.03500 0.84385852
16.04000 0.84377292
16.04500 0.84368735
16.05000 0.84360182
16.05500 0.84351633
16.06000 0.84343087
16.06500 0.84334544
16.07000 0.84326005
16.07500 0.84317469
16.08000 0.84308937
16.08500 0.84300408
16.09000 0.84291883
16.09500 0.84283361
16.10000 0.84274843
16.10500 0.84266328
16.11000 0.84257817
16.11500 0.84249309
16.12000 0.84240804
16.12500 0.84232303
16.13000 0.84223806
16.13500 0.84215311
16.14000 0.84206821
16.14500 0.84198334
16.15000 0.84189850
16.15500 0.84181369
16.16000 0.84172892
16.16500 0.84164419
16.17000 0.84155949
16.17500 0.84147482
16.18000 0.84139019
16.18500 0.84130559
16.19000 0.84122103
16.19500 0.84113650
16.20000 0.84105200
16.20500 0.84096754
16.21000 0.84088311
16.21500 0.84079872
16.22000 0.84071436
16.22500 0.84063004
16.23000 0.84054574
16.23500 0.84046149
16.24000 0.84037726
16.24500 0.84029307
16.25000 0.84020892
16.25500 0.84012480
16.26000 0.84004071
16.26500 0.83995666
16.27000 0.83987264
16.27500 0.83978865
16.28000 0.83970470
16.28500 0.83962078
16.29000 0.83953689
16.29500 0.83945304
16.30000 0.83936923
16.30500 0.83928544
16.31000 0.83920169
16.31500 0.83911797
16.32000 0.83903429
16.32500 0.83895064
16.33000 0.83886703
16.33500 0.83878344
16.34000 0.83869989
16.34500 0.83861638
16.35000 0.83853290
16.35500 0.83844945
16.36000 0.83836603
16.36500 0.83828265
16.37000 0.83819930
16.37500 0.83811599
16.38000 0.83803270
16.38500 0.83794946
16.39000 0.83786624
16.39500 0.83778306
16.40000 0.83769991
16.40500 0.83761679
16.41000 0.83753371
16.41500 0.83745066
16.42000 0.83736764
16.42500 0.83728466
16.43000 0.83720171
16.43500 0.83711879
16.44000 0.83703591
16.44500 0.83695306
16.45000 0.83687024
16.45500 0.83678745
16.46000 0.83670470
16.46500 0.83662198
16.47000 0.83653930
16.47500 0.83645664
16.48000 0.83637402
16.48500 0.83629143
16.49000 0.83620888
16.49500 0.83612635
16.50000 0.83604386
16.50500 0.83596141
16.51000 0.83587898
16.51500 0.83579659
16.52000 0.83571423
16.52500 0.83563191
16.53000 0.83554961
16.53500 0.83546735
16.54000 0.83538512
16.54500 0.83530293
16.55000 0.83522076
16.55500 0.83513863
16.56000 0.83505653
16.56500 0.83497447
16.57000 0.83489243
16.57500 0.83481043
16.58000 0.83472846
16.58500 0.83464652
16.59000 0.83456462
16.59500 0.83448275
16.60000 0.83440091
16.60500 0.83431910
16.61000 0.83423733
16.61500 0.83415558
16.62000 0.83407387
16.62500 0.83399219
16.63000 0.83391055
16.63500 0.83382893
16.64000 0.83374735
16.64500 0.83366580
16.65000 0.83358428
16.65500 0.83350280
16.66000 0.83342134
16.66500 0.83333992
16.67000 0.83325853
16.67500 0.83317717
16.68000 0.83309585
16.68500 0.83301455
16.69000 0.83293329
16.69500 0.83285206
16.70000 0.83277086
16.70500 0.83268969
16.71000 0.83260856
16.71500 0.83252746
16.72000 0.83244638
16.72500 0.83236534
16.73000 0.83228434
16.73500 0.83220336
16.74000 0.83212242
16.74500 0.83204150
16.75000 0.83196062
16.75500 0.83187977
16.76000 0.83179895
16.76500 0.83171817
16.77000 0.83163741
16.77500 0.83155669
16.78000 0.83147600
16.78500 0.83139534
16.79000 0.83131471
16.79500 0.83123411
16.80000 0.83115354
16.80500 0.83107301
16.81000 0.83099251
16.81500 0.83091203
16.82000 0.83083159
16.82500 0.83075118
16.83000 0.83067080
16.83500 0.83059046
16.84000 0.83051014
16.84500 0.83042986
16.85000 0.83034960
16.85500 0.83026938
16.86000 0.83018919
16.86500 0.83010903
16.87000 0.83002890
16.87500 0.82994881
16.88000 0.82986874
16.88500 0.82978870
16.89000 0.82970870
16.89500 0.82962873
16.90000 0.82954878
16.90500 0.82946887
16.91000 0.82938899
16.91500 0.82930914
16.92000 0.82922932
16.92500 0.82914954
16.93000 0.82906978
16.93500 0.82899005
16.94000 0.82891036
16.94500 0.82883069
16.95000 0.82875106
16.95500 0.82867146
16.96000 0.82859189
16.96500 0.82851234
16.97000 0.82843283
16.97500 0.82835335
16.98000 0.82827390
16.98500 0.82819449
16.99000 0.82811510
16.99500 0.82803574
17.00000 0.82795641
17.00500 0.82787712
17.01000 0.82779785
17.01500 0.82771861
17.02000 0.82763941
17.02500 0.82756024
17.03000 0.82748109
17.03500 0.82740198
17.04000 0.82732289
17.04500 0.82724384
17.05000 0.82716482
17.05500 0.82708583
17.06000 0.82700687
17.06500 0.82692793
17.07000 0.82684903
17.07500 0.82677016
17.08000 0.82669132
17.08500 0.82661251
17.09000 0.82653373
17.09500 0.82645498
17.10000 0.82637626
17.10500 0.82629757
17.11000 0.82621891
17.11500 0.82614028
17.12000 0.82606168
17.12500 0.82598311
17.13000 0.82590458
17.13500 0.82582607
17.14000 0.82574759
17.14500 0.82566914
17.15000 0.82559072
17.15500 0.82551233
17.16000 0.82543397
17.16500 0.82535564
17.17000 0.82527734
17.17500 0.82519907
17.18000 0.82512083
17.18500 0.82504262
17.19000 0.82496444
17.19500 0.82488629
17.20000 0.82480817
17.20500 0.82473008
17.21000 0.82465202
17.21500 0.82457398
17.22000 0.82449598
17.22500 0.82441801
17.23000 0.82434007
17.23500 0.82426215
17.24000 0.82418427
17.24500 0.82410642
17.25000 0.82402859
17.25500 0.82395080
17.26000 0.82387303
17.26500 0.82379530
17.27000 0.82371759
17.27500 0.82363991
17.28000 0.82356227
17.28500 0.82348465
17.29000 0.82340706
17.29500 0.82332950
17.30000 0.82325197
17.30500 0.82317447
17.31000 0.82309700
17.31500 0.82301956
17.32000 0.82294215
17.32500 0.82286476
17.33000 0.82278741
17.33500 0.82271008
17.34000 0.82263279
17.34500 0.82255552
17.35000 0.82247829
17.35500 0.82240108
17.36000 0.82232390
17.36500 0.82224675
17.37000 0.82216963
17.37500 0.82209254
17.38000 0.82201547
17.38500 0.82193844
17.39000 0.82186144
17.39500 0.82178446
17.40000 0.82170752
17.40500 0.82163060
17.41000 0.82155371
17.41500 0.82147685
17.42000 0.82140002
17.42500 0.82132322
17.43000 0.82124644
17.43500 0.82116970
17.44000 0.82109298
17.44500 0.82101630
17.45000 0.82093964
17.45500 0.82086301
17.46000 0.82078641
17.46500 0.82070984
17.47000 0.82063330
17.47500 0.82055678
17.48000 0.82048030
17.48500 0.82040384
17.49000 0.82032741
17.49500 0.82025101
17.50000 0.82017464
17.50500 0.82009830
17.51000 0.82002199
17.51500 0.81994570
17.52000 0.81986945
17.52500 0.81979322
17.53000 0.81971702
17.53500 0.81964085
17.54000 0.81956470
17.54500 0.81948859
17.55000 0.81941250
17.55500 0.81933645
17.56000 0.81926042
17.56500 0.81918442
17.57000 0.81910845
17.57500 0.81903250
17.58000 0.81895659
17.58500 0.81888070
17.59000 0.81880484
17.59500 0.81872901
17.60000 0.81865321
17.60500 0.81857743
17.61000 0.81850168
17.61500 0.81842597
17.62000 0.81835028
17.62500 0.81827461
17.63000 0.81819898
17.63500 0.81812338
17.64000 0.81804780
17.64500 0.81797225
17.65000 0.81789673
17.65500 0.81782123
17.66000 0.81774577
17.66500 0.81767033
17.67000 0.81759492
17.67500 0.81751954
17.68000 0.81744419
17.68500 0.81736886
17.69000 0.81729356
17.69500 0.81721829
17.70000 0.81714305
17.70500 0.81706784
17.71000 0.81699265
17.71500 0.81691749
17.72000 0.81684236
17.72500 0.81676726
17.73000 0.81669218
17.73500 0.81661714
17.74000 0.81654212
17.74500 0.81646713
17.75000 0.81639216
17.75500 0.81631722
17.76000 0.81624232
17.76500 0.81616743
17.77000 0.81609258
17.77500 0.81601775
17.78000 0.81594296
17.78500 0.81586818
17.79000 0.81579344
17.79500 0.81571873
17.80000 0.81564404
17.80500 0.81556938
17.81000 0.81549474
17.81500 0.81542014
17.82000 0.81534556
17.82500 0.81527101
17.83000 0.81519648
17.83500 0.81512199
17.84000 0.81504752
17.84500 0.81497308
17.85000 0.81489866
17.85500 0.81482428
17.86000 0.81474992
17.86500 0.81467558
17.87000 0.81460128
17.87500 0.81452700
17.88000 0.81445275
17.88500 0.81437853
17.89000 0.81430433
17.89500 0.81423016
17.90000 0.81415602
17.90500 0.81408190
17.91000 0.81400782
17.91500 0.81393375
17.92000 0.81385972
17.92500 0.81378571
17.93000 0.81371174
17.93500 0.81363778
17.94000 0.81356386
17.94500 0.81348996
17.95000 0.81341609
17.95500 0.81334224
17.96000 0.81326843
17.96500 0.81319464
17.97000 0.81312087
17.97500 0.81304713
17.98000 0.81297342
17.98500 0.81289974
17.99000 0.81282609
17.99500 0.81275246
18.00000 0.81267885
18.00500 0.81260528
18.01000 0.81253173
18.01500 0.81245821
18.02000 0.81238471
18.02500 0.81231124
18.03000 0.81223780
18.03500 0.81216439
18.04000 0.81209100
18.04500 0.81201763
18.05000 0.81194430
18.05500 0.81187099
18.06000 0.81179771
18.06500 0.81172445
18.07000 0.81165122
18.07500 0.81157802
18.08000 0.81150484
18.08500 0.81143170
18.09000 0.81135857
18.09500 0.81128548
18.10000 0.81121241
18.10500 0.81113936
18.11000 0.81106635
18.11500 0.81099336
18.12000 0.81092039
18.12500 0.81084745
18.13000 0.81077454
18.13500 0.81070166
18.14000 0.81062880
18.14500 0.81055597
18.15000 0.81048316
18.15500 0.81041038
18.16000 0.81033763
18.16500 0.81026490
18.17000 0.81019220
18.17500 0.81011952
18.18000 0.81004687
18.18500 0.80997425
18.19000 0.80990165
18.19500 0.80982908
18.20000 0.80975654
18.20500 0.80968402
18.21000 0.80961153
18.21500 0.80953906
18.22000 0.80946662
18.22500 0.80939421
18.23000 0.80932182
18.23500 0.80924946
18.24000 0.80917713
18.24500 0.80910482
18.25000 0.80903253
18.25500 0.80896028
18.26000 0.80888804
18.26500 0.80881584
18.27000 0.80874366
18.27500 0.80867150
18.28000 0.80859938
18.28500 0.80852727
18.29000 0.80845520
18.29500 0.80838315
18.30000 0.80831112
18.30500 0.80823912
18.31000 0.80816715
18.31500 0.80809520
18.32000 0.80802328
18.32500 0.80795138
18.33000 0.80787951
18.33500 0.80780767
18.34000 0.80773585
18.34500 0.80766406
18.35000 0.80759229
18.35500 0.80752055
18.36000 0.80744883
18.36500 0.80737714
18.37000 0.80730547
18.37500 0.80723384
18.38000 0.80716222
18.38500 0.80709063
18.39000 0.80701907
18.39500 0.80694753
18.40000 0.80687602
18.40500 0.80680453
18.41000 0.80673307
18.41500 0.80666164
18.42000 0.80659023
18.42500 0.80651884
18.43000 0.80644748
18.43500 0.80637615
18.44000 0.80630484
18.44500 0.80623356
18.45000 0.80616230
18.45500 0.80609107
18.46000 0.80601986
18.46500 0.80594868
18.47000 0.80587752
18.47500 0.80580639
18.48000 0.80573528
18.48500 0.80566420
18.49000 0.80559314
18.49500 0.80552211
18.50000 0.80545111
18.50500 0.80538013
18.51000 0.80530917
18.51500 0.80523824
18.52000 0.80516734
18.52500 0.80509646
18.53000 0.80502560
18.53500 0.80495477
18.54000 0.80488397
18.54500 0.80481319
18.55000 0.80474243
18.55500 0.80467170
18.56000 0.80460100
18.56500 0.80453032
18.57000 0.80445966
18.57500 0.80438903
18.58000 0.80431843
18.58500 0.80424785
18.59000 0.80417729
18.59500 0.80410676
18.60000 0.80403626
18.60500 0.80396578
18.61000 0.80389532
18.61500 0.80382489
18.62000 0.80375448
18.62500 0.80368410
18.63000 0.80361375
18.63500 0.80354341
18.64000 0.80347311
18.64500 0.80340282
18.65000 0.80333257
18.65500 0.80326233
18.66000 0.80319213
18.66500 0.80312194
18.67000 0.80305178
18.67500 0.80298165
18.68000 0.80291154
18.68500 0.80284145
18.69000 0.80277139
18.69500 0.80270136
18.70000 0.80263135
18.70500 0.80256136
18.71000 0.80249140
18.71500 0.80242146
18.72000 0.80235155
18.72500 0.80228166
18.73000 0.80221179
18.73500 0.80214195
18.74000 0.80207214
18.74500 0.80200235
18.75000 0.80193258
18.75500 0.80186284
18.76000 0.80179312
18.76500 0.80172343
18.77000 0.80165376
18.77500 0.80158411
18.78000 0.80151449
18.78500 0.80144489
18.79000 0.80137532
18.79500 0.80130577
18.80000 0.80123625
18.80500 0.80116675
18.81000 0.80109728
18.81500 0.80102783
18.82000 0.80095840
18.82500 0.80088900
18.83000 0.80081962
18.83500 0.80075027
18.84000 0.80068094
18.84500 0.80061163
18.85000 0.80054235
18.85500 0.80047309
18.86000 0.80040386
18.86500 0.80033465
18.87000 0.80026546
18.87500 0.80019630
18.88000 0.80012716
18.88500 0.80005805
18.89000 0.79998896
18.89500 0.79991990
18.90000 0.79985085
18.90500 0.79978184
18.91000 0.79971284
18.91500 0.79964387
18.92000 0.79957493
18.92500 0.79950601
18.93000 0.79943711
18.93500 0.79936823
18.94000 0.79929938
18.94500 0.79923056
18.95000 0.79916175
18.95500 0.79909298
18.96000 0.79902422
18.96500 0.79895549
18.97000 0.79888678
18.97500 0.79881810
18.98000 0.79874944
18.98500 0.79868080
18.99000 0.79861219
18.99500 0.79854360
19.00000 0.79847504
19.00500 0.79840649
19.01000 0.79833798
19.01500 0.79826948
19.02000 0.79820101
19.02500 0.79813256
19.03000 0.79806414
19.03500 0.79799574
19.04000 0.79792736
19.04500 0.79785901
19.05000 0.79779068
19.05500 0.79772238
19.06000 0.79765409
19.06500 0.79758584
19.07000 0.79751760
19.07500 0.79744939
19.08000 0.79738120
19.08500 0.79731304
19.09000 0.79724489
19.09500 0.79717678
19.10000 0.79710868
19.10500 0.79704061
19.11000 0.79697256
19.11500 0.79690454
19.12000 0.79683654
19.12500 0.79676856
19.13000 0.79670060
19.13500 0.79663267
19.14000 0.79656476
19.14500 0.79649688
19.15000 0.79642902
19.15500 0.79636118
19.16000 0.79629336
19.16500 0.79622557
19.17000 0.79615780
19.17500 0.79609006
19.18000 0.79602234
19.18500 0.79595464
19.19000 0.79588696
19.19500 0.79581931
19.20000 0.79575168
19.20500 0.79568407
19.21000 0.79561649
19.21500 0.79554893
19.22000 0.79548139
19.22500 0.79541387
19.23000 0.79534638
19.23500 0.79527892
19.24000 0.79521147
19.24500 0.79514405
19.25000 0.79507665
19.25500 0.79500927
19.26000 0.79494192
19.26500 0.79487459
19.27000 0.79480728
19.27500 0.79473999
19.28000 0.79467273
19.28500 0.79460549
19.29000 0.79453828
19.29500 0.79447108
19.30000 0.79440391
19.30500 0.79433677
19.31000 0.79426964
19.31500 0.79420254
19.32000 0.79413546
19.32500 0.79406840
19.33000 0.79400137
19.33500 0.79393436
19.34000 0.79386737
19.34500 0.79380040
19.35000 0.79373346
19.35500 0.79366654
19.36000 0.79359964
19.36500 0.79353277
19.37000 0.79346592
19.37500 0.79339909
19.38000 0.79333228
19.38500 0.79326549
19.39000 0.79319873
19.39500 0.79313199
19.40000 0.79306528
19.40500 0.79299858
19.41000 0.79293191
19.41500 0.79286526
19.42000 0.79279864
19.42500 0.79273203
19.43000 0.79266545
19.43500 0.79259889
19.44000 0.79253235
19.44500 0.79246584
19.45000 0.79239935
19.45500 0.79233288
19.46000 0.79226643
19.46500 0.79220001
19.47000 0.79213361
19.47500 0.79206723
19.48000 0.79200087
19.48500 0.79193453
19.49000 0.79186822
19.49500 0.79180193
19.50000 0.79173566
19.50500 0.79166942
19.51000 0.79160319
19.51500 0.79153699
19.52000 0.79147081
19.52500 0.79140466
19.53000 0.79133852
19.53500 0.79127241
19.54000 0.79120632
19.54500 0.79114025
19.55000 0.79107420
19.55500 0.79100818
19.56000 0.79094218
19.56500 0.79087620
19.57000 0.79081024
19.57500 0.79074431
19.58000 0.79067839
19.58500 0.79061250
19.59000 0.79054663
19.59500 0.79048079
19.60000 0.79041496
19.60500 0.79034916
19.61000 0.79028338
19.61500 0.79021762
19.62000 0.79015188
19.62500 0.79008617
19.63000 0.79002048
19.63500 0.78995480
19.64000 0.78988916
19.64500 0.78982353
19.65000 0.78975792
19.65500 0.78969234
19.66000 0.78962678
19.66500 0.78956124
19.67000 0.78949572
19.67500 0.78943023
19.68000 0.78936475
19.68500 0.78929930
19.69000 0.78923387
19.69500 0.78916846
19.70000 0.78910307
19.70500 0.78903771
19.71000 0.78897237
19.71500 0.78890704
19.72000 0.78884174
19.72500 0.78877647
19.73000 0.78871121
19.73500 0.78864598
19.74000 0.78858076
19.74500 0.78851557
19.75000 0.78845040
19.75500 0.78838525
19.76000 0.78832013
19.76500 0.78825502
19.77000 0.78818994
19.77500 0.78812488
19.78000 0.78805984
19.78500 0.78799482
19.79000 0.78792982
19.79500 0.78786485
19.80000 0.78779989
19.80500 0.78773496
19.81000 0.78767005
19.81500 0.78760516
19.82000 0.78754029
19.82500 0.78747545
19.83000 0.78741062
19.83500 0.78734582
19.84000 0.78728104
19.84500 0.78721628
19.85000 0.78715154
19.85500 0.78708682
19.86000 0.78702212
19.86500 0.78695745
19.87000 0.78689279
19.87500 0.78682816
19.88000 0.78676355
19.88500 0.78669896
19.89000 0.78663439
19.89500 0.78656985
19.90000 0.78650532
19.90500 0.78644082
19.91000 0.78637633
19.91500 0.78631187
19.92000 0.78624743
19.92500 0.78618301
19.93000 0.78611861
19.93500 0.78605423
19.94000 0.78598988
19.94500 0.78592554
19.95000 0.78586123
19.95500 0.78579694
19.96000 0.78573267
19.96500 0.78566842
19.97000 0.78560419
19.97500 0.78553998
19.98000 0.78547579
19.98500 0.78541163
19.99000 0.78534748
19.99500 0.78528336
20.00000 0.78521925
20.00500 0.78515517
20.01000 0.78509111
20.01500 0.78502707
20.02000 0.78496305
20.02500 0.78489906
20.03000 0.78483508
20.03500 0.78477112
20.04000 0.78470719
20.04500 0.78464328
20.05000 0.78457938
20.05500 0.78451551
20.06000 0.78445166
20.06500 0.78438783
20.07000 0.78432402
20.07500 0.78426023
20.08000 0.78419646
20.08500 0.78413272
20.09000 0.78406899
20.09500 0.78400528
20.10000 0.78394160
20.10500 0.78387794
20.11000 0.78381429
20.11500 0.78375067
20.12000 0.78368707
20.12500 0.78362349
20.13000 0.78355993
20.13500 0.78349639
20.14000 0.78343287
20.14500 0.78336937
20.15000 0.78330590
20.15500 0.78324244
20.16000 0.78317900
20.16500 0.78311559
20.17000 0.78305219
20.17500 0.78298882
20.18000 0.78292547
20.18500 0.78286213
20.19000 0.78279882
20.19500 0.78273553
20.20000 0.78267226
20.20500 0.78260901
20.21000 0.78254578
20.21500 0.78248257
20.22000 0.78241938
20.22500 0.78235621
20.23000 0.78229307
20.23500 0.78222994
20.24000 0.78216683
20.24500 0.78210374
20.25000 0.78204068
