0.25000 3.04063908
0.26000 3.00134997
0.27000 2.96438671
0.28000 2.92951964
0.29000 2.89654598
0.30000 2.86529000
0.31000 2.83559759
0.32000 2.80733331
0.33000 2.78037758
0.34000 2.75462438
0.35000 2.72997940
0.36000 2.70635845
0.37000 2.68368610
0.38000 2.66189457
0.39000 2.64092278
0.40000 2.62071551
0.41000 2.60122270
0.42000 2.58239888
0.43000 2.56420261
0.44000 2.54659604
0.45000 2.52954455
0.46000 2.51301637
0.47000 2.49698229
0.48000 2.48141541
0.49000 2.46629092
0.50000 2.45158586
0.51000 2.43727898
0.52000 2.42335056
0.53000 2.40978228
0.54000 2.39655708
0.55000 2.38365905
0.56000 2.37107337
0.57000 2.35878615
0.58000 2.34678441
0.59000 2.33505597
0.60000 2.32358940
0.61000 2.31237397
0.62000 2.30139957
0.63000 2.29065670
0.64000 2.28013638
0.65000 2.26983014
0.66000 2.25972998
0.67000 2.24982834
0.68000 2.24011806
0.69000 2.23059234
0.70000 2.22124474
0.71000 2.21206916
0.72000 2.20305978
0.73000 2.19421109
0.74000 2.18551782
0.75000 2.17697498
0.76000 2.16857780
0.77000 2.16032172
0.78000 2.15220240
0.79000 2.14421570
0.80000 2.13635765
0.81000 2.12862446
0.82000 2.12101250
0.83000 2.11351829
0.84000 2.10613851
0.85000 2.09886996
0.86000 2.09170959
0.87000 2.08465445
0.88000 2.07770172
0.89000 2.07084869
0.90000 2.06409276
0.91000 2.05743140
0.92000 2.05086222
0.93000 2.04438289
0.94000 2.03799117
0.95000 2.03168490
0.96000 2.02546201
0.97000 2.01932049
0.98000 2.01325840
0.99000 2.00727389
1.00000 2.00136514
1.01000 1.99553041
1.02000 1.98976802
1.03000 1.98407635
1.04000 1.97845382
1.05000 1.97289889
1.06000 1.96741011
1.07000 1.96198605
1.08000 1.95662531
1.09000 1.95132657
1.10000 1.94608852
1.11000 1.94090990
1.12000 1.93578950
1.13000 1.93072613
1.14000 1.92571865
1.15000 1.92076593
1.16000 1.91586690
1.17000 1.91102050
1.18000 1.90622572
1.19000 1.90148156
1.20000 1.89678705
1.21000 1.89214127
1.22000 1.88754328
1.23000 1.88299222
1.24000 1.87848722
1.25000 1.87402743
1.26000 1.86961204
1.27000 1.86524025
1.28000 1.86091129
1.29000 1.85662440
1.30000 1.85237885
1.31000 1.84817391
1.32000 1.84400890
1.33000 1.83988312
1.34000 1.83579591
1.35000 1.83174663
1.36000 1.82773465
1.37000 1.82375934
1.38000 1.81982010
1.39000 1.81591635
1.40000 1.81204751
1.41000 1.80821302
1.42000 1.80441233
1.43000 1.80064491
1.44000 1.79691024
1.45000 1.79320781
1.46000 1.78953711
1.47000 1.78589767
1.48000 1.78228899
1.49000 1.77871063
1.50000 1.77516211
1.51000 1.77164300
1.52000 1.76815285
1.53000 1.76469125
1.54000 1.76125777
1.55000 1.75785200
1.56000 1.75447355
1.57000 1.75112202
1.58000 1.74779703
1.59000 1.74449821
1.60000 1.74122517
1.61000 1.73797758
1.62000 1.73475506
1.63000 1.73155727
1.64000 1.72838388
1.65000 1.72523456
1.66000 1.72210897
1.67000 1.71900680
1.68000 1.71592773
1.69000 1.71287146
1.70000 1.70983768
1.71000 1.70682611
1.72000 1.70383644
1.73000 1.70086840
1.74000 1.69792171
1.75000 1.69499609
1.76000 1.69209127
1.77000 1.68920700
1.78000 1.68634300
1.79000 1.68349904
1.80000 1.68067484
1.81000 1.67787019
1.82000 1.67508482
1.83000 1.67231851
1.84000 1.66957102
1.85000 1.66684212
1.86000 1.66413160
1.87000 1.66143922
1.88000 1.65876479
1.89000 1.65610807
1.90000 1.65346886
1.91000 1.65084696
1.92000 1.64824217
1.93000 1.64565428
1.94000 1.64308310
1.95000 1.64052844
1.96000 1.63799011
1.97000 1.63546793
1.98000 1.63296171
1.99000 1.63047127
2.00000 1.62799644
2.01000 1.62553703
2.02000 1.62309289
2.03000 1.62066384
2.04000 1.61824972
2.05000 1.61585036
2.06000 1.61346561
2.07000 1.61109530
2.08000 1.60873928
2.09000 1.60639740
2.10000 1.60406950
2.11000 1.60175544
2.12000 1.59945507
2.13000 1.59716825
2.14000 1.59489484
2.15000 1.59263470
2.16000 1.59038768
2.17000 1.58815366
2.18000 1.58593250
2.19000 1.58372407
2.20000 1.58152823
2.21000 1.57934487
2.22000 1.57717386
2.23000 1.57501507
2.24000 1.57286838
2.25000 1.57073367
2.26000 1.56861082
2.27000 1.56649972
2.28000 1.56440025
2.29000 1.56231229
2.30000 1.56023574
2.31000 1.55817048
2.32000 1.55611641
2.33000 1.55407341
2.34000 1.55204138
2.35000 1.55002023
2.36000 1.54800983
2.37000 1.54601010
2.38000 1.54402093
2.39000 1.54204223
2.40000 1.54007389
2.41000 1.53811582
2.42000 1.53616793
2.43000 1.53423011
2.44000 1.53230229
2.45000 1.53038436
2.46000 1.52847624
2.47000 1.52657784
2.48000 1.52468908
2.49000 1.52280985
2.50000 1.52094009
2.51000 1.51907970
2.52000 1.51722860
2.53000 1.51538672
2.54000 1.51355396
2.55000 1.51173025
2.56000 1.50991551
2.57000 1.50810966
2.58000 1.50631262
2.59000 1.50452433
2.60000 1.50274470
2.61000 1.50097365
2.62000 1.49921112
2.63000 1.49745704
2.64000 1.49571133
2.65000 1.49397391
2.66000 1.49224473
2.67000 1.49052371
2.68000 1.48881079
2.69000 1.48710589
2.70000 1.48540895
2.71000 1.48371991
2.72000 1.48203869
2.73000 1.48036525
2.74000 1.47869950
2.75000 1.47704139
2.76000 1.47539086
2.77000 1.47374785
2.78000 1.47211229
2.79000 1.47048413
2.80000 1.46886331
2.81000 1.46724976
2.82000 1.46564344
2.83000 1.46404428
2.84000 1.46245222
2.85000 1.46086722
2.86000 1.45928922
2.87000 1.45771815
2.88000 1.45615397
2.89000 1.45459663
2.90000 1.45304607
2.91000 1.45150224
2.92000 1.44996509
2.93000 1.44843456
2.94000 1.44691061
2.95000 1.44539319
2.96000 1.44388225
2.97000 1.44237773
2.98000 1.44087959
2.99000 1.43938779
3.00000 1.43790227
3.01000 1.43642299
3.02000 1.43494990
3.03000 1.43348296
3.04000 1.43202212
3.05000 1.43056733
3.06000 1.42911856
3.07000 1.42767576
3.08000 1.42623888
3.09000 1.42480788
3.10000 1.42338272
3.11000 1.42196336
3.12000 1.42054976
3.13000 1.41914187
3.14000 1.41773965
3.15000 1.41634307
3.16000 1.41495208
3.17000 1.41356665
3.18000 1.41218673
3.19000 1.41081229
3.20000 1.40944328
3.21000 1.40807968
3.22000 1.40672143
3.23000 1.40536852
3.24000 1.40402089
3.25000 1.40267851
3.26000 1.40134135
3.27000 1.40000937
3.28000 1.39868253
3.29000 1.39736081
3.30000 1.39604415
3.31000 1.39473254
3.32000 1.39342594
3.33000 1.39212431
3.34000 1.39082762
3.35000 1.38953583
3.36000 1.38824892
3.37000 1.38696685
3.38000 1.38568959
3.39000 1.38441711
3.40000 1.38314937
3.41000 1.38188635
3.42000 1.38062802
3.43000 1.37937433
3.44000 1.37812527
3.45000 1.37688080
3.46000 1.37564090
3.47000 1.37440553
3.48000 1.37317466
3.49000 1.37194827
3.50000 1.37072633
3.51000 1.36950880
3.52000 1.36829567
3.53000 1.36708690
3.54000 1.36588246
3.55000 1.36468233
3.56000 1.36348648
3.57000 1.36229489
3.58000 1.36110752
3.59000 1.35992435
3.60000 1.35874536
3.61000 1.35757051
3.62000 1.35639979
3.63000 1.35523317
3.64000 1.35407061
3.65000 1.35291211
3.66000 1.35175762
3.67000 1.35060714
3.68000 1.34946062
3.69000 1.34831806
3.70000 1.34717942
3.71000 1.34604468
3.72000 1.34491382
3.73000 1.34378682
3.74000 1.34266364
3.75000 1.34154428
3.76000 1.34042870
3.77000 1.33931688
3.78000 1.33820881
3.79000 1.33710445
3.80000 1.33600379
3.81000 1.33490681
3.82000 1.33381348
3.83000 1.33272378
3.84000 1.33163769
3.85000 1.33055519
3.86000 1.32947626
3.87000 1.32840088
3.88000 1.32732902
3.89000 1.32626068
3.90000 1.32519582
3.91000 1.32413443
3.92000 1.32307648
3.93000 1.32202196
3.94000 1.32097085
3.95000 1.31992313
3.96000 1.31887878
3.97000 1.31783778
3.98000 1.31680011
3.99000 1.31576575
4.00000 1.31473469
4.01000 1.31370690
4.02000 1.31268237
4.03000 1.31166108
4.04000 1.31064301
4.05000 1.30962815
4.06000 1.30861647
4.07000 1.30760795
4.08000 1.30660259
4.09000 1.30560036
4.10000 1.30460125
4.11000 1.30360524
4.12000 1.30261231
4.13000 1.30162244
4.14000 1.30063562
4.15000 1.29965184
4.16000 1.29867107
4.17000 1.29769330
4.18000 1.29671852
4.19000 1.29574670
4.20000 1.29477783
4.21000 1.29381191
4.22000 1.29284890
4.23000 1.29188879
4.24000 1.29093158
4.25000 1.28997723
4.26000 1.28902575
4.27000 1.28807711
4.28000 1.28713130
4.29000 1.28618831
4.30000 1.28524811
4.31000 1.28431070
4.32000 1.28337606
4.33000 1.28244418
4.34000 1.28151504
4.35000 1.28058862
4.36000 1.27966492
4.37000 1.27874392
4.38000 1.27782560
4.39000 1.27690996
4.40000 1.27599697
4.41000 1.27508663
4.42000 1.27417892
4.43000 1.27327383
4.44000 1.27237134
4.45000 1.27147144
4.46000 1.27057412
4.47000 1.26967937
4.48000 1.26878717
4.49000 1.26789751
4.50000 1.26701038
4.51000 1.26612576
4.52000 1.26524364
4.53000 1.26436402
4.54000 1.26348687
4.55000 1.26261218
4.56000 1.26173995
4.57000 1.26087016
4.58000 1.26000280
4.59000 1.25913785
4.60000 1.25827531
4.61000 1.25741516
4.62000 1.25655740
4.63000 1.25570200
4.64000 1.25484897
4.65000 1.25399828
4.66000 1.25314992
4.67000 1.25230389
4.68000 1.25146018
4.69000 1.25061876
4.70000 1.24977964
4.71000 1.24894280
4.72000 1.24810823
4.73000 1.24727591
4.74000 1.24644585
4.75000 1.24561802
4.76000 1.24479242
4.77000 1.24396903
4.78000 1.24314785
4.79000 1.24232887
4.80000 1.24151207
4.81000 1.24069744
4.82000 1.23988498
4.83000 1.23907468
4.84000 1.23826652
4.85000 1.23746049
4.86000 1.23665659
4.87000 1.23585480
4.88000 1.23505512
4.89000 1.23425754
4.90000 1.23346204
4.91000 1.23266861
4.92000 1.23187726
4.93000 1.23108796
4.94000 1.23030071
4.95000 1.22951550
4.96000 1.22873231
4.97000 1.22795115
4.98000 1.22717200
4.99000 1.22639485
5.00000 1.22561969
5.01000 1.22484652
5.02000 1.22407532
5.03000 1.22330609
5.04000 1.22253881
5.05000 1.22177349
5.06000 1.22101010
5.07000 1.22024865
5.08000 1.21948912
5.09000 1.21873150
5.10000 1.21797579
5.11000 1.21722198
5.12000 1.21647005
5.13000 1.21572001
5.14000 1.21497184
5.15000 1.21422553
5.16000 1.21348108
5.17000 1.21273848
5.18000 1.21199772
5.19000 1.21125879
5.20000 1.21052169
5.21000 1.20978640
5.22000 1.20905292
5.23000 1.20832124
5.24000 1.20759135
5.25000 1.20686325
5.26000 1.20613693
5.27000 1.20541237
5.28000 1.20468958
5.29000 1.20396854
5.30000 1.20324925
5.31000 1.20253171
5.32000 1.20181589
5.33000 1.20110180
5.34000 1.20038943
5.35000 1.19967876
5.36000 1.19896980
5.37000 1.19826254
5.38000 1.19755697
5.39000 1.19685308
5.40000 1.19615086
5.41000 1.19545032
5.42000 1.19475143
5.43000 1.19405420
5.44000 1.19335862
5.45000 1.19266467
5.46000 1.19197237
5.47000 1.19128168
5.48000 1.19059262
5.49000 1.18990518
5.50000 1.18921934
5.51000 1.18853510
5.52000 1.18785245
5.53000 1.18717139
5.54000 1.18649192
5.55000 1.18581402
5.56000 1.18513768
5.57000 1.18446291
5.58000 1.18378970
5.59000 1.18311803
5.60000 1.18244791
5.61000 1.18177932
5.62000 1.18111227
5.63000 1.18044674
5.64000 1.17978272
5.65000 1.17912022
5.66000 1.17845923
5.67000 1.17779974
5.68000 1.17714174
5.69000 1.17648523
5.70000 1.17583020
5.71000 1.17517665
5.72000 1.17452458
5.73000 1.17387396
5.74000 1.17322481
5.75000 1.17257711
5.76000 1.17193085
5.77000 1.17128604
5.78000 1.17064267
5.79000 1.17000073
5.80000 1.16936021
5.81000 1.16872111
5.82000 1.16808343
5.83000 1.16744715
5.84000 1.16681228
5.85000 1.16617881
5.86000 1.16554673
5.87000 1.16491604
5.88000 1.16428673
5.89000 1.16365880
5.90000 1.16303224
5.91000 1.16240704
5.92000 1.16178321
5.93000 1.16116073
5.94000 1.16053960
5.95000 1.15991982
5.96000 1.15930137
5.97000 1.15868427
5.98000 1.15806849
5.99000 1.15745404
6.00000 1.15684091
6.01000 1.15622909
6.02000 1.15561859
6.03000 1.15500939
6.04000 1.15440149
6.05000 1.15379489
6.06000 1.15318958
6.07000 1.15258555
6.08000 1.15198281
6.09000 1.15138134
6.10000 1.15078114
6.11000 1.15018221
6.12000 1.14958455
6.13000 1.14898814
6.14000 1.14839298
6.15000 1.14779907
6.16000 1.14720641
6.17000 1.14661499
6.18000 1.14602480
6.19000 1.14543584
6.20000 1.14484811
6.21000 1.14426160
6.22000 1.14367630
6.23000 1.14309222
6.24000 1.14250935
6.25000 1.14192768
6.26000 1.14134721
6.27000 1.14076793
6.28000 1.14018985
6.29000 1.13961295
6.30000 1.13903724
6.31000 1.13846270
6.32000 1.13788934
6.33000 1.13731714
6.34000 1.13674612
6.35000 1.13617625
6.36000 1.13560754
6.37000 1.13503998
6.38000 1.13447358
6.39000 1.13390831
6.40000 1.13334419
6.41000 1.13278121
6.42000 1.13221935
6.43000 1.13165863
6.44000 1.13109903
6.45000 1.13054056
6.46000 1.12998320
6.47000 1.12942695
6.48000 1.12887181
6.49000 1.12831778
6.50000 1.12776485
6.51000 1.12721301
6.52000 1.12666227
6.53000 1.12611262
6.54000 1.12556406
6.55000 1.12501658
6.56000 1.12447018
6.57000 1.12392485
6.58000 1.12338059
6.59000 1.12283741
6.60000 1.12229528
6.61000 1.12175422
6.62000 1.12121421
6.63000 1.12067526
6.64000 1.12013735
6.65000 1.11960050
6.66000 1.11906468
6.67000 1.11852990
6.68000 1.11799616
6.69000 1.11746345
6.70000 1.11693177
6.71000 1.11640111
6.72000 1.11587148
6.73000 1.11534286
6.74000 1.11481526
6.75000 1.11428867
6.76000 1.11376309
6.77000 1.11323851
6.78000 1.11271493
6.79000 1.11219235
6.80000 1.11167076
6.81000 1.11115017
6.82000 1.11063056
6.83000 1.11011194
6.84000 1.10959430
6.85000 1.10907763
6.86000 1.10856194
6.87000 1.10804723
6.88000 1.10753348
6.89000 1.10702070
6.90000 1.10650887
6.91000 1.10599801
6.92000 1.10548810
6.93000 1.10497915
6.94000 1.10447115
6.95000 1.10396409
6.96000 1.10345797
6.97000 1.10295280
6.98000 1.10244856
6.99000 1.10194525
7.00000 1.10144288
7.01000 1.10094144
7.02000 1.10044092
7.03000 1.09994132
7.04000 1.09944264
7.05000 1.09894488
7.06000 1.09844803
7.07000 1.09795209
7.08000 1.09745706
7.09000 1.09696293
7.10000 1.09646970
7.11000 1.09597738
7.12000 1.09548595
7.13000 1.09499541
7.14000 1.09450576
7.15000 1.09401700
7.16000 1.09352912
7.17000 1.09304213
7.18000 1.09255601
7.19000 1.09207077
7.20000 1.09158641
7.21000 1.09110291
7.22000 1.09062028
7.23000 1.09013852
7.24000 1.08965762
7.25000 1.08917758
7.26000 1.08869840
7.27000 1.08822007
7.28000 1.08774259
7.29000 1.08726596
7.30000 1.08679018
7.31000 1.08631524
7.32000 1.08584115
7.33000 1.08536789
7.34000 1.08489547
7.35000 1.08442388
7.36000 1.08395312
7.37000 1.08348319
7.38000 1.08301408
7.39000 1.08254580
7.40000 1.08207834
7.41000 1.08161170
7.42000 1.08114587
7.43000 1.08068086
7.44000 1.08021666
7.45000 1.07975326
7.46000 1.07929067
7.47000 1.07882889
7.48000 1.07836790
7.49000 1.07790771
7.50000 1.07744832
7.51000 1.07698973
7.52000 1.07653192
7.53000 1.07607490
7.54000 1.07561867
7.55000 1.07516322
7.56000 1.07470856
7.57000 1.07425467
7.58000 1.07380156
7.59000 1.07334923
7.60000 1.07289767
7.61000 1.07244687
7.62000 1.07199685
7.63000 1.07154759
7.64000 1.07109910
7.65000 1.07065136
7.66000 1.07020438
7.67000 1.06975816
7.68000 1.06931270
7.69000 1.06886798
7.70000 1.06842402
7.71000 1.06798080
7.72000 1.06753833
7.73000 1.06709660
7.74000 1.06665561
7.75000 1.06621537
7.76000 1.06577585
7.77000 1.06533707
7.78000 1.06489903
7.79000 1.06446171
7.80000 1.06402512
7.81000 1.06358926
7.82000 1.06315412
7.83000 1.06271971
7.84000 1.06228601
7.85000 1.06185303
7.86000 1.06142077
7.87000 1.06098922
7.88000 1.06055838
7.89000 1.06012824
7.90000 1.05969882
7.91000 1.05927010
7.92000 1.05884209
7.93000 1.05841477
7.94000 1.05798816
7.95000 1.05756224
7.96000 1.05713702
7.97000 1.05671249
7.98000 1.05628865
7.99000 1.05586550
8.00000 1.05544303
8.01000 1.05502126
8.02000 1.05460016
8.03000 1.05417975
8.04000 1.05376001
8.05000 1.05334096
8.06000 1.05292258
8.07000 1.05250487
8.08000 1.05208783
8.09000 1.05167147
8.10000 1.05125577
8.11000 1.05084074
8.12000 1.05042637
8.13000 1.05001267
8.14000 1.04959962
8.15000 1.04918724
8.16000 1.04877551
8.17000 1.04836443
8.18000 1.04795401
8.19000 1.04754424
8.20000 1.04713512
8.21000 1.04672665
8.22000 1.04631882
8.23000 1.04591164
8.24000 1.04550510
8.25000 1.04509920
8.26000 1.04469394
8.27000 1.04428931
8.28000 1.04388533
8.29000 1.04348197
8.30000 1.04307925
8.31000 1.04267715
8.32000 1.04227569
8.33000 1.04187485
8.34000 1.04147464
8.35000 1.04107505
8.36000 1.04067608
8.37000 1.04027773
8.38000 1.03988000
8.39000 1.03948288
8.40000 1.03908638
8.41000 1.03869050
8.42000 1.03829522
8.43000 1.03790055
8.44000 1.03750650
8.45000 1.03711305
8.46000 1.03672020
8.47000 1.03632796
8.48000 1.03593631
8.49000 1.03554527
8.50000 1.03515483
8.51000 1.03476498
8.52000 1.03437573
8.53000 1.03398707
8.54000 1.03359901
8.55000 1.03321153
8.56000 1.03282465
8.57000 1.03243835
8.58000 1.03205263
8.59000 1.03166750
8.60000 1.03128295
8.61000 1.03089899
8.62000 1.03051560
8.63000 1.03013279
8.64000 1.02975056
8.65000 1.02936890
8.66000 1.02898782
8.67000 1.02860731
8.68000 1.02822736
8.69000 1.02784799
8.70000 1.02746918
8.71000 1.02709094
8.72000 1.02671327
8.73000 1.02633616
8.74000 1.02595961
8.75000 1.02558361
8.76000 1.02520818
8.77000 1.02483331
8.78000 1.02445899
8.79000 1.02408522
8.80000 1.02371201
8.81000 1.02333934
8.82000 1.02296723
8.83000 1.02259567
8.84000 1.02222465
8.85000 1.02185418
8.86000 1.02148425
8.87000 1.02111487
8.88000 1.02074603
8.89000 1.02037772
8.90000 1.02000996
8.91000 1.01964273
8.92000 1.01927604
8.93000 1.01890988
8.94000 1.01854426
8.95000 1.01817917
8.96000 1.01781461
8.97000 1.01745057
8.98000 1.01708707
8.99000 1.01672409
9.00000 1.01636164
9.01000 1.01599971
9.02000 1.01563830
9.03000 1.01527741
9.04000 1.01491705
9.05000 1.01455720
9.06000 1.01419787
9.07000 1.01383905
9.08000 1.01348075
9.09000 1.01312296
9.10000 1.01276568
9.11000 1.01240892
9.12000 1.01205266
9.13000 1.01169691
9.14000 1.01134167
9.15000 1.01098694
9.16000 1.01063270
9.17000 1.01027898
9.18000 1.00992575
9.19000 1.00957302
9.20000 1.00922079
9.21000 1.00886906
9.22000 1.00851783
9.23000 1.00816709
9.24000 1.00781685
9.25000 1.00746710
9.26000 1.00711784
9.27000 1.00676908
9.28000 1.00642080
9.29000 1.00607301
9.30000 1.00572571
9.31000 1.00537889
9.32000 1.00503256
9.33000 1.00468671
9.34000 1.00434134
9.35000 1.00399645
9.36000 1.00365205
9.37000 1.00330812
9.38000 1.00296467
9.39000 1.00262170
9.40000 1.00227920
9.41000 1.00193717
9.42000 1.00159562
9.43000 1.00125454
9.44000 1.00091393
9.45000 1.00057379
9.46000 1.00023412
9.47000 0.99989492
9.48000 0.99955618
9.49000 0.99921791
9.50000 0.99888010
9.51000 0.99854275
9.52000 0.99820587
9.53000 0.99786944
9.54000 0.99753348
9.55000 0.99719797
9.56000 0.99686292
9.57000 0.99652833
9.58000 0.99619419
9.59000 0.99586050
9.60000 0.99552727
9.61000 0.99519449
9.62000 0.99486216
9.63000 0.99453028
9.64000 0.99419885
9.65000 0.99386786
9.66000 0.99353732
9.67000 0.99320723
9.68000 0.99287758
9.69000 0.99254838
9.70000 0.99221961
9.71000 0.99189129
9.72000 0.99156341
9.73000 0.99123596
9.74000 0.99090896
9.75000 0.99058239
9.76000 0.99025626
9.77000 0.98993056
9.78000 0.98960530
9.79000 0.98928047
9.80000 0.98895607
9.81000 0.98863210
9.82000 0.98830856
9.83000 0.98798545
9.84000 0.98766277
9.85000 0.98734052
9.86000 0.98701869
9.87000 0.98669728
9.88000 0.98637630
9.89000 0.98605574
9.90000 0.98573561
9.91000 0.98541589
9.92000 0.98509660
9.93000 0.98477772
9.94000 0.98445927
9.95000 0.98414122
9.96000 0.98382360
9.97000 0.98350639
9.98000 0.98318959
9.99000 0.98287321
10.00000 0.98255724
10.01000 0.98224168
10.02000 0.98192654
10.03000 0.98161180
10.04000 0.98129747
10.05000 0.98098354
10.06000 0.98067003
10.07000 0.98035692
10.08000 0.98004421
10.09000 0.97973191
10.10000 0.97942001
10.11000 0.97910851
10.12000 0.97879742
10.13000 0.97848672
10.14000 0.97817642
10.15000 0.97786653
10.16000 0.97755703
10.17000 0.97724792
10.18000 0.97693921
10.19000 0.97663090
10.20000 0.97632298
10.21000 0.97601545
10.22000 0.97570832
10.23000 0.97540158
10.24000 0.97509522
10.25000 0.97478926
10.26000 0.97448369
10.27000 0.97417850
10.28000 0.97387370
10.29000 0.97356928
10.30000 0.97326526
10.31000 0.97296161
10.32000 0.97265835
10.33000 0.97235547
10.34000 0.97205297
10.35000 0.97175086
10.36000 0.97144912
10.37000 0.97114777
10.38000 0.97084679
10.39000 0.97054619
10.40000 0.97024596
10.41000 0.96994611
10.42000 0.96964664
10.43000 0.96934754
10.44000 0.96904882
10.45000 0.96875046
10.46000 0.96845248
10.47000 0.96815487
10.48000 0.96785763
10.49000 0.96756076
10.50000 0.96726426
10.51000 0.96696812
10.52000 0.96667235
10.53000 0.96637695
10.54000 0.96608192
10.55000 0.96578724
10.56000 0.96549294
10.57000 0.96519899
10.58000 0.96490541
10.59000 0.96461218
10.60000 0.96431932
10.61000 0.96402682
10.62000 0.96373468
10.63000 0.96344289
10.64000 0.96315147
10.65000 0.96286039
10.66000 0.96256968
10.67000 0.96227932
10.68000 0.96198931
10.69000 0.96169966
10.70000 0.96141036
10.71000 0.96112142
10.72000 0.96083282
10.73000 0.96054458
10.74000 0.96025668
10.75000 0.95996913
10.76000 0.95968194
10.77000 0.95939509
10.78000 0.95910858
10.79000 0.95882243
10.80000 0.95853661
10.81000 0.95825115
10.82000 0.95796602
10.83000 0.95768124
10.84000 0.95739680
10.85000 0.95711271
10.86000 0.95682895
10.87000 0.95654554
10.88000 0.95626246
10.89000 0.95597972
10.90000 0.95569733
10.91000 0.95541526
10.92000 0.95513354
10.93000 0.95485215
10.94000 0.95457110
10.95000 0.95429038
10.96000 0.95400999
10.97000 0.95372994
10.98000 0.95345022
10.99000 0.95317083
11.00000 0.95289178
11.01000 0.95261305
11.02000 0.95233465
11.03000 0.95205658
11.04000 0.95177884
11.05000 0.95150143
11.06000 0.95122435
11.07000 0.95094759
11.08000 0.95067116
11.09000 0.95039505
11.10000 0.95011926
11.11000 0.94984380
11.12000 0.94956866
11.13000 0.94929385
11.14000 0.94901935
11.15000 0.94874518
11.16000 0.94847133
11.17000 0.94819780
11.18000 0.94792458
11.19000 0.94765168
11.20000 0.94737911
11.21000 0.94710684
11.22000 0.94683490
11.23000 0.94656327
11.24000 0.94629195
11.25000 0.94602095
11.26000 0.94575027
11.27000 0.94547989
11.28000 0.94520983
11.29000 0.94494008
11.30000 0.94467064
11.31000 0.94440151
11.32000 0.94413270
11.33000 0.94386419
11.34000 0.94359599
11.35000 0.94332810
11.36000 0.94306051
11.37000 0.94279323
11.38000 0.94252626
11.39000 0.94225959
11.40000 0.94199323
11.41000 0.94172717
11.42000 0.94146142
11.43000 0.94119597
11.44000 0.94093082
11.45000 0.94066597
11.46000 0.94040143
11.47000 0.94013718
11.48000 0.93987324
11.49000 0.93960959
11.50000 0.93934625
11.51000 0.93908320
11.52000 0.93882045
11.53000 0.93855799
11.54000 0.93829584
11.55000 0.93803398
11.56000 0.93777241
11.57000 0.93751114
11.58000 0.93725016
11.59000 0.93698948
11.60000 0.93672909
11.61000 0.93646899
11.62000 0.93620918
11.63000 0.93594966
11.64000 0.93569044
11.65000 0.93543150
11.66000 0.93517286
11.67000 0.93491450
11.68000 0.93465643
11.69000 0.93439865
11.70000 0.93414116
11.71000 0.93388395
11.72000 0.93362703
11.73000 0.93337039
11.74000 0.93311404
11.75000 0.93285797
11.76000 0.93260219
11.77000 0.93234669
11.78000 0.93209147
11.79000 0.93183654
11.80000 0.93158189
11.81000 0.93132751
11.82000 0.93107342
11.83000 0.93081961
11.84000 0.93056608
11.85000 0.93031282
11.86000 0.93005985
11.87000 0.92980715
11.88000 0.92955473
11.89000 0.92930259
11.90000 0.92905072
11.91000 0.92879913
11.92000 0.92854781
11.93000 0.92829677
11.94000 0.92804600
11.95000 0.92779550
11.96000 0.92754528
11.97000 0.92729533
11.98000 0.92704565
11.99000 0.92679625
12.00000 0.92654711
12.01000 0.92629825
12.02000 0.92604965
12.03000 0.92580133
12.04000 0.92555327
12.05000 0.92530548
12.06000 0.92505796
12.07000 0.92481070
12.08000 0.92456372
12.09000 0.92431700
12.10000 0.92407054
12.11000 0.92382435
12.12000 0.92357843
12.13000 0.92333277
12.14000 0.92308737
12.15000 0.92284223
12.16000 0.92259736
12.17000 0.92235275
12.18000 0.92210841
12.19000 0.92186432
12.20000 0.92162049
12.21000 0.92137693
12.22000 0.92113362
12.23000 0.92089058
12.24000 0.92064779
12.25000 0.92040526
12.26000 0.92016299
12.27000 0.91992097
12.28000 0.91967922
12.29000 0.91943771
12.30000 0.91919647
12.31000 0.91895548
12.32000 0.91871474
12.33000 0.91847426
12.34000 0.91823404
12.35000 0.91799406
12.36000 0.91775434
12.37000 0.91751488
12.38000 0.91727566
12.39000 0.91703670
12.40000 0.91679798
12.41000 0.91655952
12.42000 0.91632131
12.43000 0.91608335
12.44000 0.91584563
12.45000 0.91560817
12.46000 0.91537095
12.47000 0.91513399
12.48000 0.91489727
12.49000 0.91466079
12.50000 0.91442457
12.51000 0.91418858
12.52000 0.91395285
12.53000 0.91371736
12.54000 0.91348211
12.55000 0.91324711
12.56000 0.91301235
12.57000 0.91277784
12.58000 0.91254357
12.59000 0.91230954
12.60000 0.91207575
12.61000 0.91184221
12.62000 0.91160890
12.63000 0.91137584
12.64000 0.91114302
12.65000 0.91091043
12.66000 0.91067809
12.67000 0.91044598
12.68000 0.91021412
12.69000 0.90998249
12.70000 0.90975110
12.71000 0.90951995
12.72000 0.90928903
12.73000 0.90905835
12.74000 0.90882790
12.75000 0.90859769
12.76000 0.90836772
12.77000 0.90813798
12.78000 0.90790848
12.79000 0.90767921
12.80000 0.90745017
12.81000 0.90722136
12.82000 0.90699279
12.83000 0.90676445
12.84000 0.90653634
12.85000 0.90630846
12.86000 0.90608082
12.87000 0.90585340
12.88000 0.90562622
12.89000 0.90539926
12.90000 0.90517253
12.91000 0.90494603
12.92000 0.90471976
12.93000 0.90449372
12.94000 0.90426791
12.95000 0.90404232
12.96000 0.90381696
12.97000 0.90359183
12.98000 0.90336692
12.99000 0.90314224
13.00000 0.90291778
13.01000 0.90269355
13.02000 0.90246954
13.03000 0.90224576
13.04000 0.90202220
13.05000 0.90179886
13.06000 0.90157574
13.07000 0.90135285
13.08000 0.90113018
13.09000 0.90090773
13.10000 0.90068551
13.11000 0.90046350
13.12000 0.90024172
13.13000 0.90002015
13.14000 0.89979880
13.15000 0.89957768
13.16000 0.89935677
13.17000 0.89913608
13.18000 0.89891561
13.19000 0.89869536
13.20000 0.89847532
13.21000 0.89825550
13.22000 0.89803590
13.23000 0.89781651
13.24000 0.89759734
13.25000 0.89737839
13.26000 0.89715965
13.27000 0.89694112
13.28000 0.89672281
13.29000 0.89650472
13.30000 0.89628683
13.31000 0.89606916
13.32000 0.89585171
13.33000 0.89563446
13.34000 0.89541743
13.35000 0.89520061
13.36000 0.89498400
13.37000 0.89476760
13.38000 0.89455142
13.39000 0.89433544
13.40000 0.89411967
13.41000 0.89390412
13.42000 0.89368877
13.43000 0.89347363
13.44000 0.89325870
13.45000 0.89304398
13.46000 0.89282946
13.47000 0.89261516
13.48000 0.89240106
13.49000 0.89218716
13.50000 0.89197348
13.51000 0.89176000
13.52000 0.89154672
13.53000 0.89133365
13.54000 0.89112079
13.55000 0.89090813
13.56000 0.89069567
13.57000 0.89048342
13.58000 0.89027137
13.59000 0.89005953
13.60000 0.88984788
13.61000 0.88963645
13.62000 0.88942521
13.63000 0.88921417
13.64000 0.88900334
13.65000 0.88879271
13.66000 0.88858228
13.67000 0.88837204
13.68000 0.88816201
13.69000 0.88795218
13.70000 0.88774255
13.71000 0.88753312
13.72000 0.88732389
13.73000 0.88711485
13.74000 0.88690601
13.75000 0.88669738
13.76000 0.88648893
13.77000 0.88628069
13.78000 0.88607264
13.79000 0.88586479
13.80000 0.88565714
13.81000 0.88544968
13.82000 0.88524242
13.83000 0.88503535
13.84000 0.88482847
13.85000 0.88462180
13.86000 0.88441531
13.87000 0.88420902
13.88000 0.88400293
13.89000 0.88379702
13.90000 0.88359131
13.91000 0.88338579
13.92000 0.88318047
13.93000 0.88297534
13.94000 0.88277039
13.95000 0.88256564
13.96000 0.88236108
13.97000 0.88215672
13.98000 0.88195254
13.99000 0.88174855
14.00000 0.88154475
14.01000 0.88134114
14.02000 0.88113772
14.03000 0.88093449
14.04000 0.88073145
14.05000 0.88052860
14.06000 0.88032593
14.07000 0.88012345
14.08000 0.87992116
14.09000 0.87971906
14.10000 0.87951714
14.11000 0.87931541
14.12000 0.87911386
14.13000 0.87891251
14.14000 0.87871133
14.15000 0.87851034
14.16000 0.87830954
14.17000 0.87810892
14.18000 0.87790849
14.19000 0.87770824
14.20000 0.87750817
14.21000 0.87730829
14.22000 0.87710859
14.23000 0.87690907
14.24000 0.87670973
14.25000 0.87651058
14.26000 0.87631161
14.27000 0.87611282
14.28000 0.87591421
14.29000 0.87571579
14.30000 0.87551754
14.31000 0.87531947
14.32000 0.87512159
14.33000 0.87492388
14.34000 0.87472636
14.35000 0.87452901
14.36000 0.87433184
14.37000 0.87413485
14.38000 0.87393804
14.39000 0.87374141
14.40000 0.87354496
14.41000 0.87334868
14.42000 0.87315258
14.43000 0.87295666
14.44000 0.87276091
14.45000 0.87256534
14.46000 0.87236995
14.47000 0.87217473
14.48000 0.87197969
14.49000 0.87178482
14.50000 0.87159013
14.51000 0.87139562
14.52000 0.87120127
14.53000 0.87100711
14.54000 0.87081311
14.55000 0.87061929
14.56000 0.87042565
14.57000 0.87023217
14.58000 0.87003887
14.59000 0.86984574
14.60000 0.86965279
14.61000 0.86946000
14.62000 0.86926739
14.63000 0.86907495
14.64000 0.86888268
14.65000 0.86869058
14.66000 0.86849866
14.67000 0.86830690
14.68000 0.86811531
14.69000 0.86792389
14.70000 0.86773265
14.71000 0.86754157
14.72000 0.86735066
14.73000 0.86715992
14.74000 0.86696935
14.75000 0.86677894
14.76000 0.86658871
14.77000 0.86639864
14.78000 0.86620874
14.79000 0.86601901
14.80000 0.86582944
14.81000 0.86564004
14.82000 0.86545081
14.83000 0.86526174
14.84000 0.86507284
14.85000 0.86488411
14.86000 0.86469554
14.87000 0.86450713
14.88000 0.86431889
14.89000 0.86413082
14.90000 0.86394291
14.91000 0.86375516
14.92000 0.86356758
14.93000 0.86338016
14.94000 0.86319291
14.95000 0.86300581
14.96000 0.86281889
14.97000 0.86263212
14.98000 0.86244551
14.99000 0.86225907
15.00000 0.86207279
15.01000 0.86188667
15.02000 0.86170072
15.03000 0.86151492
15.04000 0.86132929
15.05000 0.86114381
15.06000 0.86095850
15.07000 0.86077335
15.08000 0.86058835
15.09000 0.86040352
15.10000 0.86021884
15.11000 0.86003433
15.12000 0.85984997
15.13000 0.85966578
15.14000 0.85948174
15.15000 0.85929786
15.16000 0.85911413
15.17000 0.85893057
15.18000 0.85874716
15.19000 0.85856391
15.20000 0.85838082
15.21000 0.85819788
15.22000 0.85801510
15.23000 0.85783248
15.24000 0.85765001
15.25000 0.85746770
15.26000 0.85728554
15.27000 0.85710354
15.28000 0.85692170
15.29000 0.85674001
15.30000 0.85655847
15.31000 0.85637709
15.32000 0.85619586
15.33000 0.85601479
15.34000 0.85583387
15.35000 0.85565311
15.36000 0.85547249
15.37000 0.85529204
15.38000 0.85511173
15.39000 0.85493158
15.40000 0.85475157
15.41000 0.85457172
15.42000 0.85439203
15.43000 0.85421248
15.44000 0.85403309
15.45000 0.85385385
15.46000 0.85367475
15.47000 0.85349581
15.48000 0.85331702
15.49000 0.85313838
15.50000 0.85295989
15.51000 0.85278155
15.52000 0.85260336
15.53000 0.85242532
15.54000 0.85224743
15.55000 0.85206969
15.56000 0.85189209
15.57000 0.85171465
15.58000 0.85153735
15.59000 0.85136020
15.60000 0.85118320
15.61000 0.85100635
15.62000 0.85082964
15.63000 0.85065309
15.64000 0.85047668
15.65000 0.85030041
15.66000 0.85012429
15.67000 0.84994832
15.68000 0.84977250
15.69000 0.84959682
15.70000 0.84942129
15.71000 0.84924590
15.72000 0.84907066
15.73000 0.84889556
15.74000 0.84872061
15.75000 0.84854580
15.76000 0.84837114
15.77000 0.84819662
15.78000 0.84802224
15.79000 0.84784801
15.80000 0.84767393
15.81000 0.84749998
15.82000 0.84732618
15.83000 0.84715253
15.84000 0.84697901
15.85000 0.84680564
15.86000 0.84663241
15.87000 0.84645932
15.88000 0.84628638
15.89000 0.84611357
15.90000 0.84594091
15.91000 0.84576839
15.92000 0.84559601
15.93000 0.84542378
15.94000 0.84525168
15.95000 0.84507972
15.96000 0.84490790
15.97000 0.84473623
15.98000 0.84456469
15.99000 0.84439330
16.00000 0.84422204
16.01000 0.84405092
16.02000 0.84387994
16.03000 0.84370910
16.04000 0.84353840
16.05000 0.84336784
16.06000 0.84319742
16.07000 0.84302713
16.08000 0.84285698
16.09000 0.84268698
16.10000 0.84251710
16.11000 0.84234737
16.12000 0.84217777
16.13000 0.84200831
16.14000 0.84183899
16.15000 0.84166980
16.16000 0.84150075
16.17000 0.84133183
16.18000 0.84116306
16.19000 0.84099441
16.20000 0.84082591
16.21000 0.84065753
16.22000 0.84048930
16.23000 0.84032120
16.24000 0.84015323
16.25000 0.83998540
16.26000 0.83981770
16.27000 0.83965014
16.28000 0.83948271
16.29000 0.83931542
16.30000 0.83914826
16.31000 0.83898123
16.32000 0.83881433
16.33000 0.83864757
16.34000 0.83848094
16.35000 0.83831445
16.36000 0.83814809
16.37000 0.83798186
16.38000 0.83781576
16.39000 0.83764979
16.40000 0.83748396
16.41000 0.83731826
16.42000 0.83715269
16.43000 0.83698725
16.44000 0.83682194
16.45000 0.83665676
16.46000 0.83649171
16.47000 0.83632680
16.48000 0.83616201
16.49000 0.83599736
16.50000 0.83583283
16.51000 0.83566844
16.52000 0.83550417
16.53000 0.83534004
16.54000 0.83517603
16.55000 0.83501215
16.56000 0.83484840
16.57000 0.83468478
16.58000 0.83452129
16.59000 0.83435793
16.60000 0.83419469
16.61000 0.83403159
16.62000 0.83386861
16.63000 0.83370576
16.64000 0.83354303
16.65000 0.83338044
16.66000 0.83321797
16.67000 0.83305563
16.68000 0.83289341
16.69000 0.83273132
16.70000 0.83256936
16.71000 0.83240753
16.72000 0.83224582
16.73000 0.83208423
16.74000 0.83192278
16.75000 0.83176144
16.76000 0.83160024
16.77000 0.83143916
16.78000 0.83127820
16.79000 0.83111737
16.80000 0.83095666
16.81000 0.83079608
16.82000 0.83063562
16.83000 0.83047529
16.84000 0.83031508
16.85000 0.83015500
16.86000 0.82999503
16.87000 0.82983520
16.88000 0.82967548
16.89000 0.82951589
16.90000 0.82935642
16.91000 0.82919708
16.92000 0.82903786
16.93000 0.82887876
16.94000 0.82871978
16.95000 0.82856092
16.96000 0.82840219
16.97000 0.82824358
16.98000 0.82808509
16.99000 0.82792672
17.00000 0.82776848
17.01000 0.82761035
17.02000 0.82745235
17.03000 0.82729447
17.04000 0.82713670
17.05000 0.82697906
17.06000 0.82682154
17.07000 0.82666414
17.08000 0.82650686
17.09000 0.82634970
17.10000 0.82619266
17.11000 0.82603574
17.12000 0.82587894
17.13000 0.82572225
17.14000 0.82556569
17.15000 0.82540925
17.16000 0.82525292
17.17000 0.82509671
17.18000 0.82494063
17.19000 0.82478466
17.20000 0.82462880
17.21000 0.82447307
17.22000 0.82431746
17.23000 0.82416196
17.24000 0.82400658
17.25000 0.82385131
17.26000 0.82369617
17.27000 0.82354114
17.28000 0.82338623
17.29000 0.82323143
17.30000 0.82307676
17.31000 0.82292220
17.32000 0.82276775
17.33000 0.82261342
17.34000 0.82245921
17.35000 0.82230511
17.36000 0.82215113
17.37000 0.82199726
17.38000 0.82184351
17.39000 0.82168988
17.40000 0.82153636
17.41000 0.82138295
17.42000 0.82122966
17.43000 0.82107649
17.44000 0.82092343
17.45000 0.82077048
17.46000 0.82061765
17.47000 0.82046493
17.48000 0.82031233
17.49000 0.82015983
17.50000 0.82000746
17.51000 0.81985519
17.52000 0.81970304
17.53000 0.81955101
17.54000 0.81939908
17.55000 0.81924727
17.56000 0.81909557
17.57000 0.81894399
17.58000 0.81879251
17.59000 0.81864115
17.60000 0.81848990
17.61000 0.81833877
17.62000 0.81818774
17.63000 0.81803683
17.64000 0.81788603
17.65000 0.81773534
17.66000 0.81758476
17.67000 0.81743429
17.68000 0.81728393
17.69000 0.81713369
17.70000 0.81698355
17.71000 0.81683353
17.72000 0.81668361
17.73000 0.81653381
17.74000 0.81638411
17.75000 0.81623453
17.76000 0.81608505
17.77000 0.81593569
17.78000 0.81578643
17.79000 0.81563729
17.80000 0.81548825
17.81000 0.81533933
17.82000 0.81519051
17.83000 0.81504180
17.84000 0.81489320
17.85000 0.81474470
17.86000 0.81459632
17.87000 0.81444805
17.88000 0.81429988
17.89000 0.81415182
17.90000 0.81400387
17.91000 0.81385602
17.92000 0.81370829
17.93000 0.81356066
17.94000 0.81341314
17.95000 0.81326572
17.96000 0.81311842
17.97000 0.81297122
17.98000 0.81282412
17.99000 0.81267714
18.00000 0.81253026
18.01000 0.81238348
18.02000 0.81223682
18.03000 0.81209026
18.04000 0.81194380
18.05000 0.81179745
18.06000 0.81165121
18.07000 0.81150507
18.08000 0.81135904
18.09000 0.81121311
18.10000 0.81106729
18.11000 0.81092157
18.12000 0.81077596
18.13000 0.81063045
18.14000 0.81048504
18.15000 0.81033975
18.16000 0.81019455
18.17000 0.81004946
18.18000 0.80990448
18.19000 0.80975959
18.20000 0.80961482
18.21000 0.80947014
18.22000 0.80932557
18.23000 0.80918110
18.24000 0.80903674
18.25000 0.80889248
18.26000 0.80874832
18.27000 0.80860427
18.28000 0.80846032
18.29000 0.80831647
18.30000 0.80817272
18.31000 0.80802908
18.32000 0.80788553
18.33000 0.80774209
18.34000 0.80759876
18.35000 0.80745552
18.36000 0.80731239
18.37000 0.80716935
18.38000 0.80702642
18.39000 0.80688359
18.40000 0.80674086
18.41000 0.80659824
18.42000 0.80645571
18.43000 0.80631329
18.44000 0.80617096
18.45000 0.80602874
18.46000 0.80588662
18.47000 0.80574459
18.48000 0.80560267
18.49000 0.80546085
18.50000 0.80531913
18.51000 0.80517750
18.52000 0.80503598
18.53000 0.80489456
18.54000 0.80475323
18.55000 0.80461201
18.56000 0.80447089
18.57000 0.80432986
18.58000 0.80418893
18.59000 0.80404811
18.60000 0.80390738
18.61000 0.80376675
18.62000 0.80362622
18.63000 0.80348578
18.64000 0.80334545
18.65000 0.80320521
18.66000 0.80306507
18.67000 0.80292503
18.68000 0.80278509
18.69000 0.80264524
18.70000 0.80250550
18.71000 0.80236585
18.72000 0.80222629
18.73000 0.80208684
18.74000 0.80194748
18.75000 0.80180822
18.76000 0.80166906
18.77000 0.80152999
18.78000 0.80139102
18.79000 0.80125214
18.80000 0.80111336
18.81000 0.80097468
18.82000 0.80083610
18.83000 0.80069761
18.84000 0.80055921
18.85000 0.80042092
18.86000 0.80028271
18.87000 0.80014461
18.88000 0.80000660
18.89000 0.79986868
18.90000 0.79973086
18.91000 0.79959314
18.92000 0.79945551
18.93000 0.79931797
18.94000 0.79918053
18.95000 0.79904318
18.96000 0.79890593
18.97000 0.79876878
18.98000 0.79863171
18.99000 0.79849475
19.00000 0.79835787
19.01000 0.79822109
19.02000 0.79808441
19.03000 0.79794781
19.04000 0.79781131
19.05000 0.79767491
19.06000 0.79753860
19.07000 0.79740238
19.08000 0.79726625
19.09000 0.79713022
19.10000 0.79699428
19.11000 0.79685843
19.12000 0.79672268
19.13000 0.79658702
19.14000 0.79645145
19.15000 0.79631597
19.16000 0.79618059
19.17000 0.79604530
19.18000 0.79591010
19.19000 0.79577499
19.20000 0.79563998
19.21000 0.79550505
19.22000 0.79537022
19.23000 0.79523548
19.24000 0.79510083
19.25000 0.79496627
19.26000 0.79483181
19.27000 0.79469743
19.28000 0.79456314
19.29000 0.79442895
19.30000 0.79429485
19.31000 0.79416084
19.32000 0.79402691
19.33000 0.79389308
19.34000 0.79375934
19.35000 0.79362569
19.36000 0.79349213
19.37000 0.79335866
19.38000 0.79322528
19.39000 0.79309199
19.40000 0.79295879
19.41000 0.79282568
19.42000 0.79269265
19.43000 0.79255972
19.44000 0.79242688
19.45000 0.79229412
19.46000 0.79216146
19.47000 0.79202888
19.48000 0.79189640
19.49000 0.79176400
19.50000 0.79163169
19.51000 0.79149947
19.52000 0.79136733
19.53000 0.79123529
19.54000 0.79110333
19.55000 0.79097147
19.56000 0.79083969
19.57000 0.79070799
19.58000 0.79057639
19.59000 0.79044487
19.60000 0.79031345
19.61000 0.79018210
19.62000 0.79005085
19.63000 0.78991968
19.64000 0.78978861
19.65000 0.78965761
19.66000 0.78952671
19.67000 0.78939589
19.68000 0.78926516
19.69000 0.78913451
19.70000 0.78900396
19.71000 0.78887348
19.72000 0.78874310
19.73000 0.78861280
19.74000 0.78848259
19.75000 0.78835246
19.76000 0.78822242
19.77000 0.78809247
19.78000 0.78796260
19.79000 0.78783282
19.80000 0.78770312
19.81000 0.78757351
19.82000 0.78744398
19.83000 0.78731454
19.84000 0.78718518
19.85000 0.78705591
19.86000 0.78692673
19.87000 0.78679763
19.88000 0.78666861
19.89000 0.78653968
19.90000 0.78641083
19.91000 0.78628207
19.92000 0.78615339
19.93000 0.78602480
19.94000 0.78589629
19.95000 0.78576787
19.96000 0.78563953
19.97000 0.78551127
19.98000 0.78538310
19.99000 0.78525501
20.00000 0.78512700
20.01000 0.78499908
20.02000 0.78487124
20.03000 0.78474349
20.04000 0.78461582
20.05000 0.78448823
20.06000 0.78436072
20.07000 0.78423330
20.08000 0.78410596
20.09000 0.78397870
20.10000 0.78385153
20.11000 0.78372444
20.12000 0.78359743
20.13000 0.78347050
20.14000 0.78334366
20.15000 0.78321690
20.16000 0.78309022
20.17000 0.78296362
20.18000 0.78283710
20.19000 0.78271067
20.20000 0.78258432
20.21000 0.78245805
20.22000 0.78233186
20.23000 0.78220575
20.24000 0.78207973
20.25000 0.78195378
20.26000 0.78182792
20.27000 0.78170214
20.28000 0.78157644
20.29000 0.78145082
20.30000 0.78132528
20.31000 0.78119982
20.32000 0.78107444
20.33000 0.78094915
20.34000 0.78082393
20.35000 0.78069879
20.36000 0.78057374
20.37000 0.78044876
20.38000 0.78032387
20.39000 0.78019905
20.40000 0.78007432
20.41000 0.77994966
20.42000 0.77982508
20.43000 0.77970059
20.44000 0.77957617
20.45000 0.77945184
20.46000 0.77932758
20.47000 0.77920340
20.48000 0.77907930
20.49000 0.77895528
20.50000 0.77883134
20.51000 0.77870748
20.52000 0.77858370
20.53000 0.77845999
20.54000 0.77833637
20.55000 0.77821282
20.56000 0.77808935
20.57000 0.77796596
20.58000 0.77784265
20.59000 0.77771942
20.60000 0.77759626
20.61000 0.77747319
20.62000 0.77735019
20.63000 0.77722727
20.64000 0.77710443
20.65000 0.77698166
20.66000 0.77685897
20.67000 0.77673636
20.68000 0.77661383
20.69000 0.77649138
20.70000 0.77636900
20.71000 0.77624670
20.72000 0.77612448
20.73000 0.77600233
20.74000 0.77588026
20.75000 0.77575827
20.76000 0.77563635
20.77000 0.77551452
20.78000 0.77539275
20.79000 0.77527107
20.80000 0.77514946
20.81000 0.77502793
20.82000 0.77490647
20.83000 0.77478509
20.84000 0.77466379
20.85000 0.77454256
20.86000 0.77442141
20.87000 0.77430033
20.88000 0.77417933
20.89000 0.77405841
20.90000 0.77393756
20.91000 0.77381679
20.92000 0.77369609
20.93000 0.77357547
20.94000 0.77345492
20.95000 0.77333445
20.96000 0.77321405
20.97000 0.77309373
20.98000 0.77297349
20.99000 0.77285331
21.00000 0.77273322
21.01000 0.77261320
21.02000 0.77249325
21.03000 0.77237338
21.04000 0.77225358
21.05000 0.77213385
21.06000 0.77201420
21.07000 0.77189463
21.08000 0.77177513
21.09000 0.77165570
21.10000 0.77153635
21.11000 0.77141707
21.12000 0.77129787
21.13000 0.77117873
21.14000 0.77105968
21.15000 0.77094069
21.16000 0.77082178
21.17000 0.77070295
21.18000 0.77058418
21.19000 0.77046549
21.20000 0.77034688
21.21000 0.77022833
21.22000 0.77010986
21.23000 0.76999146
21.24000 0.76987314
21.25000 0.76975489
21.26000 0.76963671
21.27000 0.76951860
21.28000 0.76940057
21.29000 0.76928261
21.30000 0.76916472
21.31000 0.76904690
21.32000 0.76892916
21.33000 0.76881148
21.34000 0.76869388
21.35000 0.76857636
21.36000 0.76845890
21.37000 0.76834152
21.38000 0.76822420
21.39000 0.76810696
21.40000 0.76798979
21.41000 0.76787270
21.42000 0.76775567
21.43000 0.76763872
21.44000 0.76752183
21.45000 0.76740502
21.46000 0.76728828
21.47000 0.76717161
21.48000 0.76705502
21.49000 0.76693849
21.50000 0.76682203
21.51000 0.76670565
21.52000 0.76658933
21.53000 0.76647309
21.54000 0.76635691
21.55000 0.76624081
21.56000 0.76612478
21.57000 0.76600882
21.58000 0.76589292
21.59000 0.76577710
21.60000 0.76566135
21.61000 0.76554567
21.62000 0.76543006
21.63000 0.76531452
21.64000 0.76519905
21.65000 0.76508364
21.66000 0.76496831
21.67000 0.76485305
21.68000 0.76473786
21.69000 0.76462273
21.70000 0.76450768
21.71000 0.76439269
21.72000 0.76427778
21.73000 0.76416293
21.74000 0.76404816
21.75000 0.76393345
21.76000 0.76381881
21.77000 0.76370424
21.78000 0.76358974
21.79000 0.76347531
21.80000 0.76336094
21.81000 0.76324665
21.82000 0.76313242
21.83000 0.76301826
21.84000 0.76290417
21.85000 0.76279015
21.86000 0.76267620
21.87000 0.76256231
21.88000 0.76244850
21.89000 0.76233475
21.90000 0.76222107
21.91000 0.76210745
21.92000 0.76199391
21.93000 0.76188043
21.94000 0.76176702
21.95000 0.76165368
21.96000 0.76154041
21.97000 0.76142720
21.98000 0.76131406
21.99000 0.76120099
22.00000 0.76108798
22.01000 0.76097504
22.02000 0.76086217
22.03000 0.76074937
22.04000 0.76063663
22.05000 0.76052396
22.06000 0.76041136
22.07000 0.76029882
22.08000 0.76018636
22.09000 0.76007395
22.10000 0.75996162
22.11000 0.75984935
22.12000 0.75973714
22.13000 0.75962501
22.14000 0.75951294
22.15000 0.75940093
22.16000 0.75928899
22.17000 0.75917712
22.18000 0.75906532
22.19000 0.75895358
22.20000 0.75884190
22.21000 0.75873029
22.22000 0.75861875
22.23000 0.75850728
22.24000 0.75839586
22.25000 0.75828452
22.26000 0.75817324
22.27000 0.75806202
22.28000 0.75795087
22.29000 0.75783979
22.30000 0.75772877
22.31000 0.75761782
22.32000 0.75750693
22.33000 0.75739611
22.34000 0.75728535
22.35000 0.75717465
22.36000 0.75706402
22.37000 0.75695346
22.38000 0.75684296
22.39000 0.75673252
22.40000 0.75662215
22.41000 0.75651185
22.42000 0.75640161
22.43000 0.75629143
22.44000 0.75618132
22.45000 0.75607127
22.46000 0.75596128
22.47000 0.75585136
22.48000 0.75574151
22.49000 0.75563171
22.50000 0.75552199
22.51000 0.75541232
22.52000 0.75530272
22.53000 0.75519318
22.54000 0.75508371
22.55000 0.75497430
22.56000 0.75486495
22.57000 0.75475567
22.58000 0.75464645
22.59000 0.75453729
22.60000 0.75442820
22.61000 0.75431917
22.62000 0.75421020
22.63000 0.75410130
22.64000 0.75399246
22.65000 0.75388368
22.66000 0.75377497
22.67000 0.75366632
22.68000 0.75355773
22.69000 0.75344920
22.70000 0.75334074
22.71000 0.75323233
22.72000 0.75312399
22.73000 0.75301572
22.74000 0.75290750
22.75000 0.75279935
22.76000 0.75269126
22.77000 0.75258323
22.78000 0.75247527
22.79000 0.75236737
22.80000 0.75225952
22.81000 0.75215174
22.82000 0.75204403
22.83000 0.75193637
22.84000 0.75182878
22.85000 0.75172124
22.86000 0.75161377
22.87000 0.75150636
22.88000 0.75139902
22.89000 0.75129173
22.90000 0.75118451
22.91000 0.75107734
22.92000 0.75097024
22.93000 0.75086320
22.94000 0.75075622
22.95000 0.75064930
22.96000 0.75054244
22.97000 0.75043564
22.98000 0.75032891
22.99000 0.75022223
23.00000 0.75011562
23.01000 0.75000906
23.02000 0.74990257
23.03000 0.74979614
23.04000 0.74968977
23.05000 0.74958345
23.06000 0.74947720
23.07000 0.74937101
23.08000 0.74926488
23.09000 0.74915881
23.10000 0.74905280
23.11000 0.74894685
23.12000 0.74884096
23.13000 0.74873513
23.14000 0.74862936
23.15000 0.74852365
23.16000 0.74841800
23.17000 0.74831241
23.18000 0.74820688
23.19000 0.74810140
23.20000 0.74799599
23.21000 0.74789064
23.22000 0.74778535
23.23000 0.74768011
23.24000 0.74757494
23.25000 0.74746982
23.26000 0.74736477
23.27000 0.74725977
23.28000 0.74715483
23.29000 0.74704995
23.30000 0.74694514
23.31000 0.74684037
23.32000 0.74673567
23.33000 0.74663103
23.34000 0.74652645
23.35000 0.74642192
23.36000 0.74631745
23.37000 0.74621304
23.38000 0.74610869
23.39000 0.74600440
23.40000 0.74590017
23.41000 0.74579600
23.42000 0.74569188
23.43000 0.74558782
23.44000 0.74548382
23.45000 0.74537988
23.46000 0.74527600
23.47000 0.74517217
23.48000 0.74506840
23.49000 0.74496469
23.50000 0.74486104
23.51000 0.74475745
23.52000 0.74465391
23.53000 0.74455043
23.54000 0.74444701
23.55000 0.74434365
23.56000 0.74424034
23.57000 0.74413709
23.58000 0.74403390
23.59000 0.74393077
23.60000 0.74382769
23.61000 0.74372467
23.62000 0.74362171
23.63000 0.74351880
23.64000 0.74341595
23.65000 0.74331316
23.66000 0.74321043
23.67000 0.74310775
23.68000 0.74300513
23.69000 0.74290257
23.70000 0.74280006
23.71000 0.74269761
23.72000 0.74259522
23.73000 0.74249288
23.74000 0.74239060
23.75000 0.74228837
23.76000 0.74218621
23.77000 0.74208409
23.78000 0.74198204
23.79000 0.74188004
23.80000 0.74177810
23.81000 0.74167621
23.82000 0.74157438
23.83000 0.74147261
23.84000 0.74137089
23.85000 0.74126922
23.86000 0.74116762
23.87000 0.74106607
23.88000 0.74096457
23.89000 0.74086313
23.90000 0.74076175
23.91000 0.74066042
23.92000 0.74055915
23.93000 0.74045793
23.94000 0.74035677
23.95000 0.74025566
23.96000 0.74015461
23.97000 0.74005361
23.98000 0.73995267
23.99000 0.73985179
24.00000 0.73975096
24.01000 0.73965018
24.02000 0.73954946
24.03000 0.73944880
24.04000 0.73934819
24.05000 0.73924763
24.06000 0.73914713
24.07000 0.73904668
24.08000 0.73894629
24.09000 0.73884595
24.10000 0.73874567
24.11000 0.73864545
24.12000 0.73854527
24.13000 0.73844515
24.14000 0.73834509
24.15000 0.73824508
24.16000 0.73814512
24.17000 0.73804522
24.18000 0.73794537
24.19000 0.73784558
24.20000 0.73774584
24.21000 0.73764616
24.22000 0.73754653
24.23000 0.73744695
24.24000 0.73734743
24.25000 0.73724796
24.26000 0.73714854
24.27000 0.73704918
24.28000 0.73694987
24.29000 0.73685062
24.30000 0.73675141
24.31000 0.73665227
24.32000 0.73655317
24.33000 0.73645413
24.34000 0.73635514
24.35000 0.73625621
24.36000 0.73615733
24.37000 0.73605850
24.38000 0.73595973
24.39000 0.73586101
24.40000 0.73576234
24.41000 0.73566372
24.42000 0.73556516
24.43000 0.73546665
24.44000 0.73536819
24.45000 0.73526979
24.46000 0.73517144
24.47000 0.73507314
24.48000 0.73497490
24.49000 0.73487670
24.50000 0.73477856
24.51000 0.73468048
24.52000 0.73458244
24.53000 0.73448446
24.54000 0.73438653
24.55000 0.73428865
24.56000 0.73419082
24.57000 0.73409305
24.58000 0.73399533
24.59000 0.73389766
24.60000 0.73380004
24.61000 0.73370247
24.62000 0.73360496
24.63000 0.73350750
24.64000 0.73341009
24.65000 0.73331273
24.66000 0.73321543
24.67000 0.73311817
24.68000 0.73302097
24.69000 0.73292382
24.70000 0.73282672
24.71000 0.73272967
24.72000 0.73263268
24.73000 0.73253573
24.74000 0.73243884
24.75000 0.73234200
24.76000 0.73224521
24.77000 0.73214847
24.78000 0.73205178
24.79000 0.73195514
24.80000 0.73185856
24.81000 0.73176202
24.82000 0.73166554
24.83000 0.73156910
24.84000 0.73147272
24.85000 0.73137639
24.86000 0.73128011
24.87000 0.73118388
24.88000 0.73108770
24.89000 0.73099158
24.90000 0.73089550
24.91000 0.73079947
24.92000 0.73070350
24.93000 0.73060757
24.94000 0.73051170
24.95000 0.73041587
24.96000 0.73032010
24.97000 0.73022437
24.98000 0.73012870
24.99000 0.73003308
25.00000 0.72993750
25.01000 0.72984198
25.02000 0.72974651
25.03000 0.72965108
25.04000 0.72955571
25.05000 0.72946039
25.06000 0.72936511
25.07000 0.72926989
25.08000 0.72917472
25.09000 0.72907959
25.10000 0.72898452
25.11000 0.72888950
25.12000 0.72879452
25.13000 0.72869960
25.14000 0.72860472
25.15000 0.72850989
25.16000 0.72841512
25.17000 0.72832039
25.18000 0.72822571
25.19000 0.72813108
25.20000 0.72803651
25.21000 0.72794198
25.22000 0.72784750
25.23000 0.72775306
25.24000 0.72765868
25.25000 0.72756435
25.26000 0.72747006
25.27000 0.72737583
25.28000 0.72728164
25.29000 0.72718750
25.30000 0.72709342
25.31000 0.72699938
25.32000 0.72690538
25.33000 0.72681144
25.34000 0.72671755
25.35000 0.72662370
25.36000 0.72652991
25.37000 0.72643616
25.38000 0.72634246
25.39000 0.72624881
25.40000 0.72615520
25.41000 0.72606165
25.42000 0.72596814
25.43000 0.72587469
25.44000 0.72578128
25.45000 0.72568791
25.46000 0.72559460
25.47000 0.72550134
25.48000 0.72540812
25.49000 0.72531495
25.50000 0.72522183
25.51000 0.72512875
25.52000 0.72503573
25.53000 0.72494275
25.54000 0.72484982
25.55000 0.72475694
25.56000 0.72466411
25.57000 0.72457132
25.58000 0.72447858
25.59000 0.72438589
25.60000 0.72429324
25.61000 0.72420065
25.62000 0.72410810
25.63000 0.72401560
25.64000 0.72392314
25.65000 0.72383074
25.66000 0.72373838
25.67000 0.72364606
25.68000 0.72355380
25.69000 0.72346158
25.70000 0.72336941
25.71000 0.72327728
25.72000 0.72318521
25.73000 0.72309318
25.74000 0.72300119
25.75000 0.72290926
25.76000 0.72281737
25.77000 0.72272553
25.78000 0.72263373
25.79000 0.72254198
25.80000 0.72245028
25.81000 0.72235862
25.82000 0.72226701
25.83000 0.72217545
25.84000 0.72208394
25.85000 0.72199247
25.86000 0.72190104
25.87000 0.72180967
25.88000 0.72171834
25.89000 0.72162705
25.90000 0.72153581
25.91000 0.72144462
25.92000 0.72135348
25.93000 0.72126238
25.94000 0.72117133
25.95000 0.72108032
25.96000 0.72098936
25.97000 0.72089844
25.98000 0.72080757
25.99000 0.72071675
26.00000 0.72062597
26.01000 0.72053524
26.02000 0.72044456
26.03000 0.72035392
26.04000 0.72026332
26.05000 0.72017278
26.06000 0.72008227
26.07000 0.71999182
26.08000 0.71990140
26.09000 0.71981104
26.10000 0.71972072
26.11000 0.71963044
26.12000 0.71954021
26.13000 0.71945003
26.14000 0.71935989
26.15000 0.71926979
26.16000 0.71917974
26.17000 0.71908974
26.18000 0.71899978
26.19000 0.71890987
26.20000 0.71882000
26.21000 0.71873018
26.22000 0.71864040
26.23000 0.71855067
26.24000 0.71846098
26.25000 0.71837133
26.26000 0.71828174
26.27000 0.71819218
26.28000 0.71810267
26.29000 0.71801321
26.30000 0.71792379
26.31000 0.71783441
26.32000 0.71774508
26.33000 0.71765580
26.34000 0.71756656
26.35000 0.71747736
26.36000 0.71738821
26.37000 0.71729910
26.38000 0.71721004
26.39000 0.71712102
26.40000 0.71703204
26.41000 0.71694311
26.42000 0.71685422
26.43000 0.71676538
26.44000 0.71667658
26.45000 0.71658783
26.46000 0.71649912
26.47000 0.71641045
26.48000 0.71632183
26.49000 0.71623325
26.50000 0.71614472
26.51000 0.71605623
26.52000 0.71596778
26.53000 0.71587938
26.54000 0.71579102
26.55000 0.71570270
26.56000 0.71561443
26.57000 0.71552620
26.58000 0.71543802
26.59000 0.71534988
26.60000 0.71526178
26.61000 0.71517373
26.62000 0.71508572
26.63000 0.71499775
26.64000 0.71490983
26.65000 0.71482195
26.66000 0.71473411
26.67000 0.71464632
26.68000 0.71455857
26.69000 0.71447086
26.70000 0.71438319
26.71000 0.71429557
26.72000 0.71420800
26.73000 0.71412046
26.74000 0.71403297
26.75000 0.71394552
26.76000 0.71385811
26.77000 0.71377075
26.78000 0.71368343
26.79000 0.71359615
26.80000 0.71350892
26.81000 0.71342173
26.82000 0.71333458
26.83000 0.71324747
26.84000 0.71316041
26.85000 0.71307339
26.86000 0.71298641
26.87000 0.71289947
26.88000 0.71281258
26.89000 0.71272573
26.90000 0.71263892
26.91000 0.71255215
26.92000 0.71246543
26.93000 0.71237875
26.94000 0.71229211
26.95000 0.71220551
26.96000 0.71211895
26.97000 0.71203244
26.98000 0.71194597
26.99000 0.71185954
27.00000 0.71177316
27.01000 0.71168681
27.02000 0.71160051
27.03000 0.71151425
27.04000 0.71142803
27.05000 0.71134185
27.06000 0.71125572
27.07000 0.71116962
27.08000 0.71108357
27.09000 0.71099756
27.10000 0.71091160
27.11000 0.71082567
27.12000 0.71073978
27.13000 0.71065394
27.14000 0.71056814
27.15000 0.71048238
27.16000 0.71039666
27.17000 0.71031099
27.18000 0.71022535
27.19000 0.71013976
27.20000 0.71005420
27.21000 0.70996869
27.22000 0.70988322
27.23000 0.70979779
27.24000 0.70971240
27.25000 0.70962706
27.26000 0.70954175
27.27000 0.70945649
27.28000 0.70937127
27.29000 0.70928608
27.30000 0.70920094
27.31000 0.70911584
27.32000 0.70903078
27.33000 0.70894576
27.34000 0.70886079
27.35000 0.70877585
27.36000 0.70869095
27.37000 0.70860610
27.38000 0.70852129
27.39000 0.70843651
27.40000 0.70835178
27.41000 0.70826709
27.42000 0.70818243
27.43000 0.70809782
27.44000 0.70801325
27.45000 0.70792872
27.46000 0.70784423
27.47000 0.70775978
27.48000 0.70767537
27.49000 0.70759101
27.50000 0.70750668
27.51000 0.70742239
27.52000 0.70733814
27.53000 0.70725394
27.54000 0.70716977
27.55000 0.70708564
27.56000 0.70700155
27.57000 0.70691751
27.58000 0.70683350
27.59000 0.70674953
27.60000 0.70666561
27.61000 0.70658172
27.62000 0.70649787
27.63000 0.70641407
27.64000 0.70633030
27.65000 0.70624657
27.66000 0.70616288
27.67000 0.70607924
27.68000 0.70599563
27.69000 0.70591206
27.70000 0.70582853
27.71000 0.70574504
27.72000 0.70566159
27.73000 0.70557818
27.74000 0.70549481
27.75000 0.70541148
27.76000 0.70532819
27.77000 0.70524494
27.78000 0.70516172
27.79000 0.70507855
27.80000 0.70499542
27.81000 0.70491232
27.82000 0.70482927
27.83000 0.70474625
27.84000 0.70466327
27.85000 0.70458034
27.86000 0.70449744
27.87000 0.70441458
27.88000 0.70433176
27.89000 0.70424898
27.90000 0.70416623
27.91000 0.70408353
27.92000 0.70400087
27.93000 0.70391824
27.94000 0.70383565
27.95000 0.70375311
27.96000 0.70367060
27.97000 0.70358813
27.98000 0.70350569
27.99000 0.70342330
28.00000 0.70334095
28.01000 0.70325863
28.02000 0.70317636
28.03000 0.70309412
28.04000 0.70301192
28.05000 0.70292976
28.06000 0.70284763
28.07000 0.70276555
28.08000 0.70268350
28.09000 0.70260150
28.10000 0.70251953
28.11000 0.70243760
28.12000 0.70235570
28.13000 0.70227385
28.14000 0.70219203
28.15000 0.70211026
28.16000 0.70202852
28.17000 0.70194682
28.18000 0.70186515
28.19000 0.70178353
28.20000 0.70170194
28.21000 0.70162039
28.22000 0.70153888
28.23000 0.70145741
28.24000 0.70137597
28.25000 0.70129458
28.26000 0.70121322
28.27000 0.70113190
28.28000 0.70105061
28.29000 0.70096937
28.30000 0.70088816
28.31000 0.70080699
28.32000 0.70072585
28.33000 0.70064476
28.34000 0.70056370
28.35000 0.70048268
28.36000 0.70040170
28.37000 0.70032076
28.38000 0.70023985
28.39000 0.70015898
28.40000 0.70007815
28.41000 0.69999735
28.42000 0.69991659
28.43000 0.69983587
28.44000 0.69975519
28.45000 0.69967455
28.46000 0.69959394
28.47000 0.69951337
28.48000 0.69943283
28.49000 0.69935234
28.50000 0.69927188
28.51000 0.69919145
28.52000 0.69911107
28.53000 0.69903072
28.54000 0.69895041
28.55000 0.69887014
28.56000 0.69878990
28.57000 0.69870970
28.58000 0.69862954
28.59000 0.69854941
28.60000 0.69846932
28.61000 0.69838927
28.62000 0.69830925
28.63000 0.69822927
28.64000 0.69814933
28.65000 0.69806942
28.66000 0.69798955
28.67000 0.69790972
28.68000 0.69782992
28.69000 0.69775017
28.70000 0.69767044
28.71000 0.69759076
28.72000 0.69751111
28.73000 0.69743149
28.74000 0.69735192
28.75000 0.69727238
28.76000 0.69719287
28.77000 0.69711340
28.78000 0.69703397
28.79000 0.69695458
28.80000 0.69687522
28.81000 0.69679590
28.82000 0.69671661
28.83000 0.69663736
28.84000 0.69655815
28.85000 0.69647897
28.86000 0.69639983
28.87000 0.69632072
28.88000 0.69624165
28.89000 0.69616262
28.90000 0.69608362
28.91000 0.69600466
28.92000 0.69592573
28.93000 0.69584684
28.94000 0.69576799
28.95000 0.69568917
28.96000 0.69561038
28.97000 0.69553164
28.98000 0.69545293
28.99000 0.69537425
29.00000 0.69529561
29.01000 0.69521701
29.02000 0.69513844
29.03000 0.69505991
29.04000 0.69498141
29.05000 0.69490295
29.06000 0.69482452
29.07000 0.69474613
29.08000 0.69466778
29.09000 0.69458946
29.10000 0.69451117
29.11000 0.69443292
29.12000 0.69435471
29.13000 0.69427653
29.14000 0.69419839
29.15000 0.69412028
29.16000 0.69404221
29.17000 0.69396417
29.18000 0.69388617
29.19000 0.69380820
29.20000 0.69373027
29.21000 0.69365237
29.22000 0.69357451
29.23000 0.69349668
29.24000 0.69341889
29.25000 0.69334114
29.26000 0.69326341
29.27000 0.69318573
29.28000 0.69310808
29.29000 0.69303046
29.30000 0.69295288
29.31000 0.69287533
29.32000 0.69279782
29.33000 0.69272034
29.34000 0.69264290
29.35000 0.69256549
29.36000 0.69248811
29.37000 0.69241078
29.38000 0.69233347
29.39000 0.69225620
29.40000 0.69217897
29.41000 0.69210177
29.42000 0.69202460
29.43000 0.69194747
29.44000 0.69187037
29.45000 0.69179331
29.46000 0.69171628
29.47000 0.69163929
29.48000 0.69156233
29.49000 0.69148540
29.50000 0.69140851
29.51000 0.69133166
29.52000 0.69125483
29.53000 0.69117805
29.54000 0.69110129
29.55000 0.69102457
29.56000 0.69094789
29.57000 0.69087124
29.58000 0.69079462
29.59000 0.69071803
29.60000 0.69064149
29.61000 0.69056497
29.62000 0.69048849
29.63000 0.69041204
29.64000 0.69033563
29.65000 0.69025925
29.66000 0.69018290
29.67000 0.69010659
29.68000 0.69003032
29.69000 0.68995407
29.70000 0.68987786
29.71000 0.68980169
29.72000 0.68972554
29.73000 0.68964943
29.74000 0.68957336
29.75000 0.68949732
29.76000 0.68942131
29.77000 0.68934533
29.78000 0.68926939
29.79000 0.68919349
29.80000 0.68911761
29.81000 0.68904177
29.82000 0.68896597
29.83000 0.68889019
29.84000 0.68881445
29.85000 0.68873875
29.86000 0.68866307
29.87000 0.68858743
29.88000 0.68851183
29.89000 0.68843625
29.90000 0.68836071
29.91000 0.68828521
29.92000 0.68820973
29.93000 0.68813429
29.94000 0.68805889
29.95000 0.68798351
29.96000 0.68790817
29.97000 0.68783286
29.98000 0.68775759
29.99000 0.68768235
30.00000 0.68760714
30.01000 0.68753196
30.02000 0.68745682
30.03000 0.68738171
30.04000 0.68730663
30.05000 0.68723159
30.06000 0.68715658
30.07000 0.68708160
30.08000 0.68700665
30.09000 0.68693174
30.10000 0.68685686
30.11000 0.68678201
30.12000 0.68670720
30.13000 0.68663242
30.14000 0.68655767
30.15000 0.68648295
30.16000 0.68640827
30.17000 0.68633362
30.18000 0.68625900
30.19000 0.68618441
30.20000 0.68610986
30.21000 0.68603534
30.22000 0.68596085
30.23000 0.68588639
30.24000 0.68581197
30.25000 0.68573758
30.26000 0.68566322
30.27000 0.68558889
30.28000 0.68551460
30.29000 0.68544033
30.30000 0.68536610
30.31000 0.68529190
30.32000 0.68521774
30.33000 0.68514361
30.34000 0.68506950
30.35000 0.68499544
30.36000 0.68492140
30.37000 0.68484739
30.38000 0.68477342
30.39000 0.68469948
30.40000 0.68462557
30.41000 0.68455169
30.42000 0.68447785
30.43000 0.68440404
30.44000 0.68433026
30.45000 0.68425651
30.46000 0.68418279
30.47000 0.68410910
30.48000 0.68403545
30.49000 0.68396183
30.50000 0.68388824
30.51000 0.68381468
30.52000 0.68374115
30.53000 0.68366766
30.54000 0.68359420
30.55000 0.68352076
30.56000 0.68344736
30.57000 0.68337400
30.58000 0.68330066
30.59000 0.68322736
30.60000 0.68315408
30.61000 0.68308084
30.62000 0.68300763
30.63000 0.68293445
30.64000 0.68286130
30.65000 0.68278819
30.66000 0.68271510
30.67000 0.68264205
30.68000 0.68256903
30.69000 0.68249604
30.70000 0.68242308
30.71000 0.68235015
30.72000 0.68227725
30.73000 0.68220439
30.74000 0.68213155
30.75000 0.68205875
30.76000 0.68198598
30.77000 0.68191323
30.78000 0.68184052
30.79000 0.68176785
30.80000 0.68169520
30.81000 0.68162258
30.82000 0.68155000
30.83000 0.68147744
30.84000 0.68140492
30.85000 0.68133242
30.86000 0.68125996
30.87000 0.68118753
30.88000 0.68111513
30.89000 0.68104276
30.90000 0.68097042
30.91000 0.68089812
30.92000 0.68082584
30.93000 0.68075359
30.94000 0.68068138
30.95000 0.68060919
30.96000 0.68053704
30.97000 0.68046492
30.98000 0.68039283
30.99000 0.68032076
31.00000 0.68024873
31.01000 0.68017673
31.02000 0.68010476
31.03000 0.68003282
31.04000 0.67996091
31.05000 0.67988903
31.06000 0.67981719
31.07000 0.67974537
31.08000 0.67967358
31.09000 0.67960183
31.10000 0.67953010
31.11000 0.67945840
31.12000 0.67938674
31.13000 0.67931510
31.14000 0.67924350
31.15000 0.67917192
31.16000 0.67910038
31.17000 0.67902886
31.18000 0.67895738
31.19000 0.67888593
31.20000 0.67881450
31.21000 0.67874311
31.22000 0.67867174
31.23000 0.67860041
31.24000 0.67852911
31.25000 0.67845783
31.26000 0.67838659
31.27000 0.67831538
31.28000 0.67824419
31.29000 0.67817304
31.30000 0.67810192
31.31000 0.67803082
31.32000 0.67795976
31.33000 0.67788873
31.34000 0.67781772
31.35000 0.67774675
31.36000 0.67767580
31.37000 0.67760489
31.38000 0.67753400
31.39000 0.67746315
31.40000 0.67739232
31.41000 0.67732153
31.42000 0.67725076
31.43000 0.67718003
31.44000 0.67710932
31.45000 0.67703864
31.46000 0.67696800
31.47000 0.67689738
31.48000 0.67682679
31.49000 0.67675623
31.50000 0.67668570
31.51000 0.67661520
31.52000 0.67654473
31.53000 0.67647429
31.54000 0.67640388
31.55000 0.67633350
31.56000 0.67626314
31.57000 0.67619282
31.58000 0.67612253
31.59000 0.67605226
31.60000 0.67598203
31.61000 0.67591182
31.62000 0.67584164
31.63000 0.67577149
31.64000 0.67570138
31.65000 0.67563129
31.66000 0.67556123
31.67000 0.67549120
31.68000 0.67542119
31.69000 0.67535122
31.70000 0.67528128
31.71000 0.67521136
31.72000 0.67514148
31.73000 0.67507162
31.74000 0.67500179
31.75000 0.67493199
31.76000 0.67486222
31.77000 0.67479248
31.78000 0.67472277
31.79000 0.67465309
31.80000 0.67458343
31.81000 0.67451381
31.82000 0.67444421
31.83000 0.67437464
31.84000 0.67430510
31.85000 0.67423559
31.86000 0.67416611
31.87000 0.67409666
31.88000 0.67402724
31.89000 0.67395784
31.90000 0.67388847
31.91000 0.67381913
31.92000 0.67374983
31.93000 0.67368054
31.94000 0.67361129
31.95000 0.67354207
31.96000 0.67347287
31.97000 0.67340371
31.98000 0.67333457
31.99000 0.67326546
32.00000 0.67319638
32.01000 0.67312732
32.02000 0.67305830
32.03000 0.67298930
32.04000 0.67292034
32.05000 0.67285140
32.06000 0.67278248
32.07000 0.67271360
32.08000 0.67264475
32.09000 0.67257592
32.10000 0.67250712
32.11000 0.67243835
32.12000 0.67236961
32.13000 0.67230090
32.14000 0.67223221
32.15000 0.67216356
32.16000 0.67209493
32.17000 0.67202633
32.18000 0.67195775
32.19000 0.67188921
32.20000 0.67182069
32.21000 0.67175220
32.22000 0.67168374
32.23000 0.67161531
32.24000 0.67154691
32.25000 0.67147853
32.26000 0.67141018
32.27000 0.67134186
32.28000 0.67127357
32.29000 0.67120530
32.30000 0.67113706
32.31000 0.67106885
32.32000 0.67100067
32.33000 0.67093252
32.34000 0.67086439
32.35000 0.67079629
32.36000 0.67072822
32.37000 0.67066018
32.38000 0.67059216
32.39000 0.67052418
32.40000 0.67045622
32.41000 0.67038828
32.42000 0.67032038
32.43000 0.67025250
32.44000 0.67018465
32.45000 0.67011683
32.46000 0.67004904
32.47000 0.66998127
32.48000 0.66991353
32.49000 0.66984582
32.50000 0.66977813
32.51000 0.66971047
32.52000 0.66964284
32.53000 0.66957524
32.54000 0.66950767
32.55000 0.66944012
32.56000 0.66937260
32.57000 0.66930511
32.58000 0.66923764
32.59000 0.66917020
32.60000 0.66910279
32.61000 0.66903541
32.62000 0.66896805
32.63000 0.66890072
32.64000 0.66883342
32.65000 0.66876614
32.66000 0.66869889
32.67000 0.66863167
32.68000 0.66856448
32.69000 0.66849731
32.70000 0.66843017
32.71000 0.66836306
32.72000 0.66829597
32.73000 0.66822892
32.74000 0.66816188
32.75000 0.66809488
32.76000 0.66802790
32.77000 0.66796095
32.78000 0.66789403
32.79000 0.66782713
32.80000 0.66776026
32.81000 0.66769342
32.82000 0.66762660
32.83000 0.66755981
32.84000 0.66749305
32.85000 0.66742631
32.86000 0.66735960
32.87000 0.66729292
32.88000 0.66722626
32.89000 0.66715963
32.90000 0.66709303
32.91000 0.66702646
32.92000 0.66695991
32.93000 0.66689338
32.94000 0.66682689
32.95000 0.66676042
32.96000 0.66669398
32.97000 0.66662756
32.98000 0.66656117
32.99000 0.66649481
33.00000 0.66642847
33.01000 0.66636216
33.02000 0.66629588
33.03000 0.66622962
33.04000 0.66616339
33.05000 0.66609718
33.06000 0.66603101
33.07000 0.66596486
33.08000 0.66589873
33.09000 0.66583263
33.10000 0.66576656
33.11000 0.66570051
33.12000 0.66563449
33.13000 0.66556850
33.14000 0.66550253
33.15000 0.66543659
33.16000 0.66537067
33.17000 0.66530478
33.18000 0.66523892
33.19000 0.66517309
33.20000 0.66510727
33.21000 0.66504149
33.22000 0.66497573
33.23000 0.66491000
33.24000 0.66484429
33.25000 0.66477861
33.26000 0.66471296
33.27000 0.66464733
33.28000 0.66458173
33.29000 0.66451615
33.30000 0.66445060
33.31000 0.66438508
33.32000 0.66431958
33.33000 0.66425411
33.34000 0.66418866
33.35000 0.66412324
33.36000 0.66405785
33.37000 0.66399248
33.38000 0.66392713
33.39000 0.66386182
33.40000 0.66379652
33.41000 0.66373126
33.42000 0.66366602
33.43000 0.66360080
33.44000 0.66353562
33.45000 0.66347045
33.46000 0.66340531
33.47000 0.66334020
33.48000 0.66327512
33.49000 0.66321006
33.50000 0.66314502
33.51000 0.66308001
33.52000 0.66301503
33.53000 0.66295007
33.54000 0.66288514
33.55000 0.66282023
33.56000 0.66275535
33.57000 0.66269049
33.58000 0.66262566
33.59000 0.66256086
33.60000 0.66249608
33.61000 0.66243132
33.62000 0.66236659
33.63000 0.66230189
33.64000 0.66223721
33.65000 0.66217256
33.66000 0.66210793
33.67000 0.66204333
33.68000 0.66197875
33.69000 0.66191420
33.70000 0.66184967
33.71000 0.66178517
33.72000 0.66172069
33.73000 0.66165624
33.74000 0.66159182
33.75000 0.66152742
33.76000 0.66146304
33.77000 0.66139869
33.78000 0.66133437
33.79000 0.66127006
33.80000 0.66120579
33.81000 0.66114154
33.82000 0.66107731
33.83000 0.66101311
33.84000 0.66094894
33.85000 0.66088479
33.86000 0.66082066
33.87000 0.66075656
33.88000 0.66069249
33.89000 0.66062844
33.90000 0.66056441
33.91000 0.66050041
33.92000 0.66043644
33.93000 0.66037249
33.94000 0.66030856
33.95000 0.66024466
33.96000 0.66018078
33.97000 0.66011693
33.98000 0.66005311
33.99000 0.65998930
34.00000 0.65992553
34.01000 0.65986177
34.02000 0.65979805
34.03000 0.65973434
34.04000 0.65967066
34.05000 0.65960701
34.06000 0.65954338
34.07000 0.65947978
34.08000 0.65941620
34.09000 0.65935264
34.10000 0.65928911
34.11000 0.65922560
34.12000 0.65916212
34.13000 0.65909867
34.14000 0.65903523
34.15000 0.65897182
34.16000 0.65890844
34.17000 0.65884508
34.18000 0.65878175
34.19000 0.65871844
34.20000 0.65865515
34.21000 0.65859189
34.22000 0.65852865
34.23000 0.65846544
34.24000 0.65840225
34.25000 0.65833909
34.26000 0.65827595
34.27000 0.65821283
34.28000 0.65814974
34.29000 0.65808667
34.30000 0.65802363
34.31000 0.65796061
34.32000 0.65789762
34.33000 0.65783464
34.34000 0.65777170
34.35000 0.65770878
34.36000 0.65764588
34.37000 0.65758301
34.38000 0.65752016
34.39000 0.65745733
34.40000 0.65739453
34.41000 0.65733175
34.42000 0.65726900
34.43000 0.65720627
34.44000 0.65714356
34.45000 0.65708088
34.46000 0.65701823
34.47000 0.65695559
34.48000 0.65689298
34.49000 0.65683040
34.50000 0.65676784
34.51000 0.65670530
34.52000 0.65664278
34.53000 0.65658029
34.54000 0.65651783
34.55000 0.65645539
34.56000 0.65639297
34.57000 0.65633057
34.58000 0.65626820
34.59000 0.65620586
34.60000 0.65614353
34.61000 0.65608123
34.62000 0.65601896
34.63000 0.65595670
34.64000 0.65589448
34.65000 0.65583227
34.66000 0.65577009
34.67000 0.65570793
34.68000 0.65564580
34.69000 0.65558369
34.70000 0.65552160
34.71000 0.65545954
34.72000 0.65539750
34.73000 0.65533548
34.74000 0.65527349
34.75000 0.65521152
34.76000 0.65514958
34.77000 0.65508766
34.78000 0.65502576
34.79000 0.65496388
34.80000 0.65490203
34.81000 0.65484020
34.82000 0.65477840
34.83000 0.65471662
34.84000 0.65465486
34.85000 0.65459313
34.86000 0.65453141
34.87000 0.65446973
34.88000 0.65440806
34.89000 0.65434642
34.90000 0.65428480
34.91000 0.65422321
34.92000 0.65416164
34.93000 0.65410009
34.94000 0.65403856
34.95000 0.65397706
34.96000 0.65391558
34.97000 0.65385413
34.98000 0.65379270
34.99000 0.65373129
35.00000 0.65366990
35.01000 0.65360854
35.02000 0.65354720
35.03000 0.65348588
35.04000 0.65342459
35.05000 0.65336332
35.06000 0.65330207
35.07000 0.65324085
35.08000 0.65317965
35.09000 0.65311847
35.10000 0.65305731
35.11000 0.65299618
35.12000 0.65293507
35.13000 0.65287398
35.14000 0.65281292
35.15000 0.65275188
35.16000 0.65269086
35.17000 0.65262987
35.18000 0.65256890
35.19000 0.65250795
35.20000 0.65244702
35.21000 0.65238612
35.22000 0.65232524
35.23000 0.65226438
35.24000 0.65220354
35.25000 0.65214273
35.26000 0.65208194
35.27000 0.65202117
35.28000 0.65196043
35.29000 0.65189971
35.30000 0.65183901
35.31000 0.65177833
35.32000 0.65171768
35.33000 0.65165705
35.34000 0.65159644
35.35000 0.65153586
35.36000 0.65147529
35.37000 0.65141475
35.38000 0.65135423
35.39000 0.65129374
35.40000 0.65123327
35.41000 0.65117282
35.42000 0.65111239
35.43000 0.65105198
35.44000 0.65099160
35.45000 0.65093124
35.46000 0.65087090
35.47000 0.65081059
35.48000 0.65075029
35.49000 0.65069002
35.50000 0.65062977
35.51000 0.65056955
35.52000 0.65050934
35.53000 0.65044916
35.54000 0.65038900
35.55000 0.65032887
35.56000 0.65026875
35.57000 0.65020866
35.58000 0.65014859
35.59000 0.65008855
35.60000 0.65002852
35.61000 0.64996852
35.62000 0.64990854
35.63000 0.64984858
35.64000 0.64978864
35.65000 0.64972873
35.66000 0.64966884
35.67000 0.64960897
35.68000 0.64954912
35.69000 0.64948929
35.70000 0.64942949
35.71000 0.64936971
35.72000 0.64930995
35.73000 0.64925021
35.74000 0.64919050
35.75000 0.64913080
35.76000 0.64907113
35.77000 0.64901148
35.78000 0.64895185
35.79000 0.64889225
35.80000 0.64883267
35.81000 0.64877310
35.82000 0.64871357
35.83000 0.64865405
35.84000 0.64859455
35.85000 0.64853508
35.86000 0.64847563
35.87000 0.64841620
35.88000 0.64835679
35.89000 0.64829740
35.90000 0.64823804
35.91000 0.64817869
35.92000 0.64811937
35.93000 0.64806007
35.94000 0.64800080
35.95000 0.64794154
35.96000 0.64788231
35.97000 0.64782310
35.98000 0.64776391
35.99000 0.64770474
36.00000 0.64764559
36.01000 0.64758646
36.02000 0.64752736
36.03000 0.64746828
36.04000 0.64740922
36.05000 0.64735018
36.06000 0.64729116
36.07000 0.64723217
36.08000 0.64717319
36.09000 0.64711424
36.10000 0.64705531
36.11000 0.64699640
36.12000 0.64693751
36.13000 0.64687864
36.14000 0.64681980
36.15000 0.64676097
36.16000 0.64670217
36.17000 0.64664339
36.18000 0.64658463
36.19000 0.64652589
36.20000 0.64646718
36.21000 0.64640848
36.22000 0.64634981
36.23000 0.64629116
36.24000 0.64623253
36.25000 0.64617392
36.26000 0.64611533
36.27000 0.64605676
36.28000 0.64599822
36.29000 0.64593969
36.30000 0.64588119
36.31000 0.64582271
36.32000 0.64576425
36.33000 0.64570581
36.34000 0.64564739
36.35000 0.64558899
36.36000 0.64553061
36.37000 0.64547226
36.38000 0.64541393
36.39000 0.64535561
36.40000 0.64529732
36.41000 0.64523905
36.42000 0.64518080
36.43000 0.64512258
36.44000 0.64506437
36.45000 0.64500618
36.46000 0.64494802
36.47000 0.64488987
36.48000 0.64483175
36.49000 0.64477365
36.50000 0.64471557
36.51000 0.64465751
36.52000 0.64459947
36.53000 0.64454145
36.54000 0.64448346
36.55000 0.64442548
36.56000 0.64436753
36.57000 0.64430959
36.58000 0.64425168
36.59000 0.64419379
36.60000 0.64413591
36.61000 0.64407806
36.62000 0.64402023
36.63000 0.64396243
36.64000 0.64390464
36.65000 0.64384687
36.66000 0.64378912
36.67000 0.64373140
36.68000 0.64367369
36.69000 0.64361601
36.70000 0.64355834
36.71000 0.64350070
36.72000 0.64344308
36.73000 0.64338548
36.74000 0.64332790
36.75000 0.64327034
36.76000 0.64321280
36.77000 0.64315528
36.78000 0.64309778
36.79000 0.64304030
36.80000 0.64298285
36.81000 0.64292541
36.82000 0.64286800
36.83000 0.64281060
36.84000 0.64275323
36.85000 0.64269587
36.86000 0.64263854
36.87000 0.64258122
36.88000 0.64252393
36.89000 0.64246666
36.90000 0.64240941
36.91000 0.64235218
36.92000 0.64229497
36.93000 0.64223778
36.94000 0.64218061
36.95000 0.64212346
36.96000 0.64206633
36.97000 0.64200922
36.98000 0.64195213
36.99000 0.64189506
37.00000 0.64183802
37.01000 0.64178099
37.02000 0.64172398
37.03000 0.64166700
37.04000 0.64161003
37.05000 0.64155308
37.06000 0.64149616
37.07000 0.64143925
37.08000 0.64138237
37.09000 0.64132550
37.10000 0.64126866
37.11000 0.64121183
37.12000 0.64115503
37.13000 0.64109824
37.14000 0.64104148
37.15000 0.64098474
37.16000 0.64092801
37.17000 0.64087131
37.18000 0.64081463
37.19000 0.64075796
37.20000 0.64070132
37.21000 0.64064470
37.22000 0.64058809
37.23000 0.64053151
37.24000 0.64047495
37.25000 0.64041841
37.26000 0.64036188
37.27000 0.64030538
37.28000 0.64024890
37.29000 0.64019243
37.30000 0.64013599
37.31000 0.64007957
37.32000 0.64002316
37.33000 0.63996678
37.34000 0.63991042
37.35000 0.63985408
37.36000 0.63979775
37.37000 0.63974145
37.38000 0.63968516
37.39000 0.63962890
37.40000 0.63957266
37.41000 0.63951643
37.42000 0.63946023
37.43000 0.63940404
37.44000 0.63934788
37.45000 0.63929173
37.46000 0.63923561
37.47000 0.63917950
37.48000 0.63912342
37.49000 0.63906735
37.50000 0.63901131
37.51000 0.63895528
37.52000 0.63889927
37.53000 0.63884329
37.54000 0.63878732
37.55000 0.63873137
37.56000 0.63867544
37.57000 0.63861954
37.58000 0.63856365
37.59000 0.63850778
37.60000 0.63845193
37.61000 0.63839610
37.62000 0.63834029
37.63000 0.63828450
37.64000 0.63822873
37.65000 0.63817297
37.66000 0.63811724
37.67000 0.63806153
37.68000 0.63800584
37.69000 0.63795016
37.70000 0.63789451
37.71000 0.63783887
37.72000 0.63778326
37.73000 0.63772766
37.74000 0.63767209
37.75000 0.63761653
37.76000 0.63756099
37.77000 0.63750548
37.78000 0.63744998
37.79000 0.63739450
37.80000 0.63733904
37.81000 0.63728360
37.82000 0.63722818
37.83000 0.63717277
37.84000 0.63711739
37.85000 0.63706203
37.86000 0.63700668
37.87000 0.63695136
37.88000 0.63689605
37.89000 0.63684077
37.90000 0.63678550
37.91000 0.63673025
37.92000 0.63667503
37.93000 0.63661982
37.94000 0.63656463
37.95000 0.63650946
37.96000 0.63645430
37.97000 0.63639917
37.98000 0.63634406
37.99000 0.63628896
38.00000 0.63623389
38.01000 0.63617883
38.02000 0.63612380
38.03000 0.63606878
38.04000 0.63601378
38.05000 0.63595880
38.06000 0.63590384
38.07000 0.63584890
38.08000 0.63579398
38.09000 0.63573907
38.10000 0.63568419
38.11000 0.63562932
38.12000 0.63557448
38.13000 0.63551965
38.14000 0.63546484
38.15000 0.63541005
38.16000 0.63535528
38.17000 0.63530053
38.18000 0.63524580
38.19000 0.63519108
38.20000 0.63513639
38.21000 0.63508171
38.22000 0.63502705
38.23000 0.63497242
38.24000 0.63491780
38.25000 0.63486320
38.26000 0.63480861
38.27000 0.63475405
38.28000 0.63469951
38.29000 0.63464498
38.30000 0.63459048
38.31000 0.63453599
38.32000 0.63448152
38.33000 0.63442707
38.34000 0.63437264
38.35000 0.63431823
38.36000 0.63426383
38.37000 0.63420946
38.38000 0.63415510
38.39000 0.63410076
38.40000 0.63404644
38.41000 0.63399214
38.42000 0.63393786
38.43000 0.63388360
38.44000 0.63382935
38.45000 0.63377513
38.46000 0.63372092
38.47000 0.63366673
38.48000 0.63361256
38.49000 0.63355841
38.50000 0.63350427
38.51000 0.63345016
38.52000 0.63339606
38.53000 0.63334199
38.54000 0.63328793
38.55000 0.63323389
38.56000 0.63317987
38.57000 0.63312586
38.58000 0.63307188
38.59000 0.63301791
38.60000 0.63296396
38.61000 0.63291003
38.62000 0.63285612
38.63000 0.63280223
38.64000 0.63274835
38.65000 0.63269450
38.66000 0.63264066
38.67000 0.63258684
38.68000 0.63253304
38.69000 0.63247926
38.70000 0.63242549
38.71000 0.63237175
38.72000 0.63231802
38.73000 0.63226431
38.74000 0.63221062
38.75000 0.63215695
38.76000 0.63210329
38.77000 0.63204966
38.78000 0.63199604
38.79000 0.63194244
38.80000 0.63188886
38.81000 0.63183530
38.82000 0.63178175
38.83000 0.63172822
38.84000 0.63167472
38.85000 0.63162123
38.86000 0.63156775
38.87000 0.63151430
38.88000 0.63146086
38.89000 0.63140745
38.90000 0.63135405
38.91000 0.63130066
38.92000 0.63124730
38.93000 0.63119396
38.94000 0.63114063
38.95000 0.63108732
38.96000 0.63103403
38.97000 0.63098075
38.98000 0.63092750
38.99000 0.63087426
39.00000 0.63082104
39.01000 0.63076784
39.02000 0.63071466
39.03000 0.63066149
39.04000 0.63060835
39.05000 0.63055522
39.06000 0.63050211
39.07000 0.63044901
39.08000 0.63039594
39.09000 0.63034288
39.10000 0.63028984
39.11000 0.63023682
39.12000 0.63018382
39.13000 0.63013083
39.14000 0.63007786
39.15000 0.63002491
39.16000 0.62997198
39.17000 0.62991907
39.18000 0.62986617
39.19000 0.62981329
39.20000 0.62976043
39.21000 0.62970759
39.22000 0.62965476
39.23000 0.62960196
39.24000 0.62954917
39.25000 0.62949639
39.26000 0.62944364
39.27000 0.62939090
39.28000 0.62933818
39.29000 0.62928548
39.30000 0.62923280
39.31000 0.62918013
39.32000 0.62912749
39.33000 0.62907486
39.34000 0.62902224
39.35000 0.62896965
39.36000 0.62891707
39.37000 0.62886451
39.38000 0.62881197
39.39000 0.62875944
39.40000 0.62870694
39.41000 0.62865445
39.42000 0.62860198
39.43000 0.62854952
39.44000 0.62849708
39.45000 0.62844467
39.46000 0.62839226
39.47000 0.62833988
39.48000 0.62828751
39.49000 0.62823516
39.50000 0.62818283
39.51000 0.62813052
39.52000 0.62807822
39.53000 0.62802594
39.54000 0.62797368
39.55000 0.62792144
39.56000 0.62786921
39.57000 0.62781700
39.58000 0.62776481
39.59000 0.62771263
39.60000 0.62766048
39.61000 0.62760834
39.62000 0.62755621
39.63000 0.62750411
39.64000 0.62745202
39.65000 0.62739995
39.66000 0.62734790
39.67000 0.62729586
39.68000 0.62724384
39.69000 0.62719184
39.70000 0.62713986
39.71000 0.62708789
39.72000 0.62703594
39.73000 0.62698401
39.74000 0.62693210
39.75000 0.62688020
39.76000 0.62682832
39.77000 0.62677646
39.78000 0.62672461
39.79000 0.62667278
39.80000 0.62662097
39.81000 0.62656917
39.82000 0.62651740
39.83000 0.62646564
39.84000 0.62641389
39.85000 0.62636217
39.86000 0.62631046
39.87000 0.62625877
39.88000 0.62620709
39.89000 0.62615544
39.90000 0.62610380
39.91000 0.62605217
39.92000 0.62600057
39.93000 0.62594898
39.94000 0.62589741
39.95000 0.62584585
39.96000 0.62579431
39.97000 0.62574279
39.98000 0.62569129
39.99000 0.62563980
40.00000 0.62558833
40.01000 0.62553688
40.02000 0.62548545
40.03000 0.62543403
40.04000 0.62538262
40.05000 0.62533124
40.06000 0.62527987
40.07000 0.62522852
40.08000 0.62517719
40.09000 0.62512587
40.10000 0.62507457
40.11000 0.62502328
40.12000 0.62497202
40.13000 0.62492077
40.14000 0.62486954
40.15000 0.62481832
40.16000 0.62476712
40.17000 0.62471594
40.18000 0.62466477
40.19000 0.62461362
40.20000 0.62456249
40.21000 0.62451138
40.22000 0.62446028
40.23000 0.62440920
40.24000 0.62435813
40.25000 0.62430708
40.26000 0.62425605
40.27000 0.62420504
40.28000 0.62415404
40.29000 0.62410306
40.30000 0.62405209
40.31000 0.62400115
40.32000 0.62395021
40.33000 0.62389930
40.34000 0.62384840
40.35000 0.62379752
40.36000 0.62374666
40.37000 0.62369581
40.38000 0.62364498
40.39000 0.62359416
40.40000 0.62354336
40.41000 0.62349258
40.42000 0.62344182
40.43000 0.62339107
40.44000 0.62334034
40.45000 0.62328962
40.46000 0.62323892
40.47000 0.62318824
40.48000 0.62313758
40.49000 0.62308693
40.50000 0.62303630
40.51000 0.62298568
40.52000 0.62293508
40.53000 0.62288450
40.54000 0.62283393
40.55000 0.62278338
40.56000 0.62273285
40.57000 0.62268233
40.58000 0.62263183
40.59000 0.62258134
40.60000 0.62253088
40.61000 0.62248042
40.62000 0.62242999
40.63000 0.62237957
40.64000 0.62232917
40.65000 0.62227878
40.66000 0.62222841
40.67000 0.62217806
40.68000 0.62212772
40.69000 0.62207740
40.70000 0.62202710
40.71000 0.62197681
40.72000 0.62192654
40.73000 0.62187628
40.74000 0.62182604
40.75000 0.62177582
40.76000 0.62172561
40.77000 0.62167542
40.78000 0.62162525
40.79000 0.62157509
40.80000 0.62152495
40.81000 0.62147483
40.82000 0.62142472
40.83000 0.62137462
40.84000 0.62132455
40.85000 0.62127449
40.86000 0.62122444
40.87000 0.62117441
40.88000 0.62112440
40.89000 0.62107441
40.90000 0.62102443
40.91000 0.62097446
40.92000 0.62092452
40.93000 0.62087458
40.94000 0.62082467
40.95000 0.62077477
40.96000 0.62072489
40.97000 0.62067502
40.98000 0.62062517
40.99000 0.62057533
41.00000 0.62052551
41.01000 0.62047571
41.02000 0.62042593
41.03000 0.62037615
41.04000 0.62032640
41.05000 0.62027666
41.06000 0.62022694
41.07000 0.62017723
41.08000 0.62012754
41.09000 0.62007787
41.10000 0.62002821
41.11000 0.61997856
41.12000 0.61992894
41.13000 0.61987933
41.14000 0.61982973
41.15000 0.61978015
41.16000 0.61973059
41.17000 0.61968104
41.18000 0.61963151
41.19000 0.61958199
41.20000 0.61953249
41.21000 0.61948301
41.22000 0.61943354
41.23000 0.61938409
41.24000 0.61933465
41.25000 0.61928523
41.26000 0.61923583
41.27000 0.61918644
41.28000 0.61913707
41.29000 0.61908771
41.30000 0.61903837
41.31000 0.61898904
41.32000 0.61893973
41.33000 0.61889044
41.34000 0.61884116
41.35000 0.61879190
41.36000 0.61874265
41.37000 0.61869342
41.38000 0.61864420
41.39000 0.61859500
41.40000 0.61854582
41.41000 0.61849665
41.42000 0.61844750
41.43000 0.61839836
41.44000 0.61834924
41.45000 0.61830013
41.46000 0.61825104
41.47000 0.61820197
41.48000 0.61815291
41.49000 0.61810387
41.50000 0.61805484
41.51000 0.61800583
41.52000 0.61795683
41.53000 0.61790785
41.54000 0.61785888
41.55000 0.61780993
41.56000 0.61776100
41.57000 0.61771208
41.58000 0.61766318
41.59000 0.61761429
41.60000 0.61756542
41.61000 0.61751656
41.62000 0.61746772
41.63000 0.61741889
41.64000 0.61737008
41.65000 0.61732129
41.66000 0.61727251
41.67000 0.61722374
41.68000 0.61717500
41.69000 0.61712626
41.70000 0.61707755
41.71000 0.61702884
41.72000 0.61698016
41.73000 0.61693149
41.74000 0.61688283
41.75000 0.61683419
41.76000 0.61678556
41.77000 0.61673696
41.78000 0.61668836
41.79000 0.61663978
41.80000 0.61659122
41.81000 0.61654267
41.82000 0.61649414
41.83000 0.61644562
41.84000 0.61639712
41.85000 0.61634863
41.86000 0.61630016
41.87000 0.61625170
41.88000 0.61620326
41.89000 0.61615483
41.90000 0.61610642
41.91000 0.61605803
41.92000 0.61600965
41.93000 0.61596128
41.94000 0.61591293
41.95000 0.61586460
41.96000 0.61581628
41.97000 0.61576798
41.98000 0.61571969
41.99000 0.61567141
42.00000 0.61562316
42.01000 0.61557491
42.02000 0.61552668
42.03000 0.61547847
42.04000 0.61543027
42.05000 0.61538209
42.06000 0.61533392
42.07000 0.61528577
42.08000 0.61523763
42.09000 0.61518951
42.10000 0.61514140
42.11000 0.61509331
42.12000 0.61504523
42.13000 0.61499717
42.14000 0.61494913
42.15000 0.61490109
42.16000 0.61485308
42.17000 0.61480508
42.18000 0.61475709
42.19000 0.61470912
42.20000 0.61466116
42.21000 0.61461322
42.22000 0.61456529
42.23000 0.61451738
42.24000 0.61446948
42.25000 0.61442160
42.26000 0.61437374
42.27000 0.61432588
42.28000 0.61427805
42.29000 0.61423023
42.30000 0.61418242
42.31000 0.61413463
42.32000 0.61408685
42.33000 0.61403909
42.34000 0.61399134
42.35000 0.61394361
42.36000 0.61389589
42.37000 0.61384819
42.38000 0.61380050
42.39000 0.61375283
42.40000 0.61370517
42.41000 0.61365753
42.42000 0.61360990
42.43000 0.61356228
42.44000 0.61351468
42.45000 0.61346710
42.46000 0.61341953
42.47000 0.61337198
42.48000 0.61332444
42.49000 0.61327691
42.50000 0.61322940
42.51000 0.61318191
42.52000 0.61313443
42.53000 0.61308696
42.54000 0.61303951
42.55000 0.61299207
42.56000 0.61294465
42.57000 0.61289725
42.58000 0.61284985
42.59000 0.61280248
42.60000 0.61275511
42.61000 0.61270776
42.62000 0.61266043
42.63000 0.61261311
42.64000 0.61256581
42.65000 0.61251852
42.66000 0.61247124
42.67000 0.61242398
42.68000 0.61237674
42.69000 0.61232951
42.70000 0.61228229
42.71000 0.61223509
42.72000 0.61218790
42.73000 0.61214073
42.74000 0.61209357
42.75000 0.61204643
42.76000 0.61199930
42.77000 0.61195219
42.78000 0.61190509
42.79000 0.61185800
42.80000 0.61181093
42.81000 0.61176387
42.82000 0.61171683
42.83000 0.61166980
42.84000 0.61162279
42.85000 0.61157579
42.86000 0.61152881
42.87000 0.61148184
42.88000 0.61143489
42.89000 0.61138795
42.90000 0.61134102
42.91000 0.61129411
42.92000 0.61124721
42.93000 0.61120033
42.94000 0.61115346
42.95000 0.61110661
42.96000 0.61105977
42.97000 0.61101294
42.98000 0.61096613
42.99000 0.61091934
43.00000 0.61087255
43.01000 0.61082579
43.02000 0.61077903
43.03000 0.61073230
43.04000 0.61068557
43.05000 0.61063886
43.06000 0.61059217
43.07000 0.61054548
43.08000 0.61049882
43.09000 0.61045217
43.10000 0.61040553
43.11000 0.61035890
43.12000 0.61031229
43.13000 0.61026570
43.14000 0.61021912
43.15000 0.61017255
43.16000 0.61012600
43.17000 0.61007946
43.18000 0.61003293
43.19000 0.60998642
43.20000 0.60993993
43.21000 0.60989345
43.22000 0.60984698
43.23000 0.60980053
43.24000 0.60975409
43.25000 0.60970766
43.26000 0.60966125
43.27000 0.60961485
43.28000 0.60956847
43.29000 0.60952210
43.30000 0.60947575
43.31000 0.60942941
43.32000 0.60938308
43.33000 0.60933677
43.34000 0.60929047
43.35000 0.60924419
43.36000 0.60919792
43.37000 0.60915167
43.38000 0.60910543
43.39000 0.60905920
43.40000 0.60901299
43.41000 0.60896679
43.42000 0.60892060
43.43000 0.60887443
43.44000 0.60882827
43.45000 0.60878213
43.46000 0.60873600
43.47000 0.60868989
43.48000 0.60864379
43.49000 0.60859770
43.50000 0.60855163
43.51000 0.60850557
43.52000 0.60845952
43.53000 0.60841349
43.54000 0.60836748
43.55000 0.60832147
43.56000 0.60827548
43.57000 0.60822951
43.58000 0.60818355
43.59000 0.60813760
43.60000 0.60809167
43.61000 0.60804575
43.62000 0.60799984
43.63000 0.60795395
43.64000 0.60790807
43.65000 0.60786221
43.66000 0.60781636
43.67000 0.60777052
43.68000 0.60772470
43.69000 0.60767889
43.70000 0.60763310
43.71000 0.60758732
43.72000 0.60754155
43.73000 0.60749580
43.74000 0.60745006
43.75000 0.60740434
43.76000 0.60735862
43.77000 0.60731293
43.78000 0.60726724
43.79000 0.60722157
43.80000 0.60717592
43.81000 0.60713027
43.82000 0.60708464
43.83000 0.60703903
43.84000 0.60699343
43.85000 0.60694784
43.86000 0.60690227
43.87000 0.60685671
43.88000 0.60681116
43.89000 0.60676563
43.90000 0.60672011
43.91000 0.60667460
43.92000 0.60662911
43.93000 0.60658363
43.94000 0.60653817
43.95000 0.60649272
43.96000 0.60644728
43.97000 0.60640186
43.98000 0.60635645
43.99000 0.60631105
44.00000 0.60626567
44.01000 0.60622030
44.02000 0.60617495
44.03000 0.60612961
44.04000 0.60608428
44.05000 0.60603896
44.06000 0.60599366
44.07000 0.60594838
44.08000 0.60590310
44.09000 0.60585784
44.10000 0.60581260
44.11000 0.60576736
44.12000 0.60572214
44.13000 0.60567694
44.14000 0.60563175
44.15000 0.60558657
44.16000 0.60554140
44.17000 0.60549625
44.18000 0.60545111
44.19000 0.60540599
44.20000 0.60536088
44.21000 0.60531578
44.22000 0.60527069
44.23000 0.60522562
44.24000 0.60518056
44.25000 0.60513552
44.26000 0.60509049
44.27000 0.60504547
44.28000 0.60500047
44.29000 0.60495548
44.30000 0.60491050
44.31000 0.60486554
44.32000 0.60482059
44.33000 0.60477565
44.34000 0.60473073
44.35000 0.60468582
44.36000 0.60464092
44.37000 0.60459604
44.38000 0.60455117
44.39000 0.60450631
44.40000 0.60446147
44.41000 0.60441664
44.42000 0.60437183
44.43000 0.60432702
44.44000 0.60428223
44.45000 0.60423746
44.46000 0.60419269
44.47000 0.60414794
44.48000 0.60410321
44.49000 0.60405848
44.50000 0.60401377
44.51000 0.60396908
44.52000 0.60392439
44.53000 0.60387972
44.54000 0.60383507
44.55000 0.60379042
44.56000 0.60374579
44.57000 0.60370118
44.58000 0.60365657
44.59000 0.60361198
44.60000 0.60356740
44.61000 0.60352284
44.62000 0.60347829
44.63000 0.60343375
44.64000 0.60338923
44.65000 0.60334471
44.66000 0.60330022
44.67000 0.60325573
44.68000 0.60321126
44.69000 0.60316680
44.70000 0.60312235
44.71000 0.60307792
44.72000 0.60303350
44.73000 0.60298909
44.74000 0.60294470
44.75000 0.60290032
44.76000 0.60285595
44.77000 0.60281160
44.78000 0.60276726
44.79000 0.60272293
44.80000 0.60267862
44.81000 0.60263432
44.82000 0.60259003
44.83000 0.60254575
44.84000 0.60250149
44.85000 0.60245724
44.86000 0.60241300
44.87000 0.60236878
44.88000 0.60232457
44.89000 0.60228037
44.90000 0.60223619
44.91000 0.60219202
44.92000 0.60214786
44.93000 0.60210371
44.94000 0.60205958
44.95000 0.60201546
44.96000 0.60197135
44.97000 0.60192726
44.98000 0.60188318
44.99000 0.60183911
45.00000 0.60179506
45.01000 0.60175101
45.02000 0.60170699
45.03000 0.60166297
45.04000 0.60161897
45.05000 0.60157498
45.06000 0.60153100
45.07000 0.60148704
45.08000 0.60144308
45.09000 0.60139915
45.10000 0.60135522
45.11000 0.60131131
45.12000 0.60126741
45.13000 0.60122352
45.14000 0.60117965
45.15000 0.60113578
45.16000 0.60109194
45.17000 0.60104810
45.18000 0.60100428
45.19000 0.60096047
45.20000 0.60091667
45.21000 0.60087288
45.22000 0.60082911
45.23000 0.60078535
45.24000 0.60074161
45.25000 0.60069787
45.26000 0.60065415
45.27000 0.60061045
45.28000 0.60056675
45.29000 0.60052307
45.30000 0.60047940
45.31000 0.60043574
45.32000 0.60039210
45.33000 0.60034847
45.34000 0.60030485
45.35000 0.60026124
45.36000 0.60021765
45.37000 0.60017407
45.38000 0.60013050
45.39000 0.60008694
45.40000 0.60004340
45.41000 0.59999987
45.42000 0.59995636
45.43000 0.59991285
45.44000 0.59986936
45.45000 0.59982588
45.46000 0.59978241
45.47000 0.59973896
45.48000 0.59969552
45.49000 0.59965209
45.50000 0.59960867
45.51000 0.59956527
45.52000 0.59952188
45.53000 0.59947850
45.54000 0.59943513
45.55000 0.59939178
45.56000 0.59934844
45.57000 0.59930511
45.58000 0.59926180
45.59000 0.59921849
45.60000 0.59917520
45.61000 0.59913193
45.62000 0.59908866
45.63000 0.59904541
45.64000 0.59900217
45.65000 0.59895894
45.66000 0.59891572
45.67000 0.59887252
45.68000 0.59882933
45.69000 0.59878615
45.70000 0.59874299
45.71000 0.59869984
45.72000 0.59865669
45.73000 0.59861357
45.74000 0.59857045
45.75000 0.59852735
45.76000 0.59848426
45.77000 0.59844118
45.78000 0.59839811
45.79000 0.59835506
45.80000 0.59831202
45.81000 0.59826899
45.82000 0.59822598
45.83000 0.59818297
45.84000 0.59813998
45.85000 0.59809700
45.86000 0.59805404
45.87000 0.59801108
45.88000 0.59796814
45.89000 0.59792521
45.90000 0.59788230
45.91000 0.59783939
45.92000 0.59779650
45.93000 0.59775362
45.94000 0.59771075
45.95000 0.59766790
45.96000 0.59762505
45.97000 0.59758222
45.98000 0.59753940
45.99000 0.59749660
46.00000 0.59745380
46.01000 0.59741102
46.02000 0.59736825
46.03000 0.59732550
46.04000 0.59728275
46.05000 0.59724002
46.06000 0.59719730
46.07000 0.59715459
46.08000 0.59711190
46.09000 0.59706921
46.10000 0.59702654
46.11000 0.59698388
46.12000 0.59694124
46.13000 0.59689860
46.14000 0.59685598
46.15000 0.59681337
46.16000 0.59677077
46.17000 0.59672819
46.18000 0.59668561
46.19000 0.59664305
46.20000 0.59660050
46.21000 0.59655797
46.22000 0.59651544
46.23000 0.59647293
46.24000 0.59643043
46.25000 0.59638794
46.26000 0.59634547
46.27000 0.59630300
46.28000 0.59626055
46.29000 0.59621811
46.30000 0.59617568
46.31000 0.59613327
46.32000 0.59609086
46.33000 0.59604847
46.34000 0.59600609
46.35000 0.59596373
46.36000 0.59592137
46.37000 0.59587903
46.38000 0.59583670
46.39000 0.59579438
46.40000 0.59575207
46.41000 0.59570978
46.42000 0.59566749
46.43000 0.59562522
46.44000 0.59558297
46.45000 0.59554072
46.46000 0.59549848
46.47000 0.59545626
46.48000 0.59541405
46.49000 0.59537185
46.50000 0.59532967
46.51000 0.59528749
46.52000 0.59524533
46.53000 0.59520318
46.54000 0.59516104
46.55000 0.59511891
46.56000 0.59507680
46.57000 0.59503470
46.58000 0.59499260
46.59000 0.59495053
46.60000 0.59490846
46.61000 0.59486640
46.62000 0.59482436
46.63000 0.59478233
46.64000 0.59474031
46.65000 0.59469830
46.66000 0.59465631
46.67000 0.59461432
46.68000 0.59457235
46.69000 0.59453039
46.70000 0.59448844
46.71000 0.59444651
46.72000 0.59440458
46.73000 0.59436267
46.74000 0.59432077
46.75000 0.59427888
46.76000 0.59423700
46.77000 0.59419514
46.78000 0.59415329
46.79000 0.59411145
46.80000 0.59406962
46.81000 0.59402780
46.82000 0.59398599
46.83000 0.59394420
46.84000 0.59390242
46.85000 0.59386064
46.86000 0.59381889
46.87000 0.59377714
46.88000 0.59373540
46.89000 0.59369368
46.90000 0.59365197
46.91000 0.59361027
46.92000 0.59356858
46.93000 0.59352690
46.94000 0.59348524
46.95000 0.59344359
46.96000 0.59340194
46.97000 0.59336032
46.98000 0.59331870
46.99000 0.59327709
47.00000 0.59323550
47.01000 0.59319391
47.02000 0.59315234
47.03000 0.59311078
47.04000 0.59306924
47.05000 0.59302770
47.06000 0.59298618
47.07000 0.59294466
47.08000 0.59290316
47.09000 0.59286167
47.10000 0.59282019
47.11000 0.59277873
47.12000 0.59273727
47.13000 0.59269583
47.14000 0.59265440
47.15000 0.59261298
47.16000 0.59257157
47.17000 0.59253018
47.18000 0.59248879
47.19000 0.59244742
47.20000 0.59240606
47.21000 0.59236471
47.22000 0.59232337
47.23000 0.59228204
47.24000 0.59224072
47.25000 0.59219942
47.26000 0.59215813
47.27000 0.59211685
47.28000 0.59207558
47.29000 0.59203432
47.30000 0.59199307
47.31000 0.59195184
47.32000 0.59191062
47.33000 0.59186941
47.34000 0.59182821
47.35000 0.59178702
47.36000 0.59174584
47.37000 0.59170467
47.38000 0.59166352
47.39000 0.59162238
47.40000 0.59158125
47.41000 0.59154013
47.42000 0.59149902
47.43000 0.59145792
47.44000 0.59141684
47.45000 0.59137576
47.46000 0.59133470
47.47000 0.59129365
47.48000 0.59125261
47.49000 0.59121158
47.50000 0.59117056
47.51000 0.59112956
47.52000 0.59108857
47.53000 0.59104758
47.54000 0.59100661
47.55000 0.59096565
47.56000 0.59092470
47.57000 0.59088377
47.58000 0.59084284
47.59000 0.59080193
47.60000 0.59076102
47.61000 0.59072013
47.62000 0.59067925
47.63000 0.59063838
47.64000 0.59059753
47.65000 0.59055668
47.66000 0.59051584
47.67000 0.59047502
47.68000 0.59043421
47.69000 0.59039341
47.70000 0.59035262
47.71000 0.59031184
47.72000 0.59027107
47.73000 0.59023032
47.74000 0.59018957
47.75000 0.59014884
47.76000 0.59010812
47.77000 0.59006741
47.78000 0.59002671
47.79000 0.58998602
47.80000 0.58994534
47.81000 0.58990468
47.82000 0.58986402
47.83000 0.58982338
47.84000 0.58978275
47.85000 0.58974213
47.86000 0.58970152
47.87000 0.58966092
47.88000 0.58962033
47.89000 0.58957976
47.90000 0.58953919
47.91000 0.58949864
47.92000 0.58945810
47.93000 0.58941757
47.94000 0.58937705
47.95000 0.58933654
47.96000 0.58929604
47.97000 0.58925555
47.98000 0.58921508
47.99000 0.58917461
48.00000 0.58913416
48.01000 0.58909372
48.02000 0.58905329
48.03000 0.58901287
48.04000 0.58897246
48.05000 0.58893206
48.06000 0.58889168
48.07000 0.58885130
48.08000 0.58881094
48.09000 0.58877059
48.10000 0.58873024
48.11000 0.58868991
48.12000 0.58864959
48.13000 0.58860928
48.14000 0.58856899
48.15000 0.58852870
48.16000 0.58848843
48.17000 0.58844816
48.18000 0.58840791
48.19000 0.58836767
48.20000 0.58832743
48.21000 0.58828721
48.22000 0.58824700
48.23000 0.58820681
48.24000 0.58816662
48.25000 0.58812644
48.26000 0.58808628
48.27000 0.58804612
48.28000 0.58800598
48.29000 0.58796585
48.30000 0.58792573
48.31000 0.58788562
48.32000 0.58784552
48.33000 0.58780543
48.34000 0.58776535
48.35000 0.58772529
48.36000 0.58768523
48.37000 0.58764519
48.38000 0.58760515
48.39000 0.58756513
48.40000 0.58752512
48.41000 0.58748512
48.42000 0.58744513
48.43000 0.58740515
48.44000 0.58736518
48.45000 0.58732523
48.46000 0.58728528
48.47000 0.58724534
48.48000 0.58720542
48.49000 0.58716551
48.50000 0.58712560
48.51000 0.58708571
48.52000 0.58704583
48.53000 0.58700596
48.54000 0.58696610
48.55000 0.58692625
48.56000 0.58688642
48.57000 0.58684659
48.58000 0.58680677
48.59000 0.58676697
48.60000 0.58672718
48.61000 0.58668739
48.62000 0.58664762
48.63000 0.58660786
48.64000 0.58656811
48.65000 0.58652837
48.66000 0.58648864
48.67000 0.58644892
48.68000 0.58640921
48.69000 0.58636951
48.70000 0.58632983
48.71000 0.58629015
48.72000 0.58625049
48.73000 0.58621084
48.74000 0.58617119
48.75000 0.58613156
48.76000 0.58609194
48.77000 0.58605233
48.78000 0.58601273
48.79000 0.58597314
48.80000 0.58593356
48.81000 0.58589399
48.82000 0.58585443
48.83000 0.58581489
48.84000 0.58577535
48.85000 0.58573583
48.86000 0.58569631
48.87000 0.58565681
48.88000 0.58561732
48.89000 0.58557783
48.90000 0.58553836
48.91000 0.58549890
48.92000 0.58545945
48.93000 0.58542001
48.94000 0.58538058
48.95000 0.58534116
48.96000 0.58530176
48.97000 0.58526236
48.98000 0.58522297
48.99000 0.58518360
49.00000 0.58514423
49.01000 0.58510488
49.02000 0.58506553
49.03000 0.58502620
49.04000 0.58498688
49.05000 0.58494756
49.06000 0.58490826
49.07000 0.58486897
49.08000 0.58482969
49.09000 0.58479042
49.10000 0.58475116
49.11000 0.58471191
49.12000 0.58467268
49.13000 0.58463345
49.14000 0.58459423
49.15000 0.58455503
49.16000 0.58451583
49.17000 0.58447664
49.18000 0.58443747
49.19000 0.58439830
49.20000 0.58435915
49.21000 0.58432001
49.22000 0.58428088
49.23000 0.58424175
49.24000 0.58420264
49.25000 0.58416354
49.26000 0.58412445
49.27000 0.58408537
49.28000 0.58404630
49.29000 0.58400724
49.30000 0.58396819
49.31000 0.58392915
49.32000 0.58389012
49.33000 0.58385111
49.34000 0.58381210
49.35000 0.58377310
49.36000 0.58373412
49.37000 0.58369514
49.38000 0.58365618
49.39000 0.58361722
49.40000 0.58357828
49.41000 0.58353934
49.42000 0.58350042
49.43000 0.58346151
49.44000 0.58342260
49.45000 0.58338371
49.46000 0.58334483
49.47000 0.58330596
49.48000 0.58326710
49.49000 0.58322825
49.50000 0.58318941
49.51000 0.58315058
49.52000 0.58311176
49.53000 0.58307295
49.54000 0.58303415
49.55000 0.58299536
49.56000 0.58295658
49.57000 0.58291781
49.58000 0.58287906
49.59000 0.58284031
49.60000 0.58280157
49.61000 0.58276285
49.62000 0.58272413
49.63000 0.58268542
49.64000 0.58264673
49.65000 0.58260804
49.66000 0.58256937
49.67000 0.58253070
49.68000 0.58249205
49.69000 0.58245341
49.70000 0.58241477
49.71000 0.58237615
49.72000 0.58233753
49.73000 0.58229893
49.74000 0.58226034
49.75000 0.58222176
49.76000 0.58218318
49.77000 0.58214462
49.78000 0.58210607
49.79000 0.58206753
49.80000 0.58202900
49.81000 0.58199048
49.82000 0.58195197
49.83000 0.58191346
49.84000 0.58187497
49.85000 0.58183649
49.86000 0.58179802
49.87000 0.58175956
49.88000 0.58172111
49.89000 0.58168268
49.90000 0.58164425
49.91000 0.58160583
49.92000 0.58156742
49.93000 0.58152902
49.94000 0.58149063
49.95000 0.58145225
49.96000 0.58141388
49.97000 0.58137553
49.98000 0.58133718
49.99000 0.58129884
50.00000 0.58126051
50.01000 0.58122220
50.02000 0.58118389
50.03000 0.58114559
50.04000 0.58110730
50.05000 0.58106903
50.06000 0.58103076
50.07000 0.58099250
50.08000 0.58095426
50.09000 0.58091602
50.10000 0.58087779
50.11000 0.58083958
50.12000 0.58080137
50.13000 0.58076317
50.14000 0.58072499
50.15000 0.58068681
50.16000 0.58064865
50.17000 0.58061049
50.18000 0.58057234
50.19000 0.58053421
50.20000 0.58049608
50.21000 0.58045797
50.22000 0.58041986
50.23000 0.58038176
50.24000 0.58034368
50.25000 0.58030560
