0.25000 3.04063908
0.25500 3.02063430
0.26000 3.00114579
0.26500 2.98215069
0.27000 2.96362754
0.27500 2.94555619
0.28000 2.92791771
0.28500 2.91069426
0.29000 2.89386906
0.29500 2.87742627
0.30000 2.86135093
0.30500 2.84562890
0.31000 2.83024682
0.31500 2.81519204
0.32000 2.80045254
0.32500 2.78601696
0.33000 2.77187450
0.33500 2.75801490
0.34000 2.74442840
0.34500 2.73110572
0.35000 2.71803803
0.35500 2.70521690
0.36000 2.69263432
0.36500 2.68028261
0.37000 2.66815447
0.37500 2.65624290
0.38000 2.64454124
0.38500 2.63304309
0.39000 2.62174234
0.39500 2.61063313
0.40000 2.59970985
0.40500 2.58896712
0.41000 2.57839979
0.41500 2.56800291
0.42000 2.55777171
0.42500 2.54770164
0.43000 2.53778830
0.43500 2.52802748
0.44000 2.51841512
0.44500 2.50894730
0.45000 2.49962027
0.45500 2.49043041
0.46000 2.48137422
0.46500 2.47244834
0.47000 2.46364951
0.47500 2.45497462
0.48000 2.44642063
0.48500 2.43798463
0.49000 2.42966380
0.49500 2.42145541
0.50000 2.41335684
0.50500 2.40536553
0.51000 2.39747903
0.51500 2.38969496
0.52000 2.38201100
0.52500 2.37442492
0.53000 2.36693457
0.53500 2.35953785
0.54000 2.35223274
0.54500 2.34501725
0.55000 2.33788950
0.55500 2.33084762
0.56000 2.32388982
0.56500 2.31701437
0.57000 2.31021957
0.57500 2.30350377
0.58000 2.29686540
0.58500 2.29030289
0.59000 2.28381475
0.59500 2.27739950
0.60000 2.27105574
0.60500 2.26478207
0.61000 2.25857716
0.61500 2.25243969
0.62000 2.24636839
0.62500 2.24036203
0.63000 2.23441940
0.63500 2.22853932
0.64000 2.22272065
0.64500 2.21696228
0.65000 2.21126313
0.65500 2.20562213
0.66000 2.20003825
0.66500 2.19451049
0.67000 2.18903787
0.67500 2.18361944
0.68000 2.17825426
0.68500 2.17294142
0.69000 2.16768004
0.69500 2.16246926
0.70000 2.15730821
0.70500 2.15219609
0.71000 2.14713208
0.71500 2.14211540
0.72000 2.13714527
0.72500 2.13222096
0.73000 2.12734172
0.73500 2.12250683
0.74000 2.11771560
0.74500 2.11296735
0.75000 2.10826139
0.75500 2.10359708
0.76000 2.09897377
0.76500 2.09439085
0.77000 2.08984769
0.77500 2.08534369
0.78000 2.08087827
0.78500 2.07645086
0.79000 2.07206089
0.79500 2.06770780
0.80000 2.06339107
0.80500 2.05911017
0.81000 2.05486457
0.81500 2.05065377
0.82000 2.04647727
0.82500 2.04233459
0.83000 2.03822526
0.83500 2.03414880
0.84000 2.03010475
0.84500 2.02609268
0.85000 2.02211213
0.85500 2.01816268
0.86000 2.01424391
0.86500 2.01035540
0.87000 2.00649674
0.87500 2.00266754
0.88000 1.99886740
0.88500 1.99509595
0.89000 1.99135279
0.89500 1.98763757
0.90000 1.98394993
0.90500 1.98028949
0.91000 1.97665593
0.91500 1.97304888
0.92000 1.96946802
0.92500 1.96591302
0.93000 1.96238355
0.93500 1.95887928
0.94000 1.95539991
0.94500 1.95194514
0.95000 1.94851465
0.95500 1.94510815
0.96000 1.94172534
0.96500 1.93836595
0.97000 1.93502968
0.97500 1.93171627
0.98000 1.92842544
0.98500 1.92515691
0.99000 1.92191044
0.99500 1.91868575
1.00000 1.91548259
1.00500 1.91230072
1.01000 1.90913989
1.01500 1.90599985
1.02000 1.90288037
1.02500 1.89978121
1.03000 1.89670214
1.03500 1.89364294
1.04000 1.89060338
1.04500 1.88758324
1.05000 1.88458231
1.05500 1.88160037
1.06000 1.87863722
1.06500 1.87569264
1.07000 1.87276644
1.07500 1.86985841
1.08000 1.86696836
1.08500 1.86409610
1.09000 1.86124143
1.09500 1.85840416
1.10000 1.85558412
1.10500 1.85278112
1.11000 1.84999498
1.11500 1.84722552
1.12000 1.84447258
1.12500 1.84173596
1.13000 1.83901552
1.13500 1.83631109
1.14000 1.83362249
1.14500 1.83094956
1.15000 1.82829216
1.15500 1.82565011
1.16000 1.82302327
1.16500 1.82041149
1.17000 1.81781461
1.17500 1.81523248
1.18000 1.81266496
1.18500 1.81011191
1.19000 1.80757318
1.19500 1.80504864
1.20000 1.80253813
1.20500 1.80004154
1.21000 1.79755872
1.21500 1.79508954
1.22000 1.79263388
1.22500 1.79019159
1.23000 1.78776257
1.23500 1.78534667
1.24000 1.78294378
1.24500 1.78055377
1.25000 1.77817652
1.25500 1.77581192
1.26000 1.77345985
1.26500 1.77112019
1.27000 1.76879283
1.27500 1.76647765
1.28000 1.76417455
1.28500 1.76188341
1.29000 1.75960413
1.29500 1.75733660
1.30000 1.75508071
1.30500 1.75283636
1.31000 1.75060344
1.31500 1.74838186
1.32000 1.74617152
1.32500 1.74397230
1.33000 1.74178413
1.33500 1.73960690
1.34000 1.73744051
1.34500 1.73528488
1.35000 1.73313990
1.35500 1.73100549
1.36000 1.72888155
1.36500 1.72676800
1.37000 1.72466475
1.37500 1.72257171
1.38000 1.72048879
1.38500 1.71841591
1.39000 1.71635299
1.39500 1.71429993
1.40000 1.71225666
1.40500 1.71022310
1.41000 1.70819917
1.41500 1.70618478
1.42000 1.70417986
1.42500 1.70218433
1.43000 1.70019812
1.43500 1.69822114
1.44000 1.69625333
1.44500 1.69429460
1.45000 1.69234490
1.45500 1.69040413
1.46000 1.68847224
1.46500 1.68654915
1.47000 1.68463479
1.47500 1.68272909
1.48000 1.68083199
1.48500 1.67894341
1.49000 1.67706329
1.49500 1.67519157
1.50000 1.67332817
1.50500 1.67147304
1.51000 1.66962611
1.51500 1.66778731
1.52000 1.66595659
1.52500 1.66413388
1.53000 1.66231912
1.53500 1.66051225
1.54000 1.65871321
1.54500 1.65692194
1.55000 1.65513838
1.55500 1.65336248
1.56000 1.65159418
1.56500 1.64983342
1.57000 1.64808014
1.57500 1.64633429
1.58000 1.64459582
1.58500 1.64286466
1.59000 1.64114077
1.59500 1.63942410
1.60000 1.63771458
1.60500 1.63601217
1.61000 1.63431682
1.61500 1.63262848
1.62000 1.63094709
1.62500 1.62927260
1.63000 1.62760497
1.63500 1.62594415
1.64000 1.62429009
1.64500 1.62264273
1.65000 1.62100204
1.65500 1.61936797
1.66000 1.61774046
1.66500 1.61611948
1.67000 1.61450497
1.67500 1.61289690
1.68000 1.61129521
1.68500 1.60969987
1.69000 1.60811082
1.69500 1.60652804
1.70000 1.60495146
1.70500 1.60338106
1.71000 1.60181678
1.71500 1.60025859
1.72000 1.59870645
1.72500 1.59716031
1.73000 1.59562014
1.73500 1.59408589
1.74000 1.59255752
1.74500 1.59103500
1.75000 1.58951828
1.75500 1.58800733
1.76000 1.58650211
1.76500 1.58500258
1.77000 1.58350870
1.77500 1.58202044
1.78000 1.58053776
1.78500 1.57906062
1.79000 1.57758899
1.79500 1.57612283
1.80000 1.57466210
1.80500 1.57320677
1.81000 1.57175681
1.81500 1.57031218
1.82000 1.56887285
1.82500 1.56743878
1.83000 1.56600994
1.83500 1.56458629
1.84000 1.56316781
1.84500 1.56175445
1.85000 1.56034620
1.85500 1.55894301
1.86000 1.55754485
1.86500 1.55615170
1.87000 1.55476352
1.87500 1.55338027
1.88000 1.55200194
1.88500 1.55062849
1.89000 1.54925988
1.89500 1.54789610
1.90000 1.54653710
1.90500 1.54518286
1.91000 1.54383336
1.91500 1.54248856
1.92000 1.54114843
1.92500 1.53981294
1.93000 1.53848207
1.93500 1.53715579
1.94000 1.53583408
1.94500 1.53451690
1.95000 1.53320422
1.95500 1.53189602
1.96000 1.53059228
1.96500 1.52929297
1.97000 1.52799805
1.97500 1.52670751
1.98000 1.52542132
1.98500 1.52413946
1.99000 1.52286189
1.99500 1.52158859
2.00000 1.52031954
2.00500 1.51905472
2.01000 1.51779409
2.01500 1.51653764
2.02000 1.51528533
2.02500 1.51403716
2.03000 1.51279308
2.03500 1.51155309
2.04000 1.51031715
2.04500 1.50908524
2.05000 1.50785735
2.05500 1.50663344
2.06000 1.50541349
2.06500 1.50419748
2.07000 1.50298540
2.07500 1.50177721
2.08000 1.50057290
2.08500 1.49937244
2.09000 1.49817581
2.09500 1.49698300
2.10000 1.49579397
2.10500 1.49460871
2.11000 1.49342720
2.11500 1.49224942
2.12000 1.49107535
2.12500 1.48990496
2.13000 1.48873823
2.13500 1.48757516
2.14000 1.48641571
2.14500 1.48525986
2.15000 1.48410760
2.15500 1.48295891
2.16000 1.48181377
2.16500 1.48067216
2.17000 1.47953405
2.17500 1.47839944
2.18000 1.47726830
2.18500 1.47614061
2.19000 1.47501636
2.19500 1.47389553
2.20000 1.47277810
2.20500 1.47166404
2.21000 1.47055335
2.21500 1.46944601
2.22000 1.46834199
2.22500 1.46724128
2.23000 1.46614387
2.23500 1.46504973
2.24000 1.46395885
2.24500 1.46287122
2.25000 1.46178680
2.25500 1.46070560
2.26000 1.45962759
2.26500 1.45855275
2.27000 1.45748107
2.27500 1.45641254
2.28000 1.45534713
2.28500 1.45428483
2.29000 1.45322563
2.29500 1.45216951
2.30000 1.45111645
2.30500 1.45006643
2.31000 1.44901946
2.31500 1.44797549
2.32000 1.44693453
2.32500 1.44589656
2.33000 1.44486156
2.33500 1.44382951
2.34000 1.44280041
2.34500 1.44177424
2.35000 1.44075098
2.35500 1.43973061
2.36000 1.43871314
2.36500 1.43769853
2.37000 1.43668678
2.37500 1.43567787
2.38000 1.43467179
2.38500 1.43366852
2.39000 1.43266805
2.39500 1.43167037
2.40000 1.43067546
2.40500 1.42968332
2.41000 1.42869392
2.41500 1.42770725
2.42000 1.42672330
2.42500 1.42574206
2.43000 1.42476351
2.43500 1.42378765
2.44000 1.42281445
2.44500 1.42184391
2.45000 1.42087601
2.45500 1.41991074
2.46000 1.41894809
2.46500 1.41798804
2.47000 1.41703059
2.47500 1.41607572
2.48000 1.41512341
2.48500 1.41417366
2.49000 1.41322646
2.49500 1.41228179
2.50000 1.41133964
2.50500 1.41040000
2.51000 1.40946286
2.51500 1.40852820
2.52000 1.40759602
2.52500 1.40666630
2.53000 1.40573903
2.53500 1.40481420
2.54000 1.40389180
2.54500 1.40297182
2.55000 1.40205424
2.55500 1.40113906
2.56000 1.40022627
2.56500 1.39931585
2.57000 1.39840779
2.57500 1.39750209
2.58000 1.39659872
2.58500 1.39569769
2.59000 1.39479898
2.59500 1.39390258
2.60000 1.39300848
2.60500 1.39211667
2.61000 1.39122714
2.61500 1.39033988
2.62000 1.38945487
2.62500 1.38857212
2.63000 1.38769160
2.63500 1.38681332
2.64000 1.38593725
2.64500 1.38506339
2.65000 1.38419174
2.65500 1.38332227
2.66000 1.38245498
2.66500 1.38158986
2.67000 1.38072691
2.67500 1.37986611
2.68000 1.37900745
2.68500 1.37815092
2.69000 1.37729652
2.69500 1.37644423
2.70000 1.37559405
2.70500 1.37474596
2.71000 1.37389997
2.71500 1.37305605
2.72000 1.37221420
2.72500 1.37137441
2.73000 1.37053667
2.73500 1.36970098
2.74000 1.36886732
2.74500 1.36803569
2.75000 1.36720607
2.75500 1.36637847
2.76000 1.36555286
2.76500 1.36472924
2.77000 1.36390761
2.77500 1.36308796
2.78000 1.36227027
2.78500 1.36145454
2.79000 1.36064076
2.79500 1.35982892
2.80000 1.35901901
2.80500 1.35821103
2.81000 1.35740497
2.81500 1.35660082
2.82000 1.35579858
2.82500 1.35499822
2.83000 1.35419976
2.83500 1.35340317
2.84000 1.35260845
2.84500 1.35181560
2.85000 1.35102460
2.85500 1.35023545
2.86000 1.34944814
2.86500 1.34866266
2.87000 1.34787901
2.87500 1.34709718
2.88000 1.34631716
2.88500 1.34553894
2.89000 1.34476252
2.89500 1.34398788
2.90000 1.34321503
2.90500 1.34244396
2.91000 1.34167465
2.91500 1.34090710
2.92000 1.34014130
2.92500 1.33937726
2.93000 1.33861495
2.93500 1.33785437
2.94000 1.33709552
2.94500 1.33633839
2.95000 1.33558297
2.95500 1.33482925
2.96000 1.33407723
2.96500 1.33332691
2.97000 1.33257827
2.97500 1.33183131
2.98000 1.33108602
2.98500 1.33034240
2.99000 1.32960043
2.99500 1.32886012
3.00000 1.32812145
3.00500 1.32738443
3.01000 1.32664903
3.01500 1.32591527
3.02000 1.32518312
3.02500 1.32445259
3.03000 1.32372367
3.03500 1.32299635
3.04000 1.32227062
3.04500 1.32154649
3.05000 1.32082393
3.05500 1.32010296
3.06000 1.31938356
3.06500 1.31866572
3.07000 1.31794944
3.07500 1.31723472
3.08000 1.31652155
3.08500 1.31580991
3.09000 1.31509981
3.09500 1.31439125
3.10000 1.31368421
3.10500 1.31297868
3.11000 1.31227467
3.11500 1.31157217
3.12000 1.31087117
3.12500 1.31017166
3.13000 1.30947365
3.13500 1.30877712
3.14000 1.30808207
3.14500 1.30738850
3.15000 1.30669639
3.15500 1.30600575
3.16000 1.30531656
3.16500 1.30462883
3.17000 1.30394255
3.17500 1.30325770
3.18000 1.30257429
3.18500 1.30189232
3.19000 1.30121177
3.19500 1.30053264
3.20000 1.29985492
3.20500 1.29917862
3.21000 1.29850372
3.21500 1.29783022
3.22000 1.29715812
3.22500 1.29648741
3.23000 1.29581808
3.23500 1.29515013
3.24000 1.29448356
3.24500 1.29381836
3.25000 1.29315452
3.25500 1.29249205
3.26000 1.29183092
3.26500 1.29117115
3.27000 1.29051273
3.27500 1.28985564
3.28000 1.28919990
3.28500 1.28854548
3.29000 1.28789239
3.29500 1.28724062
3.30000 1.28659017
3.30500 1.28594104
3.31000 1.28529321
3.31500 1.28464668
3.32000 1.28400145
3.32500 1.28335752
3.33000 1.28271488
3.33500 1.28207352
3.34000 1.28143344
3.34500 1.28079464
3.35000 1.28015711
3.35500 1.27952085
3.36000 1.27888586
3.36500 1.27825212
3.37000 1.27761963
3.37500 1.27698840
3.38000 1.27635841
3.38500 1.27572966
3.39000 1.27510215
3.39500 1.27447587
3.40000 1.27385082
3.40500 1.27322699
3.41000 1.27260439
3.41500 1.27198300
3.42000 1.27136282
3.42500 1.27074385
3.43000 1.27012609
3.43500 1.26950952
3.44000 1.26889415
3.44500 1.26827997
3.45000 1.26766698
3.45500 1.26705517
3.46000 1.26644454
3.46500 1.26583509
3.47000 1.26522681
3.47500 1.26461969
3.48000 1.26401374
3.48500 1.26340895
3.49000 1.26280531
3.49500 1.26220283
3.50000 1.26160150
3.50500 1.26100130
3.51000 1.26040225
3.51500 1.25980434
3.52000 1.25920756
3.52500 1.25861191
3.53000 1.25801738
3.53500 1.25742398
3.54000 1.25683169
3.54500 1.25624052
3.55000 1.25565046
3.55500 1.25506150
3.56000 1.25447365
3.56500 1.25388690
3.57000 1.25330124
3.57500 1.25271668
3.58000 1.25213321
3.58500 1.25155082
3.59000 1.25096952
3.59500 1.25038929
3.60000 1.24981014
3.60500 1.24923206
3.61000 1.24865504
3.61500 1.24807910
3.62000 1.24750421
3.62500 1.24693038
3.63000 1.24635761
3.63500 1.24578588
3.64000 1.24521521
3.64500 1.24464557
3.65000 1.24407698
3.65500 1.24350943
3.66000 1.24294291
3.66500 1.24237742
3.67000 1.24181296
3.67500 1.24124953
3.68000 1.24068711
3.68500 1.24012571
3.69000 1.23956533
3.69500 1.23900596
3.70000 1.23844760
3.70500 1.23789024
3.71000 1.23733389
3.71500 1.23677853
3.72000 1.23622417
3.72500 1.23567080
3.73000 1.23511842
3.73500 1.23456703
3.74000 1.23401662
3.74500 1.23346719
3.75000 1.23291874
3.75500 1.23237126
3.76000 1.23182476
3.76500 1.23127922
3.77000 1.23073465
3.77500 1.23019104
3.78000 1.22964838
3.78500 1.22910669
3.79000 1.22856595
3.79500 1.22802615
3.80000 1.22748731
3.80500 1.22694941
3.81000 1.22641245
3.81500 1.22587643
3.82000 1.22534135
3.82500 1.22480720
3.83000 1.22427398
3.83500 1.22374168
3.84000 1.22321032
3.84500 1.22267987
3.85000 1.22215034
3.85500 1.22162173
3.86000 1.22109403
3.86500 1.22056724
3.87000 1.22004136
3.87500 1.21951639
3.88000 1.21899232
3.88500 1.21846914
3.89000 1.21794687
3.89500 1.21742549
3.90000 1.21690500
3.90500 1.21638540
3.91000 1.21586668
3.91500 1.21534885
3.92000 1.21483190
3.92500 1.21431583
3.93000 1.21380063
3.93500 1.21328631
3.94000 1.21277286
3.94500 1.21226028
3.95000 1.21174856
3.95500 1.21123770
3.96000 1.21072771
3.96500 1.21021857
3.97000 1.20971029
3.97500 1.20920286
3.98000 1.20869628
3.98500 1.20819055
3.99000 1.20768566
3.99500 1.20718162
4.00000 1.20667842
4.00500 1.20617606
4.01000 1.20567453
4.01500 1.20517383
4.02000 1.20467397
4.02500 1.20417493
4.03000 1.20367672
4.03500 1.20317933
4.04000 1.20268277
4.04500 1.20218702
4.05000 1.20169209
4.05500 1.20119797
4.06000 1.20070467
4.06500 1.20021217
4.07000 1.19972048
4.07500 1.19922960
4.08000 1.19873952
4.08500 1.19825023
4.09000 1.19776175
4.09500 1.19727406
4.10000 1.19678717
4.10500 1.19630106
4.11000 1.19581575
4.11500 1.19533122
4.12000 1.19484748
4.12500 1.19436452
4.13000 1.19388233
4.13500 1.19340093
4.14000 1.19292030
4.14500 1.19244045
4.15000 1.19196136
4.15500 1.19148305
4.16000 1.19100550
4.16500 1.19052871
4.17000 1.19005269
4.17500 1.18957743
4.18000 1.18910293
4.18500 1.18862918
4.19000 1.18815619
4.19500 1.18768395
4.20000 1.18721246
4.20500 1.18674172
4.21000 1.18627172
4.21500 1.18580247
4.22000 1.18533396
4.22500 1.18486619
4.23000 1.18439915
4.23500 1.18393285
4.24000 1.18346729
4.24500 1.18300245
4.25000 1.18253835
4.25500 1.18207497
4.26000 1.18161232
4.26500 1.18115039
4.27000 1.18068918
4.27500 1.18022870
4.28000 1.17976893
4.28500 1.17930987
4.29000 1.17885153
4.29500 1.17839390
4.30000 1.17793698
4.30500 1.17748077
4.31000 1.17702527
4.31500 1.17657047
4.32000 1.17611637
4.32500 1.17566297
4.33000 1.17521027
4.33500 1.17475827
4.34000 1.17430696
4.34500 1.17385634
4.35000 1.17340641
4.35500 1.17295718
4.36000 1.17250863
4.36500 1.17206076
4.37000 1.17161358
4.37500 1.17116708
4.38000 1.17072126
4.38500 1.17027612
4.39000 1.16983166
4.39500 1.16938787
4.40000 1.16894475
4.40500 1.16850230
4.41000 1.16806052
4.41500 1.16761941
4.42000 1.16717897
4.42500 1.16673919
4.43000 1.16630007
4.43500 1.16586161
4.44000 1.16542381
4.44500 1.16498667
4.45000 1.16455018
4.45500 1.16411434
4.46000 1.16367916
4.46500 1.16324463
4.47000 1.16281074
4.47500 1.16237750
4.48000 1.16194491
4.48500 1.16151296
4.49000 1.16108165
4.49500 1.16065099
4.50000 1.16022096
4.50500 1.15979156
4.51000 1.15936280
4.51500 1.15893468
4.52000 1.15850718
4.52500 1.15808032
4.53000 1.15765409
4.53500 1.15722848
4.54000 1.15680350
4.54500 1.15637914
4.55000 1.15595540
4.55500 1.15553228
4.56000 1.15510978
4.56500 1.15468790
4.57000 1.15426664
4.57500 1.15384599
4.58000 1.15342595
4.58500 1.15300652
4.59000 1.15258770
4.59500 1.15216949
4.60000 1.15175189
4.60500 1.15133489
4.61000 1.15091849
4.61500 1.15050270
4.62000 1.15008750
4.62500 1.14967291
4.63000 1.14925891
4.63500 1.14884551
4.64000 1.14843270
4.64500 1.14802048
4.65000 1.14760886
4.65500 1.14719782
4.66000 1.14678738
4.66500 1.14637752
4.67000 1.14596824
4.67500 1.14555955
4.68000 1.14515144
4.68500 1.14474392
4.69000 1.14433697
4.69500 1.14393060
4.70000 1.14352481
4.70500 1.14311959
4.71000 1.14271495
4.71500 1.14231087
4.72000 1.14190737
4.72500 1.14150444
4.73000 1.14110208
4.73500 1.14070028
4.74000 1.14029905
4.74500 1.13989838
4.75000 1.13949828
4.75500 1.13909873
4.76000 1.13869975
4.76500 1.13830133
4.77000 1.13790346
4.77500 1.13750614
4.78000 1.13710939
4.78500 1.13671318
4.79000 1.13631753
4.79500 1.13592242
4.80000 1.13552787
4.80500 1.13513386
4.81000 1.13474040
4.81500 1.13434749
4.82000 1.13395511
4.82500 1.13356328
4.83000 1.13317199
4.83500 1.13278125
4.84000 1.13239104
4.84500 1.13200136
4.85000 1.13161222
4.85500 1.13122362
4.86000 1.13083555
4.86500 1.13044801
4.87000 1.13006101
4.87500 1.12967453
4.88000 1.12928858
4.88500 1.12890316
4.89000 1.12851826
4.89500 1.12813389
4.90000 1.12775004
4.90500 1.12736671
4.91000 1.12698390
4.91500 1.12660161
4.92000 1.12621984
4.92500 1.12583859
4.93000 1.12545786
4.93500 1.12507763
4.94000 1.12469792
4.94500 1.12431873
4.95000 1.12394004
4.95500 1.12356186
4.96000 1.12318420
4.96500 1.12280704
4.97000 1.12243038
4.97500 1.12205423
4.98000 1.12167859
4.98500 1.12130344
4.99000 1.12092880
4.99500 1.12055466
5.00000 1.12018102
5.00500 1.11980787
5.01000 1.11943522
5.01500 1.11906307
5.02000 1.11869141
5.02500 1.11832025
5.03000 1.11794957
5.03500 1.11757939
5.04000 1.11720970
5.04500 1.11684050
5.05000 1.11647178
5.05500 1.11610355
5.06000 1.11573581
5.06500 1.11536855
5.07000 1.11500177
5.07500 1.11463547
5.08000 1.11426966
5.08500 1.11390433
5.09000 1.11353947
5.09500 1.11317509
5.10000 1.11281119
5.10500 1.11244776
5.11000 1.11208481
5.11500 1.11172233
5.12000 1.11136033
5.12500 1.11099879
5.13000 1.11063773
5.13500 1.11027713
5.14000 1.10991700
5.14500 1.10955734
5.15000 1.10919814
5.15500 1.10883941
5.16000 1.10848114
5.16500 1.10812334
5.17000 1.10776599
5.17500 1.10740911
5.18000 1.10705269
5.18500 1.10669672
5.19000 1.10634121
5.19500 1.10598616
5.20000 1.10563156
5.20500 1.10527742
5.21000 1.10492373
5.21500 1.10457050
5.22000 1.10421771
5.22500 1.10386538
5.23000 1.10351349
5.23500 1.10316205
5.24000 1.10281106
5.24500 1.10246052
5.25000 1.10211042
5.25500 1.10176077
5.26000 1.10141156
5.26500 1.10106279
5.27000 1.10071446
5.27500 1.10036657
5.28000 1.10001912
5.28500 1.09967212
5.29000 1.09932554
5.29500 1.09897941
5.30000 1.09863371
5.30500 1.09828844
5.31000 1.09794361
5.31500 1.09759921
5.32000 1.09725525
5.32500 1.09691171
5.33000 1.09656860
5.33500 1.09622592
5.34000 1.09588368
5.34500 1.09554185
5.35000 1.09520046
5.35500 1.09485948
5.36000 1.09451894
5.36500 1.09417881
5.37000 1.09383911
5.37500 1.09349983
5.38000 1.09316097
5.38500 1.09282253
5.39000 1.09248451
5.39500 1.09214691
5.40000 1.09180972
5.40500 1.09147295
5.41000 1.09113659
5.41500 1.09080065
5.42000 1.09046513
5.42500 1.09013001
5.43000 1.08979531
5.43500 1.08946101
5.44000 1.08912713
5.44500 1.08879366
5.45000 1.08846059
5.45500 1.08812793
5.46000 1.08779568
5.46500 1.08746383
5.47000 1.08713239
5.47500 1.08680135
5.48000 1.08647071
5.48500 1.08614048
5.49000 1.08581064
5.49500 1.08548121
5.50000 1.08515218
5.50500 1.08482354
5.51000 1.08449531
5.51500 1.08416747
5.52000 1.08384002
5.52500 1.08351297
5.53000 1.08318632
5.53500 1.08286006
5.54000 1.08253419
5.54500 1.08220871
5.55000 1.08188363
5.55500 1.08155893
5.56000 1.08123463
5.56500 1.08091071
5.57000 1.08058718
5.57500 1.08026404
5.58000 1.07994128
5.58500 1.07961891
5.59000 1.07929693
5.59500 1.07897532
5.60000 1.07865411
5.60500 1.07833327
5.61000 1.07801281
5.61500 1.07769274
5.62000 1.07737304
5.62500 1.07705373
5.63000 1.07673479
5.63500 1.07641623
5.64000 1.07609804
5.64500 1.07578024
5.65000 1.07546280
5.65500 1.07514574
5.66000 1.07482906
5.66500 1.07451275
5.67000 1.07419681
5.67500 1.07388124
5.68000 1.07356604
5.68500 1.07325121
5.69000 1.07293675
5.69500 1.07262266
5.70000 1.07230893
5.70500 1.07199558
5.71000 1.07168259
5.71500 1.07136996
5.72000 1.07105770
5.72500 1.07074580
5.73000 1.07043426
5.73500 1.07012309
5.74000 1.06981228
5.74500 1.06950183
5.75000 1.06919174
5.75500 1.06888201
5.76000 1.06857264
5.76500 1.06826362
5.77000 1.06795496
5.77500 1.06764666
5.78000 1.06733872
5.78500 1.06703113
5.79000 1.06672389
5.79500 1.06641701
5.80000 1.06611048
5.80500 1.06580430
5.81000 1.06549847
5.81500 1.06519300
5.82000 1.06488787
5.82500 1.06458310
5.83000 1.06427867
5.83500 1.06397459
5.84000 1.06367086
5.84500 1.06336747
5.85000 1.06306443
5.85500 1.06276174
5.86000 1.06245939
5.86500 1.06215738
5.87000 1.06185572
5.87500 1.06155440
5.88000 1.06125342
5.88500 1.06095278
5.89000 1.06065248
5.89500 1.06035252
5.90000 1.06005290
5.90500 1.05975362
5.91000 1.05945468
5.91500 1.05915607
5.92000 1.05885780
5.92500 1.05855987
5.93000 1.05826227
5.93500 1.05796500
5.94000 1.05766807
5.94500 1.05737147
5.95000 1.05707521
5.95500 1.05677928
5.96000 1.05648367
5.96500 1.05618840
5.97000 1.05589346
5.97500 1.05559885
5.98000 1.05530456
5.98500 1.05501060
5.99000 1.05471697
5.99500 1.05442367
6.00000 1.05413070
6.00500 1.05383804
6.01000 1.05354572
6.01500 1.05325371
6.02000 1.05296203
6.02500 1.05267068
6.03000 1.05237964
6.03500 1.05208893
6.04000 1.05179854
6.04500 1.05150847
6.05000 1.05121872
6.05500 1.05092928
6.06000 1.05064017
6.06500 1.05035137
6.07000 1.05006290
6.07500 1.04977473
6.08000 1.04948689
6.08500 1.04919936
6.09000 1.04891214
6.09500 1.04862524
6.10000 1.04833865
6.10500 1.04805238
6.11000 1.04776641
6.11500 1.04748076
6.12000 1.04719542
6.12500 1.04691040
6.13000 1.04662568
6.13500 1.04634127
6.14000 1.04605717
6.14500 1.04577338
6.15000 1.04548989
6.15500 1.04520671
6.16000 1.04492384
6.16500 1.04464128
6.17000 1.04435902
6.17500 1.04407706
6.18000 1.04379541
6.18500 1.04351407
6.19000 1.04323302
6.19500 1.04295228
6.20000 1.04267185
6.20500 1.04239171
6.21000 1.04211187
6.21500 1.04183233
6.22000 1.04155310
6.22500 1.04127416
6.23000 1.04099552
6.23500 1.04071718
6.24000 1.04043914
6.24500 1.04016139
6.25000 1.03988394
6.25500 1.03960678
6.26000 1.03932993
6.26500 1.03905336
6.27000 1.03877709
6.27500 1.03850111
6.28000 1.03822543
6.28500 1.03795004
6.29000 1.03767494
6.29500 1.03740013
6.30000 1.03712561
6.30500 1.03685139
6.31000 1.03657745
6.31500 1.03630380
6.32000 1.03603044
6.32500 1.03575737
6.33000 1.03548459
6.33500 1.03521209
6.34000 1.03493988
6.34500 1.03466796
6.35000 1.03439632
6.35500 1.03412497
6.36000 1.03385390
6.36500 1.03358312
6.37000 1.03331262
6.37500 1.03304240
6.38000 1.03277246
6.38500 1.03250281
6.39000 1.03223344
6.39500 1.03196435
6.40000 1.03169554
6.40500 1.03142701
6.41000 1.03115875
6.41500 1.03089078
6.42000 1.03062309
6.42500 1.03035567
6.43000 1.03008853
6.43500 1.02982167
6.44000 1.02955508
6.44500 1.02928877
6.45000 1.02902274
6.45500 1.02875698
6.46000 1.02849149
6.46500 1.02822628
6.47000 1.02796134
6.47500 1.02769668
6.48000 1.02743228
6.48500 1.02716816
6.49000 1.02690431
6.49500 1.02664073
6.50000 1.02637742
6.50500 1.02611439
6.51000 1.02585162
6.51500 1.02558912
6.52000 1.02532688
6.52500 1.02506492
6.53000 1.02480322
6.53500 1.02454179
6.54000 1.02428063
6.54500 1.02401973
6.55000 1.02375910
6.55500 1.02349874
6.56000 1.02323864
6.56500 1.02297880
6.57000 1.02271923
6.57500 1.02245992
6.58000 1.02220087
6.58500 1.02194208
6.59000 1.02168356
6.59500 1.02142530
6.60000 1.02116730
6.60500 1.02090956
6.61000 1.02065208
6.61500 1.02039486
6.62000 1.02013789
6.62500 1.01988119
6.63000 1.01962475
6.63500 1.01936856
6.64000 1.01911263
6.64500 1.01885696
6.65000 1.01860154
6.65500 1.01834638
6.66000 1.01809147
6.66500 1.01783682
6.67000 1.01758243
6.67500 1.01732829
6.68000 1.01707440
6.68500 1.01682076
6.69000 1.01656738
6.69500 1.01631425
6.70000 1.01606138
6.70500 1.01580875
6.71000 1.01555637
6.71500 1.01530425
6.72000 1.01505238
6.72500 1.01480075
6.73000 1.01454938
6.73500 1.01429825
6.74000 1.01404737
6.74500 1.01379674
6.75000 1.01354636
6.75500 1.01329623
6.76000 1.01304634
6.76500 1.01279670
6.77000 1.01254730
6.77500 1.01229815
6.78000 1.01204924
6.78500 1.01180058
6.79000 1.01155217
6.79500 1.01130399
6.80000 1.01105607
6.80500 1.01080838
6.81000 1.01056094
6.81500 1.01031373
6.82000 1.01006677
6.82500 1.00982005
6.83000 1.00957358
6.83500 1.00932734
6.84000 1.00908134
6.84500 1.00883558
6.85000 1.00859007
6.85500 1.00834479
6.86000 1.00809974
6.86500 1.00785494
6.87000 1.00761038
6.87500 1.00736605
6.88000 1.00712196
6.88500 1.00687810
6.89000 1.00663448
6.89500 1.00639110
6.90000 1.00614795
6.90500 1.00590504
6.91000 1.00566236
6.91500 1.00541991
6.92000 1.00517770
6.92500 1.00493572
6.93000 1.00469398
6.93500 1.00445246
6.94000 1.00421118
6.94500 1.00397013
6.95000 1.00372931
6.95500 1.00348873
6.96000 1.00324837
6.96500 1.00300824
6.97000 1.00276835
6.97500 1.00252868
6.98000 1.00228924
6.98500 1.00205003
6.99000 1.00181105
6.99500 1.00157230
7.00000 1.00133377
7.00500 1.00109547
7.01000 1.00085740
7.01500 1.00061955
7.02000 1.00038193
7.02500 1.00014454
7.03000 0.99990737
7.03500 0.99967042
7.04000 0.99943370
7.04500 0.99919721
7.05000 0.99896093
7.05500 0.99872488
7.06000 0.99848906
7.06500 0.99825345
7.07000 0.99801807
7.07500 0.99778291
7.08000 0.99754797
7.08500 0.99731326
7.09000 0.99707876
7.09500 0.99684448
7.10000 0.99661043
7.10500 0.99637659
7.11000 0.99614297
7.11500 0.99590958
7.12000 0.99567640
7.12500 0.99544344
7.13000 0.99521069
7.13500 0.99497817
7.14000 0.99474586
7.14500 0.99451377
7.15000 0.99428189
7.15500 0.99405023
7.16000 0.99381879
7.16500 0.99358756
7.17000 0.99335655
7.17500 0.99312575
7.18000 0.99289516
7.18500 0.99266479
7.19000 0.99243464
7.19500 0.99220469
7.20000 0.99197496
7.20500 0.99174545
7.21000 0.99151614
7.21500 0.99128705
7.22000 0.99105817
7.22500 0.99082949
7.23000 0.99060103
7.23500 0.99037279
7.24000 0.99014475
7.24500 0.98991692
7.25000 0.98968930
7.25500 0.98946189
7.26000 0.98923469
7.26500 0.98900769
7.27000 0.98878091
7.27500 0.98855433
7.28000 0.98832796
7.28500 0.98810180
7.29000 0.98787585
7.29500 0.98765010
7.30000 0.98742456
7.30500 0.98719922
7.31000 0.98697409
7.31500 0.98674916
7.32000 0.98652444
7.32500 0.98629993
7.33000 0.98607561
7.33500 0.98585150
7.34000 0.98562760
7.34500 0.98540390
7.35000 0.98518040
7.35500 0.98495711
7.36000 0.98473401
7.36500 0.98451112
7.37000 0.98428843
7.37500 0.98406594
7.38000 0.98384366
7.38500 0.98362157
7.39000 0.98339968
7.39500 0.98317800
7.40000 0.98295651
7.40500 0.98273522
7.41000 0.98251414
7.41500 0.98229325
7.42000 0.98207256
7.42500 0.98185206
7.43000 0.98163177
7.43500 0.98141167
7.44000 0.98119177
7.44500 0.98097207
7.45000 0.98075256
7.45500 0.98053325
7.46000 0.98031414
7.46500 0.98009522
7.47000 0.97987650
7.47500 0.97965797
7.48000 0.97943964
7.48500 0.97922150
7.49000 0.97900356
7.49500 0.97878581
7.50000 0.97856825
7.50500 0.97835089
7.51000 0.97813372
7.51500 0.97791674
7.52000 0.97769996
7.52500 0.97748336
7.53000 0.97726696
7.53500 0.97705075
7.54000 0.97683474
7.54500 0.97661891
7.55000 0.97640327
7.55500 0.97618783
7.56000 0.97597257
7.56500 0.97575750
7.57000 0.97554262
7.57500 0.97532794
7.58000 0.97511344
7.58500 0.97489913
7.59000 0.97468500
7.59500 0.97447107
7.60000 0.97425732
7.60500 0.97404376
7.61000 0.97383039
7.61500 0.97361721
7.62000 0.97340421
7.62500 0.97319140
7.63000 0.97297877
7.63500 0.97276633
7.64000 0.97255407
7.64500 0.97234200
7.65000 0.97213012
7.65500 0.97191842
7.66000 0.97170690
7.66500 0.97149557
7.67000 0.97128442
7.67500 0.97107345
7.68000 0.97086267
7.68500 0.97065207
7.69000 0.97044166
7.69500 0.97023142
7.70000 0.97002137
7.70500 0.96981150
7.71000 0.96960181
7.71500 0.96939230
7.72000 0.96918297
7.72500 0.96897383
7.73000 0.96876486
7.73500 0.96855608
7.74000 0.96834747
7.74500 0.96813905
7.75000 0.96793080
7.75500 0.96772273
7.76000 0.96751484
7.76500 0.96730713
7.77000 0.96709960
7.77500 0.96689225
7.78000 0.96668507
7.78500 0.96647807
7.79000 0.96627125
7.79500 0.96606460
7.80000 0.96585814
7.80500 0.96565184
7.81000 0.96544573
7.81500 0.96523979
7.82000 0.96503402
7.82500 0.96482844
7.83000 0.96462302
7.83500 0.96441778
7.84000 0.96421272
7.84500 0.96400783
7.85000 0.96380311
7.85500 0.96359857
7.86000 0.96339420
7.86500 0.96319001
7.87000 0.96298598
7.87500 0.96278213
7.88000 0.96257846
7.88500 0.96237495
7.89000 0.96217162
7.89500 0.96196846
7.90000 0.96176547
7.90500 0.96156265
7.91000 0.96136000
7.91500 0.96115752
7.92000 0.96095522
7.92500 0.96075308
7.93000 0.96055112
7.93500 0.96034932
7.94000 0.96014769
7.94500 0.95994623
7.95000 0.95974495
7.95500 0.95954383
7.96000 0.95934287
7.96500 0.95914209
7.97000 0.95894148
7.97500 0.95874103
7.98000 0.95854075
7.98500 0.95834063
7.99000 0.95814069
7.99500 0.95794091
8.00000 0.95774130
8.00500 0.95754185
8.01000 0.95734257
8.01500 0.95714346
8.02000 0.95694451
8.02500 0.95674572
8.03000 0.95654710
8.03500 0.95634865
8.04000 0.95615036
8.04500 0.95595224
8.05000 0.95575428
8.05500 0.95555648
8.06000 0.95535885
8.06500 0.95516138
8.07000 0.95496407
8.07500 0.95476693
8.08000 0.95456994
8.08500 0.95437313
8.09000 0.95417647
8.09500 0.95397998
8.10000 0.95378364
8.10500 0.95358747
8.11000 0.95339146
8.11500 0.95319561
8.12000 0.95299993
8.12500 0.95280440
8.13000 0.95260903
8.13500 0.95241382
8.14000 0.95221878
8.14500 0.95202389
8.15000 0.95182916
8.15500 0.95163459
8.16000 0.95144018
8.16500 0.95124593
8.17000 0.95105184
8.17500 0.95085791
8.18000 0.95066413
8.18500 0.95047051
8.19000 0.95027705
8.19500 0.95008375
8.20000 0.94989061
8.20500 0.94969762
8.21000 0.94950478
8.21500 0.94931211
8.22000 0.94911959
8.22500 0.94892723
8.23000 0.94873502
8.23500 0.94854297
8.24000 0.94835107
8.24500 0.94815933
8.25000 0.94796774
8.25500 0.94777631
8.26000 0.94758504
8.26500 0.94739391
8.27000 0.94720295
8.27500 0.94701213
8.28000 0.94682147
8.28500 0.94663096
8.29000 0.94644061
8.29500 0.94625041
8.30000 0.94606036
8.30500 0.94587046
8.31000 0.94568072
8.31500 0.94549113
8.32000 0.94530169
8.32500 0.94511240
8.33000 0.94492327
8.33500 0.94473428
8.34000 0.94454545
8.34500 0.94435677
8.35000 0.94416823
8.35500 0.94397985
8.36000 0.94379162
8.36500 0.94360354
8.37000 0.94341561
8.37500 0.94322783
8.38000 0.94304019
8.38500 0.94285271
8.39000 0.94266538
8.39500 0.94247819
8.40000 0.94229115
8.40500 0.94210427
8.41000 0.94191753
8.41500 0.94173093
8.42000 0.94154449
8.42500 0.94135819
8.43000 0.94117204
8.43500 0.94098604
8.44000 0.94080019
8.44500 0.94061448
8.45000 0.94042891
8.45500 0.94024350
8.46000 0.94005823
8.46500 0.93987311
8.47000 0.93968813
8.47500 0.93950329
8.48000 0.93931861
8.48500 0.93913407
8.49000 0.93894967
8.49500 0.93876542
8.50000 0.93858131
8.50500 0.93839735
8.51000 0.93821353
8.51500 0.93802985
8.52000 0.93784632
8.52500 0.93766293
8.53000 0.93747969
8.53500 0.93729658
8.54000 0.93711363
8.54500 0.93693081
8.55000 0.93674814
8.55500 0.93656561
8.56000 0.93638322
8.56500 0.93620097
8.57000 0.93601887
8.57500 0.93583690
8.58000 0.93565508
8.58500 0.93547340
8.59000 0.93529186
8.59500 0.93511046
8.60000 0.93492920
8.60500 0.93474809
8.61000 0.93456711
8.61500 0.93438627
8.62000 0.93420557
8.62500 0.93402502
8.63000 0.93384460
8.63500 0.93366432
8.64000 0.93348418
8.64500 0.93330418
8.65000 0.93312432
8.65500 0.93294459
8.66000 0.93276501
8.66500 0.93258556
8.67000 0.93240625
8.67500 0.93222708
8.68000 0.93204805
8.68500 0.93186915
8.69000 0.93169039
8.69500 0.93151177
8.70000 0.93133329
8.70500 0.93115494
8.71000 0.93097673
8.71500 0.93079865
8.72000 0.93062071
8.72500 0.93044291
8.73000 0.93026524
8.73500 0.93008771
8.74000 0.92991032
8.74500 0.92973306
8.75000 0.92955593
8.75500 0.92937894
8.76000 0.92920208
8.76500 0.92902536
8.77000 0.92884877
8.77500 0.92867232
8.78000 0.92849600
8.78500 0.92831982
8.79000 0.92814376
8.79500 0.92796785
8.80000 0.92779206
8.80500 0.92761641
8.81000 0.92744089
8.81500 0.92726551
8.82000 0.92709025
8.82500 0.92691513
8.83000 0.92674014
8.83500 0.92656529
8.84000 0.92639056
8.84500 0.92621597
8.85000 0.92604151
8.85500 0.92586718
8.86000 0.92569298
8.86500 0.92551891
8.87000 0.92534497
8.87500 0.92517117
8.88000 0.92499749
8.88500 0.92482395
8.89000 0.92465053
8.89500 0.92447724
8.90000 0.92430409
8.90500 0.92413106
8.91000 0.92395817
8.91500 0.92378540
8.92000 0.92361276
8.92500 0.92344025
8.93000 0.92326787
8.93500 0.92309562
8.94000 0.92292350
8.94500 0.92275150
8.95000 0.92257964
8.95500 0.92240790
8.96000 0.92223629
8.96500 0.92206480
8.97000 0.92189345
8.97500 0.92172222
8.98000 0.92155112
8.98500 0.92138014
8.99000 0.92120930
8.99500 0.92103858
9.00000 0.92086798
9.00500 0.92069751
9.01000 0.92052717
9.01500 0.92035696
9.02000 0.92018687
9.02500 0.92001690
9.03000 0.91984706
9.03500 0.91967735
9.04000 0.91950776
9.04500 0.91933830
9.05000 0.91916896
9.05500 0.91899975
9.06000 0.91883066
9.06500 0.91866169
9.07000 0.91849285
9.07500 0.91832414
9.08000 0.91815554
9.08500 0.91798707
9.09000 0.91781873
9.09500 0.91765051
9.10000 0.91748241
9.10500 0.91731443
9.11000 0.91714658
9.11500 0.91697885
9.12000 0.91681124
9.12500 0.91664376
9.13000 0.91647640
9.13500 0.91630916
9.14000 0.91614204
9.14500 0.91597504
9.15000 0.91580817
9.15500 0.91564141
9.16000 0.91547478
9.16500 0.91530827
9.17000 0.91514188
9.17500 0.91497561
9.18000 0.91480947
9.18500 0.91464344
9.19000 0.91447753
9.19500 0.91431174
9.20000 0.91414608
9.20500 0.91398053
9.21000 0.91381511
9.21500 0.91364980
9.22000 0.91348461
9.22500 0.91331954
9.23000 0.91315460
9.23500 0.91298977
9.24000 0.91282506
9.24500 0.91266046
9.25000 0.91249599
9.25500 0.91233164
9.26000 0.91216740
9.26500 0.91200328
9.27000 0.91183928
9.27500 0.91167540
9.28000 0.91151164
9.28500 0.91134799
9.29000 0.91118446
9.29500 0.91102105
9.30000 0.91085776
9.30500 0.91069458
9.31000 0.91053152
9.31500 0.91036857
9.32000 0.91020574
9.32500 0.91004303
9.33000 0.90988044
9.33500 0.90971796
9.34000 0.90955560
9.34500 0.90939335
9.35000 0.90923122
9.35500 0.90906920
9.36000 0.90890730
9.36500 0.90874552
9.37000 0.90858385
9.37500 0.90842229
9.38000 0.90826085
9.38500 0.90809953
9.39000 0.90793832
9.39500 0.90777722
9.40000 0.90761624
9.40500 0.90745537
9.41000 0.90729462
9.41500 0.90713398
9.42000 0.90697345
9.42500 0.90681304
9.43000 0.90665274
9.43500 0.90649256
9.44000 0.90633248
9.44500 0.90617252
9.45000 0.90601268
9.45500 0.90585294
9.46000 0.90569332
9.46500 0.90553381
9.47000 0.90537441
9.47500 0.90521513
9.48000 0.90505596
9.48500 0.90489690
9.49000 0.90473795
9.49500 0.90457911
9.50000 0.90442038
9.50500 0.90426177
9.51000 0.90410326
9.51500 0.90394487
9.52000 0.90378659
9.52500 0.90362842
9.53000 0.90347036
9.53500 0.90331241
9.54000 0.90315457
9.54500 0.90299684
9.55000 0.90283922
9.55500 0.90268172
9.56000 0.90252432
9.56500 0.90236703
9.57000 0.90220985
9.57500 0.90205278
9.58000 0.90189582
9.58500 0.90173897
9.59000 0.90158222
9.59500 0.90142559
9.60000 0.90126907
9.60500 0.90111265
9.61000 0.90095634
9.61500 0.90080014
9.62000 0.90064405
9.62500 0.90048807
9.63000 0.90033220
9.63500 0.90017643
9.64000 0.90002077
9.64500 0.89986522
9.65000 0.89970977
9.65500 0.89955444
9.66000 0.89939921
9.66500 0.89924409
9.67000 0.89908907
9.67500 0.89893416
9.68000 0.89877936
9.68500 0.89862467
9.69000 0.89847008
9.69500 0.89831559
9.70000 0.89816122
9.70500 0.89800695
9.71000 0.89785278
9.71500 0.89769872
9.72000 0.89754477
9.72500 0.89739092
9.73000 0.89723718
9.73500 0.89708355
9.74000 0.89693001
9.74500 0.89677659
9.75000 0.89662327
9.75500 0.89647005
9.76000 0.89631694
9.76500 0.89616393
9.77000 0.89601103
9.77500 0.89585823
9.78000 0.89570554
9.78500 0.89555295
9.79000 0.89540046
9.79500 0.89524808
9.80000 0.89509580
9.80500 0.89494362
9.81000 0.89479155
9.81500 0.89463958
9.82000 0.89448772
9.82500 0.89433595
9.83000 0.89418429
9.83500 0.89403274
9.84000 0.89388128
9.84500 0.89372993
9.85000 0.89357868
9.85500 0.89342754
9.86000 0.89327649
9.86500 0.89312555
9.87000 0.89297471
9.87500 0.89282397
9.88000 0.89267333
9.88500 0.89252280
9.89000 0.89237237
9.89500 0.89222203
9.90000 0.89207180
9.90500 0.89192167
9.91000 0.89177164
9.91500 0.89162171
9.92000 0.89147189
9.92500 0.89132216
9.93000 0.89117254
9.93500 0.89102301
9.94000 0.89087358
9.94500 0.89072426
9.95000 0.89057503
9.95500 0.89042591
9.96000 0.89027688
9.96500 0.89012796
9.97000 0.88997913
9.97500 0.88983041
9.98000 0.88968178
9.98500 0.88953325
9.99000 0.88938482
9.99500 0.88923649
10.00000 0.88908826
10.00500 0.88894013
10.01000 0.88879210
10.01500 0.88864416
10.02000 0.88849633
10.02500 0.88834859
10.03000 0.88820095
10.03500 0.88805341
10.04000 0.88790596
10.04500 0.88775862
10.05000 0.88761137
10.05500 0.88746422
10.06000 0.88731716
10.06500 0.88717021
10.07000 0.88702335
10.07500 0.88687659
10.08000 0.88672993
10.08500 0.88658336
10.09000 0.88643689
10.09500 0.88629052
10.10000 0.88614424
10.10500 0.88599806
10.11000 0.88585198
10.11500 0.88570599
10.12000 0.88556010
10.12500 0.88541430
10.13000 0.88526860
10.13500 0.88512300
10.14000 0.88497749
10.14500 0.88483208
10.15000 0.88468676
10.15500 0.88454154
10.16000 0.88439642
10.16500 0.88425139
10.17000 0.88410645
10.17500 0.88396161
10.18000 0.88381686
10.18500 0.88367221
10.19000 0.88352766
10.19500 0.88338319
10.20000 0.88323883
10.20500 0.88309455
10.21000 0.88295038
10.21500 0.88280629
10.22000 0.88266230
10.22500 0.88251840
10.23000 0.88237460
10.23500 0.88223089
10.24000 0.88208728
10.24500 0.88194375
10.25000 0.88180033
10.25500 0.88165699
10.26000 0.88151375
10.26500 0.88137060
10.27000 0.88122754
10.27500 0.88108458
10.28000 0.88094171
10.28500 0.88079893
10.29000 0.88065624
10.29500 0.88051365
10.30000 0.88037115
10.30500 0.88022874
10.31000 0.88008642
10.31500 0.87994420
10.32000 0.87980207
10.32500 0.87966002
10.33000 0.87951808
10.33500 0.87937622
10.34000 0.87923445
10.34500 0.87909278
10.35000 0.87895119
10.35500 0.87880970
10.36000 0.87866830
10.36500 0.87852699
10.37000 0.87838577
10.37500 0.87824464
10.38000 0.87810360
10.38500 0.87796265
10.39000 0.87782180
10.39500 0.87768103
10.40000 0.87754035
10.40500 0.87739977
10.41000 0.87725927
10.41500 0.87711886
10.42000 0.87697855
10.42500 0.87683832
10.43000 0.87669818
10.43500 0.87655814
10.44000 0.87641818
10.44500 0.87627831
10.45000 0.87613853
10.45500 0.87599884
10.46000 0.87585924
10.46500 0.87571973
10.47000 0.87558030
10.47500 0.87544097
10.48000 0.87530172
10.48500 0.87516256
10.49000 0.87502349
10.49500 0.87488451
10.50000 0.87474562
10.50500 0.87460682
10.51000 0.87446810
10.51500 0.87432947
10.52000 0.87419093
10.52500 0.87405248
10.53000 0.87391411
10.53500 0.87377584
10.54000 0.87363765
10.54500 0.87349954
10.55000 0.87336153
10.55500 0.87322360
10.56000 0.87308576
10.56500 0.87294800
10.57000 0.87281034
10.57500 0.87267276
10.58000 0.87253526
10.58500 0.87239785
10.59000 0.87226053
10.59500 0.87212330
10.60000 0.87198615
10.60500 0.87184909
10.61000 0.87171211
10.61500 0.87157523
10.62000 0.87143842
10.62500 0.87130170
10.63000 0.87116507
10.63500 0.87102853
10.64000 0.87089207
10.64500 0.87075569
10.65000 0.87061940
10.65500 0.87048320
10.66000 0.87034708
10.66500 0.87021104
10.67000 0.87007509
10.67500 0.86993923
10.68000 0.86980345
10.68500 0.86966775
10.69000 0.86953214
10.69500 0.86939662
10.70000 0.86926118
10.70500 0.86912582
10.71000 0.86899055
10.71500 0.86885536
10.72000 0.86872026
10.72500 0.86858524
10.73000 0.86845030
10.73500 0.86831545
10.74000 0.86818068
10.74500 0.86804599
10.75000 0.86791139
10.75500 0.86777687
10.76000 0.86764244
10.76500 0.86750809
10.77000 0.86737382
10.77500 0.86723963
10.78000 0.86710553
10.78500 0.86697151
10.79000 0.86683757
10.79500 0.86670372
10.80000 0.86656995
10.80500 0.86643626
10.81000 0.86630265
10.81500 0.86616913
10.82000 0.86603569
10.82500 0.86590233
10.83000 0.86576905
10.83500 0.86563586
10.84000 0.86550274
10.84500 0.86536971
10.85000 0.86523676
10.85500 0.86510389
10.86000 0.86497111
10.86500 0.86483840
10.87000 0.86470578
10.87500 0.86457324
10.88000 0.86444078
10.88500 0.86430840
10.89000 0.86417610
10.89500 0.86404388
10.90000 0.86391174
10.90500 0.86377969
10.91000 0.86364771
10.91500 0.86351582
10.92000 0.86338400
10.92500 0.86325227
10.93000 0.86312061
10.93500 0.86298904
10.94000 0.86285755
10.94500 0.86272613
10.95000 0.86259480
10.95500 0.86246355
10.96000 0.86233238
10.96500 0.86220128
10.97000 0.86207027
10.97500 0.86193933
10.98000 0.86180848
10.98500 0.86167770
10.99000 0.86154701
10.99500 0.86141639
11.00000 0.86128585
11.00500 0.86115540
11.01000 0.86102502
11.01500 0.86089472
11.02000 0.86076450
11.02500 0.86063435
11.03000 0.86050429
11.03500 0.86037430
11.04000 0.86024440
11.04500 0.86011457
11.05000 0.85998482
11.05500 0.85985514
11.06000 0.85972555
11.06500 0.85959604
11.07000 0.85946660
11.07500 0.85933724
11.08000 0.85920796
11.08500 0.85907875
11.09000 0.85894962
11.09500 0.85882058
11.10000 0.85869160
11.10500 0.85856271
11.11000 0.85843389
11.11500 0.85830515
11.12000 0.85817649
11.12500 0.85804791
11.13000 0.85791940
11.13500 0.85779097
11.14000 0.85766261
11.14500 0.85753434
11.15000 0.85740614
11.15500 0.85727801
11.16000 0.85714996
11.16500 0.85702199
11.17000 0.85689410
11.17500 0.85676628
11.18000 0.85663854
11.18500 0.85651087
11.19000 0.85638328
11.19500 0.85625577
11.20000 0.85612833
11.20500 0.85600097
11.21000 0.85587368
11.21500 0.85574647
11.22000 0.85561934
11.22500 0.85549228
11.23000 0.85536529
11.23500 0.85523838
11.24000 0.85511155
11.24500 0.85498479
11.25000 0.85485811
11.25500 0.85473150
11.26000 0.85460497
11.26500 0.85447851
11.27000 0.85435213
11.27500 0.85422582
11.28000 0.85409958
11.28500 0.85397342
11.29000 0.85384734
11.29500 0.85372133
11.30000 0.85359539
11.30500 0.85346953
11.31000 0.85334374
11.31500 0.85321803
11.32000 0.85309239
11.32500 0.85296682
11.33000 0.85284133
11.33500 0.85271591
11.34000 0.85259057
11.34500 0.85246530
11.35000 0.85234010
11.35500 0.85221498
11.36000 0.85208993
11.36500 0.85196495
11.37000 0.85184005
11.37500 0.85171522
11.38000 0.85159046
11.38500 0.85146578
11.39000 0.85134117
11.39500 0.85121663
11.40000 0.85109217
11.40500 0.85096777
11.41000 0.85084345
11.41500 0.85071921
11.42000 0.85059503
11.42500 0.85047093
11.43000 0.85034690
11.43500 0.85022294
11.44000 0.85009906
11.44500 0.84997525
11.45000 0.84985150
11.45500 0.84972784
11.46000 0.84960424
11.46500 0.84948071
11.47000 0.84935726
11.47500 0.84923388
11.48000 0.84911057
11.48500 0.84898733
11.49000 0.84886417
11.49500 0.84874107
11.50000 0.84861805
11.50500 0.84849509
11.51000 0.84837221
11.51500 0.84824940
11.52000 0.84812666
11.52500 0.84800400
11.53000 0.84788140
11.53500 0.84775887
11.54000 0.84763642
11.54500 0.84751403
11.55000 0.84739172
11.55500 0.84726947
11.56000 0.84714730
11.56500 0.84702520
11.57000 0.84690317
11.57500 0.84678120
11.58000 0.84665931
11.58500 0.84653749
11.59000 0.84641574
11.59500 0.84629406
11.60000 0.84617245
11.60500 0.84605091
11.61000 0.84592943
11.61500 0.84580803
11.62000 0.84568670
11.62500 0.84556544
11.63000 0.84544424
11.63500 0.84532312
11.64000 0.84520207
11.64500 0.84508108
11.65000 0.84496016
11.65500 0.84483932
11.66000 0.84471854
11.66500 0.84459783
11.67000 0.84447719
11.67500 0.84435662
11.68000 0.84423612
11.68500 0.84411569
11.69000 0.84399532
11.69500 0.84387503
11.70000 0.84375480
11.70500 0.84363464
11.71000 0.84351455
11.71500 0.84339453
11.72000 0.84327457
11.72500 0.84315469
11.73000 0.84303487
11.73500 0.84291512
11.74000 0.84279544
11.74500 0.84267583
11.75000 0.84255628
11.75500 0.84243680
11.76000 0.84231739
11.76500 0.84219805
11.77000 0.84207878
11.77500 0.84195957
11.78000 0.84184043
11.78500 0.84172136
11.79000 0.84160235
11.79500 0.84148342
11.80000 0.84136455
11.80500 0.84124574
11.81000 0.84112701
11.81500 0.84100834
11.82000 0.84088973
11.82500 0.84077120
11.83000 0.84065273
11.83500 0.84053433
11.84000 0.84041599
11.84500 0.84029773
11.85000 0.84017952
11.85500 0.84006139
11.86000 0.83994332
11.86500 0.83982532
11.87000 0.83970738
11.87500 0.83958951
11.88000 0.83947171
11.88500 0.83935397
11.89000 0.83923630
11.89500 0.83911869
11.90000 0.83900115
11.90500 0.83888368
11.91000 0.83876627
11.91500 0.83864892
11.92000 0.83853165
11.92500 0.83841444
11.93000 0.83829729
11.93500 0.83818021
11.94000 0.83806319
11.94500 0.83794624
11.95000 0.83782936
11.95500 0.83771254
11.96000 0.83759579
11.96500 0.83747910
11.97000 0.83736247
11.97500 0.83724591
11.98000 0.83712942
11.98500 0.83701299
11.99000 0.83689662
11.99500 0.83678032
12.00000 0.83666409
12.00500 0.83654792
12.01000 0.83643181
12.01500 0.83631577
12.02000 0.83619979
12.02500 0.83608388
12.03000 0.83596803
12.03500 0.83585224
12.04000 0.83573652
12.04500 0.83562086
12.05000 0.83550527
12.05500 0.83538974
12.06000 0.83527428
12.06500 0.83515888
12.07000 0.83504354
12.07500 0.83492826
12.08000 0.83481305
12.08500 0.83469791
12.09000 0.83458282
12.09500 0.83446780
12.10000 0.83435285
12.10500 0.83423796
12.11000 0.83412313
12.11500 0.83400836
12.12000 0.83389366
12.12500 0.83377902
12.13000 0.83366444
12.13500 0.83354992
12.14000 0.83343547
12.14500 0.83332108
12.15000 0.83320676
12.15500 0.83309249
12.16000 0.83297829
12.16500 0.83286416
12.17000 0.83275008
12.17500 0.83263607
12.18000 0.83252212
12.18500 0.83240823
12.19000 0.83229440
12.19500 0.83218064
12.20000 0.83206694
12.20500 0.83195330
12.21000 0.83183972
12.21500 0.83172621
12.22000 0.83161275
12.22500 0.83149936
12.23000 0.83138603
12.23500 0.83127276
12.24000 0.83115956
12.24500 0.83104641
12.25000 0.83093333
12.25500 0.83082031
12.26000 0.83070735
12.26500 0.83059445
12.27000 0.83048161
12.27500 0.83036884
12.28000 0.83025612
12.28500 0.83014347
12.29000 0.83003088
12.29500 0.82991835
12.30000 0.82980588
12.30500 0.82969347
12.31000 0.82958112
12.31500 0.82946883
12.32000 0.82935660
12.32500 0.82924444
12.33000 0.82913233
12.33500 0.82902029
12.34000 0.82890830
12.34500 0.82879638
12.35000 0.82868452
12.35500 0.82857271
12.36000 0.82846097
12.36500 0.82834929
12.37000 0.82823766
12.37500 0.82812610
12.38000 0.82801460
12.38500 0.82790316
12.39000 0.82779178
12.39500 0.82768045
12.40000 0.82756919
12.40500 0.82745799
12.41000 0.82734685
12.41500 0.82723576
12.42000 0.82712474
12.42500 0.82701378
12.43000 0.82690287
12.43500 0.82679203
12.44000 0.82668124
12.44500 0.82657052
12.45000 0.82645985
12.45500 0.82634924
12.46000 0.82623869
12.46500 0.82612820
12.47000 0.82601777
12.47500 0.82590740
12.48000 0.82579709
12.48500 0.82568684
12.49000 0.82557664
12.49500 0.82546651
12.50000 0.82535643
12.50500 0.82524641
12.51000 0.82513645
12.51500 0.82502655
12.52000 0.82491671
12.52500 0.82480692
12.53000 0.82469720
12.53500 0.82458753
12.54000 0.82447792
12.54500 0.82436837
12.55000 0.82425888
12.55500 0.82414945
12.56000 0.82404007
12.56500 0.82393075
12.57000 0.82382149
12.57500 0.82371229
12.58000 0.82360314
12.58500 0.82349406
12.59000 0.82338503
12.59500 0.82327606
12.60000 0.82316714
12.60500 0.82305829
12.61000 0.82294949
12.61500 0.82284075
12.62000 0.82273207
12.62500 0.82262344
12.63000 0.82251487
12.63500 0.82240636
12.64000 0.82229791
12.64500 0.82218951
12.65000 0.82208117
12.65500 0.82197289
12.66000 0.82186466
12.66500 0.82175649
12.67000 0.82164838
12.67500 0.82154033
12.68000 0.82143233
12.68500 0.82132439
12.69000 0.82121650
12.69500 0.82110868
12.70000 0.82100091
12.70500 0.82089319
12.71000 0.82078553
12.71500 0.82067793
12.72000 0.82057039
12.72500 0.82046290
12.73000 0.82035546
12.73500 0.82024809
12.74000 0.82014077
12.74500 0.82003350
12.75000 0.81992630
12.75500 0.81981914
12.76000 0.81971205
12.76500 0.81960501
12.77000 0.81949802
12.77500 0.81939110
12.78000 0.81928422
12.78500 0.81917741
12.79000 0.81907065
12.79500 0.81896394
12.80000 0.81885729
12.80500 0.81875070
12.81000 0.81864416
12.81500 0.81853767
12.82000 0.81843125
12.82500 0.81832487
12.83000 0.81821856
12.83500 0.81811229
12.84000 0.81800609
12.84500 0.81789993
12.85000 0.81779384
12.85500 0.81768780
12.86000 0.81758181
12.86500 0.81747588
12.87000 0.81737000
12.87500 0.81726418
12.88000 0.81715841
12.88500 0.81705270
12.89000 0.81694704
12.89500 0.81684144
12.90000 0.81673589
12.90500 0.81663039
12.91000 0.81652495
12.91500 0.81641957
12.92000 0.81631424
12.92500 0.81620896
12.93000 0.81610374
12.93500 0.81599857
12.94000 0.81589346
12.94500 0.81578840
12.95000 0.81568339
12.95500 0.81557844
12.96000 0.81547354
12.96500 0.81536870
12.97000 0.81526391
12.97500 0.81515917
12.98000 0.81505449
12.98500 0.81494986
12.99000 0.81484529
12.99500 0.81474077
13.00000 0.81463630
13.00500 0.81453189
13.01000 0.81442753
13.01500 0.81432322
13.02000 0.81421897
13.02500 0.81411477
13.03000 0.81401062
13.03500 0.81390653
13.04000 0.81380249
13.04500 0.81369850
13.05000 0.81359457
13.05500 0.81349069
13.06000 0.81338686
13.06500 0.81328308
13.07000 0.81317936
13.07500 0.81307569
13.08000 0.81297208
13.08500 0.81286851
13.09000 0.81276500
13.09500 0.81266154
13.10000 0.81255814
13.10500 0.81245479
13.11000 0.81235149
13.11500 0.81224824
13.12000 0.81214504
13.12500 0.81204190
13.13000 0.81193881
13.13500 0.81183577
13.14000 0.81173279
13.14500 0.81162985
13.15000 0.81152697
13.15500 0.81142414
13.16000 0.81132137
13.16500 0.81121864
13.17000 0.81111597
13.17500 0.81101335
13.18000 0.81091078
13.18500 0.81080826
13.19000 0.81070580
13.19500 0.81060338
13.20000 0.81050102
13.20500 0.81039871
13.21000 0.81029645
13.21500 0.81019425
13.22000 0.81009209
13.22500 0.80998999
13.23000 0.80988793
13.23500 0.80978593
13.24000 0.80968398
13.24500 0.80958208
13.25000 0.80948024
13.25500 0.80937844
13.26000 0.80927670
13.26500 0.80917500
13.27000 0.80907336
13.27500 0.80897177
13.28000 0.80887023
13.28500 0.80876874
13.29000 0.80866730
13.29500 0.80856591
13.30000 0.80846458
13.30500 0.80836329
13.31000 0.80826206
13.31500 0.80816087
13.32000 0.80805974
13.32500 0.80795865
13.33000 0.80785762
13.33500 0.80775664
13.34000 0.80765571
13.34500 0.80755483
13.35000 0.80745400
13.35500 0.80735321
13.36000 0.80725248
13.36500 0.80715180
13.37000 0.80705117
13.37500 0.80695060
13.38000 0.80685007
13.38500 0.80674959
13.39000 0.80664916
13.39500 0.80654878
13.40000 0.80644845
13.40500 0.80634817
13.41000 0.80624794
13.41500 0.80614776
13.42000 0.80604763
13.42500 0.80594755
13.43000 0.80584752
13.43500 0.80574754
13.44000 0.80564760
13.44500 0.80554772
13.45000 0.80544789
13.45500 0.80534811
13.46000 0.80524837
13.46500 0.80514869
13.47000 0.80504905
13.47500 0.80494947
13.48000 0.80484993
13.48500 0.80475045
13.49000 0.80465101
13.49500 0.80455162
13.50000 0.80445228
13.50500 0.80435299
13.51000 0.80425375
13.51500 0.80415456
13.52000 0.80405541
13.52500 0.80395632
13.53000 0.80385727
13.53500 0.80375827
13.54000 0.80365933
13.54500 0.80356043
13.55000 0.80346157
13.55500 0.80336277
13.56000 0.80326402
13.56500 0.80316531
13.57000 0.80306666
13.57500 0.80296805
13.58000 0.80286949
13.58500 0.80277098
13.59000 0.80267251
13.59500 0.80257410
13.60000 0.80247573
13.60500 0.80237741
13.61000 0.80227914
13.61500 0.80218092
13.62000 0.80208275
13.62500 0.80198462
13.63000 0.80188654
13.63500 0.80178851
13.64000 0.80169053
13.64500 0.80159259
13.65000 0.80149471
13.65500 0.80139687
13.66000 0.80129908
13.66500 0.80120134
13.67000 0.80110364
13.67500 0.80100599
13.68000 0.80090839
13.68500 0.80081084
13.69000 0.80071333
13.69500 0.80061588
13.70000 0.80051847
13.70500 0.80042110
13.71000 0.80032379
13.71500 0.80022652
13.72000 0.80012930
13.72500 0.80003212
13.73000 0.79993500
13.73500 0.79983792
13.74000 0.79974088
13.74500 0.79964390
13.75000 0.79954696
13.75500 0.79945007
13.76000 0.79935323
13.76500 0.79925643
13.77000 0.79915968
13.77500 0.79906297
13.78000 0.79896632
13.78500 0.79886971
13.79000 0.79877314
13.79500 0.79867663
13.80000 0.79858016
13.80500 0.79848373
13.81000 0.79838736
13.81500 0.79829103
13.82000 0.79819474
13.82500 0.79809850
13.83000 0.79800231
13.83500 0.79790617
13.84000 0.79781007
13.84500 0.79771402
13.85000 0.79761801
13.85500 0.79752205
13.86000 0.79742614
13.86500 0.79733027
13.87000 0.79723445
13.87500 0.79713867
13.88000 0.79704294
13.88500 0.79694726
13.89000 0.79685162
13.89500 0.79675603
13.90000 0.79666049
13.90500 0.79656499
13.91000 0.79646953
13.91500 0.79637412
13.92000 0.79627876
13.92500 0.79618344
13.93000 0.79608817
13.93500 0.79599295
13.94000 0.79589777
13.94500 0.79580263
13.95000 0.79570754
13.95500 0.79561250
13.96000 0.79551750
13.96500 0.79542255
13.97000 0.79532764
13.97500 0.79523278
13.98000 0.79513796
13.98500 0.79504319
13.99000 0.79494846
13.99500 0.79485378
14.00000 0.79475914
14.00500 0.79466455
14.01000 0.79457000
14.01500 0.79447550
14.02000 0.79438104
14.02500 0.79428663
14.03000 0.79419226
14.03500 0.79409794
14.04000 0.79400367
14.04500 0.79390943
14.05000 0.79381524
14.05500 0.79372110
14.06000 0.79362700
14.06500 0.79353295
14.07000 0.79343894
14.07500 0.79334497
14.08000 0.79325105
14.08500 0.79315718
14.09000 0.79306335
14.09500 0.79296956
14.10000 0.79287582
14.10500 0.79278212
14.11000 0.79268847
14.11500 0.79259486
14.12000 0.79250129
14.12500 0.79240777
14.13000 0.79231429
14.13500 0.79222086
14.14000 0.79212747
14.14500 0.79203412
14.15000 0.79194082
14.15500 0.79184756
14.16000 0.79175435
14.16500 0.79166118
14.17000 0.79156806
14.17500 0.79147497
14.18000 0.79138194
14.18500 0.79128894
14.19000 0.79119599
14.19500 0.79110308
14.20000 0.79101022
14.20500 0.79091740
14.21000 0.79082462
14.21500 0.79073189
14.22000 0.79063920
14.22500 0.79054656
14.23000 0.79045395
14.23500 0.79036140
14.24000 0.79026888
14.24500 0.79017641
14.25000 0.79008398
14.25500 0.78999159
14.26000 0.78989925
14.26500 0.78980695
14.27000 0.78971469
14.27500 0.78962248
14.28000 0.78953031
14.28500 0.78943818
14.29000 0.78934610
14.29500 0.78925406
14.30000 0.78916206
14.30500 0.78907010
14.31000 0.78897819
14.31500 0.78888632
14.32000 0.78879449
14.32500 0.78870271
14.33000 0.78861097
14.33500 0.78851927
14.34000 0.78842761
14.34500 0.78833600
14.35000 0.78824443
14.35500 0.78815290
14.36000 0.78806141
14.36500 0.78796997
14.37000 0.78787857
14.37500 0.78778721
14.38000 0.78769589
14.38500 0.78760462
14.39000 0.78751339
14.39500 0.78742220
14.40000 0.78733105
14.40500 0.78723994
14.41000 0.78714888
14.41500 0.78705786
14.42000 0.78696688
14.42500 0.78687595
14.43000 0.78678505
14.43500 0.78669420
14.44000 0.78660339
14.44500 0.78651262
14.45000 0.78642189
14.45500 0.78633121
14.46000 0.78624056
14.46500 0.78614996
14.47000 0.78605940
14.47500 0.78596888
14.48000 0.78587841
14.48500 0.78578797
14.49000 0.78569758
14.49500 0.78560723
14.50000 0.78551692
14.50500 0.78542665
14.51000 0.78533642
14.51500 0.78524624
14.52000 0.78515609
14.52500 0.78506599
14.53000 0.78497593
14.53500 0.78488591
14.54000 0.78479593
14.54500 0.78470599
14.55000 0.78461609
14.55500 0.78452624
14.56000 0.78443642
14.56500 0.78434665
14.57000 0.78425692
14.57500 0.78416723
14.58000 0.78407758
14.58500 0.78398797
14.59000 0.78389840
14.59500 0.78380888
14.60000 0.78371939
14.60500 0.78362994
14.61000 0.78354054
14.61500 0.78345118
14.62000 0.78336185
14.62500 0.78327257
14.63000 0.78318333
14.63500 0.78309413
14.64000 0.78300497
14.64500 0.78291585
14.65000 0.78282677
14.65500 0.78273773
14.66000 0.78264873
14.66500 0.78255978
14.67000 0.78247086
14.67500 0.78238198
14.68000 0.78229314
14.68500 0.78220435
14.69000 0.78211559
14.69500 0.78202688
14.70000 0.78193820
14.70500 0.78184957
14.71000 0.78176097
14.71500 0.78167242
14.72000 0.78158390
14.72500 0.78149543
14.73000 0.78140699
14.73500 0.78131860
14.74000 0.78123025
14.74500 0.78114193
14.75000 0.78105366
14.75500 0.78096542
14.76000 0.78087723
14.76500 0.78078907
14.77000 0.78070096
14.77500 0.78061288
14.78000 0.78052485
14.78500 0.78043685
14.79000 0.78034889
14.79500 0.78026098
14.80000 0.78017310
14.80500 0.78008526
14.81000 0.77999746
14.81500 0.77990970
14.82000 0.77982199
14.82500 0.77973431
14.83000 0.77964667
14.83500 0.77955907
14.84000 0.77947150
14.84500 0.77938398
14.85000 0.77929650
14.85500 0.77920906
14.86000 0.77912165
14.86500 0.77903429
14.87000 0.77894696
14.87500 0.77885967
14.88000 0.77877243
14.88500 0.77868522
14.89000 0.77859805
14.89500 0.77851092
14.90000 0.77842383
14.90500 0.77833677
14.91000 0.77824976
14.91500 0.77816279
14.92000 0.77807585
14.92500 0.77798895
14.93000 0.77790209
14.93500 0.77781527
14.94000 0.77772849
14.94500 0.77764175
14.95000 0.77755505
14.95500 0.77746838
14.96000 0.77738176
14.96500 0.77729517
14.97000 0.77720862
14.97500 0.77712211
14.98000 0.77703564
14.98500 0.77694921
14.99000 0.77686281
14.99500 0.77677645
15.00000 0.77669014
15.00500 0.77660386
15.01000 0.77651762
15.01500 0.77643141
15.02000 0.77634525
15.02500 0.77625912
15.03000 0.77617303
15.03500 0.77608698
15.04000 0.77600097
15.04500 0.77591500
15.05000 0.77582906
15.05500 0.77574316
15.06000 0.77565730
15.06500 0.77557148
15.07000 0.77548570
15.07500 0.77539995
15.08000 0.77531424
15.08500 0.77522857
15.09000 0.77514294
15.09500 0.77505735
15.10000 0.77497179
15.10500 0.77488627
15.11000 0.77480079
15.11500 0.77471535
15.12000 0.77462994
15.12500 0.77454457
15.13000 0.77445924
15.13500 0.77437395
15.14000 0.77428869
15.14500 0.77420348
15.15000 0.77411830
15.15500 0.77403315
15.16000 0.77394805
15.16500 0.77386298
15.17000 0.77377795
15.17500 0.77369296
15.18000 0.77360800
15.18500 0.77352308
15.19000 0.77343820
15.19500 0.77335336
15.20000 0.77326855
15.20500 0.77318378
15.21000 0.77309905
15.21500 0.77301435
15.22000 0.77292969
15.22500 0.77284507
15.23000 0.77276049
15.23500 0.77267594
15.24000 0.77259143
15.24500 0.77250696
15.25000 0.77242252
15.25500 0.77233812
15.26000 0.77225376
15.26500 0.77216944
15.27000 0.77208515
15.27500 0.77200089
15.28000 0.77191668
15.28500 0.77183250
15.29000 0.77174836
15.29500 0.77166425
15.30000 0.77158019
15.30500 0.77149615
15.31000 0.77141216
15.31500 0.77132820
15.32000 0.77124428
15.32500 0.77116039
15.33000 0.77107654
15.33500 0.77099273
15.34000 0.77090895
15.34500 0.77082521
15.35000 0.77074151
15.35500 0.77065784
15.36000 0.77057421
15.36500 0.77049062
15.37000 0.77040706
15.37500 0.77032354
15.38000 0.77024005
15.38500 0.77015660
15.39000 0.77007319
15.39500 0.76998981
15.40000 0.76990647
15.40500 0.76982317
15.41000 0.76973990
15.41500 0.76965666
15.42000 0.76957347
15.42500 0.76949030
15.43000 0.76940718
15.43500 0.76932409
15.44000 0.76924104
15.44500 0.76915802
15.45000 0.76907504
15.45500 0.76899209
15.46000 0.76890918
15.46500 0.76882631
15.47000 0.76874347
15.47500 0.76866066
15.48000 0.76857790
15.48500 0.76849517
15.49000 0.76841247
15.49500 0.76832981
15.50000 0.76824718
15.50500 0.76816459
15.51000 0.76808204
15.51500 0.76799952
15.52000 0.76791704
15.52500 0.76783459
15.53000 0.76775218
15.53500 0.76766980
15.54000 0.76758746
15.54500 0.76750515
15.55000 0.76742288
15.55500 0.76734065
15.56000 0.76725845
15.56500 0.76717628
15.57000 0.76709415
15.57500 0.76701206
15.58000 0.76693000
15.58500 0.76684797
15.59000 0.76676598
15.59500 0.76668403
15.60000 0.76660211
15.60500 0.76652023
15.61000 0.76643838
15.61500 0.76635656
15.62000 0.76627478
15.62500 0.76619304
15.63000 0.76611133
15.63500 0.76602965
15.64000 0.76594801
15.64500 0.76586641
15.65000 0.76578484
15.65500 0.76570330
15.66000 0.76562180
15.66500 0.76554033
15.67000 0.76545890
15.67500 0.76537750
15.68000 0.76529614
15.68500 0.76521481
15.69000 0.76513352
15.69500 0.76505226
15.70000 0.76497104
15.70500 0.76488985
15.71000 0.76480869
15.71500 0.76472757
15.72000 0.76464648
15.72500 0.76456543
15.73000 0.76448441
15.73500 0.76440343
15.74000 0.76432248
15.74500 0.76424157
15.75000 0.76416069
15.75500 0.76407984
15.76000 0.76399903
15.76500 0.76391825
15.77000 0.76383750
15.77500 0.76375680
15.78000 0.76367612
15.78500 0.76359548
15.79000 0.76351487
15.79500 0.76343430
15.80000 0.76335376
15.80500 0.76327325
15.81000 0.76319278
15.81500 0.76311234
15.82000 0.76303194
15.82500 0.76295157
15.83000 0.76287123
15.83500 0.76279093
15.84000 0.76271066
15.84500 0.76263043
15.85000 0.76255023
15.85500 0.76247006
15.86000 0.76238993
15.86500 0.76230983
15.87000 0.76222976
15.87500 0.76214973
15.88000 0.76206973
15.88500 0.76198976
15.89000 0.76190983
15.89500 0.76182993
15.90000 0.76175007
15.90500 0.76167024
15.91000 0.76159044
15.91500 0.76151067
15.92000 0.76143094
15.92500 0.76135125
15.93000 0.76127158
15.93500 0.76119195
15.94000 0.76111235
15.94500 0.76103279
15.95000 0.76095326
15.95500 0.76087376
15.96000 0.76079430
15.96500 0.76071486
15.97000 0.76063547
15.97500 0.76055610
15.98000 0.76047677
15.98500 0.76039747
15.99000 0.76031820
15.99500 0.76023897
16.00000 0.76015977
16.00500 0.76008060
16.01000 0.76000147
16.01500 0.75992237
16.02000 0.75984330
16.02500 0.75976427
16.03000 0.75968526
16.03500 0.75960629
16.04000 0.75952736
16.04500 0.75944845
16.05000 0.75936958
16.05500 0.75929075
16.06000 0.75921194
16.06500 0.75913317
16.07000 0.75905443
16.07500 0.75897572
16.08000 0.75889704
16.08500 0.75881840
16.09000 0.75873979
16.09500 0.75866122
16.10000 0.75858267
16.10500 0.75850416
16.11000 0.75842568
16.11500 0.75834723
16.12000 0.75826882
16.12500 0.75819044
16.13000 0.75811209
16.13500 0.75803377
16.14000 0.75795548
16.14500 0.75787723
16.15000 0.75779901
16.15500 0.75772082
16.16000 0.75764267
16.16500 0.75756454
16.17000 0.75748645
16.17500 0.75740839
16.18000 0.75733037
16.18500 0.75725237
16.19000 0.75717441
16.19500 0.75709648
16.20000 0.75701858
16.20500 0.75694071
16.21000 0.75686288
16.21500 0.75678508
16.22000 0.75670730
16.22500 0.75662957
16.23000 0.75655186
16.23500 0.75647419
16.24000 0.75639654
16.24500 0.75631893
16.25000 0.75624135
16.25500 0.75616380
16.26000 0.75608629
16.26500 0.75600881
16.27000 0.75593135
16.27500 0.75585393
16.28000 0.75577654
16.28500 0.75569919
16.29000 0.75562186
16.29500 0.75554457
16.30000 0.75546731
16.30500 0.75539008
16.31000 0.75531288
16.31500 0.75523571
16.32000 0.75515858
16.32500 0.75508147
16.33000 0.75500440
16.33500 0.75492736
16.34000 0.75485035
16.34500 0.75477337
16.35000 0.75469642
16.35500 0.75461951
16.36000 0.75454262
16.36500 0.75446577
16.37000 0.75438895
16.37500 0.75431216
16.38000 0.75423540
16.38500 0.75415867
16.39000 0.75408197
16.39500 0.75400531
16.40000 0.75392867
16.40500 0.75385207
16.41000 0.75377550
16.41500 0.75369896
16.42000 0.75362245
16.42500 0.75354597
16.43000 0.75346952
16.43500 0.75339310
16.44000 0.75331672
16.44500 0.75324036
16.45000 0.75316404
16.45500 0.75308775
16.46000 0.75301148
16.46500 0.75293525
16.47000 0.75285905
16.47500 0.75278288
16.48000 0.75270674
16.48500 0.75263064
16.49000 0.75255456
16.49500 0.75247851
16.50000 0.75240250
16.50500 0.75232651
16.51000 0.75225056
16.51500 0.75217463
16.52000 0.75209874
16.52500 0.75202288
16.53000 0.75194705
16.53500 0.75187125
16.54000 0.75179548
16.54500 0.75171974
16.55000 0.75164403
16.55500 0.75156835
16.56000 0.75149270
16.56500 0.75141708
16.57000 0.75134149
16.57500 0.75126594
16.58000 0.75119041
16.58500 0.75111491
16.59000 0.75103945
16.59500 0.75096401
16.60000 0.75088860
16.60500 0.75081323
16.61000 0.75073788
16.61500 0.75066257
16.62000 0.75058729
16.62500 0.75051203
16.63000 0.75043681
16.63500 0.75036161
16.64000 0.75028645
16.64500 0.75021131
16.65000 0.75013621
16.65500 0.75006114
16.66000 0.74998609
16.66500 0.74991108
16.67000 0.74983610
16.67500 0.74976114
16.68000 0.74968622
16.68500 0.74961133
16.69000 0.74953646
16.69500 0.74946163
16.70000 0.74938682
16.70500 0.74931205
16.71000 0.74923731
16.71500 0.74916259
16.72000 0.74908791
16.72500 0.74901325
16.73000 0.74893863
16.73500 0.74886403
16.74000 0.74878946
16.74500 0.74871493
16.75000 0.74864042
16.75500 0.74856595
16.76000 0.74849150
16.76500 0.74841708
16.77000 0.74834269
16.77500 0.74826833
16.78000 0.74819401
16.78500 0.74811971
16.79000 0.74804544
16.79500 0.74797120
16.80000 0.74789699
16.80500 0.74782280
16.81000 0.74774865
16.81500 0.74767453
16.82000 0.74760044
16.82500 0.74752637
16.83000 0.74745234
16.83500 0.74737833
16.84000 0.74730436
16.84500 0.74723041
16.85000 0.74715649
16.85500 0.74708260
16.86000 0.74700875
16.86500 0.74693492
16.87000 0.74686112
16.87500 0.74678734
16.88000 0.74671360
16.88500 0.74663989
16.89000 0.74656620
16.89500 0.74649255
16.90000 0.74641892
16.90500 0.74634533
16.91000 0.74627176
16.91500 0.74619822
16.92000 0.74612471
16.92500 0.74605123
16.93000 0.74597778
16.93500 0.74590435
16.94000 0.74583096
16.94500 0.74575760
16.95000 0.74568426
16.95500 0.74561095
16.96000 0.74553767
16.96500 0.74546442
16.97000 0.74539120
16.97500 0.74531801
16.98000 0.74524485
16.98500 0.74517171
16.99000 0.74509860
16.99500 0.74502553
17.00000 0.74495248
17.00500 0.74487946
17.01000 0.74480647
17.01500 0.74473350
17.02000 0.74466057
17.02500 0.74458766
17.03000 0.74451479
17.03500 0.74444194
17.04000 0.74436912
17.04500 0.74429632
17.05000 0.74422356
17.05500 0.74415083
17.06000 0.74407812
17.06500 0.74400544
17.07000 0.74393279
17.07500 0.74386017
17.08000 0.74378758
17.08500 0.74371501
17.09000 0.74364248
17.09500 0.74356997
17.10000 0.74349749
17.10500 0.74342504
17.11000 0.74335261
17.11500 0.74328022
17.12000 0.74320785
17.12500 0.74313551
17.13000 0.74306320
17.13500 0.74299092
17.14000 0.74291867
17.14500 0.74284644
17.15000 0.74277424
17.15500 0.74270207
17.16000 0.74262993
17.16500 0.74255782
17.17000 0.74248573
17.17500 0.74241367
17.18000 0.74234164
17.18500 0.74226964
17.19000 0.74219767
17.19500 0.74212572
17.20000 0.74205380
17.20500 0.74198191
17.21000 0.74191005
17.21500 0.74183821
17.22000 0.74176641
17.22500 0.74169463
17.23000 0.74162288
17.23500 0.74155115
17.24000 0.74147946
17.24500 0.74140779
17.25000 0.74133615
17.25500 0.74126453
17.26000 0.74119295
17.26500 0.74112139
17.27000 0.74104986
17.27500 0.74097836
17.28000 0.74090688
17.28500 0.74083544
17.29000 0.74076402
17.29500 0.74069263
17.30000 0.74062126
17.30500 0.74054992
17.31000 0.74047861
17.31500 0.74040733
17.32000 0.74033608
17.32500 0.74026485
17.33000 0.74019365
17.33500 0.74012248
17.34000 0.74005133
17.34500 0.73998022
17.35000 0.73990913
17.35500 0.73983806
17.36000 0.73976703
17.36500 0.73969602
17.37000 0.73962504
17.37500 0.73955408
17.38000 0.73948316
17.38500 0.73941226
17.39000 0.73934138
17.39500 0.73927054
17.40000 0.73919972
17.40500 0.73912893
17.41000 0.73905817
17.41500 0.73898743
17.42000 0.73891672
17.42500 0.73884604
17.43000 0.73877538
17.43500 0.73870475
17.44000 0.73863415
17.44500 0.73856358
17.45000 0.73849303
17.45500 0.73842251
17.46000 0.73835201
17.46500 0.73828155
17.47000 0.73821111
17.47500 0.73814069
17.48000 0.73807031
17.48500 0.73799995
17.49000 0.73792961
17.49500 0.73785931
17.50000 0.73778903
17.50500 0.73771878
17.51000 0.73764855
17.51500 0.73757835
17.52000 0.73750818
17.52500 0.73743804
17.53000 0.73736792
17.53500 0.73729783
17.54000 0.73722776
17.54500 0.73715772
17.55000 0.73708771
17.55500 0.73701772
17.56000 0.73694776
17.56500 0.73687783
17.57000 0.73680793
17.57500 0.73673805
17.58000 0.73666819
17.58500 0.73659837
17.59000 0.73652857
17.59500 0.73645879
17.60000 0.73638905
17.60500 0.73631933
17.61000 0.73624963
17.61500 0.73617996
17.62000 0.73611032
17.62500 0.73604071
17.63000 0.73597112
17.63500 0.73590156
17.64000 0.73583202
17.64500 0.73576251
17.65000 0.73569303
17.65500 0.73562357
17.66000 0.73555414
17.66500 0.73548473
17.67000 0.73541535
17.67500 0.73534600
17.68000 0.73527668
17.68500 0.73520738
17.69000 0.73513810
17.69500 0.73506885
17.70000 0.73499963
17.70500 0.73493043
17.71000 0.73486127
17.71500 0.73479212
17.72000 0.73472300
17.72500 0.73465391
17.73000 0.73458485
17.73500 0.73451581
17.74000 0.73444679
17.74500 0.73437780
17.75000 0.73430884
17.75500 0.73423991
17.76000 0.73417099
17.76500 0.73410211
17.77000 0.73403325
17.77500 0.73396442
17.78000 0.73389561
17.78500 0.73382683
17.79000 0.73375808
17.79500 0.73368935
17.80000 0.73362064
17.80500 0.73355196
17.81000 0.73348331
17.81500 0.73341468
17.82000 0.73334608
17.82500 0.73327751
17.83000 0.73320896
17.83500 0.73314043
17.84000 0.73307193
17.84500 0.73300346
17.85000 0.73293501
17.85500 0.73286659
17.86000 0.73279820
17.86500 0.73272983
17.87000 0.73266148
17.87500 0.73259316
17.88000 0.73252487
17.88500 0.73245660
17.89000 0.73238835
17.89500 0.73232014
17.90000 0.73225194
17.90500 0.73218378
17.91000 0.73211563
17.91500 0.73204752
17.92000 0.73197943
17.92500 0.73191136
17.93000 0.73184332
17.93500 0.73177531
17.94000 0.73170732
17.94500 0.73163935
17.95000 0.73157141
17.95500 0.73150350
17.96000 0.73143561
17.96500 0.73136774
17.97000 0.73129991
17.97500 0.73123209
17.98000 0.73116430
17.98500 0.73109654
17.99000 0.73102880
17.99500 0.73096109
18.00000 0.73089340
18.00500 0.73082574
18.01000 0.73075810
18.01500 0.73069049
18.02000 0.73062290
18.02500 0.73055534
18.03000 0.73048780
18.03500 0.73042029
18.04000 0.73035280
18.04500 0.73028534
18.05000 0.73021790
18.05500 0.73015049
18.06000 0.73008310
18.06500 0.73001574
18.07000 0.72994840
18.07500 0.72988108
18.08000 0.72981379
18.08500 0.72974653
18.09000 0.72967929
18.09500 0.72961208
18.10000 0.72954489
18.10500 0.72947772
18.11000 0.72941058
18.11500 0.72934347
18.12000 0.72927638
18.12500 0.72920931
18.13000 0.72914227
18.13500 0.72907525
18.14000 0.72900826
18.14500 0.72894129
18.15000 0.72887435
18.15500 0.72880743
18.16000 0.72874054
18.16500 0.72867367
18.17000 0.72860682
18.17500 0.72854000
18.18000 0.72847321
18.18500 0.72840644
18.19000 0.72833969
18.19500 0.72827297
18.20000 0.72820627
18.20500 0.72813960
18.21000 0.72807295
18.21500 0.72800632
18.22000 0.72793972
18.22500 0.72787315
18.23000 0.72780660
18.23500 0.72774007
18.24000 0.72767357
18.24500 0.72760709
18.25000 0.72754063
18.25500 0.72747420
18.26000 0.72740780
18.26500 0.72734142
18.27000 0.72727506
18.27500 0.72720873
18.28000 0.72714242
18.28500 0.72707613
18.29000 0.72700987
18.29500 0.72694364
18.30000 0.72687742
18.30500 0.72681124
18.31000 0.72674507
18.31500 0.72667893
18.32000 0.72661282
18.32500 0.72654672
18.33000 0.72648066
18.33500 0.72641461
18.34000 0.72634859
18.34500 0.72628260
18.35000 0.72621663
18.35500 0.72615068
18.36000 0.72608475
18.36500 0.72601885
18.37000 0.72595298
18.37500 0.72588713
18.38000 0.72582130
18.38500 0.72575549
18.39000 0.72568971
18.39500 0.72562396
18.40000 0.72555822
18.40500 0.72549251
18.41000 0.72542683
18.41500 0.72536117
18.42000 0.72529553
18.42500 0.72522992
18.43000 0.72516433
18.43500 0.72509876
18.44000 0.72503322
18.44500 0.72496770
18.45000 0.72490220
18.45500 0.72483673
18.46000 0.72477128
18.46500 0.72470586
18.47000 0.72464046
18.47500 0.72457508
18.48000 0.72450973
18.48500 0.72444440
18.49000 0.72437909
18.49500 0.72431381
18.50000 0.72424855
18.50500 0.72418331
18.51000 0.72411810
18.51500 0.72405291
18.52000 0.72398775
18.52500 0.72392260
18.53000 0.72385749
18.53500 0.72379239
18.54000 0.72372732
18.54500 0.72366227
18.55000 0.72359725
18.55500 0.72353224
18.56000 0.72346727
18.56500 0.72340231
18.57000 0.72333738
18.57500 0.72327247
18.58000 0.72320759
18.58500 0.72314272
18.59000 0.72307789
18.59500 0.72301307
18.60000 0.72294828
18.60500 0.72288351
18.61000 0.72281877
18.61500 0.72275404
18.62000 0.72268934
18.62500 0.72262467
18.63000 0.72256001
18.63500 0.72249539
18.64000 0.72243078
18.64500 0.72236620
18.65000 0.72230163
18.65500 0.72223710
18.66000 0.72217258
18.66500 0.72210809
18.67000 0.72204362
18.67500 0.72197918
18.68000 0.72191476
18.68500 0.72185036
18.69000 0.72178598
18.69500 0.72172163
18.70000 0.72165730
18.70500 0.72159299
18.71000 0.72152871
18.71500 0.72146444
18.72000 0.72140021
18.72500 0.72133599
18.73000 0.72127180
18.73500 0.72120763
18.74000 0.72114348
18.74500 0.72107935
18.75000 0.72101525
18.75500 0.72095117
18.76000 0.72088712
18.76500 0.72082309
18.77000 0.72075907
18.77500 0.72069509
18.78000 0.72063112
18.78500 0.72056718
18.79000 0.72050326
18.79500 0.72043936
18.80000 0.72037549
18.80500 0.72031164
18.81000 0.72024781
18.81500 0.72018400
18.82000 0.72012022
18.82500 0.72005646
18.83000 0.71999272
18.83500 0.71992900
18.84000 0.71986531
18.84500 0.71980164
18.85000 0.71973799
18.85500 0.71967436
18.86000 0.71961076
18.86500 0.71954718
18.87000 0.71948362
18.87500 0.71942008
18.88000 0.71935657
18.88500 0.71929308
18.89000 0.71922961
18.89500 0.71916616
18.90000 0.71910274
18.90500 0.71903934
18.91000 0.71897596
18.91500 0.71891260
18.92000 0.71884926
18.92500 0.71878595
18.93000 0.71872266
18.93500 0.71865939
18.94000 0.71859615
18.94500 0.71853292
18.95000 0.71846972
18.95500 0.71840654
18.96000 0.71834339
18.96500 0.71828025
18.97000 0.71821714
18.97500 0.71815405
18.98000 0.71809098
18.98500 0.71802794
18.99000 0.71796491
18.99500 0.71790191
19.00000 0.71783893
19.00500 0.71777598
19.01000 0.71771304
19.01500 0.71765013
19.02000 0.71758724
19.02500 0.71752437
19.03000 0.71746152
19.03500 0.71739870
19.04000 0.71733589
19.04500 0.71727311
19.05000 0.71721035
19.05500 0.71714762
19.06000 0.71708490
19.06500 0.71702221
19.07000 0.71695954
19.07500 0.71689689
19.08000 0.71683426
19.08500 0.71677165
19.09000 0.71670907
19.09500 0.71664651
19.10000 0.71658397
19.10500 0.71652145
19.11000 0.71645895
19.11500 0.71639648
19.12000 0.71633403
19.12500 0.71627159
19.13000 0.71620919
19.13500 0.71614680
19.14000 0.71608443
19.14500 0.71602209
19.15000 0.71595977
19.15500 0.71589746
19.16000 0.71583519
19.16500 0.71577293
19.17000 0.71571069
19.17500 0.71564848
19.18000 0.71558629
19.18500 0.71552412
19.19000 0.71546197
19.19500 0.71539984
19.20000 0.71533773
19.20500 0.71527565
19.21000 0.71521358
19.21500 0.71515154
19.22000 0.71508952
19.22500 0.71502752
19.23000 0.71496555
19.23500 0.71490359
19.24000 0.71484166
19.24500 0.71477975
19.25000 0.71471786
19.25500 0.71465599
19.26000 0.71459414
19.26500 0.71453231
19.27000 0.71447051
19.27500 0.71440872
19.28000 0.71434696
19.28500 0.71428522
19.29000 0.71422350
19.29500 0.71416180
19.30000 0.71410012
19.30500 0.71403847
19.31000 0.71397683
19.31500 0.71391522
19.32000 0.71385362
19.32500 0.71379205
19.33000 0.71373050
19.33500 0.71366898
19.34000 0.71360747
19.34500 0.71354598
19.35000 0.71348452
19.35500 0.71342307
19.36000 0.71336165
19.36500 0.71330025
19.37000 0.71323887
19.37500 0.71317751
19.38000 0.71311617
19.38500 0.71305486
19.39000 0.71299356
19.39500 0.71293228
19.40000 0.71287103
19.40500 0.71280980
19.41000 0.71274859
19.41500 0.71268740
19.42000 0.71262623
19.42500 0.71256508
19.43000 0.71250395
19.43500 0.71244284
19.44000 0.71238176
19.44500 0.71232069
19.45000 0.71225965
19.45500 0.71219863
19.46000 0.71213762
19.46500 0.71207664
19.47000 0.71201568
19.47500 0.71195474
19.48000 0.71189382
19.48500 0.71183293
19.49000 0.71177205
19.49500 0.71171119
19.50000 0.71165036
19.50500 0.71158954
19.51000 0.71152875
19.51500 0.71146798
19.52000 0.71140723
19.52500 0.71134649
19.53000 0.71128578
19.53500 0.71122509
19.54000 0.71116442
19.54500 0.71110378
19.55000 0.71104315
19.55500 0.71098254
19.56000 0.71092195
19.56500 0.71086139
19.57000 0.71080084
19.57500 0.71074032
19.58000 0.71067982
19.58500 0.71061933
19.59000 0.71055887
19.59500 0.71049843
19.60000 0.71043800
19.60500 0.71037760
19.61000 0.71031722
19.61500 0.71025686
19.62000 0.71019652
19.62500 0.71013620
19.63000 0.71007591
19.63500 0.71001563
19.64000 0.70995537
19.64500 0.70989513
19.65000 0.70983492
19.65500 0.70977472
19.66000 0.70971454
19.66500 0.70965439
19.67000 0.70959425
19.67500 0.70953414
19.68000 0.70947404
19.68500 0.70941397
19.69000 0.70935392
19.69500 0.70929388
19.70000 0.70923387
19.70500 0.70917388
19.71000 0.70911391
19.71500 0.70905395
19.72000 0.70899402
19.72500 0.70893411
19.73000 0.70887422
19.73500 0.70881435
19.74000 0.70875450
19.74500 0.70869467
19.75000 0.70863486
19.75500 0.70857506
19.76000 0.70851529
19.76500 0.70845554
19.77000 0.70839581
19.77500 0.70833611
19.78000 0.70827642
19.78500 0.70821675
19.79000 0.70815710
19.79500 0.70809747
19.80000 0.70803786
19.80500 0.70797827
19.81000 0.70791870
19.81500 0.70785915
19.82000 0.70779962
19.82500 0.70774011
19.83000 0.70768062
19.83500 0.70762116
19.84000 0.70756171
19.84500 0.70750228
19.85000 0.70744287
19.85500 0.70738348
19.86000 0.70732411
19.86500 0.70726476
19.87000 0.70720543
19.87500 0.70714612
19.88000 0.70708683
19.88500 0.70702756
19.89000 0.70696831
19.89500 0.70690908
19.90000 0.70684987
19.90500 0.70679068
19.91000 0.70673151
19.91500 0.70667236
19.92000 0.70661323
19.92500 0.70655412
19.93000 0.70649503
19.93500 0.70643596
19.94000 0.70637691
19.94500 0.70631787
19.95000 0.70625886
19.95500 0.70619987
19.96000 0.70614090
19.96500 0.70608194
19.97000 0.70602301
19.97500 0.70596410
19.98000 0.70590520
19.98500 0.70584633
19.99000 0.70578747
19.99500 0.70572864
20.00000 0.70566982
20.00500 0.70561102
20.01000 0.70555225
20.01500 0.70549349
20.02000 0.70543475
20.02500 0.70537604
20.03000 0.70531734
20.03500 0.70525866
20.04000 0.70520000
20.04500 0.70514136
20.05000 0.70508274
20.05500 0.70502414
20.06000 0.70496556
20.06500 0.70490700
20.07000 0.70484846
20.07500 0.70478993
20.08000 0.70473143
20.08500 0.70467295
20.09000 0.70461448
20.09500 0.70455604
20.10000 0.70449761
20.10500 0.70443920
20.11000 0.70438082
20.11500 0.70432245
20.12000 0.70426410
20.12500 0.70420577
20.13000 0.70414746
20.13500 0.70408917
20.14000 0.70403090
20.14500 0.70397265
20.15000 0.70391442
20.15500 0.70385620
20.16000 0.70379801
20.16500 0.70373983
20.17000 0.70368168
20.17500 0.70362354
20.18000 0.70356543
20.18500 0.70350733
20.19000 0.70344925
20.19500 0.70339119
20.20000 0.70333315
20.20500 0.70327513
20.21000 0.70321713
20.21500 0.70315914
20.22000 0.70310118
20.22500 0.70304323
20.23000 0.70298531
20.23500 0.70292740
20.24000 0.70286951
20.24500 0.70281165
20.25000 0.70275380
