0.25000 -4.8634521768869945
0.27000 -4.4631044402304578
0.29000 -6.5191322423108202
0.31000 -5.4293176773856358
0.33000 -6.8349898314015709
0.35000 -6.6271389399050875
0.37000 -6.3682319527760809
0.39000 -5.8986970672414420
0.41000 -5.3960462985183630
0.43000 -4.8884090880305786
0.45000 -4.4067487782739603
0.47000 -3.9620735849919813
0.49000 -3.5594083161033514
0.51000 -3.1978493244908668
0.53000 -2.8754516553965153
0.55000 -2.5902215824175756
0.57000 -2.3368415956077913
0.59000 -2.1125936356062436
0.61000 -1.9147596995901237
0.63000 -1.7389161954990682
0.65000 -1.5831988516498694
0.67000 -1.4448464292667049
0.69000 -1.3217895011748135
0.71000 -1.2120482722061119
0.73000 -1.1139871105778074
0.75000 -1.0261986297440544
0.77000 -0.9473596281443785
0.79000 -0.8765630058610306
0.81000 -0.8125370904391720
0.83000 -0.7552034172204207
0.85000 -0.7024506601741031
0.87000 -0.6555098807474457
0.89000 -0.6126304393158643
0.91000 -0.5727185716040277
0.93000 -0.5374057322048846
0.95000 -0.5042846793808924
0.97000 -0.4742671724216468
0.99000 -0.4467813754481519
1.01000 -0.4212727851612280
1.03000 -0.3978654798640623
1.05000 -0.3763831478119372
1.07000 -0.3564418971143540
1.09000 -0.3378664546411017
1.11000 -0.3205425777993639
1.13000 -0.3044706771192576
1.15000 -0.2896284588219805
1.17000 -0.2758099418142395
1.19000 -0.2628864077432180
1.21000 -0.2508117349295235
1.23000 -0.2395040244081159
1.25000 -0.2288872947477788
1.27000 -0.2188914615380149
1.29000 -0.2094537999430823
1.31000 -0.2006402204275670
1.33000 -0.1923815475032148
1.35000 -0.1845648910942660
1.37000 -0.1771851942389268
1.39000 -0.1702014382209960
1.41000 -0.1636099271392494
1.43000 -0.1573365126326248
1.45000 -0.1513981481224280
1.47000 -0.1458323593082206
1.49000 -0.1404365871631591
1.51000 -0.1354125118589386
1.53000 -0.1306444339906412
1.55000 -0.1259492274268206
1.57000 -0.1216871162740968
1.59000 -0.1175638958145902
1.61000 -0.1134839864155509
1.63000 -0.1097574301497234
1.65000 -0.1062416157332144
1.67000 -0.1027056163119960
1.69000 -0.0993550057608317
1.71000 -0.0962634784072713
1.73000 -0.0933126073077162
1.75000 -0.0903663795234072
1.77000 -0.0875112705659917
1.79000 -0.0848947939446898
1.81000 -0.0823804220074706
1.83000 -0.0799690246487683
1.85000 -0.0775872836230110
1.87000 -0.0752568290757899
1.89000 -0.0731024869232016
1.91000 -0.0710470378318881
1.93000 -0.0690524043518020
1.95000 -0.0671390007513095
1.97000 -0.0652437546141971
1.99000 -0.0634053707801452
2.01000 -0.0616787096483634
2.03000 -0.0600375775691719
2.05000 -0.0584461231824956
2.07000 -0.0568895062386457
2.09000 -0.0554251596276631
2.11000 -0.0539475571454534
2.13000 -0.0525508097428198
2.15000 -0.0511939371363596
2.17000 -0.0498553312175409
2.19000 -0.0486635113395098
2.21000 -0.0474151410061879
2.23000 -0.0462181253130245
2.25000 -0.0451360955503605
2.27000 -0.0440176074149173
2.29000 -0.0429021981664460
2.31000 -0.0418997998033466
2.33000 -0.0409124045839398
2.35000 -0.0398900461108867
2.37000 -0.0389504496382115
2.39000 -0.0380780047796667
2.41000 -0.0372041220036284
2.43000 -0.0363117709277841
2.45000 -0.0354720878347620
2.47000 -0.0347002594956736
2.49000 -0.0339211587178576
2.51000 -0.0331330588460368
2.53000 -0.0323791776333723
2.55000 -0.0316735387934780
2.57000 -0.0309823265463166
2.59000 -0.0303087411236344
2.61000 -0.0296388377608175
2.63000 -0.0289873414612007
2.65000 -0.0283714396117143
2.67000 -0.0277806993156243
2.69000 -0.0271968444258419
2.71000 -0.0266318688092043
2.73000 -0.0260424137818807
2.75000 -0.0255007080313119
2.77000 -0.0249884855281837
2.79000 -0.0244667465636519
2.81000 -0.0239949750208135
2.83000 -0.0234825485133372
2.85000 -0.0229979072608605
2.87000 -0.0225497924543142
2.89000 -0.0220831510421710
2.91000 -0.0216503903910717
2.93000 -0.0212464980669721
2.95000 -0.0208155297625259
2.97000 -0.0204006346520708
2.99000 -0.0200203328498683
3.01000 -0.0196245089527716
3.03000 -0.0192299530873616
3.05000 -0.0188732520271795
3.07000 -0.0185323301435739
3.09000 -0.0181742119999273
3.11000 -0.0178200893884844
3.13000 -0.0174960076678235
3.15000 -0.0171776424881184
3.17000 -0.0168516040470815
3.19000 -0.0165309645061215
3.21000 -0.0162306013759203
3.23000 -0.0159413428204441
3.25000 -0.0156569652407998
3.27000 -0.0153715999668541
3.29000 -0.0150910666255055
3.31000 -0.0148222682946897
3.33000 -0.0145698967127239
3.35000 -0.0143048379938268
3.37000 -0.0140456225816710
3.39000 -0.0137985414743608
3.41000 -0.0135588022892597
3.43000 -0.0133387822974507
3.45000 -0.0130976304706445
3.47000 -0.0128722918157909
3.49000 -0.0126553632755558
3.51000 -0.0124316482776401
3.53000 -0.0122285688537033
3.55000 -0.0120285710003554
3.57000 -0.0118177246001203
3.59000 -0.0116180314062818
3.61000 -0.0114278534582395
3.63000 -0.0112331997943922
3.65000 -0.0110478640892760
3.67000 -0.0108768725029344
3.69000 -0.0106980646793521
3.71000 -0.0105165048744013
3.73000 -0.0103487529864998
3.75000 -0.0101842332687722
3.77000 -0.0100160136322011
3.79000 -0.0098556227601763
3.81000 -0.0097039339445881
3.83000 -0.0095520417370092
3.85000 -0.0093959168418790
3.87000 -0.0092428497056561
3.89000 -0.0091010640204670
3.91000 -0.0089652545946957
3.93000 -0.0088213996619554
3.95000 -0.0086854322137175
3.97000 -0.0085521648087936
3.99000 -0.0084241444436514
4.01000 -0.0082968820164925
4.03000 -0.0081635493308883
4.05000 -0.0080428491679163
4.07000 -0.0079198107468849
4.09000 -0.0078039012192492
4.11000 -0.0076876613534262
4.13000 -0.0075678202602139
4.15000 -0.0074594969229347
4.17000 -0.0073496769382314
4.19000 -0.0072371980752023
4.21000 -0.0071345804303520
4.23000 -0.0070290685320884
4.25000 -0.0069229611761139
4.27000 -0.0068269498721719
4.29000 -0.0067307415509144
4.31000 -0.0066300337169152
4.33000 -0.0065353730109921
4.35000 -0.0064441033980310
4.37000 -0.0063487328458636
4.39000 -0.0062574226113166
4.41000 -0.0061720811564935
4.43000 -0.0060873606979803
4.45000 -0.0059989147273808
4.47000 -0.0059120682737411
4.49000 -0.0058320348186175
4.51000 -0.0057523128140120
4.53000 -0.0056723881360250
4.55000 -0.0055927007430560
4.57000 -0.0055191317106795
4.59000 -0.0054421432390921
4.61000 -0.0053646818853545
4.63000 -0.0052920745797699
4.65000 -0.0052217469063975
4.67000 -0.0051544475688538
4.69000 -0.0050818038223668
4.71000 -0.0050137183189858
4.73000 -0.0049473007795488
4.75000 -0.0048811710832118
4.77000 -0.0048179434339671
4.79000 -0.0047512381407683
4.81000 -0.0046878880495364
4.83000 -0.0046299158014407
4.85000 -0.0045680460434259
4.87000 -0.0045071977925089
4.89000 -0.0044494156336769
4.91000 -0.0043902736489645
4.93000 -0.0043330802344636
4.95000 -0.0042794816913251
4.97000 -0.0042246119957325
4.99000 -0.0041683521027208
5.01000 -0.0041161182006214
5.03000 -0.0040654096304660
5.05000 -0.0040122569038882
5.07000 -0.0039602654723289
5.09000 -0.0039111844748162
5.11000 -0.0038624884770612
5.13000 -0.0038127602680973
5.15000 -0.0037659488973454
5.17000 -0.0037197896789708
5.19000 -0.0036737554092586
5.21000 -0.0036268393869762
5.23000 -0.0035823107332085
5.25000 -0.0035388893816247
5.27000 -0.0034945066805514
5.29000 -0.0034527618663488
5.31000 -0.0034096357668691
5.33000 -0.0033693649775617
5.35000 -0.0033282586348396
5.37000 -0.0032864847453705
5.39000 -0.0032481355977283
5.41000 -0.0032089752968582
5.43000 -0.0031706596207055
5.45000 -0.0031332481886803
5.47000 -0.0030939951555647
5.49000 -0.0030571665663413
5.51000 -0.0030226414864977
5.53000 -0.0029863536708634
5.55000 -0.0029511472475832
5.57000 -0.0029173911958100
5.59000 -0.0028822550947501
5.61000 -0.0028480128819522
5.63000 -0.0028156176435506
5.65000 -0.0027823806401234
5.67000 -0.0027494639113189
5.69000 -0.0027186858216066
5.71000 -0.0026878411987438
5.73000 -0.0026565126435424
5.75000 -0.0026254151461354
5.77000 -0.0025956717469855
5.79000 -0.0025659852263826
5.81000 -0.0025373857468272
5.83000 -0.0025083906583789
5.85000 -0.0024799341595029
5.87000 -0.0024518192766852
5.89000 -0.0024237518225084
5.91000 -0.0023975683114200
5.93000 -0.0023702086222530
5.95000 -0.0023439773620335
5.97000 -0.0023172738012299
5.99000 -0.0022912039886885
6.01000 -0.0022670732426761
6.03000 -0.0022416183375652
6.05000 -0.0022168577615972
6.07000 -0.0021929753750774
6.09000 -0.0021680771154081
6.11000 -0.0021443738915626
6.13000 -0.0021212473509495
6.15000 -0.0020978913029511
6.17000 -0.0020755617224921
6.19000 -0.0020531528773134
6.21000 -0.0020302844904417
6.23000 -0.0020087490212872
6.25000 -0.0019877435838804
6.27000 -0.0019658715657948
6.29000 -0.0019446788164165
6.31000 -0.0019244475448973
6.33000 -0.0019036130362998
6.35000 -0.0018832565940735
6.37000 -0.0018637215100197
6.39000 -0.0018441307257297
6.41000 -0.0018241147641852
6.43000 -0.0018052894431089
6.45000 -0.0017865007008455
6.47000 -0.0017676198785926
6.49000 -0.0017489949987425
6.51000 -0.0017307923874492
6.53000 -0.0017134199397847
6.55000 -0.0016950766445860
6.57000 -0.0016778125525203
6.59000 -0.0016605230914249
6.61000 -0.0016433033271819
6.63000 -0.0016267021141561
6.65000 -0.0016096665775463
6.67000 -0.0015933586477133
6.69000 -0.0015772597936926
6.71000 -0.0015608305503102
6.73000 -0.0015452147812157
6.75000 -0.0015297424546708
6.77000 -0.0015140669989457
6.79000 -0.0014989468338431
6.81000 -0.0014838859008735
6.83000 -0.0014688262832581
6.85000 -0.0014544155419946
6.87000 -0.0014399181486914
6.89000 -0.0014252236335555
6.91000 -0.0014112742871032
6.93000 -0.0013974884448438
6.95000 -0.0013833372442332
6.97000 -0.0013696764590565
6.99000 -0.0013563004261363
7.01000 -0.0013430064144115
7.03000 -0.0013297992394745
7.05000 -0.0013170636395735
7.07000 -0.0013039903323797
7.09000 -0.0012911418249655
7.11000 -0.0012787177115781
7.13000 -0.0012662998176080
7.15000 -0.0012540929995863
7.17000 -0.0012417600697701
7.19000 -0.0012302806711752
7.21000 -0.0012182860206766
7.23000 -0.0012063378520936
7.25000 -0.0011949915471217
7.27000 -0.0011835136902623
7.29000 -0.0011723554418919
7.31000 -0.0011612188081760
7.33000 -0.0011501509727257
7.35000 -0.0011393829170078
7.37000 -0.0011284549171833
7.39000 -0.0011176885627955
7.41000 -0.0011074432881147
7.43000 -0.0010970907893086
7.45000 -0.0010867129214727
7.47000 -0.0010766077998721
7.49000 -0.0010664749174917
7.51000 -0.0010565615847502
7.53000 -0.0010468826075125
7.55000 -0.0010371040007687
7.57000 -0.0010274545428866
7.59000 -0.0010181568838898
7.61000 -0.0010087905948954
7.63000 -0.0009994483643472
7.65000 -0.0009902109917616
7.67000 -0.0009812946692202
7.69000 -0.0009722586420853
7.71000 -0.0009634182123949
7.73000 -0.0009547206449891
7.75000 -0.0009459316884473
7.77000 -0.0009374931920179
7.79000 -0.0009289856440532
7.81000 -0.0009207561527461
7.83000 -0.0009123130779477
7.85000 -0.0009041070773985
7.87000 -0.0008962190165343
7.89000 -0.0008880546246287
7.91000 -0.0008801407454413
7.93000 -0.0008723391869969
7.95000 -0.0008645615139601
7.97000 -0.0008569806045355
7.99000 -0.0008493219599837
8.01000 -0.0008418135086577
8.03000 -0.0008345126573280
8.05000 -0.0008270857119845
8.07000 -0.0008198145109821
8.09000 -0.0008127674562021
8.11000 -0.0008056061720496
8.13000 -0.0007985531567598
8.15000 -0.0007916749335084
8.17000 -0.0007847589505311
8.19000 -0.0007779589277467
8.21000 -0.0007713244465878
8.23000 -0.0007645232042927
8.25000 -0.0007579395470622
8.27000 -0.0007515238045590
8.29000 -0.0007451059231417
8.31000 -0.0007386483130874
8.33000 -0.0007324166711488
8.35000 -0.0007261856263888
8.37000 -0.0007198810375933
8.39000 -0.0007138501643099
8.41000 -0.0007077639338320
8.43000 -0.0007018579758176
8.45000 -0.0006958858983844
8.47000 -0.0006900544090131
8.49000 -0.0006843091037399
8.51000 -0.0006784512426687
8.53000 -0.0006728443158535
8.55000 -0.0006672424075933
8.57000 -0.0006615999328247
8.59000 -0.0006561364702430
8.61000 -0.0006507021436432
8.63000 -0.0006453715309558
8.65000 -0.0006400379579628
8.67000 -0.0006346195435478
8.69000 -0.0006294341944359
8.71000 -0.0006243475827485
8.73000 -0.0006191385269055
8.75000 -0.0006140905414384
8.77000 -0.0006091273644336
8.79000 -0.0006041089035264
8.81000 -0.0005991739829986
8.83000 -0.0005943507821321
8.85000 -0.0005895077945760
8.87000 -0.0005847539531582
8.89000 -0.0005800244473088
8.91000 -0.0005753644440228
8.93000 -0.0005707447700218
8.95000 -0.0005661881497497
8.97000 -0.0005615937020975
8.99000 -0.0005570377509950
9.01000 -0.0005527109828846
9.03000 -0.0005482818019042
9.05000 -0.0005439275358246
9.07000 -0.0005395643563021
9.09000 -0.0005353096911055
9.11000 -0.0005311104915237
9.13000 -0.0005268698285814
9.15000 -0.0005227867435828
9.17000 -0.0005186694021324
9.19000 -0.0005145708997789
9.21000 -0.0005105911453189
9.23000 -0.0005065535066059
9.25000 -0.0005025785477890
9.27000 -0.0004987116279838
9.29000 -0.0004948370714922
9.31000 -0.0004910092514868
9.33000 -0.0004871954571543
9.35000 -0.0004834152405632
9.37000 -0.0004797397925964
9.39000 -0.0004760339605142
9.41000 -0.0004723422724999
9.43000 -0.0004687442153178
9.45000 -0.0004651683456827
9.47000 -0.0004615859764724
9.49000 -0.0004581162038261
9.51000 -0.0004546262771625
9.53000 -0.0004511615837866
9.55000 -0.0004477410321842
9.57000 -0.0004443584701586
9.59000 -0.0004409860467243
9.61000 -0.0004376611933109
9.63000 -0.0004344230986227
9.65000 -0.0004310969446003
9.67000 -0.0004279034262339
9.69000 -0.0004247142143185
9.71000 -0.0004215325271999
9.73000 -0.0004183952481349
9.75000 -0.0004152594587636
9.77000 -0.0004122188475980
9.79000 -0.0004091430124385
9.81000 -0.0004061018027933
9.83000 -0.0004031510867329
9.85000 -0.0004001513794795
9.87000 -0.0003972097459976
9.89000 -0.0003943152956931
9.91000 -0.0003914122160067
9.93000 -0.0003885671823363
9.95000 -0.0003857166157653
9.97000 -0.0003828971393421
9.99000 -0.0003801396038228
10.01000 -0.0003773587072160
10.03000 -0.0003746290049012
10.05000 -0.0003719510515560
10.07000 -0.0003692488853742
10.09000 -0.0003665559826158
10.11000 -0.0003639587264383
10.13000 -0.0003613393750879
10.15000 -0.0003587484619268
10.17000 -0.0003561964410492
10.19000 -0.0003536501170034
10.21000 -0.0003511212477453
10.23000 -0.0003486212191324
10.25000 -0.0003461730234064
10.27000 -0.0003436875265720
10.29000 -0.0003412822509406
10.31000 -0.0003388617524601
10.33000 -0.0003364679672033
10.35000 -0.0003341294036157
10.37000 -0.0003317693548274
10.39000 -0.0003294463896564
10.41000 -0.0003271259610849
10.43000 -0.0003248526855501
10.45000 -0.0003226092561495
10.47000 -0.0003203355573422
10.49000 -0.0003181222451264
10.51000 -0.0003159285376711
10.53000 -0.0003137252645169
10.55000 -0.0003115832518212
10.57000 -0.0003094317850994
10.59000 -0.0003072777312544
10.61000 -0.0003051786121987
10.63000 -0.0003030868286381
10.65000 -0.0003010215935025
10.67000 -0.0002989689479056
10.69000 -0.0002969166715879
10.71000 -0.0002948930834766
10.73000 -0.0002929114563746
10.75000 -0.0002908991359428
10.77000 -0.0002889374431988
10.79000 -0.0002870030120679
10.81000 -0.0002850563689174
10.83000 -0.0002831300899026
10.85000 -0.0002812266597981
10.87000 -0.0002793540483572
10.89000 -0.0002774650385753
10.91000 -0.0002756300855958
10.93000 -0.0002737722852239
10.95000 -0.0002719456515445
10.97000 -0.0002701576651189
10.99000 -0.0002683466864516
11.01000 -0.0002665761016877
11.03000 -0.0002648148226311
11.05000 -0.0002630708255402
11.07000 -0.0002613296102953
11.09000 -0.0002595919256464
11.11000 -0.0002579133968027
11.13000 -0.0002562203387825
11.15000 -0.0002545218838208
11.17000 -0.0002528749941649
11.19000 -0.0002512294476186
11.21000 -0.0002495885225925
11.23000 -0.0002479738901197
11.25000 -0.0002463539305279
11.27000 -0.0002447594852489
11.29000 -0.0002431805542526
11.31000 -0.0002416056946522
11.33000 -0.0002400470592700
11.35000 -0.0002385090215606
11.37000 -0.0002369662606330
11.39000 -0.0002354642631049
11.41000 -0.0002339598170146
11.43000 -0.0002324475765949
11.45000 -0.0002309717124591
11.47000 -0.0002295051596685
11.49000 -0.0002280467646318
11.51000 -0.0002265861857951
11.53000 -0.0002251745018743
11.55000 -0.0002237406186972
11.57000 -0.0002223209903934
11.59000 -0.0002209296636694
11.61000 -0.0002195278949943
11.63000 -0.0002181608990681
11.65000 -0.0002167928690299
11.67000 -0.0002154343676109
11.69000 -0.0002140890396820
11.71000 -0.0002127442486500
11.73000 -0.0002114307353328
11.75000 -0.0002101122416245
11.77000 -0.0002088074572189
11.79000 -0.0002075269602431
11.81000 -0.0002062268058146
11.83000 -0.0002049482734131
11.85000 -0.0002037024331766
11.87000 -0.0002024447768711
11.89000 -0.0002011969098270
11.91000 -0.0001999627089345
11.93000 -0.0001987391729050
11.95000 -0.0001975266905336
11.97000 -0.0001963259216656
11.99000 -0.0001951201752254
12.01000 -0.0001939397908761
12.03000 -0.0001927594104299
12.05000 -0.0001915869197230
12.07000 -0.0001904388697519
12.09000 -0.0001892797032391
12.11000 -0.0001881361312399
12.13000 -0.0001870045652618
12.15000 -0.0001858921289469
12.17000 -0.0001847631513931
12.19000 -0.0001836564845516
12.21000 -0.0001825659822971
12.23000 -0.0001814687408588
12.25000 -0.0001803939356834
12.27000 -0.0001793146841948
12.29000 -0.0001782462530440
12.31000 -0.0001771946018733
12.33000 -0.0001761404442441
12.35000 -0.0001750991812481
12.37000 -0.0001740647786498
12.39000 -0.0001730440697418
12.41000 -0.0001720298510848
12.43000 -0.0001710065305506
12.45000 -0.0001700078866747
12.47000 -0.0001690185545775
12.49000 -0.0001680190739144
12.51000 -0.0001670437254232
12.53000 -0.0001660741197340
12.55000 -0.0001651029139793
12.57000 -0.0001641421967964
12.59000 -0.0001631929925396
12.61000 -0.0001622472180478
12.63000 -0.0001613140367812
12.65000 -0.0001603765150196
12.67000 -0.0001594521875647
12.69000 -0.0001585418430653
12.71000 -0.0001576228351400
12.73000 -0.0001567210688481
12.75000 -0.0001558244993542
12.77000 -0.0001549351565013
12.79000 -0.0001540432031065
12.81000 -0.0001531737382331
12.83000 -0.0001523041668911
12.85000 -0.0001514270586093
12.87000 -0.0001505761481214
12.89000 -0.0001497237993309
12.91000 -0.0001488762516044
12.93000 -0.0001480356657570
12.95000 -0.0001471980209163
12.97000 -0.0001463738678875
12.99000 -0.0001455486538585
13.01000 -0.0001447311491574
13.03000 -0.0001439235239233
13.05000 -0.0001431157742229
13.07000 -0.0001423183216241
13.09000 -0.0001415252010636
13.11000 -0.0001407325475773
13.13000 -0.0001399566304863
13.15000 -0.0001391790534818
13.17000 -0.0001384023663904
13.19000 -0.0001376386541633
13.21000 -0.0001368817834687
13.23000 -0.0001361226251075
13.25000 -0.0001353757756936
13.27000 -0.0001346306022394
13.29000 -0.0001338917193262
13.31000 -0.0001331590293759
13.33000 -0.0001324236527725
13.35000 -0.0001317043678978
13.37000 -0.0001309860490472
13.39000 -0.0001302734988027
13.41000 -0.0001295604281411
13.43000 -0.0001288604179958
13.45000 -0.0001281606832378
13.47000 -0.0001274620606544
13.49000 -0.0001267804830302
13.51000 -0.0001260917902209
13.53000 -0.0001254101614223
13.55000 -0.0001247383381482
13.57000 -0.0001240656056622
13.59000 -0.0001234004922985
13.61000 -0.0001227375518928
13.63000 -0.0001220815529831
13.65000 -0.0001214316134625
13.67000 -0.0001207804232062
13.69000 -0.0001201385150217
13.71000 -0.0001195002382638
13.73000 -0.0001188625454573
13.75000 -0.0001182360403161
13.77000 -0.0001176070796739
13.79000 -0.0001169840732531
13.81000 -0.0001163695123336
13.83000 -0.0001157545621855
13.85000 -0.0001151421020161
13.87000 -0.0001145412039955
13.89000 -0.0001139384895026
13.91000 -0.0001133395326376
13.93000 -0.0001127481842698
13.95000 -0.0001121571913034
13.97000 -0.0001115749990229
13.99000 -0.0001109905234126
14.01000 -0.0001104134136551
14.03000 -0.0001098401189881
14.05000 -0.0001092714003049
14.07000 -0.0001087023442179
14.09000 -0.0001081392319441
14.11000 -0.0001075858401933
14.13000 -0.0001070266815711
14.15000 -0.0001064762134798
14.17000 -0.0001059308517640
14.19000 -0.0001053824219728
14.21000 -0.0001048427490657
14.23000 -0.0001043072050174
14.25000 -0.0001037738811983
14.27000 -0.0001032431685716
14.29000 -0.0001027151397791
14.31000 -0.0001021941565659
14.33000 -0.0001016748629734
14.35000 -0.0001011562153486
14.37000 -0.0001006448958462
14.39000 -0.0001001335028349
14.41000 -0.0000996286620911
14.43000 -0.0000991267074934
14.45000 -0.0000986239271673
14.47000 -0.0000981266732366
14.49000 -0.0000976370755079
14.51000 -0.0000971444496026
14.53000 -0.0000966561843584
14.55000 -0.0000961744995708
14.57000 -0.0000956920085705
14.59000 -0.0000952153475422
14.61000 -0.0000947387589385
14.63000 -0.0000942691183361
14.65000 -0.0000937994228730
14.67000 -0.0000933332304671
14.69000 -0.0000928698220756
14.71000 -0.0000924103109572
14.73000 -0.0000919556587993
14.75000 -0.0000914975656005
14.77000 -0.0000910478099164
14.79000 -0.0000906009869992
14.81000 -0.0000901522741008
14.83000 -0.0000897116003446
14.85000 -0.0000892715593288
14.87000 -0.0000888334841884
14.89000 -0.0000883999390616
14.91000 -0.0000879676546450
14.93000 -0.0000875381772278
14.95000 -0.0000871106409662
14.97000 -0.0000866874623300
14.99000 -0.0000862689195254
15.01000 -0.0000858477763703
15.03000 -0.0000854314730937
15.05000 -0.0000850187771746
15.07000 -0.0000846075306170
15.09000 -0.0000841999779361
15.11000 -0.0000837947254986
15.13000 -0.0000833888537648
15.15000 -0.0000829896967119
15.17000 -0.0000825932612233
15.19000 -0.0000821936132437
15.21000 -0.0000818019567014
15.23000 -0.0000814107349242
15.25000 -0.0000810227941597
15.27000 -0.0000806353232883
15.29000 -0.0000802506581153
15.31000 -0.0000798701315589
15.33000 -0.0000794909082134
15.35000 -0.0000791141106619
15.37000 -0.0000787373465039
15.39000 -0.0000783670543823
15.41000 -0.0000779964094613
15.43000 -0.0000776262394208
15.45000 -0.0000772632901668
15.47000 -0.0000768986603995
15.49000 -0.0000765364117569
15.51000 -0.0000761782347272
15.53000 -0.0000758204367346
15.55000 -0.0000754656671355
15.57000 -0.0000751127970586
15.59000 -0.0000747622224545
15.61000 -0.0000744138537682
15.63000 -0.0000740655737696
15.65000 -0.0000737230491498
15.67000 -0.0000733803482388
15.69000 -0.0000730384461679
15.71000 -0.0000727009028065
15.73000 -0.0000723646819550
15.75000 -0.0000720294806873
15.77000 -0.0000716983768363
15.79000 -0.0000713669984654
15.81000 -0.0000710367376901
15.83000 -0.0000707130430599
15.85000 -0.0000703872116842
15.87000 -0.0000700639977893
15.89000 -0.0000697427155090
15.91000 -0.0000694243534188
15.93000 -0.0000691070915770
15.95000 -0.0000687911450893
15.97000 -0.0000684782109489
15.99000 -0.0000681659394729
16.01000 -0.0000678573224087
16.03000 -0.0000675476981207
16.05000 -0.0000672410209110
16.07000 -0.0000669387845934
16.09000 -0.0000666338306147
16.11000 -0.0000663329608255
16.13000 -0.0000660350682555
16.15000 -0.0000657360645952
16.17000 -0.0000654405175882
16.19000 -0.0000651470999542
16.21000 -0.0000648539850295
16.23000 -0.0000645631629756
16.25000 -0.0000642737000775
16.27000 -0.0000639870255306
16.29000 -0.0000637005253233
16.31000 -0.0000634157600564
16.33000 -0.0000631340680689
16.35000 -0.0000628528763324
16.37000 -0.0000625725170462
16.39000 -0.0000622959364215
16.41000 -0.0000620193228371
16.43000 -0.0000617436097909
16.45000 -0.0000614718126662
16.47000 -0.0000611990241470
16.49000 -0.0000609299134584
16.51000 -0.0000606614836487
16.53000 -0.0000603934426340
16.55000 -0.0000601276318232
16.57000 -0.0000598640147870
16.59000 -0.0000596024310635
16.61000 -0.0000593401688464
16.63000 -0.0000590804909335
16.65000 -0.0000588221392168
16.67000 -0.0000585653838793
16.69000 -0.0000583110220265
16.71000 -0.0000580554033666
16.73000 -0.0000578035943763
16.75000 -0.0000575534426974
16.77000 -0.0000573021040340
16.79000 -0.0000570544113256
16.81000 -0.0000568078054215
16.83000 -0.0000565615043951
16.85000 -0.0000563174741217
16.87000 -0.0000560741227756
16.89000 -0.0000558332737682
16.91000 -0.0000555922942229
16.93000 -0.0000553531955515
16.95000 -0.0000551163793425
16.97000 -0.0000548794748794
16.99000 -0.0000546438731937
17.01000 -0.0000544110969388
17.03000 -0.0000541779674509
17.05000 -0.0000539465098027
17.07000 -0.0000537174530118
17.09000 -0.0000534871335590
17.11000 -0.0000532607523623
17.13000 -0.0000530345077750
17.15000 -0.0000528087922783
17.17000 -0.0000525853776755
17.19000 -0.0000523626437349
17.21000 -0.0000521409753481
17.23000 -0.0000519205516254
17.25000 -0.0000517023711170
17.27000 -0.0000514841355312
17.29000 -0.0000512667317452
17.31000 -0.0000510515971944
17.33000 -0.0000508370294645
17.35000 -0.0000506244779170
17.37000 -0.0000504120428128
17.39000 -0.0000501999234282
17.41000 -0.0000499911269065
17.43000 -0.0000497823813422
17.45000 -0.0000495739896616
17.47000 -0.0000493681918262
17.49000 -0.0000491624850638
17.51000 -0.0000489583709944
17.53000 -0.0000487544447089
17.55000 -0.0000485523791310
17.57000 -0.0000483517544579
17.59000 -0.0000481511768392
17.61000 -0.0000479522580497
17.63000 -0.0000477546752142
17.65000 -0.0000475570234235
17.67000 -0.0000473611560126
17.69000 -0.0000471670385041
17.71000 -0.0000469720718484
17.73000 -0.0000467798792324
17.75000 -0.0000465880094919
17.77000 -0.0000463970379044
17.79000 -0.0000462071225466
17.81000 -0.0000460180925484
17.83000 -0.0000458305242715
17.85000 -0.0000456434712075
17.87000 -0.0000454575576399
17.89000 -0.0000452723772099
17.91000 -0.0000450884180252
17.93000 -0.0000449059155746
17.95000 -0.0000447229018142
17.97000 -0.0000445417979843
17.99000 -0.0000443618939326
18.01000 -0.0000441824504500
18.03000 -0.0000440046261149
18.05000 -0.0000438258724016
18.07000 -0.0000436495080532
18.09000 -0.0000434750332522
18.11000 -0.0000432992968737
18.13000 -0.0000431252535852
18.15000 -0.0000429524755607
18.17000 -0.0000427806232280
18.19000 -0.0000426089807968
18.21000 -0.0000424385294701
18.23000 -0.0000422696144579
18.25000 -0.0000421005879898
18.27000 -0.0000419323766248
18.29000 -0.0000417657616391
18.31000 -0.0000416001313258
18.33000 -0.0000414339231328
18.35000 -0.0000412701253380
18.37000 -0.0000411066395766
18.39000 -0.0000409430683801
18.41000 -0.0000407817763934
18.43000 -0.0000406204857077
18.45000 -0.0000404599591677
18.47000 -0.0000403007202263
18.49000 -0.0000401418314821
18.51000 -0.0000399836667681
18.53000 -0.0000398266675715
18.55000 -0.0000396704741539
18.57000 -0.0000395143887229
18.59000 -0.0000393600323775
18.61000 -0.0000392061088456
18.63000 -0.0000390521551728
18.65000 -0.0000389001235737
18.67000 -0.0000387482817100
18.69000 -0.0000385971935836
18.71000 -0.0000384469977556
18.73000 -0.0000382970146481
18.75000 -0.0000381488788042
18.77000 -0.0000380008457427
18.79000 -0.0000378530366774
18.81000 -0.0000377063844557
18.83000 -0.0000375607834766
18.85000 -0.0000374157165754
18.87000 -0.0000372712039183
18.89000 -0.0000371271056433
18.91000 -0.0000369842587545
18.93000 -0.0000368421922744
18.95000 -0.0000366999553577
18.97000 -0.0000365597439475
18.99000 -0.0000364190435621
19.01000 -0.0000362791509074
19.03000 -0.0000361409032042
19.05000 -0.0000360020717665
19.07000 -0.0000358646996650
19.09000 -0.0000357281736748
19.11000 -0.0000355915570453
19.13000 -0.0000354558329311
19.15000 -0.0000353212958014
19.17000 -0.0000351869347461
19.19000 -0.0000350529479574
19.21000 -0.0000349205011695
19.23000 -0.0000347878286507
19.25000 -0.0000346560159042
19.27000 -0.0000345253450395
19.29000 -0.0000343946002321
19.31000 -0.0000342647410011
19.33000 -0.0000341357820916
19.35000 -0.0000340070159532
19.37000 -0.0000338792130201
19.39000 -0.0000337516874258
19.41000 -0.0000336248429274
19.43000 -0.0000334990828479
19.45000 -0.0000333734413802
19.47000 -0.0000332481498930
19.49000 -0.0000331239512815
19.51000 -0.0000330004426563
19.53000 -0.0000328771053350
19.55000 -0.0000327543389547
19.57000 -0.0000326322792572
19.59000 -0.0000325113423596
19.61000 -0.0000323900118965
19.63000 -0.0000322698137743
19.65000 -0.0000321503123603
19.67000 -0.0000320307278964
19.69000 -0.0000319122441146
19.71000 -0.0000317945606908
19.73000 -0.0000316768347663
19.75000 -0.0000315595637731
19.77000 -0.0000314435695363
19.79000 -0.0000313276290759
19.81000 -0.0000312122510997
19.83000 -0.0000310973781448
19.85000 -0.0000309833504339
19.87000 -0.0000308697054464
19.89000 -0.0000307562831540
19.91000 -0.0000306435042272
19.93000 -0.0000305316301755
19.95000 -0.0000304203511339
19.97000 -0.0000303083530495
19.99000 -0.0000301984990833
20.01000 -0.0000300882203267
20.03000 -0.0000299785639021
20.05000 -0.0000298698648281
20.07000 -0.0000297606676716
20.09000 -0.0000296531044077
20.11000 -0.0000295456671282
20.13000 -0.0000294383514961
20.15000 -0.0000293315753630
20.17000 -0.0000292255926491
20.19000 -0.0000291203866576
20.21000 -0.0000290151993144
20.23000 -0.0000289100544719
20.25000 -0.0000288063019618
20.27000 -0.0000287026710993
20.29000 -0.0000285993130220
20.31000 -0.0000284965146098
20.33000 -0.0000283943131594
20.35000 -0.0000282926934918
20.37000 -0.0000281911382259
20.39000 -0.0000280903900401
20.41000 -0.0000279898749577
20.43000 -0.0000278897697038
20.45000 -0.0000277904906119
20.47000 -0.0000276914092785
20.49000 -0.0000275928073792
20.51000 -0.0000274945652183
20.53000 -0.0000273966520043
20.55000 -0.0000272995825164
20.57000 -0.0000272028291819
20.59000 -0.0000271061857855
20.61000 -0.0000270102013672
20.63000 -0.0000269147642541
20.65000 -0.0000268197326327
20.67000 -0.0000267247675812
20.69000 -0.0000266306113446
20.71000 -0.0000265367981495
20.73000 -0.0000264434966979
20.75000 -0.0000263502245197
20.77000 -0.0000262574378473
20.79000 -0.0000261658164753
20.81000 -0.0000260736456297
20.83000 -0.0000259823534215
20.85000 -0.0000258913379018
20.87000 -0.0000258010819740
20.89000 -0.0000257104433229
20.91000 -0.0000256205729375
20.93000 -0.0000255319767065
20.95000 -0.0000254424686614
20.97000 -0.0000253538730809
20.99000 -0.0000252657337326
21.01000 -0.0000251780731680
21.03000 -0.0000250904507674
21.05000 -0.0000250034988374
21.07000 -0.0000249170727454
21.09000 -0.0000248303155381
21.11000 -0.0000247448136200
21.13000 -0.0000246593440112
21.15000 -0.0000245738060976
21.17000 -0.0000244894805389
21.19000 -0.0000244048412121
21.21000 -0.0000243205989202
21.23000 -0.0000242375629116
21.25000 -0.0000241538048243
21.27000 -0.0000240708336510
21.29000 -0.0000239885054095
21.31000 -0.0000239059917695
21.33000 -0.0000238243875583
21.35000 -0.0000237428559886
21.37000 -0.0000236616013241
21.39000 -0.0000235807319851
21.41000 -0.0000235005116495
21.43000 -0.0000234203416209
21.45000 -0.0000233403853970
21.47000 -0.0000232611503843
21.49000 -0.0000231820094804
21.51000 -0.0000231032896807
21.53000 -0.0000230249831788
21.55000 -0.0000229469390538
21.57000 -0.0000228690868326
21.59000 -0.0000227916058422
21.61000 -0.0000227149520981
21.63000 -0.0000226376940197
21.65000 -0.0000225615093014
21.67000 -0.0000224857437357
21.69000 -0.0000224096672208
21.71000 -0.0000223343095320
21.73000 -0.0000222591201113
21.75000 -0.0000221844855854
21.77000 -0.0000221098812002
21.79000 -0.0000220359570435
21.81000 -0.0000219618823995
21.83000 -0.0000218885215942
21.85000 -0.0000218153008678
21.87000 -0.0000217421985364
21.89000 -0.0000216698260898
21.91000 -0.0000215973742796
21.93000 -0.0000215255690876
21.95000 -0.0000214539015893
21.97000 -0.0000213824214411
21.99000 -0.0000213112956102
22.01000 -0.0000212406255778
22.03000 -0.0000211701444135
22.05000 -0.0000210998833423
22.07000 -0.0000210300485793
22.09000 -0.0000209605536053
22.11000 -0.0000208911356096
22.13000 -0.0000208221352486
22.15000 -0.0000207534727251
22.17000 -0.0000206849129838
22.19000 -0.0000206167830204
22.21000 -0.0000205490331782
22.23000 -0.0000204815812747
22.25000 -0.0000204139359496
22.27000 -0.0000203469489521
22.29000 -0.0000202805912255
22.31000 -0.0000202137243575
22.33000 -0.0000201475930123
22.35000 -0.0000200818751819
22.37000 -0.0000200162427865
22.39000 -0.0000199504642407
22.41000 -0.0000198857031102
22.43000 -0.0000198210039961
22.45000 -0.0000197561426853
22.47000 -0.0000196919871902
22.49000 -0.0000196277672934
22.51000 -0.0000195642647048
22.53000 -0.0000195007228681
22.55000 -0.0000194372419635
22.57000 -0.0000193744666577
22.59000 -0.0000193117739682
22.61000 -0.0000192490110223
22.63000 -0.0000191870466997
22.65000 -0.0000191251899300
22.67000 -0.0000190633030195
22.69000 -0.0000190016940984
22.71000 -0.0000189407335302
22.73000 -0.0000188797794672
22.75000 -0.0000188190227290
22.77000 -0.0000187585142732
22.79000 -0.0000186981712665
22.81000 -0.0000186384599161
22.83000 -0.0000185788116662
22.85000 -0.0000185189517801
22.87000 -0.0000184598347892
22.89000 -0.0000184011332647
22.91000 -0.0000183421435592
22.93000 -0.0000182832770191
22.95000 -0.0000182255126789
22.97000 -0.0000181676006704
22.99000 -0.0000181090069155
23.01000 -0.0000180518670758
23.03000 -0.0000179948844454
23.05000 -0.0000179371259599
23.07000 -0.0000178803575678
23.09000 -0.0000178240631889
23.11000 -0.0000177672271427
23.13000 -0.0000177112855632
23.15000 -0.0000176551232401
23.17000 -0.0000175992046457
23.19000 -0.0000175441098281
23.21000 -0.0000174885845822
23.23000 -0.0000174333403616
23.25000 -0.0000173786293516
23.27000 -0.0000173238376769
23.29000 -0.0000172694215698
23.31000 -0.0000172154452152
23.33000 -0.0000171610200009
23.35000 -0.0000171075000954
23.37000 -0.0000170538917189
23.39000 -0.0000170004197352
23.41000 -0.0000169474315224
23.43000 -0.0000168942713551
23.45000 -0.0000168416487353
23.47000 -0.0000167891334515
23.49000 -0.0000167367944590
23.51000 -0.0000166846408651
23.53000 -0.0000166326590088
23.55000 -0.0000165810787409
23.57000 -0.0000165296277100
23.59000 -0.0000164783017960
23.61000 -0.0000164269453075
23.63000 -0.0000163762833589
23.65000 -0.0000163257404557
23.67000 -0.0000162747202867
23.69000 -0.0000162249929204
23.71000 -0.0000161746280432
23.73000 -0.0000161244802233
23.75000 -0.0000160752966927
23.77000 -0.0000160254008414
23.79000 -0.0000159759540666
23.81000 -0.0000159272137579
23.83000 -0.0000158781004837
23.85000 -0.0000158292077362
23.87000 -0.0000157808076502
23.89000 -0.0000157324372713
23.91000 -0.0000156841397508
23.93000 -0.0000156361362660
23.95000 -0.0000155884250820
23.97000 -0.0000155407928280
23.99000 -0.0000154932653079
24.01000 -0.0000154460467854
24.03000 -0.0000153989512114
24.05000 -0.0000153519057276
24.07000 -0.0000153054819253
24.09000 -0.0000152589184777
24.11000 -0.0000152122741487
24.13000 -0.0000151662716674
24.15000 -0.0000151202507546
24.17000 -0.0000150744870146
24.19000 -0.0000150287685942
24.21000 -0.0000149832700500
24.23000 -0.0000149381251726
24.25000 -0.0000148927350486
24.27000 -0.0000148479982649
24.29000 -0.0000148031040551
24.31000 -0.0000147584357929
24.33000 -0.0000147143590715
24.35000 -0.0000146695589703
24.37000 -0.0000146255683346
24.39000 -0.0000145822110897
24.41000 -0.0000145377561985
24.43000 -0.0000144942391422
24.45000 -0.0000144512177832
24.47000 -0.0000144076547567
24.49000 -0.0000143644861630
24.51000 -0.0000143216215796
24.53000 -0.0000142788771258
24.55000 -0.0000142362185408
24.57000 -0.0000141937640027
24.59000 -0.0000141515306418
24.61000 -0.0000141094332398
24.63000 -0.0000140670721599
24.65000 -0.0000140256061973
24.67000 -0.0000139839880127
24.69000 -0.0000139422631426
24.71000 -0.0000139010248625
24.73000 -0.0000138596417329
24.75000 -0.0000138189542274
24.77000 -0.0000137779111037
24.79000 -0.0000137369820380
24.81000 -0.0000136965729557
24.83000 -0.0000136560331186
24.85000 -0.0000136160746306
24.87000 -0.0000135756887502
24.89000 -0.0000135354581276
24.91000 -0.0000134959949032
24.93000 -0.0000134562768914
24.95000 -0.0000134167405918
24.97000 -0.0000133771611410
24.99000 -0.0000133380650275
25.01000 -0.0000132990409050
25.03000 -0.0000132598771373
25.05000 -0.0000132212361718
25.07000 -0.0000131826255641
25.09000 -0.0000131438508081
25.11000 -0.0000131056979505
25.13000 -0.0000130674427442
25.15000 -0.0000130291996810
25.17000 -0.0000129915516279
25.19000 -0.0000129533675453
25.21000 -0.0000129159159496
25.23000 -0.0000128783398876
25.25000 -0.0000128408616205
25.27000 -0.0000128037250940
25.29000 -0.0000127665521384
25.31000 -0.0000127296001431
25.33000 -0.0000126927413892
25.35000 -0.0000126558845868
25.37000 -0.0000126193812344
25.39000 -0.0000125831133707
25.41000 -0.0000125465289200
25.43000 -0.0000125105442499
25.45000 -0.0000124745535082
25.47000 -0.0000124383411557
25.49000 -0.0000124027244638
25.51000 -0.0000123670062906
25.53000 -0.0000123317274361
25.55000 -0.0000122960331153
25.57000 -0.0000122607956773
25.59000 -0.0000122258986789
25.61000 -0.0000121906434600
25.63000 -0.0000121557885285
25.65000 -0.0000121211382945
25.67000 -0.0000120864136841
25.69000 -0.0000120519432108
25.71000 -0.0000120175195750
25.73000 -0.0000119833886737
25.75000 -0.0000119491252830
25.77000 -0.0000119149442916
25.79000 -0.0000118814250973
25.81000 -0.0000118474607295
25.83000 -0.0000118139877221
25.85000 -0.0000117800556636
25.87000 -0.0000117468515384
25.89000 -0.0000117139804801
25.91000 -0.0000116802231949
25.93000 -0.0000116474330181
25.95000 -0.0000116145292169
25.97000 -0.0000115816158747
25.99000 -0.0000115490707275
26.01000 -0.0000115163395313
26.03000 -0.0000114839828185
26.05000 -0.0000114515213718
26.07000 -0.0000114194571767
26.09000 -0.0000113871809117
26.11000 -0.0000113552609156
26.13000 -0.0000113235315222
26.15000 -0.0000112914523651
26.17000 -0.0000112599170439
26.19000 -0.0000112285519424
26.21000 -0.0000111969461480
26.23000 -0.0000111655168618
26.25000 -0.0000111344434107
26.27000 -0.0000111033834037
26.29000 -0.0000110724198907
26.31000 -0.0000110414394641
26.33000 -0.0000110104880942
26.35000 -0.0000109802306136
26.37000 -0.0000109492640649
26.39000 -0.0000109191156551
26.41000 -0.0000108888560061
26.43000 -0.0000108582108149
26.45000 -0.0000108282898707
26.47000 -0.0000107983743475
26.49000 -0.0000107684152394
26.51000 -0.0000107384294599
26.53000 -0.0000107090430274
26.55000 -0.0000106792025310
26.57000 -0.0000106495253154
26.59000 -0.0000106206321949
26.61000 -0.0000105910239346
26.63000 -0.0000105617290087
26.65000 -0.0000105328976877
26.67000 -0.0000105036055808
26.69000 -0.0000104751895092
26.71000 -0.0000104461038344
26.73000 -0.0000104172380357
26.75000 -0.0000103889000267
26.77000 -0.0000103603254448
26.79000 -0.0000103322170698
26.81000 -0.0000103034536198
26.83000 -0.0000102754593029
26.85000 -0.0000102477306155
26.87000 -0.0000102192369150
26.89000 -0.0000101914431755
26.91000 -0.0000101636774084
26.93000 -0.0000101359517567
26.95000 -0.0000101086053590
26.97000 -0.0000100807994764
26.99000 -0.0000100533663425
27.01000 -0.0000100261379060
27.03000 -0.0000099989550060
27.05000 -0.0000099718417117
27.07000 -0.0000099446069868
27.09000 -0.0000099177148698
27.11000 -0.0000098909615307
27.13000 -0.0000098641904107
27.15000 -0.0000098373401439
27.17000 -0.0000098108951518
27.19000 -0.0000097845548937
27.21000 -0.0000097578607521
27.23000 -0.0000097315313360
27.25000 -0.0000097056095799
27.27000 -0.0000096792805975
27.29000 -0.0000096531881880
27.31000 -0.0000096275166658
27.33000 -0.0000096012913332
27.35000 -0.0000095755972596
27.37000 -0.0000095501304347
27.39000 -0.0000095243537449
27.41000 -0.0000094987802346
27.43000 -0.0000094734877495
27.45000 -0.0000094480770863
27.47000 -0.0000094227186817
27.49000 -0.0000093978431807
27.51000 -0.0000093725602366
27.53000 -0.0000093473759549
27.55000 -0.0000093227561088
27.57000 -0.0000092979092307
27.59000 -0.0000092729825554
27.61000 -0.0000092483564210
27.63000 -0.0000092238191911
27.65000 -0.0000091993671795
27.67000 -0.0000091749557170
27.69000 -0.0000091505321115
27.71000 -0.0000091261904717
27.73000 -0.0000091023102684
27.75000 -0.0000090780063588
27.77000 -0.0000090538993403
27.79000 -0.0000090301264730
27.81000 -0.0000090063971905
27.83000 -0.0000089825464775
27.85000 -0.0000089586419880
27.87000 -0.0000089351867918
27.89000 -0.0000089115975883
27.91000 -0.0000088883763631
27.93000 -0.0000088648285761
27.95000 -0.0000088414997979
27.97000 -0.0000088181139907
27.99000 -0.0000087952898003
28.01000 -0.0000087723144720
28.03000 -0.0000087487328580
28.05000 -0.0000087263848491
28.07000 -0.0000087033689717
28.09000 -0.0000086805855472
28.11000 -0.0000086579974960
28.13000 -0.0000086351386111
28.15000 -0.0000086127793265
28.17000 -0.0000085904343534
28.19000 -0.0000085679057165
28.21000 -0.0000085455178090
28.23000 -0.0000085233395862
28.25000 -0.0000085014040078
28.27000 -0.0000084790100288
28.29000 -0.0000084569471651
28.31000 -0.0000084352767826
28.33000 -0.0000084131484331
28.35000 -0.0000083915632689
28.37000 -0.0000083699091494
28.39000 -0.0000083478105071
28.41000 -0.0000083264973692
28.43000 -0.0000083050707153
28.45000 -0.0000082835037657
28.47000 -0.0000082620469711
28.49000 -0.0000082408611185
28.51000 -0.0000082196778680
28.53000 -0.0000081983728617
28.55000 -0.0000081772506518
28.57000 -0.0000081562147444
28.59000 -0.0000081355996159
28.61000 -0.0000081143128241
28.63000 -0.0000080934678447
28.65000 -0.0000080730677135
28.67000 -0.0000080519864864
28.69000 -0.0000080315697669
28.71000 -0.0000080110639259
28.73000 -0.0000079903902505
28.75000 -0.0000079701319329
28.77000 -0.0000079496911441
28.79000 -0.0000079293901089
28.81000 -0.0000079091595469
28.83000 -0.0000078890662449
28.85000 -0.0000078689499578
28.87000 -0.0000078488893987
28.89000 -0.0000078287911093
28.91000 -0.0000078094005871
28.93000 -0.0000077889534015
28.95000 -0.0000077693125371
28.97000 -0.0000077499366516
28.99000 -0.0000077298068120
29.01000 -0.0000077107416589
29.03000 -0.0000076909325263
29.05000 -0.0000076713279826
29.07000 -0.0000076522932956
29.09000 -0.0000076327015455
29.11000 -0.0000076135119259
29.13000 -0.0000075943470262
29.15000 -0.0000075750718632
29.17000 -0.0000075561273818
29.19000 -0.0000075369418822
29.21000 -0.0000075180930275
29.23000 -0.0000074992307286
29.25000 -0.0000074803219174
29.27000 -0.0000074614852057
29.29000 -0.0000074427745867
29.31000 -0.0000074242417769
29.33000 -0.0000074055344105
29.35000 -0.0000073869117203
29.37000 -0.0000073684780066
29.39000 -0.0000073502472555
29.41000 -0.0000073316119885
29.43000 -0.0000073134418443
29.45000 -0.0000072951327054
29.47000 -0.0000072768305054
29.49000 -0.0000072589587336
29.51000 -0.0000072405882288
29.53000 -0.0000072227448631
29.55000 -0.0000072047791995
29.57000 -0.0000071867457731
29.59000 -0.0000071689934805
29.61000 -0.0000071512701360
29.63000 -0.0000071332866914
29.65000 -0.0000071158380837
29.67000 -0.0000070979938507
29.69000 -0.0000070806506275
29.71000 -0.0000070630299569
29.73000 -0.0000070452797242
29.75000 -0.0000070284192962
29.77000 -0.0000070107014812
29.79000 -0.0000069934037944
29.81000 -0.0000069763868077
29.83000 -0.0000069589797249
29.85000 -0.0000069417293094
29.87000 -0.0000069249458598
29.89000 -0.0000069078036477
29.91000 -0.0000068907685547
29.93000 -0.0000068738196558
29.95000 -0.0000068570371820
29.97000 -0.0000068402796448
29.99000 -0.0000068233472258
30.01000 -0.0000068065259375
30.03000 -0.0000067901725909
30.05000 -0.0000067733661561
30.07000 -0.0000067568563591
30.09000 -0.0000067403427674
30.11000 -0.0000067238164906
30.13000 -0.0000067076679497
30.15000 -0.0000066909118220
30.17000 -0.0000066748403679
30.19000 -0.0000066585031759
30.21000 -0.0000066424784510
30.23000 -0.0000066261075403
30.25000 -0.0000066100687207
30.27000 -0.0000065940894238
30.29000 -0.0000065778644467
30.31000 -0.0000065622052063
30.33000 -0.0000065460328130
30.35000 -0.0000065303351919
30.37000 -0.0000065144026241
30.39000 -0.0000064987988949
30.41000 -0.0000064830882633
30.43000 -0.0000064671851858
30.45000 -0.0000064517688067
30.47000 -0.0000064359219993
30.49000 -0.0000064209014624
30.51000 -0.0000064052383189
30.53000 -0.0000063893053175
30.55000 -0.0000063746171969
30.57000 -0.0000063588646067
30.59000 -0.0000063437738135
30.61000 -0.0000063285817559
30.63000 -0.0000063130931689
30.65000 -0.0000062981954721
30.67000 -0.0000062830487341
30.69000 -0.0000062680154036
30.71000 -0.0000062527584022
30.73000 -0.0000062381860745
30.75000 -0.0000062230979918
30.77000 -0.0000062081825141
30.79000 -0.0000061932263788
30.81000 -0.0000061786545932
30.83000 -0.0000061639801336
30.85000 -0.0000061489942912
30.87000 -0.0000061345948937
30.89000 -0.0000061198521294
30.91000 -0.0000061054359268
30.93000 -0.0000060906924036
30.95000 -0.0000060763838622
30.97000 -0.0000060620878976
30.99000 -0.0000060471943208
31.01000 -0.0000060334291816
31.03000 -0.0000060189718877
31.05000 -0.0000060042863693
31.07000 -0.0000059906260725
31.09000 -0.0000059764120736
31.11000 -0.0000059618995938
31.13000 -0.0000059479280225
31.15000 -0.0000059342085282
31.17000 -0.0000059199147320
31.19000 -0.0000059059832762
31.21000 -0.0000058920307869
31.23000 -0.0000058783128105
31.25000 -0.0000058644763308
31.27000 -0.0000058504082655
31.29000 -0.0000058369164536
31.31000 -0.0000058231339672
31.33000 -0.0000058094075340
31.35000 -0.0000057959250463
31.37000 -0.0000057820684005
31.39000 -0.0000057688661790
31.41000 -0.0000057551174113
31.43000 -0.0000057416285268
31.45000 -0.0000057284294495
31.47000 -0.0000057145179430
31.49000 -0.0000057018965287
31.51000 -0.0000056883823823
31.53000 -0.0000056744455055
31.55000 -0.0000056620584957
31.57000 -0.0000056484526258
31.59000 -0.0000056351893638
31.61000 -0.0000056225252319
31.63000 -0.0000056091044353
31.65000 -0.0000055962322450
31.67000 -0.0000055830534423
31.69000 -0.0000055700808549
31.71000 -0.0000055573573087
31.73000 -0.0000055444637596
31.75000 -0.0000055315216383
31.77000 -0.0000055186689637
31.79000 -0.0000055059685110
31.81000 -0.0000054932795509
31.83000 -0.0000054803524999
31.85000 -0.0000054679362167
31.87000 -0.0000054554353656
31.89000 -0.0000054424262406
31.91000 -0.0000054301614203
31.93000 -0.0000054176890838
31.95000 -0.0000054051222049
31.97000 -0.0000053925862257
31.99000 -0.0000053803099129
32.01000 -0.0000053680266612
32.03000 -0.0000053555146429
32.05000 -0.0000053432903718
32.07000 -0.0000053310228411
32.09000 -0.0000053187720070
32.11000 -0.0000053067536259
32.13000 -0.0000052944139958
32.15000 -0.0000052823402119
32.17000 -0.0000052702735839
32.19000 -0.0000052582622501
32.21000 -0.0000052463827553
32.23000 -0.0000052339424027
32.25000 -0.0000052223476195
32.27000 -0.0000052106885430
32.29000 -0.0000051982673808
32.31000 -0.0000051867514190
32.33000 -0.0000051749986674
32.35000 -0.0000051628017183
32.37000 -0.0000051516368211
32.39000 -0.0000051397319560
32.41000 -0.0000051278678569
32.43000 -0.0000051163857222
32.45000 -0.0000051047308741
32.47000 -0.0000050932669540
32.49000 -0.0000050817453544
32.51000 -0.0000050701421143
32.53000 -0.0000050586527155
32.55000 -0.0000050471338263
32.57000 -0.0000050359520156
32.59000 -0.0000050247230422
32.61000 -0.0000050129221520
32.63000 -0.0000050017789389
32.65000 -0.0000049907441461
32.67000 -0.0000049793704316
32.69000 -0.0000049680555893
32.71000 -0.0000049568455894
32.73000 -0.0000049459912077
32.75000 -0.0000049345564527
32.77000 -0.0000049236646661
32.79000 -0.0000049126678203
32.81000 -0.0000049015200536
32.83000 -0.0000048904220517
32.85000 -0.0000048794951369
32.87000 -0.0000048690460301
32.89000 -0.0000048576930239
32.91000 -0.0000048467837816
32.93000 -0.0000048361537214
32.95000 -0.0000048253491047
32.97000 -0.0000048145045893
32.99000 -0.0000048036971536
33.01000 -0.0000047931606600
33.03000 -0.0000047824578499
33.05000 -0.0000047716738330
33.07000 -0.0000047611121859
33.09000 -0.0000047506667654
33.11000 -0.0000047397766051
33.13000 -0.0000047295939951
33.15000 -0.0000047190333238
33.17000 -0.0000047082689310
33.19000 -0.0000046983740683
33.21000 -0.0000046872555750
33.23000 -0.0000046774536284
33.25000 -0.0000046670639358
33.27000 -0.0000046562830631
33.29000 -0.0000046464291832
33.31000 -0.0000046360192161
33.33000 -0.0000046257825044
33.35000 -0.0000046156109533
33.37000 -0.0000046054216213
33.39000 -0.0000045949914880
33.41000 -0.0000045853171520
33.43000 -0.0000045751879932
33.45000 -0.0000045649084556
33.47000 -0.0000045547259540
33.49000 -0.0000045449191285
33.51000 -0.0000045351672721
33.53000 -0.0000045248543410
33.55000 -0.0000045150422030
33.57000 -0.0000045051153563
33.59000 -0.0000044954644391
33.61000 -0.0000044852794439
33.63000 -0.0000044756937956
33.65000 -0.0000044659693695
33.67000 -0.0000044557415483
33.69000 -0.0000044465461044
33.71000 -0.0000044366727089
33.73000 -0.0000044268658834
33.75000 -0.0000044174854746
33.77000 -0.0000044075114652
33.79000 -0.0000043980084331
33.81000 -0.0000043886516600
33.83000 -0.0000043786691937
33.85000 -0.0000043696983965
33.87000 -0.0000043601428891
33.89000 -0.0000043499743738
33.91000 -0.0000043412870954
33.93000 -0.0000043315674398
33.95000 -0.0000043221803090
33.97000 -0.0000043129033331
33.99000 -0.0000043036103110
34.01000 -0.0000042940310595
34.03000 -0.0000042847321828
34.05000 -0.0000042760703832
34.07000 -0.0000042662146602
34.09000 -0.0000042571320817
34.11000 -0.0000042482536586
34.13000 -0.0000042385995972
34.15000 -0.0000042296426778
34.17000 -0.0000042208679043
34.19000 -0.0000042113485008
34.21000 -0.0000042025331782
34.23000 -0.0000041934344452
34.25000 -0.0000041842543970
34.27000 -0.0000041756156909
34.29000 -0.0000041663592064
34.31000 -0.0000041575830235
34.33000 -0.0000041485374164
34.35000 -0.0000041397676303
34.37000 -0.0000041308229623
34.39000 -0.0000041218837154
34.41000 -0.0000041133557064
34.43000 -0.0000041043037025
34.45000 -0.0000040957701640
34.47000 -0.0000040868317844
34.49000 -0.0000040780695877
34.51000 -0.0000040694131008
34.53000 -0.0000040608566856
34.55000 -0.0000040522315321
34.57000 -0.0000040434072106
34.59000 -0.0000040347481215
34.61000 -0.0000040266745016
34.63000 -0.0000040176039579
34.65000 -0.0000040090146914
34.67000 -0.0000040008655026
34.69000 -0.0000039924023289
34.71000 -0.0000039836698393
34.73000 -0.0000039748912712
34.75000 -0.0000039673935795
34.77000 -0.0000039584354674
34.79000 -0.0000039498085792
34.81000 -0.0000039420850481
34.83000 -0.0000039333222009
34.85000 -0.0000039251415703
34.87000 -0.0000039167923462
34.89000 -0.0000039085286656
34.91000 -0.0000039004970044
34.93000 -0.0000038919279041
34.95000 -0.0000038839725706
34.97000 -0.0000038758244661
34.99000 -0.0000038674624484
35.01000 -0.0000038595614335
35.03000 -0.0000038512367124
35.05000 -0.0000038432681516
35.07000 -0.0000038353321170
35.09000 -0.0000038270182379
35.11000 -0.0000038190369920
35.13000 -0.0000038112824528
35.15000 -0.0000038029760547
35.17000 -0.0000037952525237
35.19000 -0.0000037872274761
35.21000 -0.0000037791715287
35.23000 -0.0000037716238552
35.25000 -0.0000037634149269
35.27000 -0.0000037557621943
35.29000 -0.0000037477774790
35.31000 -0.0000037400008221
35.33000 -0.0000037324655085
35.35000 -0.0000037242385825
35.37000 -0.0000037166267243
35.39000 -0.0000037090695099
35.41000 -0.0000037014488696
35.43000 -0.0000036935579378
35.45000 -0.0000036857302150
35.47000 -0.0000036782415221
35.49000 -0.0000036707686587
35.51000 -0.0000036630764611
35.53000 -0.0000036553018641
35.55000 -0.0000036478662972
35.57000 -0.0000036403998305
35.59000 -0.0000036326734806
35.61000 -0.0000036251864141
35.63000 -0.0000036180010810
35.65000 -0.0000036103244960
35.67000 -0.0000036026363099
35.69000 -0.0000035955034523
35.71000 -0.0000035881062661
35.73000 -0.0000035805112130
35.75000 -0.0000035732537805
35.77000 -0.0000035659104792
35.79000 -0.0000035585554685
35.81000 -0.0000035511845201
35.83000 -0.0000035441352544
35.85000 -0.0000035364465262
35.87000 -0.0000035294278351
35.89000 -0.0000035222027118
35.91000 -0.0000035149954778
35.93000 -0.0000035077410811
35.95000 -0.0000035004227164
35.97000 -0.0000034934985677
35.99000 -0.0000034863319913
36.01000 -0.0000034789970384
36.03000 -0.0000034719361717
36.05000 -0.0000034651033128
36.07000 -0.0000034576204747
36.09000 -0.0000034509100221
36.11000 -0.0000034437911507
36.13000 -0.0000034365928072
36.15000 -0.0000034299600920
36.17000 -0.0000034226345716
36.19000 -0.0000034157293964
36.21000 -0.0000034089223415
36.23000 -0.0000034018998556
36.25000 -0.0000033950089918
36.27000 -0.0000033881741813
36.29000 -0.0000033811294693
36.31000 -0.0000033743880086
36.33000 -0.0000033676872055
36.35000 -0.0000033605779834
36.37000 -0.0000033540640968
36.39000 -0.0000033469058688
36.41000 -0.0000033405811754
36.43000 -0.0000033336993105
36.45000 -0.0000033265436846
36.47000 -0.0000033203884520
36.49000 -0.0000033134748200
36.51000 -0.0000033068580426
36.53000 -0.0000032999163298
36.55000 -0.0000032935558577
36.57000 -0.0000032868288169
36.59000 -0.0000032802562749
36.61000 -0.0000032736438343
36.63000 -0.0000032669283945
36.65000 -0.0000032606115074
36.67000 -0.0000032539794427
36.69000 -0.0000032473663515
36.71000 -0.0000032408038926
36.73000 -0.0000032344249891
36.75000 -0.0000032278928879
36.77000 -0.0000032216813852
36.79000 -0.0000032147768605
36.81000 -0.0000032086450467
36.83000 -0.0000032021845028
36.85000 -0.0000031955859400
36.87000 -0.0000031896315016
36.89000 -0.0000031828978472
36.91000 -0.0000031765466993
36.93000 -0.0000031704482789
36.95000 -0.0000031641610989
36.97000 -0.0000031576399481
36.99000 -0.0000031511498055
37.01000 -0.0000031454075455
37.03000 -0.0000031389355091
37.05000 -0.0000031325428362
37.07000 -0.0000031264662083
37.09000 -0.0000031201678611
37.11000 -0.0000031141433833
37.13000 -0.0000031078347361
37.15000 -0.0000031017555061
37.17000 -0.0000030954827460
37.19000 -0.0000030894824459
37.21000 -0.0000030832765811
37.23000 -0.0000030772303108
37.25000 -0.0000030711924974
37.27000 -0.0000030649427224
37.29000 -0.0000030591583954
37.31000 -0.0000030529826714
37.33000 -0.0000030469227402
37.35000 -0.0000030406661347
37.37000 -0.0000030353089833
37.39000 -0.0000030291451856
37.41000 -0.0000030225302513
37.43000 -0.0000030172562582
37.45000 -0.0000030112589939
37.47000 -0.0000030051251201
37.49000 -0.0000029993963042
37.51000 -0.0000029933955705
37.53000 -0.0000029875344820
37.55000 -0.0000029817294467
37.57000 -0.0000029757714305
37.59000 -0.0000029700782849
37.61000 -0.0000029642212079
37.63000 -0.0000029584528187
37.65000 -0.0000029526018132
37.67000 -0.0000029467636014
37.69000 -0.0000029411499278
37.71000 -0.0000029352825509
37.73000 -0.0000029297656965
37.75000 -0.0000029239382183
37.77000 -0.0000029180154387
37.79000 -0.0000029125639617
37.81000 -0.0000029069746827
37.83000 -0.0000029011337603
37.85000 -0.0000028954117749
37.87000 -0.0000028899931493
37.89000 -0.0000028845102305
37.91000 -0.0000028783793925
37.93000 -0.0000028732020018
37.95000 -0.0000028677300335
37.97000 -0.0000028616335647
37.99000 -0.0000028567038058
38.01000 -0.0000028508228764
38.03000 -0.0000028451491380
38.05000 -0.0000028401357871
38.07000 -0.0000028342679766
38.09000 -0.0000028287544833
38.11000 -0.0000028235337245
38.13000 -0.0000028182064972
38.15000 -0.0000028121537217
38.17000 -0.0000028071836305
38.19000 -0.0000028020200092
38.21000 -0.0000027958145781
38.23000 -0.0000027911686634
38.25000 -0.0000027855070681
38.27000 -0.0000027801133791
38.29000 -0.0000027748759237
38.31000 -0.0000027694295425
38.33000 -0.0000027641748482
38.35000 -0.0000027589268760
38.37000 -0.0000027535672310
38.39000 -0.0000027481705063
38.41000 -0.0000027430867907
38.43000 -0.0000027377898126
38.45000 -0.0000027324532611
38.47000 -0.0000027272681726
38.49000 -0.0000027222219704
38.51000 -0.0000027167178012
38.53000 -0.0000027115984154
38.55000 -0.0000027066891480
38.57000 -0.0000027010748239
38.59000 -0.0000026963033585
38.61000 -0.0000026912400260
38.63000 -0.0000026855139206
38.65000 -0.0000026808649701
38.67000 -0.0000026758312363
38.69000 -0.0000026704449199
38.71000 -0.0000026654510847
38.73000 -0.0000026606102304
38.75000 -0.0000026551803291
38.77000 -0.0000026503401253
38.79000 -0.0000026455394949
38.81000 -0.0000026400098470
38.83000 -0.0000026353047348
38.85000 -0.0000026303553519
38.87000 -0.0000026252309788
38.89000 -0.0000026202859327
38.91000 -0.0000026154310922
38.93000 -0.0000026103624470
38.95000 -0.0000026055172559
38.97000 -0.0000026005748119
38.99000 -0.0000025954813385
39.01000 -0.0000025909722501
39.03000 -0.0000025856390596
39.05000 -0.0000025809921691
39.07000 -0.0000025762505193
39.09000 -0.0000025711565039
39.11000 -0.0000025665888685
39.13000 -0.0000025612913483
39.15000 -0.0000025568502393
39.17000 -0.0000025519614633
39.19000 -0.0000025470690010
39.21000 -0.0000025427275303
39.23000 -0.0000025373633316
39.25000 -0.0000025327577492
39.27000 -0.0000025282290367
39.29000 -0.0000025233632458
39.31000 -0.0000025185344261
39.33000 -0.0000025139577919
39.35000 -0.0000025091982528
39.37000 -0.0000025044203907
39.39000 -0.0000024999704997
39.41000 -0.0000024951703030
39.43000 -0.0000024903982956
39.45000 -0.0000024857416472
39.47000 -0.0000024813269928
39.49000 -0.0000024767063400
39.51000 -0.0000024718384891
39.53000 -0.0000024672161016
39.55000 -0.0000024629504165
39.57000 -0.0000024583451594
39.59000 -0.0000024532902836
39.61000 -0.0000024491354040
39.63000 -0.0000024445513972
39.65000 -0.0000024397778719
39.67000 -0.0000024355324615
39.69000 -0.0000024310513455
39.71000 -0.0000024263919866
39.73000 -0.0000024216499032
39.75000 -0.0000024174773511
39.77000 -0.0000024129961267
39.79000 -0.0000024085693292
39.81000 -0.0000024038705054
39.83000 -0.0000023995299020
39.85000 -0.0000023953400027
39.87000 -0.0000023903791273
39.89000 -0.0000023865445210
39.91000 -0.0000023818831022
39.93000 -0.0000023773391025
39.95000 -0.0000023733865350
39.97000 -0.0000023684599204
39.99000 -0.0000023644446860
40.01000 -0.0000023600652682
40.03000 -0.0000023557353984
40.05000 -0.0000023513423196
40.07000 -0.0000023468258586
40.09000 -0.0000023429020226
40.11000 -0.0000023384915965
40.13000 -0.0000023339854355
40.15000 -0.0000023297326525
40.17000 -0.0000023257491853
40.19000 -0.0000023213589254
40.21000 -0.0000023169428615
40.23000 -0.0000023128299406
40.25000 -0.0000023084366450
40.27000 -0.0000023046244817
40.29000 -0.0000023001783854
40.31000 -0.0000022956612739
40.33000 -0.0000022918255835
40.35000 -0.0000022876508630
40.37000 -0.0000022834888277
40.39000 -0.0000022790685355
40.41000 -0.0000022750711905
40.43000 -0.0000022709749662
40.45000 -0.0000022668984745
40.47000 -0.0000022625701226
40.49000 -0.0000022584454923
40.51000 -0.0000022547355693
40.53000 -0.0000022501335647
40.55000 -0.0000022461982361
40.57000 -0.0000022424953604
40.59000 -0.0000022379172083
40.61000 -0.0000022340231878
40.63000 -0.0000022300787519
40.65000 -0.0000022258953578
40.67000 -0.0000022220847124
40.69000 -0.0000022178007044
40.71000 -0.0000022138822893
40.73000 -0.0000022099501049
40.75000 -0.0000022059044045
40.77000 -0.0000022020369469
40.79000 -0.0000021978054142
40.81000 -0.0000021939728680
40.83000 -0.0000021900018691
40.85000 -0.0000021860490848
40.87000 -0.0000021822648940
40.89000 -0.0000021782248314
40.91000 -0.0000021740642056
40.93000 -0.0000021704772311
40.95000 -0.0000021667146159
40.97000 -0.0000021622024917
40.99000 -0.0000021587085418
41.01000 -0.0000021550753803
41.03000 -0.0000021507146107
41.05000 -0.0000021471468267
41.07000 -0.0000021432020655
41.09000 -0.0000021393389447
41.11000 -0.0000021357544639
41.13000 -0.0000021314429171
41.15000 -0.0000021280776620
41.17000 -0.0000021241917730
41.19000 -0.0000021201159318
41.21000 -0.0000021166104893
41.23000 -0.0000021128013618
41.25000 -0.0000021089034382
41.27000 -0.0000021050847697
41.29000 -0.0000021015855072
41.31000 -0.0000020976979919
41.33000 -0.0000020938171986
41.35000 -0.0000020904844696
41.37000 -0.0000020863813064
41.39000 -0.0000020824984532
41.41000 -0.0000020796144754
41.43000 -0.0000020752216135
41.45000 -0.0000020713775747
41.47000 -0.0000020683831167
41.49000 -0.0000020644043116
41.51000 -0.0000020605014006
41.53000 -0.0000020569702625
41.55000 -0.0000020535153439
41.57000 -0.0000020497498013
41.59000 -0.0000020462174706
41.61000 -0.0000020422756368
41.63000 -0.0000020389651339
41.65000 -0.0000020355379708
41.67000 -0.0000020314425055
41.69000 -0.0000020278738541
41.71000 -0.0000020249416293
41.73000 -0.0000020208803164
41.75000 -0.0000020169984389
41.77000 -0.0000020141248695
41.79000 -0.0000020101944198
41.81000 -0.0000020068681959
41.83000 -0.0000020030906187
41.85000 -0.0000019995337851
41.87000 -0.0000019963211856
41.89000 -0.0000019925687619
41.91000 -0.0000019890172408
41.93000 -0.0000019858606946
41.95000 -0.0000019821467601
41.97000 -0.0000019785621709
41.99000 -0.0000019752338870
42.01000 -0.0000019716464789
42.03000 -0.0000019684728023
42.05000 -0.0000019648553617
42.07000 -0.0000019612096235
42.09000 -0.0000019579576675
42.11000 -0.0000019547075547
42.13000 -0.0000019511816208
42.15000 -0.0000019474844914
42.17000 -0.0000019444583747
42.19000 -0.0000019408589319
42.21000 -0.0000019375411648
42.23000 -0.0000019342190610
42.25000 -0.0000019307220753
42.27000 -0.0000019275165231
42.29000 -0.0000019238823859
42.31000 -0.0000019206515718
42.33000 -0.0000019176553791
42.35000 -0.0000019140021599
42.37000 -0.0000019103862372
42.39000 -0.0000019076169680
42.41000 -0.0000019040955878
42.43000 -0.0000019006893498
42.45000 -0.0000018975008197
42.47000 -0.0000018941558391
42.49000 -0.0000018910064487
42.51000 -0.0000018873743714
42.53000 -0.0000018844934294
42.55000 -0.0000018812899372
42.57000 -0.0000018774505605
42.59000 -0.0000018748437048
42.61000 -0.0000018713088804
42.63000 -0.0000018679248686
42.65000 -0.0000018651022567
42.67000 -0.0000018615543135
42.69000 -0.0000018585115001
42.71000 -0.0000018552150918
42.73000 -0.0000018520453183
42.75000 -0.0000018488400914
42.77000 -0.0000018456621865
42.79000 -0.0000018426614401
42.81000 -0.0000018391008117
42.83000 -0.0000018362497937
42.85000 -0.0000018330270028
42.87000 -0.0000018298467125
42.89000 -0.0000018266527613
42.91000 -0.0000018236929978
42.93000 -0.0000018204009264
42.95000 -0.0000018172483917
42.97000 -0.0000018143753644
42.99000 -0.0000018110080493
43.01000 -0.0000018078601767
43.03000 -0.0000018050306258
43.05000 -0.0000018020859327
43.07000 -0.0000017983061871
43.09000 -0.0000017958710690
43.11000 -0.0000017927201607
43.13000 -0.0000017892006236
43.15000 -0.0000017866514474
43.17000 -0.0000017835205968
43.19000 -0.0000017803572202
43.21000 -0.0000017772749418
43.23000 -0.0000017742039391
43.25000 -0.0000017715233577
43.27000 -0.0000017682007117
43.29000 -0.0000017653219381
43.31000 -0.0000017623075308
43.33000 -0.0000017590322645
43.35000 -0.0000017565590909
43.37000 -0.0000017532907634
43.39000 -0.0000017501710801
43.41000 -0.0000017475322404
43.43000 -0.0000017443742848
43.45000 -0.0000017411815262
43.47000 -0.0000017388193749
43.49000 -0.0000017354675639
43.51000 -0.0000017324152096
43.53000 -0.0000017298507462
43.55000 -0.0000017268070654
43.57000 -0.0000017236696011
43.59000 -0.0000017209444590
43.61000 -0.0000017181849476
43.63000 -0.0000017149148854
43.65000 -0.0000017121933212
43.67000 -0.0000017094482297
43.69000 -0.0000017064465075
43.71000 -0.0000017034941166
43.73000 -0.0000017007195348
43.75000 -0.0000016979102586
43.77000 -0.0000016948460864
43.79000 -0.0000016921513019
43.81000 -0.0000016894026325
43.83000 -0.0000016864119693
43.85000 -0.0000016835109695
43.87000 -0.0000016808681183
43.89000 -0.0000016779250515
43.91000 -0.0000016750880197
43.93000 -0.0000016725591181
43.95000 -0.0000016692939349
43.97000 -0.0000016669013175
43.99000 -0.0000016638454937
44.01000 -0.0000016610112808
44.03000 -0.0000016588104588
44.05000 -0.0000016553865483
44.07000 -0.0000016526679114
44.09000 -0.0000016504027962
44.11000 -0.0000016470712598
44.13000 -0.0000016446171681
44.15000 -0.0000016419616318
44.17000 -0.0000016390642099
44.19000 -0.0000016362827976
44.21000 -0.0000016336313812
44.23000 -0.0000016309712912
44.25000 -0.0000016281071543
44.27000 -0.0000016256706268
44.29000 -0.0000016227612787
44.31000 -0.0000016199531950
44.33000 -0.0000016174721068
44.35000 -0.0000016146029826
44.37000 -0.0000016121531193
44.39000 -0.0000016094748147
44.41000 -0.0000016065286037
44.43000 -0.0000016038936672
44.45000 -0.0000016014224452
44.47000 -0.0000015990411035
44.49000 -0.0000015958690532
44.51000 -0.0000015930913273
44.53000 -0.0000015911767346
44.55000 -0.0000015881830356
44.57000 -0.0000015852386678
44.59000 -0.0000015831238230
44.61000 -0.0000015802359421
44.63000 -0.0000015777560465
44.65000 -0.0000015750440232
44.67000 -0.0000015724665493
44.69000 -0.0000015699269142
44.71000 -0.0000015672288771
44.73000 -0.0000015647780380
44.75000 -0.0000015622710374
44.77000 -0.0000015595530509
44.79000 -0.0000015568203194
44.81000 -0.0000015547029809
44.83000 -0.0000015517622994
44.85000 -0.0000015493151467
44.87000 -0.0000015470308411
44.89000 -0.0000015440606693
44.91000 -0.0000015418479210
44.93000 -0.0000015393017807
44.95000 -0.0000015364899023
44.97000 -0.0000015342318345
44.99000 -0.0000015318425781
45.01000 -0.0000015289648887
45.03000 -0.0000015266562970
45.05000 -0.0000015241074462
45.07000 -0.0000015218634729
45.09000 -0.0000015191643516
45.11000 -0.0000015165397150
45.13000 -0.0000015143679496
45.15000 -0.0000015116602631
45.17000 -0.0000015093017981
45.19000 -0.0000015067918701
45.21000 -0.0000015045333686
45.23000 -0.0000015018072506
45.25000 -0.0000014994620129
45.27000 -0.0000014970932480
45.29000 -0.0000014945029806
45.31000 -0.0000014923654760
45.33000 -0.0000014897202395
45.35000 -0.0000014869923869
45.37000 -0.0000014853012483
45.39000 -0.0000014824310399
45.41000 -0.0000014799022468
45.43000 -0.0000014779625006
45.45000 -0.0000014750514178
45.47000 -0.0000014730307902
45.49000 -0.0000014707181870
45.51000 -0.0000014678721563
45.53000 -0.0000014657809471
45.55000 -0.0000014637252998
45.57000 -0.0000014606200364
45.59000 -0.0000014589304157
45.61000 -0.0000014563537008
45.63000 -0.0000014537474956
45.65000 -0.0000014518363725
45.67000 -0.0000014490409740
45.69000 -0.0000014471537033
45.71000 -0.0000014446482205
45.73000 -0.0000014421349314
45.75000 -0.0000014401074734
45.77000 -0.0000014375054966
45.79000 -0.0000014353216966
45.81000 -0.0000014332304874
45.83000 -0.0000014306450989
45.85000 -0.0000014282819719
45.87000 -0.0000014262675242
45.89000 -0.0000014237067471
45.91000 -0.0000014215436554
45.93000 -0.0000014195520844
45.95000 -0.0000014168232559
45.97000 -0.0000014146856429
45.99000 -0.0000014126347661
46.01000 -0.0000014099713151
46.03000 -0.0000014079693357
46.05000 -0.0000014059261567
46.07000 -0.0000014032952318
46.09000 -0.0000014011546914
46.11000 -0.0000013989798903
46.13000 -0.0000013968668887
46.15000 -0.0000013943965340
46.17000 -0.0000013922850503
46.19000 -0.0000013901468952
46.21000 -0.0000013875864433
46.23000 -0.0000013858531293
46.25000 -0.0000013833414666
46.27000 -0.0000013811251405
46.29000 -0.0000013792518560
46.31000 -0.0000013767780319
46.33000 -0.0000013745723310
46.35000 -0.0000013723086252
46.37000 -0.0000013704014052
46.39000 -0.0000013682084979
46.41000 -0.0000013658261805
46.43000 -0.0000013637526438
46.45000 -0.0000013615530144
46.47000 -0.0000013595502762
46.49000 -0.0000013572191331
46.51000 -0.0000013550578845
46.53000 -0.0000013530822513
46.55000 -0.0000013508418559
46.57000 -0.0000013488225294
46.59000 -0.0000013464401035
46.61000 -0.0000013442829749
46.63000 -0.0000013424952339
46.65000 -0.0000013403759439
46.67000 -0.0000013378765326
46.69000 -0.0000013359676863
46.71000 -0.0000013340052804
46.73000 -0.0000013316426954
46.75000 -0.0000013298822764
46.77000 -0.0000013273763599
46.79000 -0.0000013253864152
46.81000 -0.0000013236242614
46.83000 -0.0000013213222834
46.85000 -0.0000013191883566
46.87000 -0.0000013170735119
46.89000 -0.0000013151670508
46.91000 -0.0000013130561092
46.93000 -0.0000013109246761
46.95000 -0.0000013089831953
46.97000 -0.0000013067238264
46.99000 -0.0000013050245563
47.01000 -0.0000013027227951
47.03000 -0.0000013004343696
47.05000 -0.0000012991170639
47.07000 -0.0000012964832116
47.09000 -0.0000012945286119
47.11000 -0.0000012926218255
47.13000 -0.0000012906528060
47.15000 -0.0000012887039526
47.17000 -0.0000012864511973
47.19000 -0.0000012845028860
47.21000 -0.0000012824706574
47.23000 -0.0000012807684600
47.25000 -0.0000012783942741
47.27000 -0.0000012764958361
47.29000 -0.0000012747610042
47.31000 -0.0000012724808186
47.33000 -0.0000012705747912
47.35000 -0.0000012685749803
47.37000 -0.0000012666814212
47.39000 -0.0000012648767667
47.41000 -0.0000012624763431
47.43000 -0.0000012609362339
47.45000 -0.0000012587942841
47.47000 -0.0000012566084241
47.49000 -0.0000012551576532
47.51000 -0.0000012528255343
47.53000 -0.0000012508973891
47.55000 -0.0000012492991667
47.57000 -0.0000012471742389
47.59000 -0.0000012450046419
47.61000 -0.0000012431965180
47.63000 -0.0000012417060652
47.65000 -0.0000012393395771
47.67000 -0.0000012372226724
47.69000 -0.0000012358404231
47.71000 -0.0000012336120623
47.73000 -0.0000012319428247
47.75000 -0.0000012299589515
47.77000 -0.0000012277536843
47.79000 -0.0000012262408970
47.81000 -0.0000012241523984
47.83000 -0.0000012223272524
47.85000 -0.0000012206892398
47.87000 -0.0000012183168970
47.89000 -0.0000012167243124
47.91000 -0.0000012148784582
47.93000 -0.0000012129232081
47.95000 -0.0000012112686071
47.97000 -0.0000012091123458
47.99000 -0.0000012072183531
48.01000 -0.0000012057345140
48.03000 -0.0000012037948763
48.05000 -0.0000012015154496
48.07000 -0.0000012002092029
48.09000 -0.0000011981569166
48.11000 -0.0000011961258806
48.13000 -0.0000011947091537
48.15000 -0.0000011926449411
48.17000 -0.0000011907071466
48.19000 -0.0000011891066473
48.21000 -0.0000011872941866
48.23000 -0.0000011850954246
48.25000 -0.0000011836762039
48.27000 -0.0000011821302401
48.29000 -0.0000011796001459
48.31000 -0.0000011781173910
48.33000 -0.0000011766871115
48.35000 -0.0000011744320794
48.37000 -0.0000011726741540
48.39000 -0.0000011711675466
48.41000 -0.0000011692214037
48.43000 -0.0000011672032698
48.45000 -0.0000011658752306
48.47000 -0.0000011640199438
48.49000 -0.0000011619809932
48.51000 -0.0000011604444619
48.53000 -0.0000011584406394
48.55000 -0.0000011569470425
48.57000 -0.0000011552026696
48.59000 -0.0000011532236754
48.61000 -0.0000011515932522
48.63000 -0.0000011497922840
48.65000 -0.0000011482194319
48.67000 -0.0000011462832636
48.69000 -0.0000011447914014
48.71000 -0.0000011428762667
48.73000 -0.0000011409184144
48.75000 -0.0000011397523550
48.77000 -0.0000011376358839
48.79000 -0.0000011359579727
48.81000 -0.0000011343944447
48.83000 -0.0000011324293283
48.85000 -0.0000011310237686
48.87000 -0.0000011291860459
48.89000 -0.0000011274647665
48.91000 -0.0000011258006246
48.93000 -0.0000011238097041
48.95000 -0.0000011226670635
48.97000 -0.0000011207303531
48.99000 -0.0000011187576473
49.01000 -0.0000011175932142
49.03000 -0.0000011155325795
49.05000 -0.0000011139528969
49.07000 -0.0000011124996323
49.09000 -0.0000011105853650
49.11000 -0.0000011086938659
49.13000 -0.0000011075236865
49.15000 -0.0000011056495346
49.17000 -0.0000011039858264
49.19000 -0.0000011024420309
49.21000 -0.0000011004029719
49.23000 -0.0000010992481881
49.25000 -0.0000010974586040
49.27000 -0.0000010955846690
49.29000 -0.0000010943279703
49.31000 -0.0000010923223047
49.33000 -0.0000010907987838
49.35000 -0.0000010893918146
49.37000 -0.0000010874087004
49.39000 -0.0000010861569890
49.41000 -0.0000010844891608
49.43000 -0.0000010825294654
49.45000 -0.0000010810668766
49.47000 -0.0000010795275264
49.49000 -0.0000010780984395
49.51000 -0.0000010762864124
49.53000 -0.0000010744579055
49.55000 -0.0000010734072051
49.57000 -0.0000010714714706
49.59000 -0.0000010697106178
49.61000 -0.0000010684940346
49.63000 -0.0000010668285916
49.65000 -0.0000010650810746
49.67000 -0.0000010635337012
49.69000 -0.0000010620366349
49.71000 -0.0000010605401106
49.73000 -0.0000010587417444
49.75000 -0.0000010572374139
49.77000 -0.0000010559446113
49.79000 -0.0000010541710734
49.81000 -0.0000010523917892
49.83000 -0.0000010511161169
49.85000 -0.0000010496666470
49.87000 -0.0000010478676303
49.89000 -0.0000010463977775
49.91000 -0.0000010447805815
49.93000 -0.0000010433272085
49.95000 -0.0000010419233835
49.97000 -0.0000010401996105
49.99000 -0.0000010385855587
50.01000 -0.0000010373904426
50.03000 -0.0000010355808008
50.05000 -0.0000010338678698
50.07000 -0.0000010328763669
50.09000 -0.0000010308843622
50.11000 -0.0000010314205002
50.13000 -0.0000010200858170
50.15000 -0.0000010556591408
50.17000 -0.0000009166317878
50.19000 -0.0000014303241751
50.21000 -0.0000009062802592
50.23000 -0.0000014656080169
50.25000 0.0000006404434275
