0.25000 0.8111391829008606
0.27000 0.7951158583328378
0.29000 0.7799270393311029
0.31000 0.7655338182782407
0.33000 0.7519004903387294
0.35000 0.7389749024546302
0.37000 0.7267041491074071
0.39000 0.7150360815994197
0.41000 0.7039217187998782
0.43000 0.6933158839301448
0.45000 0.6831774527530259
0.47000 0.6734692482832592
0.49000 0.6641577993688378
0.51000 0.6552130214824183
0.53000 0.6466078859219511
0.55000 0.6383180998247093
0.57000 0.6303218022509217
0.59000 0.6225992817960926
0.61000 0.6151327437828878
0.63000 0.6079060766040485
0.65000 0.6009046662337841
0.67000 0.5941152238049556
0.69000 0.5875256370966870
0.71000 0.5811248394211987
0.73000 0.5749026952738252
0.75000 0.5688499004412917
0.77000 0.5629578941110980
0.79000 0.5572187818341114
0.81000 0.5516252682277457
0.83000 0.5461705959621070
0.85000 0.5408484959563022
0.87000 0.5356531339127703
0.89000 0.5305790832878358
0.91000 0.5256212657984616
0.93000 0.5207749442410139
0.95000 0.5160356760739293
0.97000 0.5113992948428422
0.99000 0.5068618867386018
1.01000 0.5024197672046696
1.03000 0.4980694639660007
1.05000 0.4938077006818566
1.07000 0.4896313802881095
1.09000 0.4855375714261838
1.11000 0.4815234968447613
1.13000 0.4775865228399166
1.15000 0.4737241494471048
1.17000 0.4699340003002716
1.19000 0.4662138135736818
1.21000 0.4625614344942975
1.23000 0.4589748082705823
1.25000 0.4554519736354956
1.27000 0.4519910570202259
1.29000 0.4485902672946118
1.31000 0.4452478910176930
1.33000 0.4419622879562110
1.35000 0.4387318859124294
1.37000 0.4355551771464425
1.39000 0.4324307146223391
1.41000 0.4293571088117992
1.43000 0.4263330244860053
1.45000 0.4233571777872269
1.47000 0.4204283338463796
1.49000 0.4175453037950151
1.51000 0.4147069422846807
1.53000 0.4119121463709524
1.55000 0.4091598513994720
1.57000 0.4064490311255399
1.59000 0.4037786952420682
1.61000 0.4011478863950322
1.63000 0.3985556804990101
1.65000 0.3960011847531894
1.67000 0.3934835350555525
1.69000 0.3910018954529016
1.71000 0.3885554579333803
1.73000 0.3861434399331772
1.75000 0.3837650832475210
1.77000 0.3814196529079730
1.79000 0.3791064376191606
1.81000 0.3768247477150893
1.83000 0.3745739140786785
1.85000 0.3723532873567370
1.87000 0.3701622372109099
1.89000 0.3680001523181249
1.91000 0.3658664393105891
1.93000 0.3637605215093928
1.95000 0.3616818385632569
1.97000 0.3596298456994519
1.99000 0.3576040133307244
2.01000 0.3556038269044868
2.03000 0.3536287860945575
2.05000 0.3516784040380747
2.07000 0.3497522067798277
2.09000 0.3478497329605985
2.11000 0.3459705334229891
2.13000 0.3441141704675288
2.15000 0.3422802183793081
2.17000 0.3404682618874816
2.19000 0.3386778970145697
2.21000 0.3369087296458341
2.23000 0.3351603753322272
2.25000 0.3334324596970251
2.27000 0.3317246172951330
2.29000 0.3300364914265250
2.31000 0.3283677344524373
2.33000 0.3267180072508903
2.35000 0.3250869784588762
2.37000 0.3234743248774090
2.39000 0.3218797312123921
2.41000 0.3203028893243712
2.43000 0.3187434980733542
2.45000 0.3172012633485123
2.47000 0.3156758980990041
2.49000 0.3141671216098095
2.51000 0.3126746593760713
2.53000 0.3111982431658527
2.55000 0.3097376109643612
2.57000 0.3082925065585740
2.59000 0.3068626793087207
2.61000 0.3054478840721103
2.63000 0.3040478810183572
2.65000 0.3026624356812808
2.67000 0.3012913186063574
2.69000 0.2999343052103047
2.71000 0.2985911755424089
2.73000 0.2972617143519688
2.75000 0.2959457108132344
2.77000 0.2946429589342673
2.79000 0.2933532565918085
2.81000 0.2920764060809353
2.83000 0.2908122135157519
2.85000 0.2895604889372042
2.87000 0.2883210465038673
2.89000 0.2870937039823473
2.91000 0.2858782828236693
2.93000 0.2846746081441303
2.95000 0.2834825083354010
2.97000 0.2823018151112811
2.99000 0.2811323636587017
3.01000 0.2799739922835505
3.03000 0.2788265423767399
3.05000 0.2776898585366412
3.07000 0.2765637883723582
3.09000 0.2754481822473522
3.11000 0.2743428933142062
3.13000 0.2732477776131682
3.15000 0.2721626938944992
3.17000 0.2710875034438819
3.19000 0.2700220701452785
3.21000 0.2689662604657714
3.23000 0.2679199433775597
3.25000 0.2668829901748170
3.27000 0.2658552744808131
3.29000 0.2648366721565053
3.31000 0.2638270613746314
3.33000 0.2628263224627948
3.35000 0.2618343378900083
3.37000 0.2608509920917865
3.39000 0.2598761717365521
3.41000 0.2589097653846104
3.43000 0.2579516636639319
3.45000 0.2570017589541277
3.47000 0.2560599454961472
3.49000 0.2551261194468888
3.51000 0.2542001786643305
3.53000 0.2532820228085817
3.55000 0.2523715532564306
3.57000 0.2514686729598770
3.59000 0.2505732865311577
3.61000 0.2496853002432118
3.63000 0.2488046219042934
3.65000 0.2479311608621414
3.67000 0.2470648280064034
3.69000 0.2462055356405446
3.71000 0.2453531974456922
3.73000 0.2445077285750001
3.75000 0.2436690455725480
3.77000 0.2428370662996890
3.79000 0.2420117099506236
3.81000 0.2411928970499699
3.83000 0.2403805493553408
3.85000 0.2395745898435465
3.87000 0.2387749427138575
3.89000 0.2379815334197357
3.91000 0.2371942885867104
3.93000 0.2364131359528482
3.95000 0.2356380043507640
3.97000 0.2348688237846306
3.99000 0.2341055252698980
4.01000 0.2333480409397266
4.03000 0.2325963038715439
4.05000 0.2318502482480837
4.07000 0.2311098092374410
4.09000 0.2303749229834894
4.11000 0.2296455266056847
4.13000 0.2289215581204675
4.15000 0.2282029565131231
4.17000 0.2274896616831525
4.19000 0.2267816143785429
4.21000 0.2260787562592526
4.23000 0.2253810298448330
4.25000 0.2246883784655219
4.27000 0.2240007463234550
4.29000 0.2233180784213342
4.31000 0.2226403205226248
4.33000 0.2219674191808191
4.35000 0.2212993217454624
4.37000 0.2206359762904349
4.39000 0.2199773316432443
4.41000 0.2193233373839031
4.43000 0.2186739437950334
4.45000 0.2180291018373481
4.47000 0.2173887631607046
4.49000 0.2167528801264160
4.51000 0.2161214057601644
4.53000 0.2154942937194387
4.55000 0.2148714983090086
4.57000 0.2142529744625050
4.59000 0.2136386777472830
4.61000 0.2130285642963492
4.63000 0.2124225909023114
4.65000 0.2118207149230546
4.67000 0.2112228943176763
4.69000 0.2106290875712537
4.71000 0.2100392537385771
4.73000 0.2094533524445316
4.75000 0.2088713438378616
4.77000 0.2082931886098964
4.79000 0.2077188479633695
4.81000 0.2071482836147994
4.83000 0.2065814578174965
4.85000 0.2060183332971138
4.87000 0.2054588732567848
4.89000 0.2049030414017421
4.91000 0.2043508019031109
4.93000 0.2038021194002053
4.95000 0.2032569590025894
4.97000 0.2027152862610422
4.99000 0.2021770671551008
5.01000 0.2016422681136102
5.03000 0.2011108560028686
5.05000 0.2005827980935900
5.07000 0.2000580620735553
5.09000 0.1995366160551566
5.11000 0.1990184285529869
5.13000 0.1985034684711819
5.15000 0.1979917051067986
5.17000 0.1974831081504703
5.19000 0.1969776476531707
5.21000 0.1964752940466055
5.23000 0.1959760181200788
5.25000 0.1954797910480125
5.27000 0.1949865843350513
5.29000 0.1944963698551115
5.31000 0.1940091198154958
5.33000 0.1935248067660824
5.35000 0.1930434035956193
5.37000 0.1925648835066237
5.39000 0.1920892200449016
5.41000 0.1916163870718731
5.43000 0.1911463587561760
5.45000 0.1906791095829728
5.47000 0.1902146143342626
5.49000 0.1897528480994322
5.51000 0.1892937862781323
5.53000 0.1888374045492413
5.55000 0.1883836788746781
5.57000 0.1879325855078335
5.59000 0.1874841009730130
5.61000 0.1870382020702029
5.63000 0.1865948658805078
5.65000 0.1861540697494029
5.67000 0.1857157912826251
5.69000 0.1852800083546594
5.71000 0.1848466990935017
5.73000 0.1844158418715095
5.75000 0.1839874153118575
5.77000 0.1835613982860477
5.79000 0.1831377699119158
5.81000 0.1827165095395438
5.83000 0.1822975967600102
5.85000 0.1818810113843370
5.87000 0.1814667334656313
5.89000 0.1810547432704628
5.91000 0.1806450213019798
5.93000 0.1802375482720989
5.95000 0.1798323051096914
5.97000 0.1794292729599201
5.99000 0.1790284331743914
6.01000 0.1786297673226304
6.03000 0.1782332571706556
6.05000 0.1778388846816338
6.07000 0.1774466320246536
6.09000 0.1770564815585479
6.11000 0.1766684158386541
6.13000 0.1762824176171581
6.15000 0.1758984698297789
6.17000 0.1755165556006334
6.19000 0.1751366582365456
6.21000 0.1747587612215447
6.23000 0.1743828482217291
6.25000 0.1740089030826966
6.27000 0.1736369098171074
6.29000 0.1732668526100907
6.31000 0.1728987158205843
6.33000 0.1725324839720432
6.35000 0.1721681417507463
6.37000 0.1718056740110678
6.39000 0.1714450657640533
6.41000 0.1710863021789449
6.43000 0.1707293685809841
6.45000 0.1703742504559086
6.47000 0.1700209334327180
6.49000 0.1696694032983817
6.51000 0.1693196459830510
6.53000 0.1689716475710031
6.55000 0.1686253942830903
6.57000 0.1682808724855216
6.59000 0.1679380686882030
6.61000 0.1675969695357626
6.63000 0.1672575618146650
6.65000 0.1669198324439454
6.67000 0.1665837684778875
6.69000 0.1662493571055564
6.71000 0.1659165856433220
6.73000 0.1655854415390297
6.75000 0.1652559123693171
6.77000 0.1649279858333836
6.79000 0.1646016497563156
6.81000 0.1642768920864220
6.83000 0.1639537008917672
6.85000 0.1636320643617292
6.87000 0.1633119708039087
6.89000 0.1629934086400160
6.91000 0.1626763664098242
6.93000 0.1623608327679115
6.95000 0.1620467964786352
6.97000 0.1617342464184543
6.99000 0.1614231715761330
7.01000 0.1611135610470136
7.03000 0.1608054040344633
7.05000 0.1604986898464920
7.07000 0.1601934078970528
7.09000 0.1598895476997464
7.11000 0.1595870988764046
7.13000 0.1592860511456173
7.15000 0.1589863943289697
7.17000 0.1586881183434388
7.19000 0.1583912132064333
7.21000 0.1580956690302493
7.23000 0.1578014760190789
7.25000 0.1575086244759167
7.27000 0.1572171047947051
7.29000 0.1569269074615598
7.31000 0.1566380230532358
7.33000 0.1563504422350206
7.35000 0.1560641557617588
7.37000 0.1557791544753595
7.39000 0.1554954293039666
7.41000 0.1552129712635077
7.43000 0.1549317714535450
7.45000 0.1546518210554515
7.47000 0.1543731113343462
7.49000 0.1540956336369372
7.51000 0.1538193793906151
7.53000 0.1535443401036527
7.55000 0.1532705073620536
7.57000 0.1529978728297510
7.59000 0.1527264282486422
7.61000 0.1524561654365329
7.63000 0.1521870762850960
7.65000 0.1519191527618668
7.67000 0.1516523869076793
7.69000 0.1513867708374026
7.71000 0.1511222967355203
7.73000 0.1508589568608204
7.75000 0.1505967435393452
7.77000 0.1503356491695280
7.79000 0.1500756662170796
7.81000 0.1498167872163073
7.83000 0.1495590047684322
7.85000 0.1493023115404665
7.87000 0.1490467002676637
7.89000 0.1487921637481681
7.91000 0.1485386948448093
7.93000 0.1482862864852206
7.95000 0.1480349316590682
7.97000 0.1477846234190275
7.99000 0.1475353548788807
8.01000 0.1472871192131874
8.03000 0.1470399096577395
8.05000 0.1467937195071176
8.07000 0.1465485421146898
8.09000 0.1463043708932166
8.11000 0.1460611993122469
8.13000 0.1458190208980883
8.15000 0.1455778292343791
8.17000 0.1453376179600963
8.19000 0.1450983807694097
8.21000 0.1448601114116106
8.23000 0.1446228036896012
8.25000 0.1443864514595504
8.27000 0.1441510486322869
8.29000 0.1439165891693809
8.31000 0.1436830670847903
8.33000 0.1434504764428499
8.35000 0.1432188113602312
8.37000 0.1429880660015006
8.39000 0.1427582345831805
8.41000 0.1425293113699227
8.43000 0.1423012906754178
8.45000 0.1420741668612667
8.47000 0.1418479343361669
8.49000 0.1416225875568301
8.51000 0.1413981210253987
8.53000 0.1411745292909279
8.55000 0.1409518069484766
8.57000 0.1407299486373529
8.59000 0.1405089490423722
8.61000 0.1402888028926070
8.63000 0.1400695049605852
8.65000 0.1398510500622278
8.67000 0.1396334330556430
8.69000 0.1394166488422272
8.71000 0.1392006923660117
8.73000 0.1389855586116773
8.75000 0.1387712426051775
8.77000 0.1385577394138968
8.79000 0.1383450441447106
8.81000 0.1381331519447591
8.83000 0.1379220580008871
8.85000 0.1377117575391141
8.87000 0.1375022458237570
8.89000 0.1372935181581031
8.91000 0.1370855698826516
8.93000 0.1368783963762718
8.95000 0.1366719930540838
8.97000 0.1364663553688589
8.99000 0.1362614788088508
9.01000 0.1360573589001064
9.03000 0.1358539912033532
9.05000 0.1356513713146262
9.07000 0.1354494948651945
9.09000 0.1352483575208855
9.11000 0.1350479549825084
9.13000 0.1348482829840965
9.15000 0.1346493372938559
9.17000 0.1344511137132450
9.19000 0.1342536080762217
9.21000 0.1340568162500145
9.23000 0.1338607341339375
9.25000 0.1336653576592833
9.27000 0.1334706827896915
9.29000 0.1332767055199324
9.31000 0.1330834218757894
9.33000 0.1328908279139367
9.35000 0.1326989197214641
9.37000 0.1325076934159998
9.39000 0.1323171451449695
9.41000 0.1321272710851277
9.43000 0.1319380674430945
9.45000 0.1317495304544910
9.47000 0.1315616563836734
9.49000 0.1313744415235382
9.51000 0.1311878821955016
9.53000 0.1310019747482740
9.55000 0.1308167155590289
9.57000 0.1306321010318502
9.59000 0.1304481275986564
9.61000 0.1302647917177130
9.63000 0.1300820898747979
9.65000 0.1299000185813155
9.67000 0.1297185743752297
9.69000 0.1295377538206818
9.71000 0.1293575535069974
9.73000 0.1291779700493672
9.75000 0.1289990000879404
9.77000 0.1288206402881731
9.79000 0.1286428873401971
9.81000 0.1284657379584079
9.83000 0.1282891888819921
9.85000 0.1281132368738814
9.87000 0.1279378787207866
9.89000 0.1277631112334033
9.91000 0.1275889312455204
9.93000 0.1274153356142731
9.95000 0.1272423212197653
9.97000 0.1270698849647855
9.99000 0.1268980237749603
10.01000 0.1267267345981246
10.03000 0.1265560144042144
10.05000 0.1263858601853918
10.07000 0.1262162689552700
10.09000 0.1260472377490460
10.11000 0.1258787636234762
10.13000 0.1257108436566423
10.15000 0.1255434749471213
10.17000 0.1253766546148089
10.19000 0.1252103797997057
10.21000 0.1250446476626193
10.23000 0.1248794553842665
10.25000 0.1247148001658762
10.27000 0.1245506792281293
10.29000 0.1243870898116160
10.31000 0.1242240291765366
10.33000 0.1240614946021638
10.35000 0.1238994833873368
10.37000 0.1237379928495672
10.39000 0.1235770203252858
10.41000 0.1234165631696470
10.43000 0.1232566187563050
10.45000 0.1230971844774398
10.47000 0.1229382577431298
10.49000 0.1227798359815847
10.51000 0.1226219166390568
10.53000 0.1224644971792548
10.55000 0.1223075750835973
10.57000 0.1221511478508944
10.59000 0.1219952129969978
10.61000 0.1218397680551264
10.63000 0.1216848105754575
10.65000 0.1215303381248948
10.67000 0.1213763482870555
10.69000 0.1212228386619239
10.71000 0.1210698068659858
10.73000 0.1209172505319873
10.75000 0.1207651673087704
10.77000 0.1206135548609470
10.79000 0.1204624108693743
10.81000 0.1203117330301001
10.83000 0.1201615190550336
10.85000 0.1200117666712955
10.87000 0.1198624736215953
10.89000 0.1197136376635008
10.91000 0.1195652565697839
10.93000 0.1194173281280921
10.95000 0.1192698501407177
10.97000 0.1191228204249129
10.99000 0.1189762368121793
11.01000 0.1188300971485161
11.03000 0.1186843992942643
11.05000 0.1185391411238118
11.07000 0.1183943205256746
11.09000 0.1182499354021794
11.11000 0.1181059836696853
11.13000 0.1179624632581996
11.15000 0.1178193721111108
11.17000 0.1176767081854971
11.19000 0.1175344694517859
11.21000 0.1173926538935172
11.23000 0.1172512595074492
11.25000 0.1171102843033301
11.27000 0.1169697263038174
11.29000 0.1168295835445106
11.31000 0.1166898540735987
11.33000 0.1165505359519731
11.35000 0.1164116272529915
11.37000 0.1162731260624755
11.39000 0.1161350304784415
11.41000 0.1159973386112991
11.43000 0.1158600485831984
11.45000 0.1157231585286336
11.47000 0.1155866665938444
11.49000 0.1154505709369959
11.51000 0.1153148697278073
11.53000 0.1151795611477898
11.55000 0.1150446433899243
11.57000 0.1149101146584679
11.59000 0.1147759731692665
11.61000 0.1146422171492548
11.63000 0.1145088448366212
11.65000 0.1143758544806346
11.67000 0.1142432443414326
11.69000 0.1141110126901554
11.71000 0.1139791578086679
11.73000 0.1138476779896569
11.75000 0.1137165715364384
11.77000 0.1135858367627949
11.79000 0.1134554719930987
11.81000 0.1133254755619899
11.83000 0.1131958458144265
11.85000 0.1130665811057529
11.87000 0.1129376798013553
11.89000 0.1128091402766185
11.91000 0.1126809609170085
11.93000 0.1125531401178595
11.95000 0.1124256762843902
11.97000 0.1122985678315117
11.99000 0.1121718131838465
12.01000 0.1120454107755523
12.03000 0.1119193590504771
12.05000 0.1117936564617182
12.07000 0.1116683014719923
12.09000 0.1115432925531226
12.11000 0.1114186281862740
12.13000 0.1112943068617582
12.15000 0.1111703270790362
12.17000 0.1110466873465188
12.19000 0.1109233861815451
12.21000 0.1108004221105012
12.23000 0.1106777936684432
12.25000 0.1105554993992582
12.27000 0.1104335378554984
12.29000 0.1103119075983039
12.31000 0.1101906071974613
12.33000 0.1100696352311913
12.35000 0.1099489902861506
12.37000 0.1098286709573940
12.39000 0.1097086758482470
12.41000 0.1095890035703016
12.43000 0.1094696527432373
12.45000 0.1093506219949057
12.47000 0.1092319099612804
12.49000 0.1091135152862268
12.51000 0.1089954366215928
12.53000 0.1088776726271579
12.55000 0.1087602219704153
12.57000 0.1086430833266798
12.59000 0.1085262553789542
12.61000 0.1084097368179202
12.63000 0.1082935263417862
12.65000 0.1081776226563506
12.67000 0.1080620244747886
12.69000 0.1079467305178581
12.71000 0.1078317395135230
12.73000 0.1077170501971578
12.75000 0.1076026613113737
12.77000 0.1074885716059960
12.79000 0.1073747798379825
12.81000 0.1072612847714054
12.83000 0.1071480851774384
12.85000 0.1070351798341190
12.87000 0.1069225675265499
12.89000 0.1068102470467248
12.91000 0.1066982171934206
12.93000 0.1065864767722608
12.95000 0.1064750245955771
12.97000 0.1063638594824485
12.99000 0.1062529802585871
13.01000 0.1061423857562904
13.03000 0.1060320748144550
13.05000 0.1059220462784532
13.07000 0.1058122990001258
13.09000 0.1057028318377473
13.11000 0.1055936436559310
13.13000 0.1054847333256481
13.15000 0.1053760997241591
13.17000 0.1052677417348921
13.19000 0.1051596582475442
13.21000 0.1050518481579400
13.23000 0.1049443103680107
13.25000 0.1048370437857124
13.27000 0.1047300473250910
13.29000 0.1046233199060741
13.31000 0.1045168604546219
13.33000 0.1044106679024856
13.35000 0.1043047411873656
13.37000 0.1041990792527372
13.39000 0.1040936810478419
13.41000 0.1039885455276426
13.43000 0.1038836716527923
13.45000 0.1037790583896333
13.47000 0.1036747047100477
13.49000 0.1035706095915703
13.51000 0.1034667720172271
13.53000 0.1033631909755119
13.55000 0.1032598654604394
13.57000 0.1031567944714013
13.59000 0.1030539770131857
13.61000 0.1029514120959312
13.63000 0.1028490987350776
13.65000 0.1027470359513598
13.67000 0.1026452227707170
13.69000 0.1025436582242994
13.71000 0.1024423413484419
13.73000 0.1023412711845773
13.75000 0.1022404467792594
13.77000 0.1021398671841020
13.79000 0.1020395314557124
13.81000 0.1019394386557491
13.83000 0.1018395878507817
13.85000 0.1017399781123228
13.87000 0.1016406085167735
13.89000 0.1015414781454257
13.91000 0.1014425860843250
13.93000 0.1013439314243952
13.95000 0.1012455132612558
13.97000 0.1011473306953072
13.99000 0.1010493828316085
14.01000 0.1009516687798987
14.03000 0.1008541876545678
14.05000 0.1007569385745945
14.07000 0.1006599206635424
14.09000 0.1005631330495002
14.11000 0.1004665748651202
14.13000 0.1003702452474940
14.15000 0.1002741433381629
14.17000 0.1001782682831336
14.19000 0.1000826192327624
14.21000 0.0999871953418004
14.23000 0.0998919957693515
14.25000 0.0997970196788107
14.27000 0.0997022662378574
14.29000 0.0996077346184191
14.31000 0.0995134239966648
14.33000 0.0994193335529609
14.35000 0.0993254624718251
14.37000 0.0992318099419350
14.39000 0.0991383751560916
14.41000 0.0990451573111686
14.43000 0.0989521556081358
14.45000 0.0988593692519532
14.47000 0.0987667974516306
14.49000 0.0986744394201562
14.51000 0.0985822943744918
14.53000 0.0984903615354841
14.55000 0.0983986401279603
14.57000 0.0983071293805737
14.59000 0.0982158285258748
14.61000 0.0981247368002236
14.63000 0.0980338534438081
14.65000 0.0979431777005997
14.67000 0.0978527088183157
14.69000 0.0977624460484357
14.71000 0.0976723886461367
14.73000 0.0975825358703097
14.75000 0.0974928869834835
14.77000 0.0974034412518416
14.79000 0.0973141979452157
14.81000 0.0972251563369972
14.83000 0.0971363157041782
14.85000 0.0970476753273075
14.87000 0.0969592344904438
14.89000 0.0968709924811745
14.91000 0.0967829485905617
14.93000 0.0966951021131367
14.95000 0.0966074523468753
14.97000 0.0965199985931814
14.99000 0.0964327401568653
15.01000 0.0963456763461025
15.03000 0.0962588064724169
15.05000 0.0961721298507055
15.07000 0.0960856457991541
15.09000 0.0959993536392683
15.11000 0.0959132526958093
15.13000 0.0958273422968075
15.15000 0.0957416217735138
15.17000 0.0956560904604355
15.19000 0.0955707476952200
15.21000 0.0954855928187310
15.23000 0.0954006251749852
15.25000 0.0953158441111279
15.27000 0.0952312489774315
15.29000 0.0951468391272540
15.31000 0.0950626139170616
15.33000 0.0949785727063637
15.35000 0.0948947148577215
15.37000 0.0948110397367108
15.39000 0.0947275467119255
15.41000 0.0946442351549557
15.43000 0.0945611044403353
15.45000 0.0944781539455827
15.47000 0.0943953830511396
15.49000 0.0943127911403513
15.51000 0.0942303775994854
15.53000 0.0941481418176787
15.55000 0.0940660831869376
15.57000 0.0939842011021184
15.59000 0.0939024949609060
15.61000 0.0938209641638018
15.63000 0.0937396081141008
15.65000 0.0936584262178821
15.67000 0.0935774178840008
15.69000 0.0934965825240299
15.71000 0.0934159195523058
15.73000 0.0933354283858635
15.75000 0.0932551084444468
15.77000 0.0931749591504710
15.79000 0.0930949799290369
15.81000 0.0930151702078673
15.83000 0.0929355294173609
15.85000 0.0928560569905128
15.87000 0.0927767523629205
15.89000 0.0926976149727831
15.91000 0.0926186442608693
15.93000 0.0925398396705168
15.95000 0.0924612006475927
15.97000 0.0923827266405103
15.99000 0.0923044171001880
16.01000 0.0922262714800508
16.03000 0.0921482892360080
16.05000 0.0920704698264324
16.07000 0.0919928127121778
16.09000 0.0919153173565209
16.11000 0.0918379832251676
16.13000 0.0917608097862588
16.15000 0.0916837965103161
16.17000 0.0916069428702563
16.19000 0.0915302483413750
16.21000 0.0914537124013203
16.23000 0.0913773345300870
16.25000 0.0913011142100088
16.27000 0.0912250509257350
16.29000 0.0911491441642280
16.31000 0.0910733934147299
16.33000 0.0909977981687835
16.35000 0.0909223579201839
16.37000 0.0908470721649870
16.39000 0.0907719404014861
16.41000 0.0906969621302164
16.43000 0.0906221368539052
16.45000 0.0905474640775113
16.47000 0.0904729433081666
16.49000 0.0903985740551892
16.51000 0.0903243558300661
16.53000 0.0902502881464275
16.55000 0.0901763705200564
16.57000 0.0901026024688670
16.59000 0.0900289835128946
16.61000 0.0899555131742727
16.63000 0.0898821909772284
16.65000 0.0898090164480838
16.67000 0.0897359891152230
16.69000 0.0896631085091012
16.71000 0.0895903741622096
16.73000 0.0895177856090809
16.75000 0.0894453423862847
16.77000 0.0893730440323878
16.79000 0.0893008900879688
16.81000 0.0892288800956048
16.83000 0.0891570135998430
16.85000 0.0890852901472084
16.87000 0.0890137092861847
16.89000 0.0889422705672044
16.91000 0.0888709735426412
16.93000 0.0887998177667870
16.95000 0.0887288027958666
16.97000 0.0886579281879965
16.99000 0.0885871935031963
17.01000 0.0885165983033696
17.03000 0.0884461421523021
17.05000 0.0883758246156291
17.07000 0.0883056452608619
17.09000 0.0882356036573377
17.11000 0.0881656993762404
17.13000 0.0880959319905810
17.15000 0.0880263010751738
17.17000 0.0879568062066493
17.19000 0.0878874469634290
17.21000 0.0878182229257217
17.23000 0.0877491336755120
17.25000 0.0876801787965544
17.27000 0.0876113578743585
17.29000 0.0875426704961751
17.31000 0.0874741162510034
17.33000 0.0874056947295693
17.35000 0.0873374055243177
17.37000 0.0872692482294048
17.39000 0.0872012224406808
17.41000 0.0871333277557001
17.43000 0.0870655637736999
17.45000 0.0869979300955828
17.47000 0.0869304263239255
17.49000 0.0868630520629597
17.51000 0.0867958069185603
17.53000 0.0867286904982476
17.55000 0.0866617024111649
17.57000 0.0865948422680916
17.59000 0.0865281096814050
17.61000 0.0864615042650978
17.63000 0.0863950256347530
17.65000 0.0863286734075466
17.67000 0.0862624472022263
17.69000 0.0861963466391261
17.71000 0.0861303713401277
17.73000 0.0860645209286770
17.75000 0.0859987950297670
17.77000 0.0859331932699238
17.79000 0.0858677152772096
17.81000 0.0858023606812056
17.83000 0.0857371291130128
17.85000 0.0856720202052356
17.87000 0.0856070335919784
17.89000 0.0855421689088372
17.91000 0.0854774257928916
17.93000 0.0854128038826993
17.95000 0.0853483028182833
17.97000 0.0852839222411255
17.99000 0.0852196617941716
18.01000 0.0851555211218025
18.03000 0.0850914998698443
18.05000 0.0850275976855469
18.07000 0.0849638142175868
18.09000 0.0849001491160663
18.11000 0.0848366020324850
18.13000 0.0847731726197444
18.15000 0.0847098605321491
18.17000 0.0846466654253855
18.19000 0.0845835869565240
18.21000 0.0845206247840025
18.23000 0.0844577785676351
18.25000 0.0843950479685861
18.27000 0.0843324326493764
18.29000 0.0842699322738724
18.31000 0.0842075465072843
18.33000 0.0841452750161463
18.35000 0.0840831174683217
18.37000 0.0840210735329976
18.39000 0.0839591428806628
18.41000 0.0838973251831210
18.43000 0.0838356201134729
18.45000 0.0837740273461078
18.47000 0.0837125465567056
18.49000 0.0836511774222228
18.51000 0.0835899196208892
18.53000 0.0835287728322027
18.55000 0.0834677367369226
18.57000 0.0834068110170598
18.59000 0.0833459953558741
18.61000 0.0832852894378703
18.63000 0.0832246929487809
18.65000 0.0831642055755743
18.67000 0.0831038270064420
18.69000 0.0830435569307887
18.71000 0.0829833950392342
18.73000 0.0829233410236004
18.75000 0.0828633945769115
18.77000 0.0828035553933856
18.79000 0.0827438231684211
18.81000 0.0826841975986045
18.83000 0.0826246783816968
18.85000 0.0825652652166309
18.87000 0.0825059578034989
18.89000 0.0824467558435550
18.91000 0.0823876590392037
18.93000 0.0823286670940026
18.95000 0.0822697797126428
18.97000 0.0822109966009574
18.99000 0.0821523174659084
19.01000 0.0820937420155777
19.03000 0.0820352699591758
19.05000 0.0819769010070208
19.07000 0.0819186348705403
19.09000 0.0818604712622691
19.11000 0.0818024098958339
19.13000 0.0817444504859565
19.15000 0.0816865927484471
19.17000 0.0816288364001982
19.19000 0.0815711811591751
19.21000 0.0815136267444195
19.23000 0.0814561728760380
19.25000 0.0813988192751954
19.27000 0.0813415656641186
19.29000 0.0812844117660807
19.31000 0.0812273573054021
19.33000 0.0811704020074458
19.35000 0.0811135455986097
19.37000 0.0810567878063219
19.39000 0.0810001283590390
19.41000 0.0809435669862352
19.43000 0.0808871034184066
19.45000 0.0808307373870562
19.47000 0.0807744686246944
19.49000 0.0807182968648339
19.51000 0.0806622218419881
19.53000 0.0806062432916577
19.55000 0.0805503609503336
19.57000 0.0804945745554890
19.59000 0.0804388838455785
19.61000 0.0803832885600275
19.63000 0.0803277884392290
19.65000 0.0802723832245463
19.67000 0.0802170726582965
19.69000 0.0801618564837569
19.71000 0.0801067344451548
19.73000 0.0800517062876642
19.75000 0.0799967717573975
19.77000 0.0799419306014109
19.79000 0.0798871825676913
19.81000 0.0798325274051535
19.83000 0.0797779648636387
19.85000 0.0797234946939075
19.87000 0.0796691166476382
19.89000 0.0796148304774171
19.91000 0.0795606359367415
19.93000 0.0795065327800111
19.95000 0.0794525207625270
19.97000 0.0793985996404800
19.99000 0.0793447691709542
20.01000 0.0792910291119263
20.03000 0.0792373792222434
20.05000 0.0791838192616447
20.07000 0.0791303489907311
20.09000 0.0790769681709840
20.11000 0.0790236765647468
20.13000 0.0789704739352251
20.15000 0.0789173600464819
20.17000 0.0788643346634384
20.19000 0.0788113975518652
20.21000 0.0787585484783797
20.23000 0.0787057872104377
20.25000 0.0786531135163392
20.27000 0.0786005271652192
20.29000 0.0785480279270408
20.31000 0.0784956155725969
20.33000 0.0784432898735035
20.35000 0.0783910506021980
20.37000 0.0783388975319319
20.39000 0.0782868304367698
20.41000 0.0782348490915862
20.43000 0.0781829532720590
20.45000 0.0781311427546706
20.47000 0.0780794173166996
20.49000 0.0780277767362183
20.51000 0.0779762207920900
20.53000 0.0779247492639650
20.55000 0.0778733619322785
20.57000 0.0778220585782461
20.59000 0.0777708389838572
20.61000 0.0777197029318763
20.63000 0.0776686502058378
20.65000 0.0776176805900420
20.67000 0.0775667938695507
20.69000 0.0775159898301854
20.71000 0.0774652682585259
20.73000 0.0774146289419009
20.75000 0.0773640716683912
20.77000 0.0773135962268195
20.79000 0.0772632024067574
20.81000 0.0772128899985110
20.83000 0.0771626587931216
20.85000 0.0771125085823670
20.87000 0.0770624391587503
20.89000 0.0770124503155046
20.91000 0.0769625418465798
20.93000 0.0769127135466564
20.95000 0.0768629652111211
20.97000 0.0768132966360769
20.99000 0.0767637076183388
21.01000 0.0767141979554280
21.03000 0.0766647674455697
21.05000 0.0766154158876888
21.07000 0.0765661430814111
21.09000 0.0765169488270530
21.11000 0.0764678329256248
21.13000 0.0764187951788278
21.15000 0.0763698353890430
21.17000 0.0763209533593393
21.19000 0.0762721488934636
21.21000 0.0762234217958373
21.23000 0.0761747718715599
21.25000 0.0761261989263991
21.27000 0.0760777027667871
21.29000 0.0760292831998286
21.31000 0.0759809400332834
21.33000 0.0759326730755753
21.35000 0.0758844821357820
21.37000 0.0758363670236347
21.39000 0.0757883275495155
21.41000 0.0757403635244551
21.43000 0.0756924747601289
21.45000 0.0756446610688526
21.47000 0.0755969222635841
21.49000 0.0755492581579171
21.51000 0.0755016685660786
21.53000 0.0754541533029278
21.55000 0.0754067121839514
21.57000 0.0753593450252620
21.59000 0.0753120516435948
21.61000 0.0752648318563077
21.63000 0.0752176854813749
21.65000 0.0751706123373836
21.67000 0.0751236122435404
21.69000 0.0750766850196530
21.71000 0.0750298304861422
21.73000 0.0749830484640303
21.75000 0.0749363387749449
21.77000 0.0748897012411109
21.79000 0.0748431356853509
21.81000 0.0747966419310821
21.83000 0.0747502198023116
21.85000 0.0747038691236403
21.87000 0.0746575897202501
21.89000 0.0746113814179133
21.91000 0.0745652440429803
21.93000 0.0745191774223831
21.95000 0.0744731813836298
21.97000 0.0744272557548023
21.99000 0.0743814003645554
22.01000 0.0743356150421142
22.03000 0.0742898996172713
22.05000 0.0742442539203831
22.07000 0.0741986777823699
22.09000 0.0741531710347118
22.11000 0.0741077335094466
22.13000 0.0740623650391670
22.15000 0.0740170654570207
22.17000 0.0739718345967046
22.19000 0.0739266722924655
22.21000 0.0738815783790964
22.23000 0.0738365526919344
22.25000 0.0737915950668569
22.27000 0.0737467053402811
22.29000 0.0737018833491647
22.31000 0.0736571289309969
22.33000 0.0736124419237998
22.35000 0.0735678221661297
22.37000 0.0735232694970671
22.39000 0.0734787837562209
22.41000 0.0734343647837223
22.43000 0.0733900124202298
22.45000 0.0733457265069130
22.47000 0.0733015068854663
22.49000 0.0732573533980949
22.51000 0.0732132658875213
22.53000 0.0731692441969768
22.55000 0.0731252881702014
22.57000 0.0730813976514430
22.59000 0.0730375724854559
22.61000 0.0729938125174936
22.63000 0.0729501175933139
22.65000 0.0729064875591726
22.67000 0.0728629222618204
22.69000 0.0728194215485033
22.71000 0.0727759852669614
22.73000 0.0727326132654256
22.75000 0.0726893053926126
22.77000 0.0726460614977285
22.79000 0.0726028814304620
22.81000 0.0725597650409872
22.83000 0.0725167121799573
22.85000 0.0724737226985033
22.87000 0.0724307964482333
22.89000 0.0723879332812338
22.91000 0.0723451330500596
22.93000 0.0723023956077381
22.95000 0.0722597208077669
22.97000 0.0722171085041129
22.99000 0.0721745585512010
23.01000 0.0721320708039259
23.03000 0.0720896451176450
23.05000 0.0720472813481703
23.07000 0.0720049793517731
23.09000 0.0719627389851853
23.11000 0.0719205601055878
23.13000 0.0718784425706155
23.15000 0.0718363862383556
23.17000 0.0717943909673404
23.19000 0.0717524566165546
23.21000 0.0717105830454240
23.23000 0.0716687701138175
23.25000 0.0716270176820480
23.27000 0.0715853256108677
23.29000 0.0715436937614659
23.31000 0.0715021219954707
23.33000 0.0714606101749419
23.35000 0.0714191581623732
23.37000 0.0713777658206923
23.39000 0.0713364330132510
23.41000 0.0712951596038347
23.43000 0.0712539454566500
23.45000 0.0712127904363312
23.47000 0.0711716944079342
23.49000 0.0711306572369360
23.51000 0.0710896787892327
23.53000 0.0710487589311388
23.55000 0.0710078975293848
23.57000 0.0709670944511163
23.59000 0.0709263495638898
23.61000 0.0708856627356743
23.63000 0.0708450338348476
23.65000 0.0708044627301988
23.67000 0.0707639492909177
23.69000 0.0707234933866033
23.71000 0.0706830948872579
23.73000 0.0706427536632805
23.75000 0.0706024695854771
23.77000 0.0705622425250475
23.79000 0.0705220723535885
23.81000 0.0704819589430956
23.83000 0.0704419021659559
23.85000 0.0704019018949474
23.87000 0.0703619580032419
23.89000 0.0703220703643987
23.91000 0.0702822388523652
23.93000 0.0702424633414745
23.95000 0.0702027437064463
23.97000 0.0701630798223817
23.99000 0.0701234715647642
24.01000 0.0700839188094572
24.03000 0.0700444214327041
24.05000 0.0700049793111241
24.07000 0.0699655923217142
24.09000 0.0699262603418452
24.11000 0.0698869832492588
24.13000 0.0698477609220704
24.15000 0.0698085932387664
24.17000 0.0697694800781998
24.19000 0.0697304213195927
24.21000 0.0696914168425308
24.23000 0.0696524665269673
24.25000 0.0696135702532157
24.27000 0.0695747279019526
24.29000 0.0695359393542159
24.31000 0.0694972044913998
24.33000 0.0694585231952596
24.35000 0.0694198953479035
24.37000 0.0693813208317948
24.39000 0.0693427995297551
24.41000 0.0693043313249520
24.43000 0.0692659161009047
24.45000 0.0692275537414876
24.47000 0.0691892441309170
24.49000 0.0691509871537580
24.51000 0.0691127826949219
24.53000 0.0690746306396647
24.55000 0.0690365308735838
24.57000 0.0689984832826193
24.59000 0.0689604877530509
24.61000 0.0689225441714978
24.63000 0.0688846524249159
24.65000 0.0688468124005986
24.67000 0.0688090239861771
24.69000 0.0687712870696104
24.71000 0.0687336015391958
24.73000 0.0686959672835586
24.75000 0.0686583841916568
24.77000 0.0686208521527764
24.79000 0.0685833710565287
24.81000 0.0685459407928554
24.83000 0.0685085612520217
24.85000 0.0684712323246170
24.87000 0.0684339539015540
24.89000 0.0683967258740635
24.91000 0.0683595481337031
24.93000 0.0683224205723458
24.95000 0.0682853430821828
24.97000 0.0682483155557221
24.99000 0.0682113378857876
25.01000 0.0681744099655195
25.03000 0.0681375316883682
25.05000 0.0681007029480986
25.07000 0.0680639236387862
25.09000 0.0680271936548156
25.11000 0.0679905128908803
25.13000 0.0679538812419835
25.15000 0.0679172986034308
25.17000 0.0678807648708372
25.19000 0.0678442799401191
25.21000 0.0678078437074961
25.23000 0.0677714560694928
25.25000 0.0677351169229300
25.27000 0.0676988261649331
25.29000 0.0676625836929218
25.31000 0.0676263894046166
25.33000 0.0675902431980315
25.35000 0.0675541449714786
25.37000 0.0675180946235616
25.39000 0.0674820920531815
25.41000 0.0674461371595265
25.43000 0.0674102298420790
25.45000 0.0673743700006106
25.47000 0.0673385575351809
25.49000 0.0673027923461376
25.51000 0.0672670743341180
25.53000 0.0672314034000411
25.55000 0.0671957794451147
25.57000 0.0671602023708241
25.59000 0.0671246720789461
25.61000 0.0670891884715302
25.63000 0.0670537514509131
25.65000 0.0670183609197067
25.67000 0.0669830167808058
25.69000 0.0669477189373774
25.71000 0.0669124672928710
25.73000 0.0668772617510057
25.75000 0.0668421022157813
25.77000 0.0668069885914638
25.79000 0.0667719207826007
25.81000 0.0667368986940038
25.83000 0.0667019222307592
25.85000 0.0666669912982203
25.87000 0.0666321058020106
25.89000 0.0665972656480238
25.91000 0.0665624707424157
25.93000 0.0665277209916085
25.95000 0.0664930163022942
25.97000 0.0664583565814218
25.99000 0.0664237417362096
26.01000 0.0663891716741324
26.03000 0.0663546463029305
26.05000 0.0663201655306013
26.07000 0.0662857292654035
26.09000 0.0662513374158530
26.11000 0.0662169898907230
26.13000 0.0661826865990442
26.15000 0.0661484274501012
26.17000 0.0661142123534335
26.19000 0.0660800412188369
26.21000 0.0660459139563564
26.23000 0.0660118304762904
26.25000 0.0659777906891889
26.27000 0.0659437945058526
26.29000 0.0659098418373294
26.31000 0.0658759325949170
26.33000 0.0658420666901588
26.35000 0.0658082440348480
26.37000 0.0657744645410220
26.39000 0.0657407281209609
26.41000 0.0657070346871944
26.43000 0.0656733841524871
26.45000 0.0656397764298535
26.47000 0.0656062114325458
26.49000 0.0655726890740588
26.51000 0.0655392092681239
26.53000 0.0655057719287148
26.55000 0.0654723769700414
26.57000 0.0654390243065500
26.59000 0.0654057138529264
26.61000 0.0653724455240906
26.63000 0.0653392192351939
26.65000 0.0653060349016276
26.67000 0.0652728924390116
26.69000 0.0652397917632005
26.71000 0.0652067327902798
26.73000 0.0651737154365623
26.75000 0.0651407396185971
26.77000 0.0651078052531578
26.79000 0.0650749122572485
26.81000 0.0650420605480989
26.83000 0.0650092500431652
26.85000 0.0649764806601339
26.87000 0.0649437523169104
26.89000 0.0649110649316272
26.91000 0.0648784184226423
26.93000 0.0648458127085343
26.95000 0.0648132477081054
26.97000 0.0647807233403773
26.99000 0.0647482395245915
27.01000 0.0647157961802127
27.03000 0.0646833932269217
27.05000 0.0646510305846191
27.07000 0.0646187081734208
27.09000 0.0645864259136617
27.11000 0.0645541837258921
27.13000 0.0645219815308777
27.15000 0.0644898192495974
27.17000 0.0644576968032453
27.19000 0.0644256141132288
27.21000 0.0643935711011657
27.23000 0.0643615676888861
27.25000 0.0643296037984330
27.27000 0.0642976793520578
27.29000 0.0642657942722202
27.31000 0.0642339484815913
27.33000 0.0642021419030479
27.35000 0.0641703744596740
27.37000 0.0641386460747636
27.39000 0.0641069566718124
27.41000 0.0640753061745233
27.43000 0.0640436945068031
27.45000 0.0640121215927637
27.47000 0.0639805873567175
27.49000 0.0639490917231825
27.51000 0.0639176346168761
27.53000 0.0638862159627162
27.55000 0.0638548356858235
27.57000 0.0638234937115179
27.59000 0.0637921899653158
27.61000 0.0637609243729342
27.63000 0.0637296968602876
27.65000 0.0636985073534875
27.67000 0.0636673557788408
27.69000 0.0636362420628506
27.71000 0.0636051661322145
27.73000 0.0635741279138259
27.75000 0.0635431273347711
27.77000 0.0635121643223278
27.79000 0.0634812388039697
27.81000 0.0634503507073596
27.83000 0.0634194999603525
27.85000 0.0633886864909913
27.87000 0.0633579102275124
27.89000 0.0633271710983399
27.91000 0.0632964690320866
27.93000 0.0632658039575533
27.95000 0.0632351758037259
27.97000 0.0632045844997808
27.99000 0.0631740299750773
28.01000 0.0631435121591649
28.03000 0.0631130309817698
28.05000 0.0630825863728099
28.07000 0.0630521782623847
28.09000 0.0630218065807738
28.11000 0.0629914712584432
28.13000 0.0629611722260369
28.15000 0.0629309094143835
28.17000 0.0629006827544908
28.19000 0.0628704921775463
28.21000 0.0628403376149160
28.23000 0.0628102189981470
28.25000 0.0627801362589631
28.27000 0.0627500893292665
28.29000 0.0627200781411335
28.31000 0.0626901026268228
28.33000 0.0626601627187635
28.35000 0.0626302583495627
28.37000 0.0626003894520018
28.39000 0.0625705559590345
28.41000 0.0625407578037894
28.43000 0.0625109949195710
28.45000 0.0624812672398509
28.47000 0.0624515746982767
28.49000 0.0624219172286642
28.51000 0.0623922947650042
28.53000 0.0623627072414520
28.55000 0.0623331545923376
28.57000 0.0623036367521566
28.59000 0.0622741536555769
28.61000 0.0622447052374301
28.63000 0.0622152914327165
28.65000 0.0621859121766057
28.67000 0.0621565674044314
28.69000 0.0621272570516923
28.71000 0.0620979810540562
28.73000 0.0620687393473503
28.75000 0.0620395318675708
28.77000 0.0620103585508741
28.79000 0.0619812193335820
28.81000 0.0619521141521772
28.83000 0.0619230429433064
28.85000 0.0618940056437760
28.87000 0.0618650021905545
28.89000 0.0618360325207700
28.91000 0.0618070965717120
28.93000 0.0617781942808288
28.95000 0.0617493255857239
28.97000 0.0617204904241686
28.99000 0.0616916887340819
29.01000 0.0616629204535473
29.03000 0.0616341855208020
29.05000 0.0616054838742385
29.07000 0.0615768154524088
29.09000 0.0615481801940183
29.11000 0.0615195780379260
29.13000 0.0614910089231486
29.15000 0.0614624727888531
29.17000 0.0614339695743631
29.19000 0.0614054992191529
29.21000 0.0613770616628507
29.23000 0.0613486568452364
29.25000 0.0613202847062403
29.27000 0.0612919451859446
29.29000 0.0612636382245817
29.31000 0.0612353637625349
29.33000 0.0612071217403360
29.35000 0.0611789120986658
29.37000 0.0611507347783546
29.39000 0.0611225897203809
29.41000 0.0610944768658701
29.43000 0.0610663961560935
29.45000 0.0610383475324730
29.47000 0.0610103309365718
29.49000 0.0609823463101045
29.51000 0.0609543935949261
29.53000 0.0609264727330392
29.55000 0.0608985836665907
29.57000 0.0608707263378698
29.59000 0.0608429006893109
29.61000 0.0608151066634909
29.63000 0.0607873442031290
29.65000 0.0607596132510861
29.67000 0.0607319137503674
29.69000 0.0607042456441151
29.71000 0.0606766088756178
29.73000 0.0606490033882971
29.75000 0.0606214291257231
29.77000 0.0605938860315990
29.79000 0.0605663740497688
29.81000 0.0605388931242164
29.83000 0.0605114431990625
29.85000 0.0604840242185651
29.87000 0.0604566361271221
29.89000 0.0604292788692667
29.91000 0.0604019523896673
29.93000 0.0603746566331304
29.95000 0.0603473915445967
29.97000 0.0603201570691440
29.99000 0.0602929531519819
30.01000 0.0602657797384566
30.03000 0.0602386367740480
30.05000 0.0602115242043705
30.07000 0.0601844419751679
30.09000 0.0601573900323219
30.11000 0.0601303683218409
30.13000 0.0601033767898710
30.15000 0.0600764153826842
30.17000 0.0600494840466870
30.19000 0.0600225827284167
30.21000 0.0599957113745389
30.23000 0.0599688699318514
30.25000 0.0599420583472773
30.27000 0.0599152765678749
30.29000 0.0598885245408248
30.31000 0.0598618022134412
30.33000 0.0598351095331628
30.35000 0.0598084464475567
30.37000 0.0597818129043182
30.39000 0.0597552088512669
30.41000 0.0597286342363520
30.43000 0.0597020890076438
30.45000 0.0596755731133428
30.47000 0.0596490865017725
30.49000 0.0596226291213818
30.51000 0.0595962009207452
30.53000 0.0595698018485552
30.55000 0.0595434318536359
30.57000 0.0595170908849316
30.59000 0.0594907788915062
30.61000 0.0594644958225525
30.63000 0.0594382416273775
30.65000 0.0594120162554175
30.67000 0.0593858196562253
30.69000 0.0593596517794773
30.71000 0.0593335125749682
30.73000 0.0593074019926154
30.75000 0.0592813199824557
30.77000 0.0592552664946423
30.79000 0.0592292414794522
30.81000 0.0592032448872774
30.83000 0.0591772766686332
30.85000 0.0591513367741461
30.87000 0.0591254251545665
30.89000 0.0590995417607587
30.91000 0.0590736865437056
30.93000 0.0590478594545059
30.95000 0.0590220604443744
30.97000 0.0589962894646443
30.99000 0.0589705464667602
31.01000 0.0589448314022852
31.03000 0.0589191442228987
31.05000 0.0588934848803878
31.07000 0.0588678533266622
31.09000 0.0588422495137413
31.11000 0.0588166733937570
31.13000 0.0587911249189554
31.15000 0.0587656040416984
31.17000 0.0587401107144568
31.19000 0.0587146448898138
31.21000 0.0586892065204666
31.23000 0.0586637955592221
31.25000 0.0586384119590004
31.27000 0.0586130556728288
31.29000 0.0585877266538487
31.31000 0.0585624248553107
31.33000 0.0585371502305741
31.35000 0.0585119027331093
31.37000 0.0584866823164948
31.39000 0.0584614889344180
31.41000 0.0584363225406770
31.43000 0.0584111830891729
31.45000 0.0583860705339221
31.47000 0.0583609848290415
31.49000 0.0583359259287606
31.51000 0.0583108937874148
31.53000 0.0582858883594404
31.55000 0.0582609095993878
31.57000 0.0582359574619119
31.59000 0.0582110319017674
31.61000 0.0581861328738237
31.63000 0.0581612603330468
31.65000 0.0581364142345119
31.67000 0.0581115945333972
31.69000 0.0580868011849852
31.71000 0.0580620341446638
31.73000 0.0580372933679233
31.75000 0.0580125788103561
31.77000 0.0579878904276584
31.79000 0.0579632281756293
31.81000 0.0579385920101707
31.83000 0.0579139818872851
31.85000 0.0578893977630779
31.87000 0.0578648395937569
31.89000 0.0578403073356275
31.91000 0.0578158009450984
31.93000 0.0577913203786802
31.95000 0.0577668655929802
31.97000 0.0577424365447083
31.99000 0.0577180331906725
32.01000 0.0576936554877827
32.03000 0.0576693033930440
32.05000 0.0576449768635635
32.07000 0.0576206758565450
32.09000 0.0575964003292920
32.11000 0.0575721502392046
32.13000 0.0575479255437817
32.15000 0.0575237262006171
32.17000 0.0574995521674058
32.19000 0.0574754034019352
32.21000 0.0574512798620933
32.23000 0.0574271815058596
32.25000 0.0574031082913137
32.27000 0.0573790601766309
32.29000 0.0573550371200784
32.31000 0.0573310390800196
32.33000 0.0573070660149169
32.35000 0.0572831178833203
32.37000 0.0572591946438805
32.39000 0.0572352962553398
32.41000 0.0572114226765313
32.43000 0.0571875738663862
32.45000 0.0571637497839264
32.47000 0.0571399503882679
32.49000 0.0571161756386187
32.51000 0.0570924254942787
32.53000 0.0570686999146401
32.55000 0.0570449988591882
32.57000 0.0570213222874992
32.59000 0.0569976701592418
32.61000 0.0569740424341723
32.63000 0.0569504390721401
32.65000 0.0569268600330875
32.67000 0.0569033052770432
32.69000 0.0568797747641274
32.71000 0.0568562684545501
32.73000 0.0568327863086118
32.75000 0.0568093282867017
32.77000 0.0567858943492960
32.79000 0.0567624844569642
32.81000 0.0567390985703585
32.83000 0.0567157366502244
32.85000 0.0566923986573918
32.87000 0.0566690845527835
32.89000 0.0566457942974037
32.91000 0.0566225278523454
32.93000 0.0565992851787917
32.95000 0.0565760662380101
32.97000 0.0565528709913549
32.99000 0.0565296994002665
33.01000 0.0565065514262721
33.03000 0.0564834270309846
33.05000 0.0564603261761010
33.07000 0.0564372488234051
33.09000 0.0564141949347657
33.11000 0.0563911644721359
33.13000 0.0563681573975528
33.15000 0.0563451736731414
33.17000 0.0563222132611039
33.19000 0.0562992761237340
33.21000 0.0562763622234038
33.23000 0.0562534715225696
33.25000 0.0562306039837763
33.27000 0.0562077595696409
33.29000 0.0561849382428742
33.31000 0.0561621399662628
33.33000 0.0561393647026783
33.35000 0.0561166124150724
33.37000 0.0560938830664807
33.39000 0.0560711766200179
33.41000 0.0560484930388829
33.43000 0.0560258322863552
33.45000 0.0560031943257912
33.47000 0.0559805791206319
33.49000 0.0559579866343975
33.51000 0.0559354168306911
33.53000 0.0559128696731907
33.55000 0.0558903451256570
33.57000 0.0558678431519306
33.59000 0.0558453637159302
33.61000 0.0558229067816546
33.63000 0.0558004723131787
33.65000 0.0557780602746618
33.67000 0.0557556706303339
33.69000 0.0557333033445104
33.71000 0.0557109583815816
33.73000 0.0556886357060140
33.75000 0.0556663352823542
33.77000 0.0556440570752248
33.79000 0.0556218010493247
33.81000 0.0555995671694336
33.83000 0.0555773554004033
33.85000 0.0555551657071649
33.87000 0.0555329980547263
33.89000 0.0555108524081658
33.91000 0.0554887287326441
33.93000 0.0554666269933976
33.95000 0.0554445471557314
33.97000 0.0554224891850346
33.99000 0.0554004530467630
34.01000 0.0553784387064543
34.03000 0.0553564461297137
34.05000 0.0553344752822307
34.07000 0.0553125261297586
34.09000 0.0552905986381297
34.11000 0.0552686927732506
34.13000 0.0552468085011000
34.15000 0.0552249457877287
34.17000 0.0552031045992668
34.19000 0.0551812849019094
34.21000 0.0551594866619290
34.23000 0.0551377098456702
34.25000 0.0551159544195484
34.27000 0.0550942203500533
34.29000 0.0550725076037459
34.31000 0.0550508161472566
34.33000 0.0550291459472923
34.35000 0.0550074969706252
34.37000 0.0549858691841059
34.39000 0.0549642625546479
34.41000 0.0549426770492444
34.43000 0.0549211126349511
34.45000 0.0548995692788997
34.47000 0.0548780469482885
34.49000 0.0548565456103878
34.51000 0.0548350652325376
34.53000 0.0548136057821484
34.55000 0.0547921672266988
34.57000 0.0547707495337366
34.59000 0.0547493526708788
34.61000 0.0547279766058134
34.63000 0.0547066213062951
34.65000 0.0546852867401447
34.67000 0.0546639728752586
34.69000 0.0546426796795949
34.71000 0.0546214071211824
34.73000 0.0546001551681147
34.75000 0.0545789237885594
34.77000 0.0545577129507476
34.79000 0.0545365226229731
34.81000 0.0545153527736065
34.83000 0.0544942033710782
34.85000 0.0544730743838866
34.87000 0.0544519657805989
34.89000 0.0544308775298459
34.91000 0.0544098096003279
34.93000 0.0543887619608077
34.95000 0.0543677345801157
34.97000 0.0543467274271491
34.99000 0.0543257404708675
35.01000 0.0543047736802988
35.03000 0.0542838270245345
35.05000 0.0542629004727309
35.07000 0.0542419939941112
35.09000 0.0542211075579598
35.11000 0.0542002411336278
35.13000 0.0541793946905310
35.15000 0.0541585681981484
35.17000 0.0541377616260217
35.19000 0.0541169749437605
35.21000 0.0540962081210315
35.23000 0.0540754611275724
35.25000 0.0540547339331777
35.27000 0.0540340265077082
35.29000 0.0540133388210874
35.31000 0.0539926708433002
35.33000 0.0539720225443966
35.35000 0.0539513938944862
35.37000 0.0539307848637416
35.39000 0.0539101954224008
35.41000 0.0538896255407594
35.43000 0.0538690751891770
35.45000 0.0538485443380715
35.47000 0.0538280329579279
35.49000 0.0538075410192886
35.51000 0.0537870684927591
35.53000 0.0537666153490022
35.55000 0.0537461815587462
35.57000 0.0537257670927770
35.59000 0.0537053719219429
35.61000 0.0536849960171498
35.63000 0.0536646393493683
35.65000 0.0536443018896242
35.67000 0.0536239836090048
35.69000 0.0536036844786576
35.71000 0.0535834044697916
35.73000 0.0535631435536702
35.75000 0.0535429017016209
35.77000 0.0535226788850272
35.79000 0.0535024750753335
35.81000 0.0534822902440411
35.83000 0.0534621243627116
35.85000 0.0534419774029638
35.87000 0.0534218493364742
35.89000 0.0534017401349815
35.91000 0.0533816497702766
35.93000 0.0533615782142133
35.95000 0.0533415254386979
35.97000 0.0533214914157005
35.99000 0.0533014761172432
36.01000 0.0532814795154084
36.03000 0.0532615015823329
36.05000 0.0532415422902152
36.07000 0.0532216016113053
36.09000 0.0532016795179129
36.11000 0.0531817759824047
36.13000 0.0531618909772002
36.15000 0.0531420244747794
36.17000 0.0531221764476757
36.19000 0.0531023468684777
36.21000 0.0530825357098338
36.23000 0.0530627429444436
36.25000 0.0530429685450651
36.27000 0.0530232124845096
36.29000 0.0530034747356456
36.31000 0.0529837552713943
36.33000 0.0529640540647356
36.35000 0.0529443710886993
36.37000 0.0529247063163734
36.39000 0.0529050597208994
36.41000 0.0528854312754721
36.43000 0.0528658209533444
36.45000 0.0528462287278153
36.47000 0.0528266545722472
36.49000 0.0528070984600506
36.51000 0.0527875603646904
36.53000 0.0527680402596858
36.55000 0.0527485381186083
36.57000 0.0527290539150864
36.59000 0.0527095876227955
36.61000 0.0526901392154705
36.63000 0.0526707086668925
36.65000 0.0526512959509024
36.67000 0.0526319010413875
36.69000 0.0526125239122913
36.71000 0.0525931645376066
36.73000 0.0525738228913826
36.75000 0.0525544989477168
36.77000 0.0525351926807612
36.79000 0.0525159040647168
36.81000 0.0524966330738371
36.83000 0.0524773796824306
36.85000 0.0524581438648512
36.87000 0.0524389255955102
36.89000 0.0524197248488654
36.91000 0.0524005415994267
36.93000 0.0523813758217570
36.95000 0.0523622274904679
36.97000 0.0523430965802211
36.99000 0.0523239830657291
37.01000 0.0523048869217568
37.03000 0.0522858081231191
37.05000 0.0522667466446763
37.07000 0.0522477024613449
37.09000 0.0522286755480870
37.11000 0.0522096658799175
37.13000 0.0521906734318983
37.15000 0.0521716981791417
37.17000 0.0521527400968095
37.19000 0.0521337991601122
37.21000 0.0521148753443110
37.23000 0.0520959686247134
37.25000 0.0520770789766791
37.27000 0.0520582063756127
37.29000 0.0520393507969709
37.31000 0.0520205122162568
37.33000 0.0520016906090216
37.35000 0.0519828859508663
37.37000 0.0519640982174393
37.39000 0.0519453273844395
37.41000 0.0519265734276050
37.43000 0.0519078363227324
37.45000 0.0518891160456614
37.47000 0.0518704125722777
37.49000 0.0518517258785160
37.51000 0.0518330559403586
37.53000 0.0518144027338334
37.55000 0.0517957662350179
37.57000 0.0517771464200338
37.59000 0.0517585432650521
37.61000 0.0517399567462889
37.63000 0.0517213868400070
37.65000 0.0517028335225160
37.67000 0.0516842967701712
37.69000 0.0516657765593756
37.71000 0.0516472728665775
37.73000 0.0516287856682706
37.75000 0.0516103149409959
37.77000 0.0515918606613369
37.79000 0.0515734228059274
37.81000 0.0515550013514441
37.83000 0.0515365962746095
37.85000 0.0515182075521903
37.87000 0.0514998351610012
37.89000 0.0514814790779001
37.91000 0.0514631392797896
37.93000 0.0514448157436162
37.95000 0.0514265084463772
37.97000 0.0514082173651047
37.99000 0.0513899424768842
38.01000 0.0513716837588415
38.03000 0.0513534411881457
38.05000 0.0513352147420140
38.07000 0.0513170043977052
38.09000 0.0512988101325203
38.11000 0.0512806319238093
38.13000 0.0512624697489613
38.15000 0.0512443235854110
38.17000 0.0512261934106339
38.19000 0.0512080792021576
38.21000 0.0511899809375400
38.23000 0.0511718985943932
38.25000 0.0511538321503686
38.27000 0.0511357815831581
38.29000 0.0511177468705014
38.31000 0.0510997279901764
38.33000 0.0510817249200076
38.35000 0.0510637376378593
38.37000 0.0510457661216403
38.39000 0.0510278103492993
38.41000 0.0510098702988305
38.43000 0.0509919459482682
38.45000 0.0509740372756893
38.47000 0.0509561442592122
38.49000 0.0509382668769989
38.51000 0.0509204051072508
38.53000 0.0509025589282119
38.55000 0.0508847283181700
38.57000 0.0508669132554511
38.59000 0.0508491137184237
38.61000 0.0508313296855002
38.63000 0.0508135611351280
38.65000 0.0507958080458014
38.67000 0.0507780703960554
38.69000 0.0507603481644619
38.71000 0.0507426413296366
38.73000 0.0507249498702358
38.75000 0.0507072737649556
38.77000 0.0506896129925313
38.79000 0.0506719675317434
38.81000 0.0506543373614060
38.83000 0.0506367224603779
38.85000 0.0506191228075583
38.87000 0.0506015383818835
38.89000 0.0505839691623321
38.91000 0.0505664151279213
38.93000 0.0505488762577091
38.95000 0.0505313525307911
38.97000 0.0505138439263052
38.99000 0.0504963504234257
39.01000 0.0504788720013693
39.03000 0.0504614086393902
39.05000 0.0504439603167806
39.07000 0.0504265270128765
39.09000 0.0504091087070460
39.11000 0.0503917053787019
39.13000 0.0503743170072919
39.15000 0.0503569435723042
39.17000 0.0503395850532682
39.19000 0.0503222414297457
39.21000 0.0503049126813434
39.23000 0.0502875987877006
39.25000 0.0502702997284965
39.27000 0.0502530154834523
39.29000 0.0502357460323224
39.31000 0.0502184913549016
39.33000 0.0502012514310213
39.35000 0.0501840262405528
39.37000 0.0501668157634018
39.39000 0.0501496199795155
39.41000 0.0501324388688752
39.43000 0.0501152724115009
39.45000 0.0500981205874499
39.47000 0.0500809833768181
39.49000 0.0500638607597371
39.51000 0.0500467527163746
39.53000 0.0500296592269362
39.55000 0.0500125802716662
39.57000 0.0499955158308440
39.59000 0.0499784658847839
39.61000 0.0499614304138390
39.63000 0.0499444093984014
39.65000 0.0499274028188939
39.67000 0.0499104106557813
39.69000 0.0498934328895609
39.71000 0.0498764695007676
39.73000 0.0498595204699703
39.75000 0.0498425857777777
39.77000 0.0498256654048334
39.79000 0.0498087593318149
39.81000 0.0497918675394367
39.83000 0.0497749900084477
39.85000 0.0497581267196362
39.87000 0.0497412776538212
39.89000 0.0497244427918598
39.91000 0.0497076221146464
39.93000 0.0496908156031037
39.95000 0.0496740232381986
39.97000 0.0496572450009255
39.99000 0.0496404808723179
40.01000 0.0496237308334449
40.03000 0.0496069948654069
40.05000 0.0495902729493426
40.07000 0.0495735650664217
40.09000 0.0495568711978531
40.11000 0.0495401913248773
40.13000 0.0495235254287685
40.15000 0.0495068734908371
40.17000 0.0494902354924281
40.19000 0.0494736114149200
40.21000 0.0494570012397233
40.23000 0.0494404049482860
40.25000 0.0494238225220884
40.27000 0.0494072539426451
40.29000 0.0493906991915054
40.31000 0.0493741582502476
40.33000 0.0493576311004905
40.35000 0.0493411177238832
40.37000 0.0493246181021080
40.39000 0.0493081322168804
40.41000 0.0492916600499496
40.43000 0.0492752015831002
40.45000 0.0492587567981467
40.47000 0.0492423256769390
40.49000 0.0492259082013574
40.51000 0.0492095043533198
40.53000 0.0491931141147724
40.55000 0.0491767374676953
40.57000 0.0491603743941047
40.59000 0.0491440248760445
40.61000 0.0491276888955929
40.63000 0.0491113664348638
40.65000 0.0490950574759987
40.67000 0.0490787620011752
40.69000 0.0490624799926009
40.71000 0.0490462114325158
40.73000 0.0490299563031941
40.75000 0.0490137145869396
40.77000 0.0489974862660895
40.79000 0.0489812713230118
40.81000 0.0489650697401068
40.83000 0.0489488814998082
40.85000 0.0489327065845790
40.87000 0.0489165449769162
40.89000 0.0489003966593455
40.91000 0.0488842616144258
40.93000 0.0488681398247468
40.95000 0.0488520312729322
40.97000 0.0488359359416312
40.99000 0.0488198538135289
41.01000 0.0488037848713426
41.03000 0.0487877290978159
41.05000 0.0487716864757256
41.07000 0.0487556569878819
41.09000 0.0487396406171209
41.11000 0.0487236373463149
41.13000 0.0487076471583619
41.15000 0.0486916700361933
41.17000 0.0486757059627724
41.19000 0.0486597549210878
41.21000 0.0486438168941644
41.23000 0.0486278918650541
41.25000 0.0486119798168397
41.27000 0.0485960807326340
41.29000 0.0485801945955816
41.31000 0.0485643213888556
41.33000 0.0485484610956584
41.35000 0.0485326136992245
41.37000 0.0485167791828171
41.39000 0.0485009575297269
41.41000 0.0484851487232806
41.43000 0.0484693527468293
41.45000 0.0484535695837514
41.47000 0.0484377992174638
41.49000 0.0484220416314054
41.51000 0.0484062968090456
41.53000 0.0483905647338844
41.55000 0.0483748453894528
41.57000 0.0483591387593080
41.59000 0.0483434448270372
41.61000 0.0483277635762571
41.63000 0.0483120949906121
41.65000 0.0482964390537798
41.67000 0.0482807957494597
41.69000 0.0482651650613852
41.71000 0.0482495469733184
41.73000 0.0482339414690498
41.75000 0.0482183485323925
41.77000 0.0482027681471989
41.79000 0.0481872002973422
41.81000 0.0481716449667254
41.83000 0.0481561021392814
41.85000 0.0481405717989684
41.87000 0.0481250539297780
41.89000 0.0481095485157254
41.91000 0.0480940555408555
41.93000 0.0480785749892417
41.95000 0.0480631068449854
41.97000 0.0480476510922127
41.99000 0.0480322077150831
42.01000 0.0480167766977794
42.03000 0.0480013580245153
42.05000 0.0479859516795300
42.07000 0.0479705576470899
42.09000 0.0479551759114910
42.11000 0.0479398064570568
42.13000 0.0479244492681364
42.15000 0.0479091043291063
42.17000 0.0478937716243713
42.19000 0.0478784511383652
42.21000 0.0478631428555442
42.23000 0.0478478467603978
42.25000 0.0478325628374358
42.27000 0.0478172910712013
42.29000 0.0478020314462590
42.31000 0.0477867839472049
42.33000 0.0477715485586598
42.35000 0.0477563252652719
42.37000 0.0477411140517122
42.39000 0.0477259149026855
42.41000 0.0477107278029188
42.43000 0.0476955527371649
42.45000 0.0476803896902054
42.47000 0.0476652386468470
42.49000 0.0476500995919233
42.51000 0.0476349725102940
42.53000 0.0476198573868442
42.55000 0.0476047542064891
42.57000 0.0475896629541624
42.59000 0.0475745836148310
42.61000 0.0475595161734862
42.63000 0.0475444606151412
42.65000 0.0475294169248415
42.67000 0.0475143850876535
42.69000 0.0474993650886707
42.71000 0.0474843569130139
42.73000 0.0474693605458265
42.75000 0.0474543759722812
42.77000 0.0474394031775728
42.79000 0.0474244421469250
42.81000 0.0474094928655830
42.83000 0.0473945553188203
42.85000 0.0473796294919362
42.87000 0.0473647153702522
42.89000 0.0473498129391183
42.91000 0.0473349221839068
42.93000 0.0473200430900187
42.95000 0.0473051756428745
42.97000 0.0472903198279269
42.99000 0.0472754756306467
43.01000 0.0472606430365342
43.03000 0.0472458220311124
43.05000 0.0472310125999316
43.07000 0.0472162147285616
43.09000 0.0472014284026010
43.11000 0.0471866536076752
43.13000 0.0471718903294265
43.15000 0.0471571385535299
43.17000 0.0471423982656809
43.19000 0.0471276694515989
43.21000 0.0471129520970284
43.23000 0.0470982461877390
43.25000 0.0470835517095244
43.27000 0.0470688686482028
43.29000 0.0470541969896132
43.31000 0.0470395367196244
43.33000 0.0470248878241227
43.35000 0.0470102502890253
43.37000 0.0469956241002687
43.39000 0.0469810092438133
43.41000 0.0469664057056459
43.43000 0.0469518134717757
43.45000 0.0469372325282341
43.47000 0.0469226628610797
43.49000 0.0469081044563932
43.51000 0.0468935573002751
43.53000 0.0468790213788568
43.55000 0.0468644966782869
43.57000 0.0468499831847402
43.59000 0.0468354808844135
43.61000 0.0468209897635302
43.63000 0.0468065098083317
43.65000 0.0467920410050869
43.67000 0.0467775833400871
43.69000 0.0467631367996458
43.71000 0.0467487013700989
43.73000 0.0467342770378073
43.75000 0.0467198637891538
43.77000 0.0467054616105442
43.79000 0.0466910704884066
43.81000 0.0466766904091945
43.83000 0.0466623213593801
43.85000 0.0466479633254614
43.87000 0.0466336162939575
43.89000 0.0466192802514126
43.91000 0.0466049551843893
43.93000 0.0465906410794777
43.95000 0.0465763379232859
43.97000 0.0465620457024463
43.99000 0.0465477644036159
44.01000 0.0465334940134687
44.03000 0.0465192345187086
44.05000 0.0465049859060542
44.07000 0.0464907481622486
44.09000 0.0464765212740611
44.11000 0.0464623052282785
44.13000 0.0464481000117099
44.15000 0.0464339056111913
44.17000 0.0464197220135731
44.19000 0.0464055492057341
44.21000 0.0463913871745702
44.23000 0.0463772359070047
44.25000 0.0463630953899762
44.27000 0.0463489656104509
44.29000 0.0463348465554120
44.31000 0.0463207382118667
44.33000 0.0463066405668434
44.35000 0.0462925536073936
44.37000 0.0462784773205870
44.39000 0.0462644116935194
44.41000 0.0462503567133012
44.43000 0.0462363123670709
44.45000 0.0462222786419848
44.47000 0.0462082555252238
44.49000 0.0461942430039840
44.51000 0.0461802410654868
44.53000 0.0461662496969758
44.55000 0.0461522688857158
44.57000 0.0461382986189857
44.59000 0.0461243388840957
44.61000 0.0461103896683699
44.63000 0.0460964509591556
44.65000 0.0460825227438212
44.67000 0.0460686050097546
44.69000 0.0460546977443668
44.71000 0.0460408009350874
44.73000 0.0460269145693682
44.75000 0.0460130386346811
44.77000 0.0459991731185179
44.79000 0.0459853180083910
44.81000 0.0459714732918351
44.83000 0.0459576389564052
44.85000 0.0459438149896727
44.87000 0.0459300013792368
44.89000 0.0459161981127091
44.91000 0.0459024051777270
44.93000 0.0458886225619463
44.95000 0.0458748502530424
44.97000 0.0458610882387118
44.99000 0.0458473365066728
45.01000 0.0458335950446596
45.03000 0.0458198638404297
45.05000 0.0458061428817610
45.07000 0.0457924321564494
45.09000 0.0457787316523126
45.11000 0.0457650413571842
45.13000 0.0457513612589238
45.15000 0.0457376913454061
45.17000 0.0457240316045277
45.19000 0.0457103820242047
45.21000 0.0456967425923724
45.23000 0.0456831132969863
45.25000 0.0456694941260194
45.27000 0.0456558850674690
45.29000 0.0456422861093463
45.31000 0.0456286972396872
45.33000 0.0456151184465428
45.35000 0.0456015497179852
45.37000 0.0455879910421069
45.39000 0.0455744424070212
45.41000 0.0455609038008527
45.43000 0.0455473752117572
45.45000 0.0455338566278990
45.47000 0.0455203480374685
45.49000 0.0455068494286725
45.51000 0.0454933607897365
45.53000 0.0454798821089047
45.55000 0.0454664133744450
45.57000 0.0454529545746371
45.59000 0.0454395056977840
45.61000 0.0454260667322097
45.63000 0.0454126376662491
45.65000 0.0453992184882658
45.67000 0.0453858091866347
45.69000 0.0453724097497534
45.71000 0.0453590201660377
45.73000 0.0453456404239186
45.75000 0.0453322705118508
45.77000 0.0453189104183044
45.79000 0.0453055601317689
45.81000 0.0452922196407537
45.83000 0.0452788889337840
45.85000 0.0452655679994040
45.87000 0.0452522568261787
45.89000 0.0452389554026899
45.91000 0.0452256637175367
45.93000 0.0452123817593396
45.95000 0.0451991095167331
45.97000 0.0451858469783717
45.99000 0.0451725941329303
46.01000 0.0451593509690988
46.03000 0.0451461174755865
46.05000 0.0451328936411230
46.07000 0.0451196794544513
46.09000 0.0451064749043350
46.11000 0.0450932799795567
46.13000 0.0450800946689152
46.15000 0.0450669189612279
46.17000 0.0450537528453284
46.19000 0.0450405963100720
46.21000 0.0450274493443269
46.23000 0.0450143119369833
46.25000 0.0450011840769479
46.27000 0.0449880657531420
46.29000 0.0449749569545102
46.31000 0.0449618576700092
46.33000 0.0449487678886155
46.35000 0.0449356875993237
46.37000 0.0449226167911461
46.39000 0.0449095554531125
46.41000 0.0448965035742673
46.43000 0.0448834611436754
46.45000 0.0448704281504180
46.47000 0.0448574045835940
46.49000 0.0448443904323192
46.51000 0.0448313856857257
46.53000 0.0448183903329656
46.55000 0.0448054043632054
46.57000 0.0447924277656298
46.59000 0.0447794605294402
46.61000 0.0447665026438550
46.63000 0.0447535540981121
46.65000 0.0447406148814641
46.67000 0.0447276849831793
46.69000 0.0447147643925443
46.71000 0.0447018530988652
46.73000 0.0446889510914604
46.75000 0.0446760583596683
46.77000 0.0446631748928430
46.79000 0.0446503006803539
46.81000 0.0446374357115923
46.83000 0.0446245799759602
46.85000 0.0446117334628789
46.87000 0.0445988961617856
46.89000 0.0445860680621360
46.91000 0.0445732491534008
46.93000 0.0445604394250670
46.95000 0.0445476388666386
46.97000 0.0445348474676366
46.99000 0.0445220652175968
47.01000 0.0445092921060747
47.03000 0.0444965281226358
47.05000 0.0444837732568708
47.07000 0.0444710274983800
47.09000 0.0444582908367801
47.11000 0.0444455632617093
47.13000 0.0444328447628166
47.15000 0.0444201353297712
47.17000 0.0444074349522535
47.19000 0.0443947436199646
47.21000 0.0443820613226194
47.23000 0.0443693880499510
47.25000 0.0443567237917062
47.27000 0.0443440685376474
47.29000 0.0443314222775568
47.31000 0.0443187850012278
47.33000 0.0443061566984721
47.35000 0.0442935373591176
47.37000 0.0442809269730073
47.39000 0.0442683255300005
47.41000 0.0442557330199711
47.43000 0.0442431494328085
47.45000 0.0442305747584216
47.47000 0.0442180089867280
47.49000 0.0442054521076694
47.51000 0.0441929041111968
47.53000 0.0441803649872786
47.55000 0.0441678347259002
47.57000 0.0441553133170612
47.59000 0.0441428007507743
47.61000 0.0441302970170723
47.63000 0.0441178021060013
47.65000 0.0441053160076233
47.67000 0.0440928387120112
47.69000 0.0440803702092620
47.71000 0.0440679104894815
47.73000 0.0440554595427921
47.75000 0.0440430173593326
47.77000 0.0440305839292539
47.79000 0.0440181592427261
47.81000 0.0440057432899335
47.83000 0.0439933360610731
47.85000 0.0439809375463610
47.87000 0.0439685477360235
47.89000 0.0439561666203048
47.91000 0.0439437941894659
47.93000 0.0439314304337787
47.95000 0.0439190753435335
47.97000 0.0439067289090327
47.99000 0.0438943911205947
48.01000 0.0438820619685546
48.03000 0.0438697414432609
48.05000 0.0438574295350744
48.07000 0.0438451262343743
48.09000 0.0438328315315550
48.11000 0.0438205454170204
48.13000 0.0438082678811960
48.15000 0.0437959989145169
48.17000 0.0437837385074342
48.19000 0.0437714866504141
48.21000 0.0437592433339383
48.23000 0.0437470085485000
48.25000 0.0437347822846101
48.27000 0.0437225645327943
48.29000 0.0437103552835885
48.31000 0.0436981545275449
48.33000 0.0436859622552353
48.35000 0.0436737784572378
48.37000 0.0436616031241492
48.39000 0.0436494362465808
48.41000 0.0436372778151579
48.43000 0.0436251278205175
48.45000 0.0436129862533151
48.47000 0.0436008531042184
48.49000 0.0435887283639069
48.51000 0.0435766120230773
48.53000 0.0435645040724400
48.55000 0.0435524045027185
48.57000 0.0435403133046532
48.59000 0.0435282304689930
48.61000 0.0435161559865064
48.63000 0.0435040898479725
48.65000 0.0434920320441869
48.67000 0.0434799825659570
48.69000 0.0434679414041046
48.71000 0.0434559085494663
48.73000 0.0434438839928900
48.75000 0.0434318677252418
48.77000 0.0434198597373990
48.79000 0.0434078600202505
48.81000 0.0433958685647042
48.83000 0.0433838853616766
48.85000 0.0433719104021018
48.87000 0.0433599436769255
48.89000 0.0433479851771065
48.91000 0.0433360348936190
48.93000 0.0433240928174492
48.95000 0.0433121589395986
48.97000 0.0433002332510831
48.99000 0.0432883157429257
49.01000 0.0432764064061718
49.03000 0.0432645052318742
49.05000 0.0432526122111005
49.07000 0.0432407273349335
49.09000 0.0432288505944669
49.11000 0.0432169819808082
49.13000 0.0432051214850803
49.15000 0.0431932690984195
49.17000 0.0431814248119706
49.19000 0.0431695886168982
49.21000 0.0431577605043737
49.23000 0.0431459404655875
49.25000 0.0431341284917409
49.27000 0.0431223245740459
49.29000 0.0431105287037314
49.31000 0.0430987408720379
49.33000 0.0430869610702173
49.35000 0.0430751892895394
49.37000 0.0430634255212812
49.39000 0.0430516697567368
49.41000 0.0430399219872120
49.43000 0.0430281822040234
49.45000 0.0430164503985034
49.47000 0.0430047265619978
49.49000 0.0429930106858637
49.51000 0.0429813027614716
49.53000 0.0429696027802023
49.55000 0.0429579107334542
49.57000 0.0429462266126360
49.59000 0.0429345504091665
49.61000 0.0429228821144829
49.63000 0.0429112217200313
49.65000 0.0428995692172708
49.67000 0.0428879245976734
49.69000 0.0428762878527251
49.71000 0.0428646589739232
49.73000 0.0428530379527780
49.75000 0.0428414247808112
49.77000 0.0428298194495605
49.79000 0.0428182219505718
49.81000 0.0428066322754054
49.83000 0.0427950504156343
49.85000 0.0427834763628458
49.87000 0.0427719101086352
49.89000 0.0427603516446134
49.91000 0.0427488009624030
49.93000 0.0427372580536392
49.95000 0.0427257229099699
49.97000 0.0427141955230539
49.99000 0.0427026758845624
50.01000 0.0426911639861807
50.03000 0.0426796598196051
50.05000 0.0426681633765426
50.07000 0.0426566746487166
50.09000 0.0426451936278601
50.11000 0.0426337203057160
50.13000 0.0426222546740439
50.15000 0.0426107967245999
50.17000 0.0425993464492310
50.19000 0.0425879038394791
50.21000 0.0425764688880938
50.23000 0.0425650415833504
50.25000 0.0425536219303723
