0.25000 20.0173868349084962
0.27000 -102.8013901054058863
0.29000 -4.7028787350522618
0.31000 -139.6209381572995767
0.33000 10.0747049392816805
0.35000 3.7911051107425435
0.37000 21.6451684969161882
0.39000 24.1819884533311971
0.41000 25.6965911128263329
0.43000 24.8121257737793393
0.45000 23.2424890065733685
0.47000 21.1784778688754294
0.49000 19.0876441245417077
0.51000 17.0822565984801749
0.53000 15.1770927480735889
0.55000 13.3829500943011279
0.57000 11.9804291031736891
0.59000 10.4690124711620545
0.61000 9.3462739841435987
0.63000 8.2573348767397050
0.65000 7.3359149537396053
0.67000 6.5171202034512250
0.69000 5.8048337810145965
0.71000 5.1830700453781029
0.73000 4.6349494182510815
0.75000 4.1546246051099578
0.77000 3.7376211563244781
0.79000 3.3511520752815831
0.81000 3.0553708141080791
0.83000 2.6898580926295232
0.85000 2.5822782486380667
0.87000 2.1221373119421445
0.89000 2.1726172116006324
0.91000 1.8126353791790100
0.93000 1.7306148973374644
0.95000 1.5789811547382386
0.97000 1.4261397804591718
0.99000 1.3261094049255020
1.01000 1.2249128610725135
1.03000 1.1172635666171586
1.05000 1.0336047386039215
1.07000 0.9620886570055333
1.09000 0.8963880280983088
1.11000 0.8362178704687807
1.13000 0.7713627405217528
1.15000 0.7142410014121526
1.17000 0.6686455853120259
1.19000 0.6242446006869222
1.21000 0.5838710788001282
1.23000 0.5475236326824007
1.25000 0.5147101741348470
1.27000 0.4852783907355330
1.29000 0.4582675951677236
1.31000 0.4235610878237465
1.33000 0.4030449216272751
1.35000 0.3788193045130747
1.37000 0.3594346214182605
1.39000 0.3390805590012628
1.41000 0.3205005738813697
1.43000 0.3068098380678194
1.45000 0.2869754697765181
1.47000 0.2705784350048868
1.49000 0.2681480931974549
1.51000 0.2349029561722153
1.53000 0.2427599928370161
1.55000 0.2251439254359148
1.57000 0.2025190588145210
1.59000 0.2103241094018419
1.61000 0.1961557074756093
1.63000 0.1772468057742449
1.65000 0.1755733540613943
1.67000 0.1770144441905671
1.69000 0.1575874821839000
1.71000 0.1522791006717631
1.73000 0.1436026658696576
1.75000 0.1505404334754361
1.77000 0.1341802509958560
1.79000 0.1281229631648155
1.81000 0.1234868367861834
1.83000 0.1180620006850190
1.85000 0.1199501536870244
1.87000 0.1124354890441604
1.89000 0.1033626648392720
1.91000 0.1024516784487820
1.93000 0.0969950923977262
1.95000 0.0946568654477028
1.97000 0.0946515056147549
1.99000 0.0888679824173622
2.01000 0.0839296871585349
2.03000 0.0804186444288331
2.05000 0.0788109093032471
2.07000 0.0766256654770777
2.09000 0.0702885851952550
2.11000 0.0770567659449014
2.13000 0.0627860321025797
2.15000 0.0729584546712199
2.17000 0.0603571623236654
2.19000 0.0597817281210629
2.21000 0.0645638224596364
2.23000 0.0548287928947566
2.25000 0.0541329790021417
2.27000 0.0575294204635535
2.29000 0.0534521266947382
2.31000 0.0472822582013125
2.33000 0.0517169944600863
2.35000 0.0499171340257824
2.37000 0.0440966526025581
2.39000 0.0435540555588735
2.41000 0.0439310973016083
2.43000 0.0449113715545827
2.45000 0.0389754396581029
2.47000 0.0386172508322809
2.49000 0.0393292211876376
2.51000 0.0392317367828299
2.53000 0.0360664131083636
2.55000 0.0346741379821565
2.57000 0.0344698731363779
2.59000 0.0329553752921134
2.61000 0.0339475807418591
2.63000 0.0311018861128461
2.65000 0.0305476081351637
2.67000 0.0286346831662732
2.69000 0.0297318574852638
2.71000 0.0269435273860437
2.73000 0.0316425625863463
2.75000 0.0226013425567532
2.77000 0.0288114418318478
2.79000 0.0231323304839918
2.81000 0.0244563332548372
2.83000 0.0264647482169552
2.85000 0.0219397910718640
2.87000 0.0231271304769002
2.89000 0.0232941505205290
2.91000 0.0200162381461255
2.93000 0.0206547159584125
2.95000 0.0222332957021861
2.97000 0.0191598946199430
2.99000 0.0191185204242069
3.01000 0.0203790814663300
3.03000 0.0188792093648119
3.05000 0.0169114632020406
3.07000 0.0173655783618683
3.09000 0.0183356022494715
3.11000 0.0169343991375988
3.13000 0.0155990368191916
3.15000 0.0163205199933218
3.17000 0.0162099624811026
3.19000 0.0157665034384672
3.21000 0.0143141483041620
3.23000 0.0146594876284286
3.25000 0.0138131523002201
3.27000 0.0146892571023516
3.29000 0.0133184768769112
3.31000 0.0135519831467867
3.33000 0.0118309373871769
3.35000 0.0145884161810902
3.37000 0.0112859252036449
3.39000 0.0134352049161827
3.41000 0.0105042928059499
3.43000 0.0116907444373352
3.45000 0.0122553892381583
3.47000 0.0103026619642973
3.49000 0.0114575982382292
3.51000 0.0107875913641734
3.53000 0.0096091443829716
3.55000 0.0104645678696465
3.57000 0.0105104858265833
3.59000 0.0094607668053859
3.61000 0.0096235968557549
3.63000 0.0097728806239724
3.65000 0.0087405950243794
3.67000 0.0084744251257577
3.69000 0.0093829468211330
3.71000 0.0086855264300190
3.73000 0.0081400143570054
3.75000 0.0083490504151444
3.77000 0.0084140597845598
3.79000 0.0076191064163807
3.81000 0.0076022142285008
3.83000 0.0076107192596708
3.85000 0.0079572976390922
3.87000 0.0073018847045192
3.89000 0.0069100873171616
3.91000 0.0067419669095200
3.93000 0.0075694171416951
3.95000 0.0060426552650483
3.97000 0.0072772307277424
3.99000 0.0055532488908254
4.01000 0.0072008571559238
4.03000 0.0060435463635859
4.05000 0.0060888389237975
4.07000 0.0061790557335147
4.09000 0.0054494272809513
4.11000 0.0061870426316946
4.13000 0.0057254050458977
4.15000 0.0051684464578520
4.17000 0.0058205041481019
4.19000 0.0053688443737062
4.21000 0.0049520815399717
4.23000 0.0055874282052966
4.25000 0.0049706967997683
4.27000 0.0046828278234268
4.29000 0.0049618744298504
4.31000 0.0050563145973422
4.33000 0.0044218727637824
4.35000 0.0047418552013197
4.37000 0.0047539571237931
4.39000 0.0043648813730091
4.41000 0.0042010084357983
4.43000 0.0042954295791560
4.45000 0.0045188851792444
4.47000 0.0041371794011480
4.49000 0.0038987490319498
4.51000 0.0040808162115695
4.53000 0.0039061265506846
4.55000 0.0040367515175462
4.57000 0.0033665489377703
4.59000 0.0043186248847860
4.61000 0.0033972947718897
4.63000 0.0038733780650483
4.65000 0.0031634498261675
4.67000 0.0036058652302477
4.69000 0.0036116498102386
4.71000 0.0032064559341016
4.73000 0.0034431393789354
4.75000 0.0031613183425205
4.77000 0.0031896718484063
4.79000 0.0034460498112473
4.81000 0.0028796530264497
4.83000 0.0029639621775453
4.85000 0.0032014806604364
4.87000 0.0028717199625217
4.89000 0.0029264258262033
4.91000 0.0029714533495799
4.93000 0.0027403265131602
4.95000 0.0026453518484533
4.97000 0.0028419321005298
4.99000 0.0027561482031831
5.01000 0.0024800057262427
5.03000 0.0026119872468626
5.05000 0.0026850221987914
5.07000 0.0025035978498678
5.09000 0.0024179354409885
5.11000 0.0024585968388483
5.13000 0.0024951521751526
5.15000 0.0021962660278393
5.17000 0.0024249166621452
5.19000 0.0021822211861607
5.21000 0.0024928390948697
5.23000 0.0019660324005374
5.25000 0.0023860037499009
5.27000 0.0020367115401617
5.29000 0.0021545294483690
5.31000 0.0021402204950412
5.33000 0.0019041629673496
5.35000 0.0022051300022086
5.37000 0.0019525082071981
5.39000 0.0019016681458706
5.41000 0.0020084827608939
5.43000 0.0018237330338030
5.45000 0.0019291640044698
5.47000 0.0019744792606469
5.49000 0.0017088679140724
5.51000 0.0017641960519769
5.53000 0.0018518932047573
5.55000 0.0016668418381660
5.57000 0.0017223022198235
5.59000 0.0017801028880104
5.61000 0.0016391477874097
5.63000 0.0016135198501373
5.65000 0.0017043851284019
5.67000 0.0015781042271568
5.69000 0.0015110047472492
5.71000 0.0015769284604968
5.73000 0.0015515284658892
5.75000 0.0015521812712453
5.77000 0.0014277539798583
5.79000 0.0015372691545649
5.81000 0.0013296525339102
5.83000 0.0015659129086002
5.85000 0.0012802454409100
5.87000 0.0015316663735943
5.89000 0.0012673030449125
5.91000 0.0013651863782956
5.93000 0.0013613895311996
5.95000 0.0012680586326345
5.97000 0.0013962658864756
5.99000 0.0012050799016080
6.01000 0.0012237217026737
6.03000 0.0013130030338445
6.05000 0.0011620087993676
6.07000 0.0012348360181602
6.09000 0.0012445330645668
6.11000 0.0011281449443605
6.13000 0.0011884824432466
6.15000 0.0011417245910269
6.17000 0.0010967326583936
6.19000 0.0011456786618939
6.21000 0.0011321491487359
6.23000 0.0010255530221344
6.25000 0.0010821665612226
6.27000 0.0010973819364786
6.29000 0.0010203139837646
6.31000 0.0010103969165972
6.33000 0.0010679844740051
6.35000 0.0009657074908261
6.37000 0.0009926046385296
6.39000 0.0009680210915260
6.41000 0.0010257432345636
6.43000 0.0008621070871073
6.45000 0.0010180419007799
6.47000 0.0008680786413769
6.49000 0.0009929690461078
6.51000 0.0008261657850894
6.53000 0.0009193567782062
6.55000 0.0009057262174058
6.57000 0.0008252516436417
6.59000 0.0009035401477934
6.61000 0.0008161242226005
6.63000 0.0008485790195523
6.65000 0.0008496871898208
6.67000 0.0007835233908441
6.69000 0.0008288602154164
6.71000 0.0008086483739567
6.73000 0.0007560601161342
6.75000 0.0007930311210954
6.77000 0.0007709771189524
6.79000 0.0007432377051771
6.81000 0.0007630518034559
6.83000 0.0007399573719961
6.85000 0.0007047842055334
6.87000 0.0007454026689872
6.89000 0.0007193745599210
6.91000 0.0006784659350538
6.93000 0.0007028414598006
6.95000 0.0007080849217152
6.97000 0.0006586398093589
6.99000 0.0006801841497447
7.01000 0.0006491416200867
7.03000 0.0006700586844636
7.05000 0.0006072951747963
7.07000 0.0006973401023291
7.09000 0.0005862877602384
7.11000 0.0006581378960332
7.13000 0.0005830285906838
7.15000 0.0006387254151511
7.17000 0.0005903837603978
7.19000 0.0005640410303172
7.21000 0.0006328914244532
7.23000 0.0005589665593812
7.25000 0.0005789549106331
7.27000 0.0005670942592832
7.29000 0.0005500641608869
7.31000 0.0005633993561035
7.33000 0.0005424194658247
7.35000 0.0005364915109385
7.37000 0.0005545806291048
7.39000 0.0005202974914335
7.41000 0.0005073979431058
7.43000 0.0005276795493614
7.45000 0.0005086280644347
7.47000 0.0005031111811882
7.49000 0.0005090063498007
7.51000 0.0004823278350793
7.53000 0.0004872316092253
7.55000 0.0004894549464803
7.57000 0.0004744102391023
7.59000 0.0004574654023648
7.61000 0.0004788903937754
7.63000 0.0004546786558368
7.65000 0.0004680916244892
7.67000 0.0004255983008146
7.69000 0.0004766332872367
7.71000 0.0004076411083687
7.73000 0.0004631226825647
7.75000 0.0004137832726921
7.77000 0.0004318523837143
7.79000 0.0004176282872766
7.81000 0.0004074730714880
7.83000 0.0004346336658634
7.85000 0.0003856250966698
7.87000 0.0004060302441489
7.89000 0.0004080325198090
7.91000 0.0003838024516256
7.93000 0.0003968068928994
7.95000 0.0003802818303311
7.97000 0.0003790377733903
7.99000 0.0003857247854455
8.01000 0.0003648835284846
8.03000 0.0003667912906273
8.05000 0.0003745474127607
8.07000 0.0003522434947889
8.09000 0.0003541163600777
8.11000 0.0003609887851604
8.13000 0.0003439397493662
8.15000 0.0003448813283569
8.17000 0.0003460041281267
8.19000 0.0003338557728882
8.21000 0.0003311033449730
8.23000 0.0003471600900270
8.25000 0.0003113392067304
8.27000 0.0003312309049726
8.29000 0.0003107207778112
8.31000 0.0003337727952820
8.33000 0.0002904853152001
8.35000 0.0003329407929908
8.37000 0.0002958778476854
8.39000 0.0003086153150163
8.41000 0.0002991116902773
8.43000 0.0002925517756288
8.45000 0.0003037344103081
8.47000 0.0002797084612538
8.49000 0.0002956941693814
8.51000 0.0002884046300389
8.53000 0.0002734166481185
8.55000 0.0002870364536334
8.57000 0.0002761370992976
8.59000 0.0002708278913632
8.61000 0.0002723948092550
8.63000 0.0002612716466788
8.65000 0.0002723734721562
8.67000 0.0002678602131767
8.69000 0.0002513394295930
8.71000 0.0002584390745390
8.73000 0.0002611319725269
8.75000 0.0002439887990720
8.77000 0.0002530471492068
8.79000 0.0002481199273818
8.81000 0.0002452074423139
8.83000 0.0002377400359910
8.85000 0.0002461008538161
8.87000 0.0002295360949922
8.89000 0.0002432265904887
8.91000 0.0002228997946866
8.93000 0.0002390409051256
8.95000 0.0002170944269260
8.97000 0.0002418579225782
8.99000 0.0002128594754162
9.01000 0.0002214002129778
9.03000 0.0002208392034057
9.05000 0.0002148452133791
9.07000 0.0002209090838497
9.09000 0.0002048316088502
9.11000 0.0002155252249817
9.13000 0.0002076552182521
9.15000 0.0002015336393139
9.17000 0.0002099758156700
9.19000 0.0001994167562562
9.21000 0.0001993677503180
9.23000 0.0002038187327247
9.25000 0.0001934237781516
9.27000 0.0001938370471077
9.29000 0.0001934306303094
9.31000 0.0001894776581005
9.33000 0.0001917624913028
9.35000 0.0001859518037236
9.37000 0.0001822584039709
9.39000 0.0001881176927195
9.41000 0.0001806326211292
9.43000 0.0001795213283584
9.45000 0.0001781927036482
9.47000 0.0001795061495280
9.49000 0.0001680899054205
9.51000 0.0001807308064779
9.53000 0.0001656091930258
9.55000 0.0001764792883589
9.57000 0.0001619022046058
9.59000 0.0001751337211827
9.61000 0.0001572310857900
9.63000 0.0001673629695479
9.65000 0.0001642499793582
9.67000 0.0001556548871277
9.69000 0.0001633113204854
9.71000 0.0001546846273755
9.73000 0.0001591869575971
9.75000 0.0001539947567612
9.77000 0.0001506690605613
9.79000 0.0001565843808782
9.81000 0.0001472797867460
9.83000 0.0001484432079572
9.85000 0.0001510450040506
9.87000 0.0001431426736402
9.89000 0.0001465688681535
9.91000 0.0001434593763228
9.93000 0.0001413210694301
9.95000 0.0001435555956516
9.97000 0.0001382560732566
9.99000 0.0001378901622514
10.01000 0.0001398510647566
10.03000 0.0001331236047323
10.05000 0.0001350637194678
10.07000 0.0001349626140013
10.09000 0.0001339079888640
10.11000 0.0001263684469566
10.13000 0.0001353674117244
10.15000 0.0001236596184247
10.17000 0.0001317077957114
10.19000 0.0001228739910745
10.21000 0.0001299284031059
10.23000 0.0001199998144833
10.25000 0.0001252160990635
10.27000 0.0001228141286586
10.29000 0.0001181258649924
10.31000 0.0001237369292676
10.33000 0.0001155114776978
10.35000 0.0001187081249271
10.37000 0.0001170511748870
10.39000 0.0001153618144299
10.41000 0.0001164713435651
10.43000 0.0001109651144119
10.45000 0.0001136587930254
10.47000 0.0001132834133212
10.49000 0.0001082268823172
10.51000 0.0001112840722350
10.53000 0.0001087300388614
10.55000 0.0001058077526058
10.57000 0.0001093089016293
10.59000 0.0001058068997001
10.61000 0.0001043110765588
10.63000 0.0001048073375772
10.65000 0.0001017927351206
10.67000 0.0001035276465250
10.69000 0.0001015456382175
10.71000 0.0001007701156316
10.73000 0.0000977255891950
10.75000 0.0001031271422425
10.77000 0.0000931440254787
10.79000 0.0001005089241002
10.81000 0.0000940015571170
10.83000 0.0000985841472114
10.85000 0.0000917422532618
10.87000 0.0000957278382720
10.89000 0.0000928720208376
10.91000 0.0000909584329153
10.93000 0.0000945716306192
10.95000 0.0000880573536542
10.97000 0.0000910315948779
10.99000 0.0000897831866723
11.01000 0.0000873988237106
11.03000 0.0000887180520021
11.05000 0.0000857546672561
11.07000 0.0000883327265500
11.09000 0.0000851808496423
11.11000 0.0000830327993862
11.13000 0.0000862351567469
11.15000 0.0000833255195167
11.17000 0.0000815959134750
11.19000 0.0000829627599258
11.21000 0.0000810326921304
11.23000 0.0000805672369097
11.25000 0.0000812894745729
11.27000 0.0000781984430912
11.29000 0.0000797557332677
11.31000 0.0000776713762751
11.33000 0.0000781756170215
11.35000 0.0000757324758460
11.37000 0.0000783438273746
11.39000 0.0000720677857668
11.41000 0.0000784054389700
11.43000 0.0000725986545186
11.45000 0.0000751072670493
11.47000 0.0000715792008998
11.49000 0.0000742862368841
11.51000 0.0000715473831801
11.53000 0.0000699519435432
11.55000 0.0000732762953324
11.57000 0.0000686101204785
11.59000 0.0000706925114511
11.61000 0.0000692887298463
11.63000 0.0000675711801327
11.65000 0.0000691965726616
11.67000 0.0000666358606026
11.69000 0.0000679427723573
11.71000 0.0000664023668227
11.73000 0.0000651148406028
11.75000 0.0000666508659606
11.77000 0.0000637882252806
11.79000 0.0000644637555142
11.81000 0.0000653458045776
11.83000 0.0000624479779230
11.85000 0.0000623570784129
11.87000 0.0000633187512838
11.89000 0.0000614338441229
11.91000 0.0000619980195654
11.93000 0.0000603581854636
11.95000 0.0000608993613640
11.97000 0.0000592476877744
11.99000 0.0000611889011681
12.01000 0.0000569611776728
12.03000 0.0000610402064542
12.05000 0.0000561385573444
12.07000 0.0000588318601012
12.09000 0.0000569631003246
12.11000 0.0000573900013160
12.13000 0.0000557530439640
12.15000 0.0000556553067521
12.17000 0.0000570574548257
12.19000 0.0000536316072571
12.21000 0.0000555286719384
12.23000 0.0000540699574234
12.25000 0.0000535274515684
12.27000 0.0000543272891951
12.29000 0.0000524862416261
12.31000 0.0000527690738328
12.33000 0.0000525781964263
12.35000 0.0000515660720142
12.37000 0.0000518480802273
12.39000 0.0000502705949784
12.41000 0.0000512187080942
12.43000 0.0000509490308738
12.45000 0.0000489886776978
12.47000 0.0000500388937461
12.49000 0.0000497495852384
12.51000 0.0000478684655571
12.53000 0.0000491367363464
12.55000 0.0000479225455615
12.57000 0.0000481390101392
12.59000 0.0000468188855740
12.61000 0.0000477268253853
12.63000 0.0000456655546710
12.65000 0.0000480012441832
12.67000 0.0000444311254455
12.69000 0.0000467098437475
12.71000 0.0000450719178415
12.73000 0.0000451508911277
12.75000 0.0000445079014153
12.77000 0.0000444623649241
12.79000 0.0000446186201412
12.81000 0.0000424404290646
12.83000 0.0000445504021405
12.85000 0.0000429991545842
12.87000 0.0000422155799901
12.89000 0.0000430032167283
12.91000 0.0000417395285002
12.93000 0.0000423315028864
12.95000 0.0000413870471459
12.97000 0.0000410946739600
12.99000 0.0000413872061622
13.01000 0.0000403526604492
13.03000 0.0000404556162875
13.05000 0.0000402740485637
13.07000 0.0000394994511636
13.09000 0.0000398271837963
13.11000 0.0000393651257424
13.13000 0.0000383145482933
13.15000 0.0000394320137885
13.17000 0.0000381723298803
13.19000 0.0000382294745629
13.21000 0.0000375016135044
13.23000 0.0000383483898571
13.25000 0.0000363819506929
13.27000 0.0000381168187291
13.29000 0.0000357742481472
13.31000 0.0000375296726566
13.33000 0.0000359216707306
13.35000 0.0000360757719993
13.37000 0.0000357458998744
13.39000 0.0000355337142812
13.41000 0.0000357131136007
13.43000 0.0000343493173719
13.45000 0.0000356194385330
13.47000 0.0000341722743852
13.49000 0.0000340981149566
13.51000 0.0000347079714506
13.53000 0.0000334369106477
13.55000 0.0000337956225505
13.57000 0.0000334416088571
13.59000 0.0000330904719135
13.61000 0.0000331820797691
13.63000 0.0000324260439101
13.65000 0.0000326019015025
13.67000 0.0000324681687786
13.69000 0.0000317482440800
13.71000 0.0000320924710417
13.73000 0.0000316297480106
13.75000 0.0000310817633205
13.77000 0.0000317752045740
13.79000 0.0000305122969714
13.81000 0.0000309875244677
13.83000 0.0000304907719443
13.85000 0.0000307121515719
13.87000 0.0000294395728860
13.89000 0.0000308077203794
13.91000 0.0000290680384855
13.93000 0.0000300970909075
13.95000 0.0000289683930778
13.97000 0.0000292996096135
13.99000 0.0000291047712551
14.01000 0.0000286194100825
14.03000 0.0000287113359707
14.05000 0.0000281817827176
14.07000 0.0000286906927614
14.09000 0.0000276063893967
14.11000 0.0000278041045049
14.13000 0.0000280451154198
14.15000 0.0000270161063659
14.17000 0.0000275585688529
14.19000 0.0000272293472492
14.21000 0.0000267567218382
14.23000 0.0000268106283702
14.25000 0.0000265202645724
14.27000 0.0000265473262586
14.29000 0.0000262359867627
14.31000 0.0000258894323803
14.33000 0.0000260438661378
14.35000 0.0000257888617868
14.37000 0.0000253742195080
14.39000 0.0000257366610662
14.41000 0.0000247656640566
14.43000 0.0000254483500245
14.45000 0.0000247969179912
14.47000 0.0000249190858920
14.49000 0.0000240921865791
14.51000 0.0000251362009910
14.53000 0.0000236775009321
14.55000 0.0000245245519494
14.57000 0.0000236962937698
14.59000 0.0000239917027217
14.61000 0.0000236391635433
14.63000 0.0000233573721707
14.65000 0.0000235981517891
14.67000 0.0000230224115235
14.69000 0.0000233127753213
14.71000 0.0000226382136416
14.73000 0.0000228640890942
14.75000 0.0000228912375166
14.77000 0.0000221103228319
14.79000 0.0000225955683562
14.81000 0.0000222293537744
14.83000 0.0000218705117673
14.85000 0.0000221291445816
14.87000 0.0000216654096284
14.89000 0.0000217030820399
14.91000 0.0000215187387585
14.93000 0.0000214309472946
14.95000 0.0000213105430293
14.97000 0.0000210101901155
14.99000 0.0000208800280307
15.01000 0.0000211997375673
15.03000 0.0000204329319668
15.05000 0.0000208474152293
15.07000 0.0000202681910607
15.09000 0.0000204952229956
15.11000 0.0000200414337903
15.13000 0.0000205105174742
15.15000 0.0000194256647805
15.17000 0.0000202445120852
15.19000 0.0000196678177217
15.21000 0.0000195306155507
15.23000 0.0000195832354962
15.25000 0.0000192223696451
15.27000 0.0000195135429805
15.29000 0.0000189466787167
15.31000 0.0000191198763997
15.33000 0.0000187998054624
15.35000 0.0000188876981185
15.37000 0.0000187589527245
15.39000 0.0000183018964567
15.41000 0.0000187580419947
15.43000 0.0000182273900834
15.45000 0.0000181082724047
15.47000 0.0000183366487503
15.49000 0.0000178786962087
15.51000 0.0000179566431169
15.53000 0.0000178114467619
15.55000 0.0000176695174695
15.57000 0.0000176172155567
15.59000 0.0000174420663098
15.61000 0.0000174025001585
15.63000 0.0000173993487442
15.65000 0.0000168803194802
15.67000 0.0000173855432365
15.69000 0.0000167866155004
15.71000 0.0000169830440220
15.73000 0.0000166418961944
15.75000 0.0000168646780568
15.77000 0.0000162656635846
15.79000 0.0000168640998157
15.81000 0.0000161376409920
15.83000 0.0000162727470387
15.85000 0.0000162903255700
15.87000 0.0000160314036352
15.89000 0.0000160935790157
15.91000 0.0000157516361066
15.93000 0.0000159739120080
15.95000 0.0000156127136682
15.97000 0.0000156910364331
15.99000 0.0000155247631880
16.01000 0.0000153567985874
16.03000 0.0000155862735912
16.05000 0.0000150754987197
16.07000 0.0000151815915163
16.09000 0.0000152824367744
16.11000 0.0000148081200080
16.13000 0.0000150003707372
16.15000 0.0000148784630449
16.17000 0.0000146815430184
16.19000 0.0000146696023384
16.21000 0.0000146330864093
16.23000 0.0000144521547507
16.25000 0.0000144885839437
16.27000 0.0000141914402683
16.29000 0.0000144500441705
16.31000 0.0000140189075626
16.33000 0.0000141628173309
16.35000 0.0000139534940315
16.37000 0.0000140684628299
16.39000 0.0000136078214669
16.41000 0.0000140486580702
16.43000 0.0000135087832124
16.45000 0.0000136932855101
16.47000 0.0000135667518886
16.49000 0.0000133585561594
16.51000 0.0000134866076640
16.53000 0.0000133070204161
16.55000 0.0000132721524743
16.57000 0.0000130931145555
16.59000 0.0000130790922074
16.61000 0.0000131327385309
16.63000 0.0000128391221266
16.65000 0.0000129946256302
16.67000 0.0000126799901597
16.69000 0.0000127735062111
16.71000 0.0000127646157533
16.73000 0.0000124264603237
16.75000 0.0000126025492125
16.77000 0.0000125080501512
16.79000 0.0000122715639733
16.81000 0.0000123928356003
16.83000 0.0000122277911176
16.85000 0.0000121814017207
16.87000 0.0000121465337788
16.89000 0.0000119503943778
16.91000 0.0000121390455558
16.93000 0.0000117700120483
16.95000 0.0000119235061639
16.97000 0.0000117598783720
16.99000 0.0000117929682223
17.01000 0.0000115003059159
17.03000 0.0000118039981724
17.05000 0.0000113390055447
17.07000 0.0000115830522257
17.09000 0.0000114256694383
17.11000 0.0000112292842848
17.13000 0.0000113943287675
17.15000 0.0000111689448199
17.17000 0.0000111802494346
17.19000 0.0000110922844983
17.21000 0.0000110731013479
17.23000 0.0000109659677172
17.25000 0.0000108639081527
17.27000 0.0000109551835196
17.29000 0.0000107775189236
17.31000 0.0000107431280307
17.33000 0.0000107079565122
17.35000 0.0000105562983123
17.37000 0.0000106851882666
17.39000 0.0000105123519843
17.41000 0.0000103825946683
17.43000 0.0000104907980451
17.45000 0.0000103371738253
17.47000 0.0000102526783359
17.49000 0.0000103118757746
17.51000 0.0000101055304171
17.53000 0.0000102795231817
17.55000 0.0000099286319906
17.57000 0.0000101409910562
17.59000 0.0000099095934005
17.61000 0.0000099838251092
17.63000 0.0000097814117916
17.65000 0.0000099740239216
17.67000 0.0000096120305002
17.69000 0.0000098115381560
17.71000 0.0000096685535735
17.73000 0.0000095599020598
17.75000 0.0000096255179753
17.77000 0.0000094709685696
17.79000 0.0000095204371007
17.81000 0.0000093805461084
17.83000 0.0000093810954375
17.85000 0.0000093215076861
17.87000 0.0000092713018975
17.89000 0.0000092449630127
17.91000 0.0000091507386159
17.93000 0.0000091082378908
17.95000 0.0000091807782441
17.97000 0.0000089323947544
17.99000 0.0000090628025917
18.01000 0.0000088772016358
18.03000 0.0000089164931225
18.05000 0.0000089429187435
18.07000 0.0000086949833907
18.09000 0.0000087677116724
18.11000 0.0000087922435536
18.13000 0.0000086131188987
18.15000 0.0000086684854896
18.17000 0.0000085211640984
18.19000 0.0000086385615096
18.21000 0.0000084062820362
18.23000 0.0000084943915328
18.25000 0.0000084040847198
18.27000 0.0000084122090081
18.29000 0.0000082523831518
18.31000 0.0000083167269368
18.33000 0.0000082898387229
18.35000 0.0000081004069193
18.37000 0.0000082503014837
18.39000 0.0000080960701106
18.41000 0.0000080447801198
18.43000 0.0000080826838278
18.45000 0.0000079676427493
18.47000 0.0000079589691319
18.49000 0.0000079264864348
18.51000 0.0000078872527722
18.53000 0.0000078141486337
18.55000 0.0000078079469973
18.57000 0.0000077929271832
18.59000 0.0000076488728545
18.61000 0.0000077457716167
18.63000 0.0000076400980450
18.65000 0.0000075705067215
18.67000 0.0000076114317395
18.69000 0.0000074965207653
18.71000 0.0000075245076373
18.73000 0.0000074658017037
18.75000 0.0000073555311147
18.77000 0.0000074476160193
18.79000 0.0000073279345555
18.81000 0.0000073373309743
18.83000 0.0000072261062874
18.85000 0.0000072807356209
18.87000 0.0000071700458071
18.89000 0.0000072345775204
18.91000 0.0000070519255944
18.93000 0.0000071591025932
18.95000 0.0000070553661293
18.97000 0.0000069760748104
18.99000 0.0000070873573214
19.01000 0.0000068974195568
19.03000 0.0000069374772131
19.05000 0.0000069368845159
19.07000 0.0000068024579025
19.09000 0.0000068548320955
19.11000 0.0000068026891990
19.13000 0.0000067682983061
19.15000 0.0000066894695801
19.17000 0.0000067448506271
19.19000 0.0000066480675132
19.21000 0.0000066042802014
19.23000 0.0000066578831568
19.25000 0.0000065216350838
19.27000 0.0000065516602560
19.29000 0.0000065196546079
19.31000 0.0000064661962127
19.33000 0.0000064336701476
19.35000 0.0000064407969698
19.37000 0.0000063433488786
19.39000 0.0000064081697125
19.41000 0.0000062749284935
19.43000 0.0000063056620111
19.45000 0.0000062572487701
19.47000 0.0000062685389287
19.49000 0.0000061542351076
19.51000 0.0000062001329996
19.53000 0.0000061326088883
19.55000 0.0000061437111185
19.57000 0.0000060607479683
19.59000 0.0000060398590065
19.61000 0.0000060860315630
19.63000 0.0000059353997411
19.65000 0.0000060184207155
19.67000 0.0000059333903531
19.69000 0.0000059163033269
19.71000 0.0000058571926244
19.73000 0.0000059125158473
19.75000 0.0000058100659700
19.77000 0.0000057960869900
19.79000 0.0000057961014460
19.81000 0.0000057403445423
19.83000 0.0000057448259113
19.85000 0.0000056591883957
19.87000 0.0000057048549912
19.89000 0.0000056341360975
19.91000 0.0000056413785680
19.93000 0.0000055473565556
19.95000 0.0000055855204721
19.97000 0.0000056008438628
19.99000 0.0000053957417238
20.01000 0.0000056290475753
20.03000 0.0000053357202915
20.05000 0.0000055401574532
20.07000 0.0000053695618553
20.09000 0.0000053947731699
20.11000 0.0000053507545617
20.13000 0.0000053783077529
20.15000 0.0000052979611439
20.17000 0.0000053016474313
20.19000 0.0000052241775720
20.21000 0.0000052944194168
20.23000 0.0000052137981432
20.25000 0.0000051679147073
20.27000 0.0000051946439048
20.29000 0.0000051387713529
20.31000 0.0000051414601743
20.33000 0.0000050801810675
20.35000 0.0000050839685471
20.37000 0.0000050677344265
20.39000 0.0000050109945129
20.41000 0.0000050404848119
20.43000 0.0000049685226997
20.45000 0.0000049626824640
20.47000 0.0000049448148122
20.49000 0.0000049156859139
20.51000 0.0000049079085703
20.53000 0.0000048808613401
20.55000 0.0000048290220202
20.57000 0.0000048480461543
20.59000 0.0000048125566032
20.61000 0.0000047857551255
20.63000 0.0000047595897131
20.65000 0.0000047450180359
20.67000 0.0000047483284665
20.69000 0.0000046696153888
20.71000 0.0000047115523288
20.73000 0.0000046208407471
20.75000 0.0000047033846725
20.77000 0.0000045723407699
20.79000 0.0000045976821887
20.81000 0.0000046130489475
20.83000 0.0000045187233585
20.85000 0.0000045821997816
20.87000 0.0000044495512599
20.89000 0.0000046089868033
20.91000 0.0000043760423526
20.93000 0.0000044941481092
20.95000 0.0000044490308428
20.97000 0.0000044123558973
20.99000 0.0000044023956934
21.01000 0.0000043659520443
21.03000 0.0000043925366816
21.05000 0.0000043038778560
21.07000 0.0000043426489256
21.09000 0.0000043258943881
21.11000 0.0000042296172352
21.13000 0.0000043177267317
21.15000 0.0000042311351182
21.17000 0.0000042088583776
21.19000 0.0000042519084318
21.21000 0.0000041691476660
21.23000 0.0000041435894068
21.25000 0.0000042256129151
21.27000 0.0000040714104541
21.29000 0.0000041647385772
21.31000 0.0000040818043390
21.33000 0.0000040825705085
21.35000 0.0000040694733463
21.37000 0.0000040548004769
21.39000 0.0000040316708305
21.41000 0.0000039938394027
21.43000 0.0000040229683011
21.45000 0.0000039714614699
21.47000 0.0000039553719096
21.49000 0.0000039574102097
21.51000 0.0000039148372044
21.53000 0.0000039175693939
21.55000 0.0000038877755182
21.57000 0.0000038963045753
21.59000 0.0000038504789635
21.61000 0.0000038213211530
21.63000 0.0000038965214157
21.65000 0.0000037256511533
21.67000 0.0000038559722545
21.69000 0.0000037472773727
21.71000 0.0000037902696028
21.73000 0.0000037265185151
21.75000 0.0000037380688822
21.77000 0.0000037197386375
21.79000 0.0000036766452151
21.81000 0.0000037276605414
21.83000 0.0000036112750521
21.85000 0.0000037108337236
21.87000 0.0000035971081438
21.89000 0.0000036434686287
21.91000 0.0000035983224502
21.93000 0.0000035847771510
21.95000 0.0000035824063623
21.97000 0.0000035645387105
21.99000 0.0000035473360360
22.01000 0.0000035218356009
22.03000 0.0000035266494586
22.05000 0.0000034977084886
22.07000 0.0000034860280172
22.09000 0.0000034652257915
22.11000 0.0000034750269791
22.13000 0.0000034250669430
22.15000 0.0000034430213310
22.17000 0.0000034119119567
22.19000 0.0000034004916938
22.21000 0.0000033746009459
22.23000 0.0000033716374600
22.25000 0.0000033885076458
22.27000 0.0000033107197539
22.29000 0.0000033298739923
22.31000 0.0000033508207783
22.33000 0.0000032637521158
22.35000 0.0000033105607376
22.37000 0.0000032529100941
22.39000 0.0000033182224329
22.41000 0.0000031623575286
22.43000 0.0000033096355517
22.45000 0.0000031722454524
22.47000 0.0000032459278321
22.49000 0.0000031727514134
22.51000 0.0000031805865811
22.53000 0.0000031728815177
22.55000 0.0000031719852439
22.57000 0.0000031087834853
22.59000 0.0000031615046229
22.61000 0.0000031111253620
22.63000 0.0000030881113638
22.65000 0.0000030979414635
22.67000 0.0000030889642696
22.69000 0.0000030705906567
22.71000 0.0000030287693649
22.73000 0.0000030656177828
22.75000 0.0000030088200450
22.77000 0.0000030422134719
22.79000 0.0000029900994875
22.81000 0.0000029835364503
22.83000 0.0000029825968084
22.85000 0.0000029987731048
22.87000 0.0000029141908794
22.89000 0.0000029593081458
22.91000 0.0000029369013009
22.93000 0.0000029449099409
22.95000 0.0000028378052223
22.97000 0.0000029553038257
22.99000 0.0000028934320218
23.01000 0.0000028262259431
23.03000 0.0000028759835948
23.05000 0.0000028906130961
23.07000 0.0000027883511472
23.09000 0.0000028455391978
23.11000 0.0000028308229603
23.13000 0.0000027681560747
23.15000 0.0000028462619992
23.17000 0.0000027430893205
23.19000 0.0000027725796196
23.21000 0.0000027767574120
23.23000 0.0000027457781419
23.25000 0.0000027278237539
23.27000 0.0000027486693477
23.29000 0.0000026915102092
23.31000 0.0000027085394113
23.33000 0.0000027268118319
23.35000 0.0000026286409392
23.37000 0.0000027314666732
23.39000 0.0000026143150145
23.41000 0.0000026868409118
23.43000 0.0000026262701504
23.45000 0.0000026382831105
23.47000 0.0000026134187407
23.49000 0.0000026204588268
23.51000 0.0000025943801505
23.53000 0.0000026026489991
23.55000 0.0000025566210029
23.57000 0.0000025894072766
23.59000 0.0000025448104272
23.61000 0.0000025881785141
23.63000 0.0000024815653005
23.65000 0.0000025758764334
23.67000 0.0000025188763112
23.69000 0.0000024627146387
23.71000 0.0000025702530382
23.73000 0.0000024417967648
23.75000 0.0000024850925715
23.77000 0.0000024998377211
23.79000 0.0000024439940812
23.81000 0.0000024358264248
23.83000 0.0000024735132923
23.85000 0.0000024148507268
23.87000 0.0000024278322408
23.89000 0.0000024088803868
23.91000 0.0000024192453596
23.93000 0.0000023810380750
23.95000 0.0000023912295755
23.97000 0.0000023720464250
23.99000 0.0000023794189998
24.01000 0.0000023434668558
24.03000 0.0000023663941177
24.05000 0.0000023356750561
24.07000 0.0000023111576310
24.09000 0.0000023456208041
24.11000 0.0000023157980163
24.13000 0.0000022879412485
24.15000 0.0000023139910127
24.17000 0.0000022637418560
24.19000 0.0000023074424316
24.21000 0.0000022424625814
24.23000 0.0000022749886465
24.25000 0.0000022599110083
24.27000 0.0000022168320420
24.29000 0.0000022700591407
24.31000 0.0000021945408453
24.33000 0.0000022185956775
24.35000 0.0000022539262123
24.37000 0.0000021460697802
24.39000 0.0000021978512760
24.41000 0.0000022382703330
24.43000 0.0000021155531031
24.45000 0.0000021918953920
24.47000 0.0000021599620241
24.49000 0.0000021566660495
24.51000 0.0000021300958682
24.53000 0.0000021440893042
24.55000 0.0000021203814167
24.57000 0.0000021247037694
24.59000 0.0000020998249436
24.61000 0.0000021116210632
24.63000 0.0000021193694947
24.65000 0.0000020321129039
24.67000 0.0000021297489235
24.69000 0.0000020395143907
24.71000 0.0000020870747260
24.73000 0.0000020488818975
24.75000 0.0000020250294497
24.77000 0.0000020774470107
24.79000 0.0000020136670109
24.81000 0.0000020298288513
24.83000 0.0000020212853382
24.85000 0.0000019793050301
24.87000 0.0000020569483616
24.89000 0.0000019636057826
24.91000 0.0000019879497354
24.93000 0.0000019823841642
24.95000 0.0000019715276865
24.97000 0.0000019835551026
24.99000 0.0000019277403747
25.01000 0.0000019751416937
25.03000 0.0000019377728588
25.05000 0.0000019289835932
25.07000 0.0000019333204019
25.09000 0.0000019411989377
25.11000 0.0000018784164039
25.13000 0.0000019468367890
25.15000 0.0000018746289243
25.17000 0.0000018949396450
25.19000 0.0000019177946268
25.21000 0.0000018315065899
25.23000 0.0000019256587066
25.25000 0.0000018213729136
25.27000 0.0000018944336840
25.29000 0.0000018218355065
25.31000 0.0000018736314583
25.33000 0.0000018122945274
25.35000 0.0000018711016532
25.37000 0.0000017791323970
25.39000 0.0000018499091148
25.41000 0.0000018038232944
25.43000 0.0000017970867849
25.45000 0.0000018032450533
25.47000 0.0000018141159871
25.49000 0.0000017505817398
25.51000 0.0000018192912454
25.53000 0.0000017118974062
25.55000 0.0000018530894412
25.57000 0.0000016706543556
25.59000 0.0000018215463859
25.61000 0.0000017002024788
25.63000 0.0000017859556426
25.65000 0.0000016807157518
25.67000 0.0000017906249400
25.69000 0.0000016572102487
25.71000 0.0000017842931993
25.73000 0.0000016306689795
25.75000 0.0000017945425238
25.77000 0.0000016213014727
25.79000 0.0000017353306292
25.81000 0.0000016567621118
25.83000 0.0000016938129140
25.85000 0.0000016934659693
25.87000 0.0000016288041517
25.89000 0.0000016635998135
25.91000 0.0000017026600037
25.93000 0.0000015802174384
25.95000 0.0000017095988976
25.97000 0.0000015798704937
25.99000 0.0000016774776013
26.01000 0.0000015941241382
26.03000 0.0000016444744871
26.05000 0.0000016001523023
26.07000 0.0000016093752488
26.09000 0.0000016158515498
26.11000 0.0000015771816723
26.13000 0.0000015982007384
26.15000 0.0000016053564728
26.17000 0.0000015499465137
26.19000 0.0000015884862870
26.21000 0.0000015696934493
26.23000 0.0000015720931501
26.25000 0.0000015363723025
26.27000 0.0000015692019443
26.29000 0.0000015280022618
26.31000 0.0000015696934493
26.33000 0.0000015229426516
26.35000 0.0000015095563688
26.37000 0.0000015805643831
26.39000 0.0000014384760744
26.41000 0.0000015887031274
26.43000 0.0000014701926019
26.45000 0.0000015248074794
26.47000 0.0000014676917089
26.49000 0.0000015282046462
26.51000 0.0000014678507252
26.53000 0.0000014759605575
26.55000 0.0000015045112147
26.57000 0.0000014598999093
26.59000 0.0000014361631097
26.61000 0.0000015195454848
26.63000 0.0000014089713192
26.65000 0.0000014779121214
26.67000 0.0000014458486491
26.69000 0.0000014026829466
26.71000 0.0000015019958656
26.73000 0.0000013833407799
26.75000 0.0000014540307615
26.77000 0.0000014006735586
26.79000 0.0000014145368904
26.81000 0.0000014550137715
26.83000 0.0000013470127791
26.85000 0.0000014310312194
26.87000 0.0000014113710201
26.89000 0.0000013708363148
26.91000 0.0000014059789213
26.93000 0.0000013655887763
26.95000 0.0000013734673121
26.97000 0.0000014034780282
26.99000 0.0000013404641980
27.01000 0.0000013829793792
27.03000 0.0000013350865552
27.05000 0.0000013766331824
27.07000 0.0000013436445243
27.09000 0.0000013462176975
27.11000 0.0000013299402089
27.13000 0.0000013469404990
27.15000 0.0000013356214283
27.17000 0.0000013104679379
27.19000 0.0000013260949052
27.21000 0.0000013398715008
27.23000 0.0000012935399279
27.25000 0.0000013028929787
27.27000 0.0000013271357393
27.29000 0.0000012816570721
27.31000 0.0000012895934320
27.33000 0.0000013274537719
27.35000 0.0000012431028429
27.37000 0.0000013063190576
27.39000 0.0000012690514149
27.41000 0.0000012880321809
27.43000 0.0000012426547060
27.45000 0.0000012969804628
27.47000 0.0000012363374213
27.49000 0.0000012549856987
27.51000 0.0000012707861384
27.53000 0.0000012450833189
27.55000 0.0000012207827342
27.57000 0.0000012633701955
27.59000 0.0000012266807940
27.61000 0.0000012362217731
27.63000 0.0000012171687269
27.65000 0.0000012277071720
27.67000 0.0000012139739445
27.69000 0.0000012285745338
27.71000 0.0000012042884051
27.73000 0.0000011878085321
27.75000 0.0000012394743796
27.77000 0.0000011701721767
27.79000 0.0000012088131422
27.81000 0.0000011650402865
27.83000 0.0000012196262518
27.85000 0.0000011682206128
27.87000 0.0000011798432601
27.89000 0.0000011777905040
27.91000 0.0000011478520680
27.93000 0.0000012048521902
27.95000 0.0000011285388133
27.97000 0.0000012073530833
27.99000 0.0000010786076893
28.01000 0.0000012203201412
28.03000 0.0000011291170545
28.05000 0.0000011136491035
28.07000 0.0000011843390851
28.09000 0.0000010940467282
28.11000 0.0000011667460979
28.13000 0.0000011153693709
28.15000 0.0000011229732422
28.17000 0.0000011133744389
28.19000 0.0000011382821768
28.21000 0.0000010996267554
28.23000 0.0000011177690717
28.25000 0.0000010783908488
28.27000 0.0000011568870861
28.29000 0.0000010487993575
28.31000 0.0000011224239131
28.33000 0.0000010862404726
28.35000 0.0000010749647700
28.37000 0.0000010926300374
28.39000 0.0000011114228750
28.41000 0.0000010238410235
28.43000 0.0000011190917984
28.45000 0.0000010355359510
28.47000 0.0000011089147540
28.49000 0.0000010107077212
28.51000 0.0000011073679589
28.53000 0.0000010206896092
28.55000 0.0000010915386072
28.57000 0.0000010116112230
28.59000 0.0000010556515153
28.61000 0.0000010684884690
28.63000 0.0000010164829048
28.65000 0.0000010287271613
28.67000 0.0000010731360823
28.69000 0.0000009714740586
28.71000 0.0000010796991195
28.73000 0.0000009852795663
28.75000 0.0000010427711935
28.77000 0.0000009995548949
28.79000 0.0000010300571160
28.81000 0.0000009928906655
28.83000 0.0000010176393871
28.85000 0.0000009941338840
28.87000 0.0000010127098812
28.89000 0.0000009947121252
28.91000 0.0000009517921752
28.93000 0.0000010840359282
28.95000 0.0000008824827443
28.97000 0.0000010592438385
28.99000 0.0000009458579753
29.01000 0.0000009689659376
29.03000 0.0000010074406587
29.05000 0.0000009513223542
29.07000 0.0000009578275673
29.09000 0.0000009970178618
29.11000 0.0000009233571662
29.13000 0.0000009933026623
29.15000 0.0000009318211711
29.17000 0.0000009645207087
29.19000 0.0000009509537255
29.21000 0.0000009356447908
29.23000 0.0000009507802531
29.25000 0.0000009398153552
29.27000 0.0000009439353234
29.29000 0.0000009269278053
29.31000 0.0000009280770596
29.33000 0.0000009409212414
29.35000 0.0000009200178235
29.37000 0.0000009229451694
29.39000 0.0000009024537483
29.41000 0.0000009570975378
29.43000 0.0000008625984764
29.45000 0.0000009677805432
29.47000 0.0000008608637530
29.49000 0.0000009308164771
29.51000 0.0000009021212596
29.53000 0.0000008854100902
29.55000 0.0000009107948770
29.57000 0.0000008899854233
29.59000 0.0000008861112076
29.61000 0.0000008870725335
29.63000 0.0000009075711826
29.65000 0.0000008410662213
29.67000 0.0000009398298112
29.69000 0.0000007981245873
29.71000 0.0000009627064770
29.73000 0.0000008078318107
29.75000 0.0000008861690317
29.77000 0.0000008801119555
29.79000 0.0000008499205390
29.81000 0.0000008549078690
29.83000 0.0000008827790929
29.85000 0.0000008403000518
29.87000 0.0000008424973682
29.89000 0.0000008707516768
29.91000 0.0000008329419330
29.93000 0.0000008618973590
29.95000 0.0000008173655618
29.97000 0.0000008597000426
29.99000 0.0000008323926039
30.01000 0.0000008480990794
30.03000 0.0000007917277944
30.05000 0.0000008860100154
30.07000 0.0000007662851835
30.09000 0.0000008852799859
30.11000 0.0000007654973299
30.13000 0.0000008532165136
30.15000 0.0000008166427604
30.17000 0.0000007942720555
30.19000 0.0000008369173410
30.21000 0.0000007687571644
30.23000 0.0000008656920666
30.25000 0.0000007401848232
30.27000 0.0000008597578668
30.29000 0.0000007590354849
30.31000 0.0000008118216747
30.33000 0.0000008010953012
30.35000 0.0000007714965819
30.37000 0.0000008203579598
30.39000 0.0000007424616477
30.41000 0.0000008286846325
30.43000 0.0000007581970352
30.45000 0.0000007869283928
30.47000 0.0000007925445601
30.49000 0.0000007165925839
30.51000 0.0000008477593627
30.53000 0.0000007385585199
30.55000 0.0000007407702923
30.57000 0.0000008268993129
30.59000 0.0000006848543723
30.61000 0.0000008352693537
30.63000 0.0000007099717226
30.65000 0.0000007840950111
30.67000 0.0000007295668699
30.69000 0.0000007749732569
30.71000 0.0000007469936128
30.73000 0.0000007154071895
30.75000 0.0000007903111036
30.77000 0.0000007013414733
30.79000 0.0000007920819671
30.81000 0.0000006678829943
30.83000 0.0000008007339005
30.85000 0.0000006936725500
30.87000 0.0000007503040434
30.89000 0.0000007210594968
30.91000 0.0000007227219402
30.93000 0.0000007482874274
30.95000 0.0000006847748641
30.97000 0.0000007473477855
30.99000 0.0000007346337080
31.01000 0.0000006501599028
31.03000 0.0000007928192246
31.05000 0.0000006694948415
31.07000 0.0000007040302947
31.09000 0.0000007164986197
31.11000 0.0000007303619515
31.13000 0.0000006683817273
31.15000 0.0000007077888622
31.17000 0.0000007177707502
31.19000 0.0000006774601135
31.21000 0.0000007174238055
31.23000 0.0000006563470832
31.25000 0.0000007277237262
31.27000 0.0000006750098166
31.29000 0.0000006779010224
31.31000 0.0000006989562285
31.33000 0.0000006725595197
31.35000 0.0000006782985632
31.37000 0.0000007031990730
31.39000 0.0000006221947147
31.41000 0.0000007482657433
31.43000 0.0000005999252021
31.45000 0.0000007237555462
31.47000 0.0000006583492432
31.49000 0.0000006138535860
31.51000 0.0000007350384768
31.53000 0.0000006488299481
31.55000 0.0000006019490462
31.57000 0.0000007521471871
31.59000 0.0000005728635159
31.61000 0.0000006999464665
31.63000 0.0000006371567047
31.65000 0.0000006537305419
31.67000 0.0000006617174979
31.69000 0.0000006353135610
31.71000 0.0000006394335293
31.73000 0.0000006498563262
31.75000 0.0000006436257777
31.77000 0.0000006413778652
31.79000 0.0000006296757097
31.81000 0.0000006402792070
31.83000 0.0000006494081893
31.85000 0.0000005958630580
31.87000 0.0000006566072917
31.89000 0.0000006385950796
31.91000 0.0000005925887674
31.93000 0.0000006547858320
31.95000 0.0000006008720720
31.97000 0.0000006515259975
31.99000 0.0000005774894452
32.01000 0.0000006515404535
32.03000 0.0000005966870516
32.05000 0.0000006270808525
32.07000 0.0000005998746060
32.09000 0.0000006249269042
32.11000 0.0000005797807257
32.13000 0.0000006519813624
32.15000 0.0000005564053269
32.17000 0.0000006503622872
32.19000 0.0000005512589806
32.21000 0.0000006392745130
32.23000 0.0000005975688694
32.25000 0.0000005662787947
32.27000 0.0000006028814600
32.29000 0.0000006312514169
32.31000 0.0000005254911090
32.33000 0.0000006503333751
32.35000 0.0000005623901229
32.37000 0.0000005622889307
32.39000 0.0000006250497805
32.41000 0.0000005596145653
32.43000 0.0000005913021808
32.45000 0.0000005729791641
32.47000 0.0000005745404152
32.49000 0.0000005776918296
32.51000 0.0000005819491301
32.53000 0.0000005679773781
32.55000 0.0000005822237946
32.57000 0.0000005380317141
32.59000 0.0000005867846718
32.61000 0.0000005866979356
32.63000 0.0000005298712857
32.65000 0.0000005761450345
32.67000 0.0000005592025685
32.69000 0.0000005718154538
32.71000 0.0000005485846152
32.73000 0.0000005409662880
32.75000 0.0000005973664850
32.77000 0.0000004945768910
32.79000 0.0000006053389850
32.81000 0.0000005077607894
32.83000 0.0000006008070199
32.85000 0.0000004909339717
32.87000 0.0000005603807349
32.89000 0.0000005684255150
32.91000 0.0000005227733755
32.93000 0.0000005425853632
32.95000 0.0000005373739648
32.97000 0.0000005466185953
32.99000 0.0000005332684525
33.01000 0.0000005224987110
33.03000 0.0000005474498170
33.05000 0.0000005296472173
33.07000 0.0000005274932690
33.09000 0.0000005198460296
33.11000 0.0000005646308074
33.13000 0.0000004582199782
33.15000 0.0000005963979310
33.17000 0.0000004756900892
33.19000 0.0000005224119748
33.21000 0.0000005776195494
33.23000 0.0000004106162748
33.25000 0.0000006269652043
33.27000 0.0000004444433826
33.29000 0.0000005476449734
33.31000 0.0000004907388153
33.33000 0.0000005338250097
33.35000 0.0000004846745112
33.37000 0.0000005350682282
33.39000 0.0000005033878407
33.41000 0.0000004695462769
33.43000 0.0000005420071221
33.45000 0.0000004839227977
33.47000 0.0000005328203156
33.49000 0.0000004494090285
33.51000 0.0000005282883506
33.53000 0.0000004978728656
33.55000 0.0000004857081172
33.57000 0.0000005059971539
33.59000 0.0000004627880833
33.61000 0.0000005509987721
33.63000 0.0000004116137408
33.65000 0.0000005626792435
33.67000 0.0000004532109641
33.69000 0.0000004740059618
33.71000 0.0000005104496108
33.73000 0.0000004694234006
33.75000 0.0000004735795089
33.77000 0.0000005195063130
33.79000 0.0000004327845952
33.81000 0.0000005062573624
33.83000 0.0000004844576707
33.85000 0.0000004193260322
33.87000 0.0000005353067526
33.89000 0.0000004713243684
33.91000 0.0000004083972743
33.93000 0.0000005582773827
33.95000 0.0000003810247835
33.97000 0.0000005475943773
33.99000 0.0000003834389403
34.01000 0.0000005714901931
34.03000 0.0000003574180882
34.05000 0.0000005173812767
34.07000 0.0000004590295158
34.09000 0.0000004513099963
34.11000 0.0000004411401799
34.13000 0.0000005171427522
34.15000 0.0000003805983306
34.17000 0.0000005017181693
34.19000 0.0000004437278091
34.21000 0.0000004420147697
34.23000 0.0000004678115534
34.25000 0.0000004483754224
34.27000 0.0000004212414561
34.29000 0.0000005001135501
34.31000 0.0000003810103275
34.33000 0.0000005216313492
34.35000 0.0000003576927527
34.37000 0.0000005358777658
34.39000 0.0000003565796385
34.41000 0.0000005005689150
34.43000 0.0000004000850577
34.45000 0.0000004574176686
34.47000 0.0000004343024782
34.49000 0.0000004425785548
34.51000 0.0000004231641079
34.53000 0.0000004333917484
34.55000 0.0000004296404089
34.57000 0.0000004505582828
34.59000 0.0000004140857217
34.61000 0.0000004006271588
34.63000 0.0000004996581852
34.65000 0.0000003593624241
34.67000 0.0000004596511250
34.69000 0.0000003864674784
34.71000 0.0000004846455991
34.73000 0.0000003876167327
34.75000 0.0000003750833556
34.77000 0.0000005124156308
34.79000 0.0000003467567668
34.81000 0.0000004348012112
34.83000 0.0000004352565762
34.85000 0.0000003861422177
34.87000 0.0000004478405494
34.89000 0.0000003780685256
34.91000 0.0000004286573989
34.93000 0.0000004235399647
34.95000 0.0000003764060822
34.97000 0.0000004390946518
34.99000 0.0000003940930337
35.01000 0.0000004001790219
35.03000 0.0000004294813926
35.05000 0.0000003688889472
35.07000 0.0000004258818414
35.09000 0.0000004014366964
35.11000 0.0000003973167281
35.13000 0.0000003817259009
35.15000 0.0000004434025485
35.17000 0.0000003327633308
35.19000 0.0000004691848761
35.21000 0.0000003348522270
35.23000 0.0000004255710367
35.25000 0.0000003905440786
35.27000 0.0000003791527277
35.29000 0.0000004174756605
35.31000 0.0000003605695025
35.33000 0.0000003969191873
35.35000 0.0000004189501755
35.37000 0.0000003444654862
35.39000 0.0000004126328908
35.41000 0.0000003504719663
35.43000 0.0000004363190943
35.45000 0.0000003443642940
35.47000 0.0000004056506288
35.49000 0.0000003427163067
35.51000 0.0000004253180562
35.53000 0.0000003493082559
35.55000 0.0000003962397540
35.57000 0.0000003516718167
35.59000 0.0000004184514425
35.61000 0.0000003299227211
35.63000 0.0000003922643460
35.65000 0.0000003730956516
35.67000 0.0000003930377436
35.69000 0.0000003244366581
35.71000 0.0000004148952594
35.73000 0.0000003416610166
35.75000 0.0000003855639766
35.77000 0.0000003481662296
35.79000 0.0000003867782830
35.81000 0.0000003491420116
35.83000 0.0000003599117532
35.85000 0.0000004029618074
35.87000 0.0000003028682629
35.89000 0.0000004193838563
35.91000 0.0000003021382334
35.93000 0.0000004236700689
35.95000 0.0000003063738499
35.97000 0.0000003891779838
35.99000 0.0000003273929160
36.01000 0.0000004036412408
36.03000 0.0000003024273540
36.05000 0.0000003848122631
36.07000 0.0000003568326190
36.09000 0.0000003191096114
36.11000 0.0000003915921407
36.13000 0.0000003252751078
36.15000 0.0000003436053525
36.17000 0.0000003840677776
36.19000 0.0000003071689315
36.21000 0.0000003747653229
36.23000 0.0000003255208603
36.25000 0.0000003637209168
36.27000 0.0000003209310711
36.29000 0.0000003814729204
36.31000 0.0000002942958377
36.33000 0.0000003777071248
36.35000 0.0000003288674310
36.37000 0.0000003277109487
36.39000 0.0000003818849172
36.41000 0.0000002564571819
36.43000 0.0000004295970408
36.45000 0.0000002799988251
36.47000 0.0000003434029681
36.49000 0.0000003435113883
36.51000 0.0000003201287615
36.53000 0.0000003702767259
36.55000 0.0000002703638817
36.57000 0.0000004005693346
36.59000 0.0000002577220844
36.61000 0.0000004037641170
36.63000 0.0000002654705159
36.65000 0.0000003690841036
36.67000 0.0000002928863749
36.69000 0.0000003686576507
36.71000 0.0000002873569438
36.73000 0.0000003520838135
36.75000 0.0000002997529886
36.77000 0.0000003260846454
36.79000 0.0000003581408896
36.81000 0.0000002602735735
36.83000 0.0000003849712794
36.85000 0.0000002719612729
36.87000 0.0000003301323335
36.89000 0.0000003376133285
36.91000 0.0000002977363726
36.93000 0.0000003139849492
36.95000 0.0000003150619233
36.97000 0.0000003353220479
36.99000 0.0000003106094664
37.01000 0.0000002709638069
37.03000 0.0000003725463225
37.05000 0.0000002653548677
37.07000 0.0000003445666784
37.09000 0.0000002831285553
37.11000 0.0000003218562569
37.13000 0.0000003066701985
37.15000 0.0000003026731065
37.17000 0.0000003223333059
37.19000 0.0000002796518804
37.21000 0.0000003386830746
37.23000 0.0000002655283401
37.25000 0.0000003385096023
37.27000 0.0000002830851872
37.29000 0.0000002984591740
37.31000 0.0000003163918780
37.33000 0.0000002902336936
37.35000 0.0000003313104999
37.37000 0.0000002129662187
37.39000 0.0000004010319276
37.41000 0.0000002512385554
37.43000 0.0000002853836958
37.45000 0.0000003113105838
37.47000 0.0000002988711709
37.49000 0.0000002766594824
37.51000 0.0000003216105044
37.53000 0.0000002650802032
37.55000 0.0000003161244414
37.57000 0.0000002773316877
37.59000 0.0000002932188635
37.61000 0.0000002910070911
37.63000 0.0000002858318327
37.65000 0.0000002983073857
37.67000 0.0000002844874220
37.69000 0.0000002787700626
37.71000 0.0000003056365924
37.73000 0.0000002494026397
37.75000 0.0000003324742102
37.77000 0.0000002576208922
37.79000 0.0000002905300422
37.81000 0.0000002687303505
37.83000 0.0000003132043236
37.85000 0.0000002576931724
37.87000 0.0000002862727416
37.89000 0.0000002641477893
37.91000 0.0000003410755474
37.93000 0.0000001831072909
37.95000 0.0000003664531063
37.97000 0.0000002355826761
37.99000 0.0000002675955522
38.01000 0.0000003154305520
38.03000 0.0000002497062164
38.05000 0.0000002587846025
38.07000 0.0000003225718304
38.09000 0.0000002288750786
38.11000 0.0000002954956881
38.13000 0.0000002389942989
38.15000 0.0000003572084758
38.17000 0.0000001458685603
38.19000 0.0000003737678569
38.21000 0.0000002346647182
38.23000 0.0000002418565926
38.25000 0.0000003191312955
38.27000 0.0000002202809694
38.29000 0.0000003051884555
38.31000 0.0000002376643442
38.33000 0.0000002890844393
38.35000 0.0000002367247023
38.37000 0.0000002986687865
38.39000 0.0000002390521230
38.41000 0.0000002715565041
38.43000 0.0000002569848269
38.45000 0.0000002751199153
38.47000 0.0000002434322998
38.49000 0.0000002634900400
38.51000 0.0000002826225943
38.53000 0.0000002301905772
38.55000 0.0000002648272227
38.57000 0.0000002900891333
38.59000 0.0000001930096707
38.61000 0.0000003151703435
38.63000 0.0000002493520436
38.65000 0.0000002224566018
38.67000 0.0000002811191673
38.69000 0.0000002533635917
38.71000 0.0000002468583786
38.73000 0.0000002403314816
38.75000 0.0000002973605158
38.77000 0.0000001893089273
38.79000 0.0000002941295934
38.81000 0.0000002512963795
38.83000 0.0000002234612958
38.85000 0.0000002715854162
38.87000 0.0000002392039113
38.89000 0.0000002554091198
38.91000 0.0000002313687436
38.93000 0.0000002739128369
38.95000 0.0000002121639091
38.97000 0.0000002822611936
38.99000 0.0000002241118171
39.01000 0.0000002327637504
39.03000 0.0000002936959125
39.05000 0.0000001743758494
39.07000 0.0000003011696795
39.09000 0.0000002043721095
39.11000 0.0000002579244688
39.13000 0.0000002649573269
39.15000 0.0000001845384378
39.17000 0.0000003022321976
39.19000 0.0000001845962619
39.21000 0.0000002563776737
39.23000 0.0000002717299765
39.25000 0.0000001914050515
39.27000 0.0000002638153006
39.29000 0.0000002209604028
39.31000 0.0000002607578505
39.33000 0.0000001990306068
39.35000 0.0000002760161891
39.37000 0.0000002006424540
39.39000 0.0000002476751443
39.41000 0.0000002303423656
39.43000 0.0000002458825967
39.45000 0.0000002190377509
39.47000 0.0000002248635306
39.49000 0.0000002375414680
39.51000 0.0000002461717173
39.53000 0.0000002156550401
39.55000 0.0000002147298543
39.57000 0.0000002459259648
39.59000 0.0000002532623995
39.61000 0.0000001687379981
39.63000 0.0000002891278073
39.65000 0.0000001847263661
39.67000 0.0000002433961597
39.69000 0.0000002047335102
39.71000 0.0000002602374335
39.73000 0.0000002109857428
39.75000 0.0000002104436417
39.77000 0.0000002363199335
39.79000 0.0000002072199472
39.81000 0.0000002593989838
39.83000 0.0000001756913480
39.85000 0.0000002479498088
39.87000 0.0000002403459376
39.89000 0.0000001519328644
39.91000 0.0000003101541015
39.93000 0.0000001419943445
39.95000 0.0000002603603097
39.97000 0.0000002243937096
39.99000 0.0000001828326264
40.01000 0.0000002543682857
40.03000 0.0000001793125833
40.05000 0.0000002600856452
40.07000 0.0000001883331454
40.09000 0.0000002090847750
40.11000 0.0000002304724698
40.13000 0.0000002182860374
40.15000 0.0000002074223316
40.17000 0.0000001945636939
40.19000 0.0000002429407948
40.21000 0.0000001970501308
40.23000 0.0000002165296299
40.25000 0.0000002193124155
40.27000 0.0000001675670598
40.29000 0.0000002744260259
40.31000 0.0000001736313639
40.33000 0.0000002149900628
40.35000 0.0000002014086236
40.37000 0.0000002156622681
40.39000 0.0000002231360351
40.41000 0.0000001787054301
40.43000 0.0000002308989227
40.45000 0.0000001779826286
40.47000 0.0000002520119530
40.49000 0.0000001595150516
40.51000 0.0000002172379753
40.53000 0.0000002356694122
40.55000 0.0000001602739932
40.57000 0.0000002157345483
40.59000 0.0000002356405002
40.61000 0.0000001573755593
40.63000 0.0000002383076375
40.65000 0.0000001774838956
40.67000 0.0000002075162958
40.69000 0.0000002171801512
40.71000 0.0000001754672796
40.73000 0.0000002181703892
40.75000 0.0000001852323272
40.77000 0.0000002035553439
40.79000 0.0000002160814930
40.81000 0.0000001689909786
40.83000 0.0000002270030229
40.85000 0.0000001679790566
40.87000 0.0000002126120460
40.89000 0.0000001906894781
40.91000 0.0000002223698656
40.93000 0.0000001406933019
40.95000 0.0000002385317060
40.97000 0.0000002047696503
40.99000 0.0000001504294374
41.01000 0.0000002155827600
41.03000 0.0000002131324631
41.05000 0.0000001487959062
41.07000 0.0000002442056973
41.09000 0.0000001412715431
41.11000 0.0000002211049630
41.13000 0.0000002021892491
41.15000 0.0000001410041065
41.17000 0.0000002461355772
41.19000 0.0000001578453803
41.21000 0.0000001970212188
41.23000 0.0000001831217469
41.25000 0.0000002054996798
41.27000 0.0000001754094555
41.29000 0.0000001780910489
41.31000 0.0000002086221820
41.33000 0.0000001771803190
41.35000 0.0000001623990294
41.37000 0.0000002426372182
41.39000 0.0000001421172208
41.41000 0.0000001577875562
41.43000 0.0000002717372045
41.45000 0.0000001109789344
41.47000 0.0000001977946163
41.49000 0.0000001954961077
41.51000 0.0000001925904459
41.53000 0.0000001623556613
41.55000 0.0000001855575878
41.57000 0.0000001892800153
41.59000 0.0000001670466427
41.61000 0.0000002224782858
41.63000 0.0000001123088890
41.65000 0.0000002331757472
41.67000 0.0000001703643014
41.69000 0.0000001865767379
41.71000 0.0000001146796778
41.73000 0.0000002841260213
41.75000 0.0000001000429485
41.77000 0.0000001968983425
41.79000 0.0000001894101195
41.81000 0.0000001474804075
41.83000 0.0000002266560782
41.85000 0.0000001286875699
41.87000 0.0000001966815021
41.89000 0.0000001747227941
41.91000 0.0000001799631046
41.93000 0.0000001405415136
41.95000 0.0000002278487006
41.97000 0.0000001297645440
41.99000 0.0000002047768783
42.01000 0.0000001505378576
42.03000 0.0000001703715294
42.05000 0.0000001890270348
42.07000 0.0000001726772660
42.09000 0.0000001542458291
42.11000 0.0000001721785330
42.13000 0.0000001794715996
42.15000 0.0000001867285262
42.17000 0.0000001220739366
42.19000 0.0000002342454934
42.21000 0.0000000983660491
42.23000 0.0000002346647182
42.25000 0.0000001128148501
42.27000 0.0000002102918534
42.29000 0.0000001490488867
42.31000 0.0000001750046867
42.33000 0.0000001288827263
42.35000 0.0000002327276103
42.37000 0.0000001249940545
42.39000 0.0000001593849474
42.41000 0.0000001892149631
42.43000 0.0000001510582747
42.45000 0.0000001695692198
42.47000 0.0000001637000720
42.49000 0.0000001539856206
42.51000 0.0000002032806793
42.53000 0.0000000897430278
42.55000 0.0000002318963887
42.57000 0.0000001440904687
42.59000 0.0000001266564978
42.61000 0.0000002219145007
42.63000 0.0000001145640296
42.65000 0.0000001737325561
42.67000 0.0000001757274881
42.69000 0.0000001317883881
42.71000 0.0000001961177170
42.73000 0.0000001212065749
42.75000 0.0000001988282224
42.77000 0.0000001186767698
42.79000 0.0000001847480502
42.81000 0.0000001653263753
42.83000 0.0000001238664842
42.85000 0.0000001964140656
42.87000 0.0000001212210309
42.89000 0.0000001969344826
42.91000 0.0000001019511443
42.93000 0.0000002247984784
42.95000 0.0000000896418356
42.97000 0.0000002013218874
42.99000 0.0000001320052285
43.01000 0.0000001823266653
43.03000 0.0000001035268514
43.05000 0.0000001939059445
43.07000 0.0000001739421685
43.09000 0.0000000787347618
43.11000 0.0000002342671774
43.13000 0.0000001108560581
43.15000 0.0000001513329392
43.17000 0.0000001596957520
43.19000 0.0000001552505231
43.21000 0.0000001529736985
43.23000 0.0000001527785421
43.25000 0.0000001201368287
43.27000 0.0000002078993806
43.29000 0.0000000825945215
43.31000 0.0000002190232949
43.33000 0.0000001039605323
43.35000 0.0000001506462779
43.37000 0.0000001718749564
43.39000 0.0000001387272820
43.41000 0.0000001303066451
43.43000 0.0000001828615384
43.45000 0.0000001322654370
43.47000 0.0000001126847458
43.49000 0.0000002167898384
43.51000 0.0000000870397504
43.53000 0.0000001745059537
43.55000 0.0000001281960649
43.57000 0.0000001826808380
43.59000 0.0000000919475722
43.61000 0.0000001859406726
43.63000 0.0000001356987439
43.65000 0.0000001389802625
43.67000 0.0000001375852557
43.69000 0.0000001613365113
43.71000 0.0000001331689388
43.73000 0.0000001453625993
43.75000 0.0000001362769851
43.77000 0.0000001670827828
43.79000 0.0000001045676855
43.81000 0.0000001718749564
43.83000 0.0000001261939049
43.85000 0.0000001634687756
43.87000 0.0000001030425745
43.89000 0.0000001886294940
43.91000 0.0000000939641883
43.93000 0.0000001632736192
43.95000 0.0000001556697479
43.97000 0.0000000899526402
43.99000 0.0000002116796322
44.01000 0.0000000699888642
44.03000 0.0000001585970938
44.05000 0.0000001749902306
44.07000 0.0000000975275994
44.09000 0.0000001360095485
44.11000 0.0000001886873181
44.13000 0.0000000615537713
44.15000 0.0000002050515429
44.17000 0.0000000826668016
44.19000 0.0000001945998339
44.21000 0.0000000706177015
44.23000 0.0000001959731567
44.25000 0.0000000875023433
44.27000 0.0000001595005956
44.29000 0.0000001284635014
44.31000 0.0000001508703463
44.33000 0.0000000999562123
44.35000 0.0000001835048317
44.37000 0.0000000647630098
44.39000 0.0000002033601875
44.41000 0.0000000886226856
44.43000 0.0000001758720484
44.45000 0.0000000727788778
44.47000 0.0000001698944804
44.49000 0.0000001417991881
44.51000 0.0000001344266134
44.53000 0.0000000666784336
44.55000 0.0000002270536190
44.57000 0.0000000632162147
44.59000 0.0000001553444873
44.61000 0.0000001283695372
44.63000 0.0000001218426401
44.65000 0.0000001470394986
44.67000 0.0000001106464457
44.69000 0.0000001440109606
44.71000 0.0000001238664842
44.73000 0.0000001230352625
44.75000 0.0000001287237099
44.77000 0.0000001416546278
44.79000 0.0000001293164071
44.81000 0.0000000891936987
44.83000 0.0000001991390270
44.85000 0.0000000471411105
44.87000 0.0000001846251739
44.89000 0.0000001055434675
44.91000 0.0000001202958450
44.93000 0.0000001340868967
44.95000 0.0000001434471754
44.97000 0.0000000857603918
44.99000 0.0000001549541745
45.01000 0.0000001281093287
45.03000 0.0000001060566565
45.05000 0.0000001467431500
45.07000 0.0000000813513030
45.09000 0.0000001863526694
45.11000 0.0000000745208293
45.13000 0.0000001474876355
45.15000 0.0000001198910762
45.17000 0.0000001180479325
45.19000 0.0000001315064955
45.21000 0.0000000972673909
45.23000 0.0000001713400833
45.25000 0.0000000650521303
45.27000 0.0000001727784582
45.29000 0.0000000829992903
45.31000 0.0000001348313822
45.33000 0.0000001272419670
45.35000 0.0000001404836895
45.37000 0.0000000390457342
45.39000 0.0000002409169507
45.41000 0.0000000108058817
45.43000 0.0000001904870937
45.45000 0.0000000914488392
45.47000 0.0000001154819874
45.49000 0.0000001168263981
45.51000 0.0000001614810716
45.53000 0.0000000512104826
45.55000 0.0000001582429211
45.57000 0.0000001406716179
45.59000 0.0000000391902945
45.61000 0.0000002151924472
45.63000 0.0000000420525883
45.65000 0.0000001558721323
45.67000 0.0000001160819126
45.69000 0.0000000794720192
45.71000 0.0000001684416495
45.73000 0.0000000811633746
45.75000 0.0000001262950971
45.77000 0.0000001290634266
45.79000 0.0000000911741747
45.81000 0.0000001213005391
45.83000 0.0000001334869715
45.85000 0.0000001024643333
45.87000 0.0000001034762553
45.89000 0.0000001480225086
45.91000 0.0000000694901312
45.93000 0.0000001344916655
45.95000 0.0000001327063459
45.97000 0.0000000835269354
45.99000 0.0000001250735626
46.01000 0.0000001357565680
46.03000 0.0000000678204599
46.05000 0.0000001391537348
46.07000 0.0000001189875744
46.09000 0.0000000977588959
46.11000 0.0000001201585128
46.13000 0.0000000929305822
46.15000 0.0000001512823431
46.17000 0.0000000621392405
46.19000 0.0000001532194510
46.21000 0.0000000974191792
46.23000 0.0000000834474272
46.25000 0.0000001630567787
46.27000 0.0000000582361127
46.29000 0.0000001335086555
46.31000 0.0000001099814684
46.33000 0.0000001114848954
46.35000 0.0000001132123909
46.37000 0.0000000808814821
46.39000 0.0000001380261646
46.41000 0.0000000977588959
46.43000 0.0000001113258791
46.45000 0.0000001075094874
46.47000 0.0000000950194784
46.49000 0.0000001355324996
46.51000 0.0000000803538370
46.53000 0.0000001193706592
46.55000 0.0000001025438415
46.57000 0.0000001022041248
46.59000 0.0000001330099225
46.61000 0.0000000813151629
46.63000 0.0000001012717109
46.65000 0.0000001107765500
46.67000 0.0000001342892811
46.69000 0.0000000597395397
46.71000 0.0000001379466564
46.73000 0.0000000935883315
46.75000 0.0000000878420600
46.77000 0.0000001571225788
46.79000 0.0000000429344060
46.81000 0.0000001365299656
46.83000 0.0000000899815523
46.85000 0.0000001229557544
46.87000 0.0000000871770827
46.89000 0.0000001052182068
46.91000 0.0000001045676855
46.93000 0.0000001073071030
46.95000 0.0000000894033111
46.97000 0.0000001327641700
46.99000 0.0000000423344808
47.01000 0.0000001850877669
47.03000 0.0000000399130960
47.05000 0.0000001025221574
47.07000 0.0000001519979166
47.09000 0.0000000456882795
47.11000 0.0000001455143876
47.13000 0.0000000512104826
47.15000 0.0000001451674429
47.17000 0.0000000766024975
47.19000 0.0000001195224475
47.21000 0.0000000822258928
47.23000 0.0000000918536081
47.25000 0.0000001401512008
47.27000 0.0000000511454305
47.29000 0.0000001254566474
47.31000 0.0000000981564367
47.33000 0.0000000939641883
47.35000 0.0000001052760309
47.37000 0.0000000850448184
47.39000 0.0000000984383292
47.41000 0.0000001352433790
47.43000 0.0000000257028195
47.45000 0.0000001859045325
47.47000 0.0000000290349342
47.49000 0.0000001234400313
47.51000 0.0000001035919036
47.53000 0.0000000893093470
47.55000 0.0000000748316339
47.57000 0.0000001354819035
47.59000 0.0000000786046575
47.61000 0.0000001026956298
47.63000 0.0000000522946848
47.65000 0.0000001785464138
47.67000 0.0000000308419378
47.69000 0.0000001148386941
47.71000 0.0000001019511443
47.73000 0.0000000687311897
47.75000 0.0000001287670780
47.77000 0.0000000873360990
47.79000 0.0000000695334993
47.81000 0.0000001360818287
47.83000 0.0000000469314980
47.85000 0.0000001203970372
47.87000 0.0000001093598591
47.89000 0.0000000544920012
47.91000 0.0000001301909969
47.93000 0.0000000634185991
47.95000 0.0000001050881026
47.97000 0.0000001067071778
47.99000 0.0000000823993651
48.01000 0.0000000702418447
48.03000 0.0000001226449498
48.05000 0.0000000990527105
48.07000 0.0000000397251676
48.09000 0.0000001623773454
48.11000 0.0000000376290434
48.13000 0.0000001101621687
48.15000 0.0000000927498818
48.17000 0.0000000995225314
48.19000 0.0000000632812668
48.21000 0.0000001184237893
48.23000 0.0000000962193288
48.25000 0.0000000502636127
48.27000 0.0000001079937644
48.29000 0.0000001351132747
48.31000 0.0000000173544628
48.33000 0.0000001301693128
48.35000 0.0000000889913143
48.37000 0.0000000874734313
48.39000 0.0000000667723978
48.41000 0.0000001256807158
48.43000 0.0000000728150179
48.45000 0.0000000662881208
48.47000 0.0000001180985286
48.49000 0.0000000827535378
48.51000 0.0000000746292495
48.53000 0.0000001209608224
48.55000 0.0000000314490910
48.57000 0.0000001429412144
48.59000 0.0000000520778444
48.61000 0.0000001132413029
48.63000 0.0000000657315637
48.65000 0.0000000943761851
48.67000 0.0000000957784199
48.69000 0.0000000572097346
48.71000 0.0000001324389094
48.73000 0.0000000590745624
48.75000 0.0000000649943062
48.77000 0.0000001399415884
48.79000 0.0000000287747257
48.81000 0.0000001299452444
48.83000 0.0000000618067518
48.85000 0.0000000833462350
48.87000 0.0000000982504009
48.89000 0.0000000738775360
48.91000 0.0000000938629961
48.93000 0.0000000995514435
48.95000 0.0000000223201087
48.97000 0.0000001675670598
48.99000 0.0000000258618358
49.01000 0.0000000988069580
49.03000 0.0000001011054666
49.05000 0.0000000583879010
49.07000 0.0000000901044285
49.09000 0.0000000986623977
49.11000 0.0000000869674703
49.13000 0.0000000369568381
49.15000 0.0000001466347298
49.17000 0.0000000198914959
49.19000 0.0000001363998613
49.21000 0.0000000612212827
49.23000 0.0000000615320873
49.25000 0.0000001151494987
49.27000 0.0000000692660628
49.29000 0.0000000625512373
49.31000 0.0000001322509810
49.33000 0.0000000217201835
49.35000 0.0000001220522526
49.37000 0.0000000703791770
49.39000 0.0000000606719536
49.41000 0.0000001062879530
49.43000 0.0000000857820759
49.45000 0.0000000630716544
49.47000 0.0000000908705981
49.49000 0.0000000545931934
49.51000 0.0000001245097775
49.53000 0.0000000550702423
49.55000 0.0000000580987804
49.57000 0.0000001307114139
49.59000 0.0000000432307546
49.61000 0.0000000833390070
49.63000 0.0000000814380392
49.65000 0.0000000916006275
49.67000 0.0000000642498207
49.69000 0.0000000855869195
49.71000 0.0000000650810424
49.73000 0.0000001117089638
49.75000 0.0000000388722619
49.77000 0.0000000938919081
49.79000 0.0000000810404984
49.81000 0.0000000943039050
49.83000 0.0000000368122778
49.85000 0.0000001095044194
49.87000 0.0000000679361081
49.89000 0.0000000816765637
49.91000 0.0000000789877423
49.93000 0.0000000672855868
49.95000 0.0000000747159857
49.97000 0.0000000949182862
49.99000 0.0000000651894626
50.01000 0.0000000590528783
50.03000 0.0000001180551606
50.05000 0.0000000502780687
50.07000 0.0000000557785878
50.09000 0.0000001327786261
50.11000 -0.0000001402740771
50.13000 0.0000010780800442
50.15000 -0.0000038962539792
50.17000 0.0000150456325639
50.19000 -0.0000560970540853
50.21000 0.0000075498201441
50.23000 -0.0000279664312541
50.25000 0.0001053025288494
