0.25000 2.0862639157195884
0.27000 1.9889948721821260
0.29000 1.9883276259544809
0.31000 1.9031594963804754
0.33000 1.7695069011543221
0.35000 1.6369286711708417
0.37000 1.5060546883285491
0.39000 1.3834691977500371
0.41000 1.2704755450524778
0.43000 1.1676868873841673
0.45000 1.0747947197852170
0.47000 0.9911833415585104
0.49000 0.9160409397351855
0.51000 0.8485358483546295
0.53000 0.7878670074478132
0.55000 0.7332734887856759
0.57000 0.6840434792375339
0.59000 0.6396054644621415
0.61000 0.5993650897744239
0.63000 0.5628659467187918
0.65000 0.5296747189514663
0.67000 0.4994214820047231
0.69000 0.4717785854687953
0.71000 0.4464606345803054
0.73000 0.4232184119391803
0.75000 0.4018324301479267
0.77000 0.3821103274871674
0.79000 0.3638845822410050
0.81000 0.3470016332757231
0.83000 0.3313400697234811
0.85000 0.3167599569556488
0.87000 0.3032059921942906
0.89000 0.2905117806917268
0.91000 0.2786784418848156
0.93000 0.2675759577413830
0.95000 0.2571647055741681
0.97000 0.2473850561560594
0.99000 0.2381772004593959
1.01000 0.2294999185106552
1.03000 0.2213125370182969
1.05000 0.2135727040023193
1.07000 0.2062467238752447
1.09000 0.1993057955507656
1.11000 0.1927235790738733
1.13000 0.1864757803963132
1.15000 0.1805367523804539
1.17000 0.1748837479629885
1.19000 0.1694982885344527
1.21000 0.1643626549025987
1.23000 0.1594607011066891
1.25000 0.1547778748239627
1.27000 0.1503010388890826
1.29000 0.1460183701335512
1.31000 0.1419188645245447
1.33000 0.1379891155367056
1.35000 0.1342205478212002
1.37000 0.1306036239601359
1.39000 0.1271304715128041
1.41000 0.1237930095548493
1.43000 0.1205838615712709
1.45000 0.1174973113615465
1.47000 0.1145256570412682
1.49000 0.1116625184027775
1.51000 0.1089060144181947
1.53000 0.1062443536076901
1.55000 0.1036792568684386
1.57000 0.1012041109290975
1.59000 0.0988106601308482
1.61000 0.0965008599073877
1.63000 0.0942693965875925
1.65000 0.0921092561226647
1.67000 0.0900194163522041
1.69000 0.0879999061473060
1.71000 0.0860437234960140
1.73000 0.0841484454643798
1.75000 0.0823109333817837
1.77000 0.0805331207190165
1.79000 0.0788091808288927
1.81000 0.0771365516740822
1.83000 0.0755133247489400
1.85000 0.0739374787686829
1.87000 0.0724093919223998
1.89000 0.0709262362721027
1.91000 0.0694846142589139
1.93000 0.0680838921201613
1.95000 0.0667220421866783
1.97000 0.0653981054714546
1.99000 0.0641118923899962
2.01000 0.0628612359126687
2.03000 0.0616441945220508
2.05000 0.0604593714240616
2.07000 0.0593060554990310
2.09000 0.0581833169812270
2.11000 0.0570889585891493
2.13000 0.0560249922520092
2.15000 0.0549866382013274
2.17000 0.0539769925488390
2.19000 0.0529917467551160
2.21000 0.0520305394208914
2.23000 0.0510948352561505
2.25000 0.0501812613857890
2.27000 0.0492894454470760
2.29000 0.0484204619705918
2.31000 0.0475728148995741
2.33000 0.0467443229943780
2.35000 0.0459363795154757
2.37000 0.0451483005753141
2.39000 0.0443779842685191
2.41000 0.0436251281009844
2.43000 0.0428898446071478
2.45000 0.0421723683713751
2.47000 0.0414706069999891
2.49000 0.0407843317827677
2.51000 0.0401137635603945
2.53000 0.0394588131160644
2.55000 0.0388183281663466
2.57000 0.0381917446098482
2.59000 0.0375789263769415
2.61000 0.0369793396007174
2.63000 0.0363932475965061
2.65000 0.0358196405409600
2.67000 0.0352582320582949
2.69000 0.0347083412228245
2.71000 0.0341702717743022
2.73000 0.0336431222200858
2.75000 0.0331283434433389
2.77000 0.0326229207843245
2.79000 0.0321287833336681
2.81000 0.0316440461323869
2.83000 0.0311691087498285
2.85000 0.0307046113539230
2.87000 0.0302490119551945
2.89000 0.0298026435064172
2.91000 0.0293655154781636
2.93000 0.0289364849141716
2.95000 0.0285157379543294
2.97000 0.0281037790685867
2.99000 0.0276995508572085
3.01000 0.0273030026306034
3.03000 0.0269145395439286
3.05000 0.0265336157149442
3.07000 0.0261595171250027
3.09000 0.0257923780535666
3.11000 0.0254325156835595
3.13000 0.0250794277101401
3.15000 0.0247326288205692
3.17000 0.0243923418848449
3.19000 0.0240585258412992
3.21000 0.0237309944940931
3.23000 0.0234092284442817
3.25000 0.0230933056616483
3.27000 0.0227829426194144
3.29000 0.0224784071542588
3.31000 0.0221792289665258
3.33000 0.0218854379372089
3.35000 0.0215964712225204
3.37000 0.0213132133261342
3.39000 0.0210345774682523
3.41000 0.0207612132329301
3.43000 0.0204921394071633
3.45000 0.0202277304031777
3.47000 0.0199681674136846
3.49000 0.0197127913060859
3.51000 0.0194619593824052
3.53000 0.0192154308251609
3.55000 0.0189727931109232
3.57000 0.0187343236062361
3.59000 0.0185000320759738
3.61000 0.0182695518429731
3.63000 0.0180429206850010
3.65000 0.0178201714895928
3.67000 0.0176009376852531
3.69000 0.0173851208435579
3.71000 0.0171730206247114
3.73000 0.0169643961679157
3.75000 0.0167590463062174
3.77000 0.0165570323138430
3.79000 0.0163583641552174
3.81000 0.0161627610617670
3.83000 0.0159702024080573
3.85000 0.0157806939732850
3.87000 0.0155943447374800
3.89000 0.0154109209623473
3.91000 0.0152302698769313
3.93000 0.0150523353705026
3.95000 0.0148773791943009
3.97000 0.0147048956455261
3.99000 0.0145352646808520
4.01000 0.0143679246994837
4.03000 0.0142034065227341
4.05000 0.0140413287562831
4.07000 0.0138816884816840
4.09000 0.0137245034956846
4.11000 0.0135695296258944
4.13000 0.0134170042207238
4.15000 0.0132667666659370
4.17000 0.0131186234088483
4.19000 0.0129727842162625
4.21000 0.0128290932840195
4.23000 0.0126874061257345
4.25000 0.0125479263259065
4.27000 0.0124104413728778
4.29000 0.0122748439395498
4.31000 0.0121412264148373
4.33000 0.0120096152194290
4.35000 0.0118797938171491
4.37000 0.0117518628206699
4.39000 0.0116258232460420
4.41000 0.0115015349103943
4.43000 0.0113789343892182
4.45000 0.0112580543844103
4.47000 0.0111389674768587
4.49000 0.0110215384664658
4.51000 0.0109056789641323
4.53000 0.0107914447264902
4.55000 0.0106787777902640
4.57000 0.0105677103597335
4.59000 0.0104580233037619
4.61000 0.0103500244741315
4.63000 0.0102434116997357
4.65000 0.0101383251170246
4.67000 0.0100345286989378
4.69000 0.0099321655953946
4.71000 0.0098312374401226
4.73000 0.0097316054004209
4.75000 0.0096333402194633
4.77000 0.0095363465570734
4.79000 0.0094406330603790
4.81000 0.0093462797634558
4.83000 0.0092530928253072
4.85000 0.0091610955301203
4.87000 0.0090703661550483
4.89000 0.0089807934895020
4.91000 0.0088923913452224
4.93000 0.0088051713041659
4.95000 0.0087190508475029
4.97000 0.0086339954086187
4.99000 0.0085500699909096
5.01000 0.0084672426192122
5.03000 0.0083854167684585
5.05000 0.0083046346490967
5.07000 0.0082249202982357
5.09000 0.0081462094177892
5.11000 0.0080684690529145
5.13000 0.0079917115594167
5.15000 0.0079159450666784
5.17000 0.0078410682522017
5.19000 0.0077671523367936
5.21000 0.0076941198631023
5.23000 0.0076220673547618
5.25000 0.0075508208311273
5.27000 0.0074805130979213
5.29000 0.0074110294404304
5.31000 0.0073424049079271
5.33000 0.0072746320070536
5.35000 0.0072076321502567
5.37000 0.0071415024306224
5.39000 0.0070761577305317
5.41000 0.0070115773859354
5.43000 0.0069477943936101
5.45000 0.0068847471937245
5.47000 0.0068224700607774
5.49000 0.0067609756542313
5.51000 0.0067001720552353
5.53000 0.0066400750964718
5.55000 0.0065807128557989
5.57000 0.0065220226269415
5.59000 0.0064640214594211
5.61000 0.0064067277106364
5.63000 0.0063500922538838
5.65000 0.0062941048288463
5.67000 0.0062387942154652
5.69000 0.0061841161113201
5.71000 0.0061300456600036
5.73000 0.0060766041157003
5.75000 0.0060237832861382
5.77000 0.0059715808097283
5.79000 0.0059199541925052
5.81000 0.0058689362745709
5.83000 0.0058184592164936
5.85000 0.0057685979475084
5.87000 0.0057192595556236
5.89000 0.0056705232204709
5.91000 0.0056223013061736
5.93000 0.0055746236227635
5.95000 0.0055274885815866
5.97000 0.0054808652066689
5.99000 0.0054347934833286
6.01000 0.0053892083927305
6.03000 0.0053441144820185
6.05000 0.0052995405740279
6.07000 0.0052554362479281
6.09000 0.0052118245194345
6.11000 0.0051687077583934
6.13000 0.0051260460425609
6.15000 0.0050838575203077
6.17000 0.0050421257267892
6.19000 0.0050008347857872
6.21000 0.0049600005674252
6.23000 0.0049196171529655
6.25000 0.0048796476774815
6.27000 0.0048401102209957
6.29000 0.0048010095017534
6.31000 0.0047623184912538
6.33000 0.0047240330906806
6.35000 0.0046861714061581
6.37000 0.0046486987024680
6.39000 0.0046116222655532
6.41000 0.0045749344317637
6.43000 0.0045386523676166
6.45000 0.0045027218014091
6.47000 0.0044671923064438
6.49000 0.0044320154045027
6.51000 0.0043972297536210
6.53000 0.0043627800549890
6.55000 0.0043286959234186
6.57000 0.0042949725582303
6.59000 0.0042615826461971
6.61000 0.0042285507380393
6.63000 0.0041958477682222
6.65000 0.0041634835747153
6.67000 0.0041314577952679
6.69000 0.0040997478511935
6.71000 0.0040683680233427
6.73000 0.0040373109153867
6.75000 0.0040065582215751
6.77000 0.0039761214922692
6.79000 0.0039459929870115
6.81000 0.0039161628236258
6.83000 0.0038866369120490
6.85000 0.0038574067706167
6.87000 0.0038284602234435
6.89000 0.0037998103344950
6.91000 0.0037714478267996
6.93000 0.0037433582366665
6.95000 0.0037155493415898
6.97000 0.0036880224452314
6.99000 0.0036607604996427
7.01000 0.0036337696219327
7.03000 0.0036070393760688
7.05000 0.0035805755706567
7.07000 0.0035543577834215
7.09000 0.0035284147537988
7.11000 0.0035027099290023
7.13000 0.0034772654758837
7.15000 0.0034520568681246
7.17000 0.0034271015456055
7.19000 0.0034023829087055
7.21000 0.0033778919501330
7.23000 0.0033536510728761
7.25000 0.0033296356740283
7.27000 0.0033058512824424
7.29000 0.0032822936091477
7.31000 0.0032589566139237
7.33000 0.0032358442451976
7.35000 0.0032129491905839
7.37000 0.0031902692280925
7.39000 0.0031678099107757
7.41000 0.0031455591968250
7.43000 0.0031235122255567
7.45000 0.0031016754730000
7.47000 0.0030800424320164
7.49000 0.0030586108665300
7.51000 0.0030373822054961
7.53000 0.0030163471729204
7.55000 0.0029955069985078
7.57000 0.0029748621704385
7.59000 0.0029544071097146
7.61000 0.0029341358761629
7.63000 0.0029140552489671
7.65000 0.0028941571801032
7.67000 0.0028744452740548
7.69000 0.0028549055056751
7.71000 0.0028355539448584
7.73000 0.0028163679798946
7.75000 0.0027973651290450
7.77000 0.0027785291312835
7.79000 0.0027598652496165
7.81000 0.0027413685365375
7.83000 0.0027230355567331
7.85000 0.0027048748048609
7.87000 0.0026868697918711
7.89000 0.0026690268413627
7.91000 0.0026513465018728
7.93000 0.0026338204636885
7.95000 0.0026164525483707
7.97000 0.0025992370732489
7.99000 0.0025821733766705
8.01000 0.0025652633661201
8.03000 0.0025484998176136
8.05000 0.0025318831115758
8.07000 0.0025154155558945
8.09000 0.0024990894340049
8.11000 0.0024829050836520
8.13000 0.0024668645948594
8.15000 0.0024509620669654
8.17000 0.0024351975071226
8.19000 0.0024195710497376
8.21000 0.0024040783772513
8.23000 0.0023887185086544
8.25000 0.0023734963972069
8.27000 0.0023583999800061
8.29000 0.0023434352930685
8.31000 0.0023285957219225
8.33000 0.0023138883261872
8.35000 0.0022992988961990
8.37000 0.0022848409990453
8.39000 0.0022705024393712
8.41000 0.0022562869011050
8.43000 0.0022421910726422
8.45000 0.0022282126252784
8.47000 0.0022143549426382
8.49000 0.0022006099901414
8.51000 0.0021869828173484
8.53000 0.0021734708303793
8.55000 0.0021600688379757
8.57000 0.0021467811374930
8.59000 0.0021336039855539
8.61000 0.0021205353185720
8.63000 0.0021075753715733
8.65000 0.0020947204135320
8.67000 0.0020819740398590
8.69000 0.0020693345324496
8.71000 0.0020567961043066
8.73000 0.0020443609548918
8.75000 0.0020320298206415
8.77000 0.0020197968474481
8.79000 0.0020076648152232
8.81000 0.0019956320372085
8.83000 0.0019836972692487
8.85000 0.0019718579205921
8.87000 0.0019601165053620
8.89000 0.0019484675124979
8.91000 0.0019369151270608
8.93000 0.0019254526351329
8.95000 0.0019140850158623
8.97000 0.0019028051682970
8.99000 0.0018916209340291
9.01000 0.0018805226223150
9.03000 0.0018695127252180
9.05000 0.0018585910384397
9.07000 0.0018477555187764
9.09000 0.0018370079082203
9.11000 0.0018263427938499
9.13000 0.0018157635003208
9.15000 0.0018052673036890
9.17000 0.0017948520379038
9.19000 0.0017845203552069
9.21000 0.0017742686635527
9.23000 0.0017640968182133
9.25000 0.0017540061702029
9.27000 0.0017439931205715
9.29000 0.0017340576050767
9.31000 0.0017241993888484
9.33000 0.0017144170882134
9.35000 0.0017047113128575
9.37000 0.0016950799747115
9.39000 0.0016855217494297
9.41000 0.0016760384796352
9.43000 0.0016666275876332
9.45000 0.0016572885190291
9.47000 0.0016480207641207
9.49000 0.0016388245607096
9.51000 0.0016296960924332
9.53000 0.0016206393498262
9.55000 0.0016116493671212
9.57000 0.0016027294735763
9.59000 0.0015938748940241
9.61000 0.0015850897317679
9.63000 0.0015763680489648
9.65000 0.0015677130374599
9.67000 0.0015591235982363
9.69000 0.0015505967701443
9.71000 0.0015421349356127
9.73000 0.0015337352363779
9.75000 0.0015253990080094
9.77000 0.0015171244233577
9.79000 0.0015089103020879
9.81000 0.0015007584868871
9.83000 0.0014926658084442
9.85000 0.0014846325431297
9.87000 0.0014766594674346
9.89000 0.0014687438872815
9.91000 0.0014608868037329
9.93000 0.0014530871229243
9.95000 0.0014453440619518
9.97000 0.0014376582598933
9.99000 0.0014300278693147
10.01000 0.0014224526832460
10.03000 0.0014149332501201
10.05000 0.0014074672553474
10.07000 0.0014000552531664
10.09000 0.0013926971923391
10.11000 0.0013853925703335
10.13000 0.0013781388405002
10.15000 0.0013709388329656
10.17000 0.0013637886885481
10.19000 0.0013566908938986
10.21000 0.0013496425609686
10.23000 0.0013426458533861
10.25000 0.0013356974611021
10.27000 0.0013287989982797
10.29000 0.0013219496114089
10.31000 0.0013151476901344
10.33000 0.0013083949746267
10.35000 0.0013016887017459
10.37000 0.0012950298198365
10.39000 0.0012884177525771
10.41000 0.0012818518821458
10.43000 0.0012753324635124
10.45000 0.0012688576102460
10.47000 0.0012624281534295
10.49000 0.0012560439065079
10.51000 0.0012497031250432
10.53000 0.0012434067379769
10.55000 0.0012371538359845
10.57000 0.0012309433977589
10.59000 0.0012247765300161
10.61000 0.0012186520215983
10.63000 0.0012125692834310
10.65000 0.0012065283988156
10.67000 0.0012005283313386
10.69000 0.0011945695963632
10.71000 0.0011886514954870
10.73000 0.0011827736687691
10.75000 0.0011769350993495
10.77000 0.0011711374619707
10.79000 0.0011653774417726
10.81000 0.0011596573501529
10.83000 0.0011539750733799
10.85000 0.0011483319993800
10.87000 0.0011427258466822
10.89000 0.0011371578447807
10.91000 0.0011316270119374
10.93000 0.0011261326765168
10.95000 0.0011206759557182
10.97000 0.0011152546576087
10.99000 0.0011098696879163
11.01000 0.0011045206022830
11.03000 0.0010992065547245
11.05000 0.0010939279110825
11.07000 0.0010886836817262
11.09000 0.0010834746590945
11.11000 0.0010782997332971
11.13000 0.0010731581403413
11.15000 0.0010680509065821
11.17000 0.0010629770244864
11.19000 0.0010579358522845
11.21000 0.0010529277955836
11.23000 0.0010479521826643
11.25000 0.0010430088198300
11.27000 0.0010380978921065
11.29000 0.0010332183407834
11.31000 0.0010283706186262
11.33000 0.0010235540135774
11.35000 0.0010187686232324
11.37000 0.0010140136231379
11.39000 0.0010092897832481
11.41000 0.0010045950323348
11.43000 0.0009999313927706
11.45000 0.0009952969546682
11.47000 0.0009906924446108
11.49000 0.0009861166928339
11.51000 0.0009815705386661
11.53000 0.0009770530306144
11.55000 0.0009725636084413
11.57000 0.0009681033274802
11.59000 0.0009636706293249
11.61000 0.0009592661372616
11.63000 0.0009548893530111
11.65000 0.0009505396691891
11.67000 0.0009462175779857
11.69000 0.0009419222192931
11.71000 0.0009376539769045
11.73000 0.0009334123011092
11.75000 0.0009291967311009
11.77000 0.0009250077287557
11.79000 0.0009208443193410
11.81000 0.0009167066996555
11.83000 0.0009125951322929
11.85000 0.0009085086070977
11.87000 0.0009044470513994
11.89000 0.0009004107615149
11.91000 0.0008963990930407
11.93000 0.0008924121799898
11.95000 0.0008884494539629
11.97000 0.0008845110468509
11.99000 0.0008805964083619
12.01000 0.0008767061206953
12.03000 0.0008728387868925
12.05000 0.0008689956851182
12.07000 0.0008651751944380
12.09000 0.0008613781469352
12.11000 0.0008576039261209
12.13000 0.0008538526196563
12.15000 0.0008501236515469
12.17000 0.0008464169747007
12.19000 0.0008427330179268
12.21000 0.0008390706253472
12.23000 0.0008354303768134
12.25000 0.0008318117743327
12.27000 0.0008282146115394
12.29000 0.0008246391229073
12.31000 0.0008210846737129
12.33000 0.0008175513238646
12.35000 0.0008140389869850
12.37000 0.0008105473018524
12.39000 0.0008070763194302
12.41000 0.0008036254998840
12.43000 0.0008001951397561
12.45000 0.0007967851217069
12.47000 0.0007933947660833
12.49000 0.0007900243963044
12.51000 0.0007866738911128
12.53000 0.0007833426012883
12.55000 0.0007800309158486
12.57000 0.0007767384252426
12.59000 0.0007734651608603
12.61000 0.0007702106685856
12.63000 0.0007669752094310
12.65000 0.0007637581041220
12.67000 0.0007605600775967
12.69000 0.0007573799447498
12.71000 0.0007542184169250
12.73000 0.0007510749495954
12.75000 0.0007479495305167
12.77000 0.0007448419281353
12.79000 0.0007417521114891
12.81000 0.0007386800954448
12.83000 0.0007356251468561
12.85000 0.0007325879401229
12.87000 0.0007295679469842
12.89000 0.0007265648757464
12.91000 0.0007235789637050
12.93000 0.0007206097844218
12.95000 0.0007176575059191
12.97000 0.0007147217959685
12.99000 0.0007118025369818
13.01000 0.0007088998040898
13.03000 0.0007060132365481
13.05000 0.0007031428455716
13.07000 0.0007002885516379
13.09000 0.0006974500810566
13.11000 0.0006946275229984
13.13000 0.0006918206998507
13.15000 0.0006890292491690
13.17000 0.0006862535211448
13.19000 0.0006834930869921
13.21000 0.0006807479320699
13.23000 0.0006780178087145
13.25000 0.0006753029673217
13.27000 0.0006726027539731
13.29000 0.0006699177054498
13.31000 0.0006672470502309
13.33000 0.0006645913377291
13.35000 0.0006619500278818
13.37000 0.0006593231407307
13.39000 0.0006567105542872
13.41000 0.0006541121873258
13.43000 0.0006515280743501
13.45000 0.0006489577555890
13.47000 0.0006464016267995
13.49000 0.0006438591960255
13.51000 0.0006413304199770
13.53000 0.0006388154865621
13.55000 0.0006363139617097
13.57000 0.0006338259418385
13.59000 0.0006313512979402
13.61000 0.0006288898991557
13.63000 0.0006264417553673
13.65000 0.0006240066020788
13.67000 0.0006215844827421
13.69000 0.0006191753380471
13.71000 0.0006167789154988
13.73000 0.0006143953125686
13.75000 0.0006120243606760
13.77000 0.0006096658673593
13.79000 0.0006073200429189
13.81000 0.0006049864595114
13.83000 0.0006026652530176
13.85000 0.0006003562550624
13.87000 0.0005980595131483
13.89000 0.0005957746015307
13.91000 0.0005935019491230
13.93000 0.0005912409798090
13.95000 0.0005889920063074
13.97000 0.0005867546500378
13.99000 0.0005845290032471
14.01000 0.0005823149911513
14.03000 0.0005801124390321
14.05000 0.0005779213600529
14.07000 0.0005757415741179
14.09000 0.0005735732304940
14.11000 0.0005714159574561
14.13000 0.0005692698075982
14.15000 0.0005671348484674
14.17000 0.0005650107295427
14.19000 0.0005628976157875
14.21000 0.0005607953893304
14.23000 0.0005587038774593
14.25000 0.0005566230835482
14.27000 0.0005545529039794
14.29000 0.0005524933355666
14.31000 0.0005504442610743
14.33000 0.0005484055537261
14.35000 0.0005463772548836
14.37000 0.0005443592685500
14.39000 0.0005423514475080
14.41000 0.0005403538942134
14.43000 0.0005383662818094
14.45000 0.0005363888211374
14.47000 0.0005344212928819
14.49000 0.0005324637152634
14.51000 0.0005305158127730
14.53000 0.0005285779126809
14.55000 0.0005266495309933
14.57000 0.0005247309258199
14.59000 0.0005228218216459
14.61000 0.0005209223009547
14.63000 0.0005190322371722
14.65000 0.0005171515274262
14.67000 0.0005152802399061
14.69000 0.0005134181782987
14.71000 0.0005115654221934
14.73000 0.0005097217409064
14.75000 0.0005078872003314
14.77000 0.0005060617986873
14.79000 0.0005042452681676
14.81000 0.0005024377580336
14.83000 0.0005006391393056
14.85000 0.0004988492824029
14.87000 0.0004970682621064
14.89000 0.0004952959183502
14.91000 0.0004935322519932
14.93000 0.0004917771949011
14.95000 0.0004900307090834
14.97000 0.0004882927432040
14.99000 0.0004865631861451
15.01000 0.0004848419898577
15.03000 0.0004831292504369
15.05000 0.0004814247084866
15.07000 0.0004797284856225
15.09000 0.0004780403861128
15.11000 0.0004763604719074
15.13000 0.0004746885917615
15.15000 0.0004730248842564
15.17000 0.0004713689872049
15.19000 0.0004697211591995
15.21000 0.0004680812061679
15.23000 0.0004664490699854
15.25000 0.0004648247590537
15.27000 0.0004632081501352
15.29000 0.0004615993284800
15.31000 0.0004599981005248
15.33000 0.0004584045111671
15.35000 0.0004568184501537
15.37000 0.0004552399391223
15.39000 0.0004536689254415
15.41000 0.0004521052518903
15.43000 0.0004505490604270
15.45000 0.0004490001687639
15.47000 0.0004474585283548
15.49000 0.0004459242080885
15.51000 0.0004443970501109
15.53000 0.0004428770704479
15.55000 0.0004413642154215
15.57000 0.0004398584299888
15.59000 0.0004383596888605
15.61000 0.0004368679277014
15.63000 0.0004353831275598
15.65000 0.0004339052770963
15.67000 0.0004324342003578
15.69000 0.0004309700550598
15.71000 0.0004295126398961
15.73000 0.0004280620075677
15.75000 0.0004266180428051
15.77000 0.0004251808079052
15.79000 0.0004237501036262
15.81000 0.0004223261171535
15.83000 0.0004209086035961
15.85000 0.0004194975976631
15.87000 0.0004180931015690
15.89000 0.0004166950241426
15.91000 0.0004153033762432
15.93000 0.0004139180405140
15.95000 0.0004125390823164
15.97000 0.0004111663780773
15.99000 0.0004097999453147
16.01000 0.0004084397227146
16.03000 0.0004070856508600
16.05000 0.0004057377977982
16.07000 0.0004043959884320
16.09000 0.0004030602515463
16.11000 0.0004017306151829
16.13000 0.0004004069163992
16.15000 0.0003990892115969
16.17000 0.0003977774561097
16.19000 0.0003964715775562
16.21000 0.0003951715663609
16.23000 0.0003938774052487
16.25000 0.0003925890291733
16.27000 0.0003913064421102
16.29000 0.0003900295430318
16.31000 0.0003887584097926
16.33000 0.0003874928959762
16.35000 0.0003862330407699
16.37000 0.0003849787729836
16.39000 0.0003837301212952
16.41000 0.0003824869312998
16.43000 0.0003812493404916
16.45000 0.0003800171677944
16.47000 0.0003787904661867
16.49000 0.0003775691890997
16.51000 0.0003763532629407
16.53000 0.0003751427248300
16.55000 0.0003739375121267
16.57000 0.0003727376056070
16.59000 0.0003715429401236
16.61000 0.0003703535072485
16.63000 0.0003691693200817
16.65000 0.0003679902776741
16.67000 0.0003668164235554
16.69000 0.0003656476499301
16.71000 0.0003644839831254
16.73000 0.0003633254152339
16.75000 0.0003621718289940
16.77000 0.0003610232782343
16.79000 0.0003598797273929
16.81000 0.0003587410931857
16.83000 0.0003576074103159
16.85000 0.0003564786208611
16.87000 0.0003553547042271
16.89000 0.0003542356431131
16.91000 0.0003531213697780
16.93000 0.0003520119403056
16.95000 0.0003509072295122
16.97000 0.0003498072819833
16.99000 0.0003487120417885
17.01000 0.0003476215125764
17.03000 0.0003465355955026
17.05000 0.0003454543840685
17.07000 0.0003443777228344
17.09000 0.0003433056864425
17.11000 0.0003422382192948
17.13000 0.0003411752518030
17.15000 0.0003401168339415
17.17000 0.0003390628880816
17.19000 0.0003380134125548
17.21000 0.0003369683751157
17.23000 0.0003359277648586
17.25000 0.0003348915411852
17.27000 0.0003338596672413
17.29000 0.0003328321696028
17.31000 0.0003318089857995
17.33000 0.0003307900994266
17.35000 0.0003297754940709
17.37000 0.0003287651172713
17.39000 0.0003277590078105
17.41000 0.0003267571041261
17.43000 0.0003257593590884
17.45000 0.0003247658045587
17.47000 0.0003237763865320
17.49000 0.0003227910730230
17.51000 0.0003218098788230
17.53000 0.0003208327341066
17.55000 0.0003198596906003
17.57000 0.0003188906301984
17.59000 0.0003179256172185
17.61000 0.0003169645739770
17.63000 0.0003160075189978
17.65000 0.0003150543842941
17.67000 0.0003141052280833
17.69000 0.0003131599285300
17.71000 0.0003122185466472
17.73000 0.0003112810327323
17.75000 0.0003103473467681
17.77000 0.0003094175063476
17.79000 0.0003084914584779
17.81000 0.0003075692148914
17.83000 0.0003066507264695
17.85000 0.0003057359892801
17.87000 0.0003048249808269
17.89000 0.0003039176811690
17.91000 0.0003030140780132
17.93000 0.0003021141366128
17.95000 0.0003012178408148
17.97000 0.0003003252106292
17.99000 0.0002994361610603
18.01000 0.0002985507302402
18.03000 0.0002976688551233
18.05000 0.0002967905460138
18.07000 0.0002959158081911
18.09000 0.0002950445556679
18.11000 0.0002941768094024
18.13000 0.0002933125753882
18.15000 0.0002924517910856
18.17000 0.0002915944703925
18.19000 0.0002907405631438
18.21000 0.0002898901038604
18.23000 0.0002890430136644
18.25000 0.0002881993175965
18.27000 0.0002873589847960
18.29000 0.0002865220135427
18.31000 0.0002856883483110
18.33000 0.0002848580079283
18.35000 0.0002840309799712
18.37000 0.0002832071993499
18.39000 0.0002823867123383
18.41000 0.0002815694656599
18.43000 0.0002807554386082
18.45000 0.0002799446412530
18.47000 0.0002791370332476
18.49000 0.0002783326088126
18.51000 0.0002775313549461
18.53000 0.0002767332553446
18.55000 0.0002759382829986
18.57000 0.0002751464335653
18.59000 0.0002743576987269
18.61000 0.0002735720285579
18.63000 0.0002727894523752
18.65000 0.0002720099328794
18.67000 0.0002712334441016
18.69000 0.0002704599968550
18.71000 0.0002696895512235
18.73000 0.0002689221135418
18.75000 0.0002681576614580
18.77000 0.0002673961560362
18.79000 0.0002666376250753
18.81000 0.0002658820279396
18.83000 0.0002651293633047
18.85000 0.0002643795924921
18.87000 0.0002636327308513
18.89000 0.0002628887407763
18.91000 0.0002621476396895
18.93000 0.0002614093655082
18.95000 0.0002606739503853
18.97000 0.0002599413580854
18.99000 0.0002592115604048
19.01000 0.0002584845912862
19.03000 0.0002577603861863
19.05000 0.0002570389551927
19.07000 0.0002563202960877
19.09000 0.0002556043619759
19.11000 0.0002548911676719
19.13000 0.0002541806943569
19.15000 0.0002534729278235
19.17000 0.0002527678401367
19.19000 0.0002520654471752
19.21000 0.0002513657146377
19.23000 0.0002506686259922
19.25000 0.0002499741964176
19.27000 0.0002492823791168
19.29000 0.0002485931810692
19.31000 0.0002479065900624
19.33000 0.0002472225860631
19.35000 0.0002465411562402
19.37000 0.0002458623003711
19.39000 0.0002451859848224
19.41000 0.0002445122284419
19.43000 0.0002438409853056
19.45000 0.0002431722630897
19.47000 0.0002425060446985
19.49000 0.0002418423309501
19.51000 0.0002411810822063
19.53000 0.0002405223111304
19.55000 0.0002398659942864
19.57000 0.0002392121328682
19.59000 0.0002385606972874
19.61000 0.0002379116789686
19.63000 0.0002372650910956
19.65000 0.0002366208821039
19.67000 0.0002359790771759
19.69000 0.0002353396471016
19.71000 0.0002347025827709
19.73000 0.0002340678635840
19.75000 0.0002334355060814
19.77000 0.0002328054744006
19.79000 0.0002321777614553
19.81000 0.0002315523658375
19.83000 0.0002309292676759
19.85000 0.0002303084658429
19.87000 0.0002296899307847
19.89000 0.0002290736755232
19.91000 0.0002284596754427
19.93000 0.0002278479300140
19.95000 0.0002272384068529
19.97000 0.0002266311171454
19.99000 0.0002260260632796
20.01000 0.0002254231767571
20.03000 0.0002248225309046
20.05000 0.0002242240294710
20.07000 0.0002236277365138
20.09000 0.0002230335951226
20.11000 0.0002224416102211
20.13000 0.0002218517670382
20.15000 0.0002212640727410
20.17000 0.0002206784991577
20.19000 0.0002200950445999
20.21000 0.0002195136826362
20.23000 0.0002189344351124
20.25000 0.0002183572736514
20.27000 0.0002177821811055
20.29000 0.0002172091647518
20.31000 0.0002166382049764
20.33000 0.0002160693003047
20.35000 0.0002155024290384
20.37000 0.0002149375910501
20.39000 0.0002143747792361
20.41000 0.0002138139732338
20.43000 0.0002132551812194
20.45000 0.0002126983779527
20.47000 0.0002121435595769
20.49000 0.0002115907187569
20.51000 0.0002110398447345
20.53000 0.0002104909333957
20.55000 0.0002099439740082
20.57000 0.0002093989476578
20.59000 0.0002088558593086
20.61000 0.0002083146964707
20.63000 0.0002077754478972
20.65000 0.0002072381033013
20.67000 0.0002067026569497
20.69000 0.0002061691083075
20.71000 0.0002056374299314
20.73000 0.0002051076334180
20.75000 0.0002045796889012
20.77000 0.0002040536211615
20.79000 0.0002035293857928
20.81000 0.0002030069893525
20.83000 0.0002024864357205
20.85000 0.0002019676926569
20.87000 0.0002014507784574
20.89000 0.0002009356497798
20.91000 0.0002004223564802
20.93000 0.0001999108208833
20.95000 0.0001994010797191
20.97000 0.0001988931178290
20.99000 0.0001983869216011
21.01000 0.0001978824856579
21.03000 0.0001973797974485
21.05000 0.0001968788639149
21.07000 0.0001963796545576
21.09000 0.0001958821810340
21.11000 0.0001953864361045
21.13000 0.0001948923871794
21.15000 0.0001944000615403
21.17000 0.0001939094293815
21.19000 0.0001934204823534
21.21000 0.0001929332331194
21.23000 0.0001924476528831
21.25000 0.0001919637322307
21.27000 0.0001914814968766
21.29000 0.0001910008953285
21.31000 0.0001905219560878
21.33000 0.0001900446512255
21.35000 0.0001895689792526
21.37000 0.0001890949351529
21.39000 0.0001886225125657
21.41000 0.0001881517023433
21.43000 0.0001876824909288
21.45000 0.0001872148868426
21.47000 0.0001867488718642
21.49000 0.0001862844394365
21.51000 0.0001858215889581
21.53000 0.0001853603052125
21.55000 0.0001849005877546
21.57000 0.0001844424260486
21.59000 0.0001839858217254
21.61000 0.0001835307578887
21.63000 0.0001830772248124
21.65000 0.0001826252451406
21.67000 0.0001821747618036
21.69000 0.0001817258158017
21.71000 0.0001812783716569
21.73000 0.0001808324415874
21.75000 0.0001803880038716
21.77000 0.0001799450609410
21.79000 0.0001795036054375
21.81000 0.0001790636222198
21.83000 0.0001786251265159
21.85000 0.0001781880799567
21.87000 0.0001777525132004
21.89000 0.0001773183883203
21.91000 0.0001768857192837
21.93000 0.0001764544902642
21.95000 0.0001760246952191
21.97000 0.0001755963326336
21.99000 0.0001751693960427
22.01000 0.0001747438781492
22.03000 0.0001743197694815
22.05000 0.0001738970707652
22.07000 0.0001734757715544
22.09000 0.0001730558667317
22.11000 0.0001726373483751
22.13000 0.0001722202187948
22.15000 0.0001718044608055
22.17000 0.0001713900787351
22.19000 0.0001709770617563
22.21000 0.0001705654050464
22.23000 0.0001701550987899
22.25000 0.0001697461416914
22.27000 0.0001693385379258
22.29000 0.0001689322605819
22.31000 0.0001685273152714
22.33000 0.0001681237080167
22.35000 0.0001677214089632
22.37000 0.0001673204322201
22.39000 0.0001669207590465
22.41000 0.0001665224088308
22.43000 0.0001661253297974
22.45000 0.0001657295686826
22.47000 0.0001653350808490
22.49000 0.0001649418883507
22.51000 0.0001645499667225
22.53000 0.0001641593171612
22.55000 0.0001637699368276
22.57000 0.0001633818240710
22.59000 0.0001629949572419
22.61000 0.0001626093526092
22.63000 0.0001622249928979
22.65000 0.0001618418694864
22.67000 0.0001614599850434
22.69000 0.0001610793355933
22.71000 0.0001606999138996
22.73000 0.0001603217054166
22.75000 0.0001599447213939
22.77000 0.0001595689428739
22.79000 0.0001591943793715
22.81000 0.0001588210128573
22.83000 0.0001584488401625
22.85000 0.0001580778605931
22.87000 0.0001577080784888
22.89000 0.0001573394648857
22.91000 0.0001569720337596
22.93000 0.0001566057778885
22.95000 0.0001562406976279
22.97000 0.0001558767573987
22.99000 0.0001555139956134
23.01000 0.0001551523908684
23.03000 0.0001547919195686
23.05000 0.0001544325979654
23.07000 0.0001540744300026
23.09000 0.0001537173810057
23.11000 0.0001533614689669
23.13000 0.0001530066882077
23.15000 0.0001526530174692
23.17000 0.0001523004815463
23.19000 0.0001519490455942
23.21000 0.0001515987181593
23.23000 0.0001512495006554
23.25000 0.0001509013818386
23.27000 0.0001505543550303
23.29000 0.0001502084262817
23.31000 0.0001498635760251
23.33000 0.0001495198094619
23.35000 0.0001491771312323
23.37000 0.0001488355088827
23.39000 0.0001484949745401
23.41000 0.0001481554897630
23.43000 0.0001478170772011
23.45000 0.0001474797163935
23.47000 0.0001471434101126
23.49000 0.0001468081497746
23.51000 0.0001464739370505
23.53000 0.0001461407628968
23.55000 0.0001458086286201
23.57000 0.0001454775185964
23.59000 0.0001451474426964
23.61000 0.0001448183860649
23.63000 0.0001444903615014
23.65000 0.0001441633337909
23.67000 0.0001438373330252
23.69000 0.0001435123397608
23.71000 0.0001431883349563
23.73000 0.0001428653532715
23.75000 0.0001425433517373
23.77000 0.0001422223434971
23.79000 0.0001419023333762
23.81000 0.0001415833019979
23.83000 0.0001412652457742
23.85000 0.0001409481767498
23.87000 0.0001406320749639
23.89000 0.0001403169437817
23.91000 0.0001400027767415
23.93000 0.0001396895763934
23.95000 0.0001393773295851
23.97000 0.0001390660385748
23.99000 0.0001387556970335
24.01000 0.0001384463063405
24.03000 0.0001381378541791
24.05000 0.0001378303474767
24.07000 0.0001375237750039
24.09000 0.0001372181282170
24.11000 0.0001369134181896
24.13000 0.0001366096343223
24.15000 0.0001363067667157
24.17000 0.0001360048229680
24.19000 0.0001357037865499
24.21000 0.0001354036708798
24.23000 0.0001351044540508
24.25000 0.0001348061461736
24.27000 0.0001345087417461
24.29000 0.0001342122261996
24.31000 0.0001339166161614
24.33000 0.0001336218862323
24.35000 0.0001333280440045
24.37000 0.0001330351001988
24.39000 0.0001327430184291
24.41000 0.0001324518154415
24.43000 0.0001321615042867
24.45000 0.0001318720433662
24.47000 0.0001315834572060
24.49000 0.0001312957353169
24.51000 0.0001310088758802
24.53000 0.0001307228694967
24.55000 0.0001304377201418
24.57000 0.0001301534195928
24.59000 0.0001298699682633
24.61000 0.0001295873575287
24.63000 0.0001293055912517
24.65000 0.0001290246707565
24.67000 0.0001287445670703
24.69000 0.0001284653114210
24.71000 0.0001281868743328
24.73000 0.0001279092701663
24.75000 0.0001276324858186
24.77000 0.0001273565130149
24.79000 0.0001270813684955
24.81000 0.0001268070312817
24.83000 0.0001265335054674
24.85000 0.0001262607875254
24.87000 0.0001259888637052
24.89000 0.0001257177589808
24.91000 0.0001254474419655
24.93000 0.0001251779195779
24.95000 0.0001249091900486
24.97000 0.0001246412495957
24.99000 0.0001243741012524
25.01000 0.0001241077263094
25.03000 0.0001238421397260
25.05000 0.0001235773288705
25.07000 0.0001233132898484
25.09000 0.0001230500239433
25.11000 0.0001227875330318
25.13000 0.0001225257959848
25.15000 0.0001222648348479
25.17000 0.0001220046255748
25.19000 0.0001217451742284
25.21000 0.0001214864877331
25.23000 0.0001212285375355
25.25000 0.0001209713534379
25.27000 0.0001207149014631
25.29000 0.0001204592042087
25.31000 0.0001202042381575
25.33000 0.0001199500194773
25.35000 0.0001196965280422
25.37000 0.0001194437822261
25.39000 0.0001191917516364
25.41000 0.0001189404585037
25.43000 0.0001186898877965
25.45000 0.0001184400363954
25.47000 0.0001181909061593
25.49000 0.0001179425000719
25.51000 0.0001176947969061
25.53000 0.0001174478181203
25.55000 0.0001172015289796
25.57000 0.0001169559745925
25.59000 0.0001167110954900
25.61000 0.0001164669395937
25.63000 0.0001162234679244
25.65000 0.0001159807068787
25.67000 0.0001157386223897
25.69000 0.0001154972491431
25.71000 0.0001152565439038
25.73000 0.0001150165469116
25.75000 0.0001147772085939
25.77000 0.0001145385811052
25.79000 0.0001143006080004
25.81000 0.0001140633253503
25.83000 0.0001138267077874
25.85000 0.0001135907670297
25.87000 0.0001133555022591
25.89000 0.0001131208914329
25.91000 0.0001128869460843
25.93000 0.0001126536786367
25.95000 0.0001124210485641
25.97000 0.0001121890971818
25.99000 0.0001119577822811
26.01000 0.0001117271346216
26.03000 0.0001114971270634
26.05000 0.0001112677752655
26.07000 0.0001110390645172
26.09000 0.0001108109973456
26.11000 0.0001105835755894
26.13000 0.0001103567859462
26.15000 0.0001101306352682
26.17000 0.0001099051253970
26.19000 0.0001096802376265
26.21000 0.0001094559840854
26.23000 0.0001092323587947
26.25000 0.0001090093616618
26.27000 0.0001087869805870
26.29000 0.0001085652257329
26.31000 0.0001083440836815
26.33000 0.0001081235675241
26.35000 0.0001079036612579
26.37000 0.0001076843604737
26.39000 0.0001074656874716
26.41000 0.0001072475960123
26.43000 0.0001070301344717
26.45000 0.0001068132645064
26.47000 0.0001065970023824
26.49000 0.0001063813295643
26.51000 0.0001061662654866
26.53000 0.0001059517899255
26.55000 0.0001057379052111
26.57000 0.0001055246208007
26.59000 0.0001053119209951
26.61000 0.0001050997979242
26.63000 0.0001048882786065
26.65000 0.0001046773266764
26.67000 0.0001044669638671
26.69000 0.0001042571791485
26.71000 0.0001040479585447
26.73000 0.0001038393339659
26.75000 0.0001036312665860
26.77000 0.0001034237783176
26.79000 0.0001032168518913
26.81000 0.0001030104917251
26.83000 0.0001028047104072
26.85000 0.0001025994720866
26.87000 0.0001023948039668
26.89000 0.0001021906997767
26.91000 0.0001019871455661
26.93000 0.0001017841521830
26.95000 0.0001015817059173
26.97000 0.0001013798095010
26.99000 0.0001011784723712
27.01000 0.0001009776736157
27.03000 0.0001007774263605
27.05000 0.0001005777150511
27.07000 0.0001003785529870
27.09000 0.0001001799291179
27.11000 0.0000999818434410
27.13000 0.0000997842906075
27.15000 0.0000995872758477
27.17000 0.0000993907951167
27.19000 0.0000991948394865
27.21000 0.0000989994141034
27.23000 0.0000988045232407
27.25000 0.0000986101509476
27.27000 0.0000984163001904
27.29000 0.0000982229786077
27.31000 0.0000980301709195
27.33000 0.0000978378797220
27.35000 0.0000976461170255
27.37000 0.0000974548546173
27.39000 0.0000972641128373
27.41000 0.0000970738794903
27.43000 0.0000968841602402
27.45000 0.0000966949402030
27.47000 0.0000965062365814
27.49000 0.0000963180294174
27.51000 0.0000961303242911
27.53000 0.0000959431264557
27.55000 0.0000957564266970
27.57000 0.0000955702167983
27.59000 0.0000953845105620
27.61000 0.0000951992960707
27.63000 0.0000950145756546
27.65000 0.0000948303427682
27.67000 0.0000946466005858
27.69000 0.0000944633443920
27.71000 0.0000942805786335
27.73000 0.0000940982948447
27.75000 0.0000939164876395
27.77000 0.0000937351737230
27.79000 0.0000935543299629
27.81000 0.0000933739682189
27.83000 0.0000931940745610
27.85000 0.0000930146664234
27.87000 0.0000928357268924
27.89000 0.0000926572589141
27.91000 0.0000924792614709
27.93000 0.0000923017249207
27.95000 0.0000921246675588
27.97000 0.0000919480646483
27.99000 0.0000917719405619
28.01000 0.0000915962536692
28.03000 0.0000914210499491
28.05000 0.0000912462995063
28.07000 0.0000910719965616
28.09000 0.0000908981639408
28.11000 0.0000907247722319
28.13000 0.0000905518447349
28.15000 0.0000903793645392
28.17000 0.0000902073331975
28.19000 0.0000900357477491
28.21000 0.0000898646163212
28.23000 0.0000896939258861
28.25000 0.0000895236816912
28.27000 0.0000893538713448
28.29000 0.0000891845198068
28.31000 0.0000890155916426
28.33000 0.0000888471101609
28.35000 0.0000886790636004
28.37000 0.0000885114476966
28.39000 0.0000883442686801
28.41000 0.0000881775320700
28.43000 0.0000880112088677
28.45000 0.0000878453298095
28.47000 0.0000876798680622
28.49000 0.0000875148465588
28.51000 0.0000873502334830
28.53000 0.0000871860597997
28.55000 0.0000870222976130
28.57000 0.0000868589689915
28.59000 0.0000866960474128
28.61000 0.0000865335473950
28.63000 0.0000863714730712
28.65000 0.0000862098067572
28.67000 0.0000860485526192
28.69000 0.0000858877247592
28.71000 0.0000857272899225
28.73000 0.0000855672826908
28.75000 0.0000854076726313
28.77000 0.0000852484778211
28.79000 0.0000850896843090
28.81000 0.0000849313016689
28.83000 0.0000847733172231
28.85000 0.0000846157389237
28.87000 0.0000844585589212
28.89000 0.0000843017830731
28.91000 0.0000841454047282
28.93000 0.0000839894107605
28.95000 0.0000838338434364
28.97000 0.0000836786370013
28.99000 0.0000835238483975
29.01000 0.0000833694408199
29.03000 0.0000832154212797
29.05000 0.0000830618026154
29.07000 0.0000829085657347
29.09000 0.0000827557127397
29.11000 0.0000826032561232
29.13000 0.0000824511719143
29.15000 0.0000822994824373
29.17000 0.0000821481676953
29.19000 0.0000819972379608
29.21000 0.0000818466885744
29.23000 0.0000816965140445
29.25000 0.0000815467193858
29.27000 0.0000813973007775
29.29000 0.0000812482592735
29.31000 0.0000810995889990
29.33000 0.0000809512901460
29.35000 0.0000808033671108
29.37000 0.0000806558126335
29.39000 0.0000805086271506
29.41000 0.0000803618041093
29.43000 0.0000802153608597
29.45000 0.0000800692667102
29.47000 0.0000799235552884
29.49000 0.0000797781917712
29.51000 0.0000796331985524
29.53000 0.0000794885662110
29.55000 0.0000793442889472
29.57000 0.0000792003752121
29.59000 0.0000790568178904
29.61000 0.0000789136152619
29.63000 0.0000787707678266
29.65000 0.0000786282817227
29.67000 0.0000784861354294
29.69000 0.0000783443600763
29.71000 0.0000782029103150
29.73000 0.0000780618390226
29.75000 0.0000779210957245
29.77000 0.0000777807052475
29.79000 0.0000776406660795
29.81000 0.0000775009677831
29.83000 0.0000773616120065
29.85000 0.0000772226078366
29.87000 0.0000770839408103
29.89000 0.0000769456111833
29.91000 0.0000768076282740
29.93000 0.0000766699798166
29.95000 0.0000765326746653
29.97000 0.0000763956982166
29.99000 0.0000762590640707
30.01000 0.0000761227635874
30.03000 0.0000759868010817
30.05000 0.0000758511581944
30.07000 0.0000757158653541
30.09000 0.0000755808837420
30.11000 0.0000754462514786
30.13000 0.0000753119297018
30.15000 0.0000751779467902
30.17000 0.0000750442906428
30.19000 0.0000749109536887
30.21000 0.0000747779493925
30.23000 0.0000746452556869
30.25000 0.0000745129037045
30.27000 0.0000743808525651
30.29000 0.0000742491408114
30.31000 0.0000741177358695
30.33000 0.0000739866542930
30.35000 0.0000738558928208
30.37000 0.0000737254413595
30.39000 0.0000735953154046
30.41000 0.0000734654897969
30.43000 0.0000733359924870
30.45000 0.0000732068005304
30.47000 0.0000730779228002
30.49000 0.0000729493605569
30.51000 0.0000728210891717
30.53000 0.0000726931518467
30.55000 0.0000725655122218
30.57000 0.0000724381707410
30.59000 0.0000723111553347
30.61000 0.0000721844199807
30.63000 0.0000720580129882
30.65000 0.0000719318938991
30.67000 0.0000718060858950
30.69000 0.0000716805716143
30.71000 0.0000715553657183
30.73000 0.0000714304586790
30.75000 0.0000713058400289
30.77000 0.0000711815342433
30.79000 0.0000710575125389
30.81000 0.0000709338034419
30.83000 0.0000708103667152
30.85000 0.0000706872453106
30.87000 0.0000705644046537
30.89000 0.0000704418624834
30.91000 0.0000703196094438
30.93000 0.0000701976459571
30.95000 0.0000700759799754
30.97000 0.0000699545906344
30.99000 0.0000698334984038
31.01000 0.0000697126986071
31.03000 0.0000695921637533
31.05000 0.0000694719404732
31.07000 0.0000693519881858
31.09000 0.0000692323174093
31.11000 0.0000691129329432
31.13000 0.0000689938390085
31.15000 0.0000688750146282
31.17000 0.0000687564728459
31.19000 0.0000686382168116
31.21000 0.0000685202332460
31.23000 0.0000684025346188
31.25000 0.0000682851011890
31.27000 0.0000681679562913
31.29000 0.0000680510825685
31.31000 0.0000679344804369
31.33000 0.0000678181569091
31.35000 0.0000677021031728
31.37000 0.0000675863210016
31.39000 0.0000674708180472
31.41000 0.0000673555682944
31.43000 0.0000672406123504
31.45000 0.0000671259020171
31.47000 0.0000670114773278
31.49000 0.0000668973164610
31.51000 0.0000667834048754
31.53000 0.0000666697826460
31.55000 0.0000665564210747
31.57000 0.0000664433045085
31.59000 0.0000663304817770
31.61000 0.0000662178945198
31.63000 0.0000661055833771
31.65000 0.0000659935285585
31.67000 0.0000658817350385
31.69000 0.0000657702054277
31.71000 0.0000656589305929
31.73000 0.0000655479116919
31.75000 0.0000654371522651
31.77000 0.0000653266503580
31.79000 0.0000652164048112
31.81000 0.0000651064116074
31.83000 0.0000649966742985
31.85000 0.0000648871953477
31.87000 0.0000647779571635
31.89000 0.0000646689798182
31.91000 0.0000645602572198
31.93000 0.0000644517738341
31.95000 0.0000643435501263
31.97000 0.0000642355687073
31.99000 0.0000641278454846
32.01000 0.0000640203562400
32.03000 0.0000639131252060
32.05000 0.0000638061344660
32.07000 0.0000636993935304
32.09000 0.0000635928933239
32.11000 0.0000634866418189
32.13000 0.0000633806243253
32.15000 0.0000632748641980
32.17000 0.0000631693304855
32.19000 0.0000630640529309
32.21000 0.0000629589996876
32.23000 0.0000628541994754
32.25000 0.0000627496385220
32.27000 0.0000626453057397
32.29000 0.0000625412138209
32.31000 0.0000624373716097
32.33000 0.0000623337444884
32.35000 0.0000622303731361
32.37000 0.0000621272285252
32.39000 0.0000620243103029
32.41000 0.0000619216392253
32.43000 0.0000618191939392
32.45000 0.0000617169841376
32.47000 0.0000616150039569
32.49000 0.0000615132536748
32.51000 0.0000614117344000
32.53000 0.0000613104474814
32.55000 0.0000612093881714
32.57000 0.0000611085606422
32.59000 0.0000610079504103
32.61000 0.0000609075738933
32.63000 0.0000608074308556
32.65000 0.0000607075020447
32.67000 0.0000606078024414
32.69000 0.0000605083270265
32.71000 0.0000604090795239
32.73000 0.0000603100519005
32.75000 0.0000602112418923
32.77000 0.0000601126675838
32.79000 0.0000600142955340
32.81000 0.0000599161615591
32.83000 0.0000598182344558
32.85000 0.0000597205435885
32.87000 0.0000596230528968
32.89000 0.0000595257851878
32.91000 0.0000594287435365
32.93000 0.0000593319124184
32.95000 0.0000592352979644
32.97000 0.0000591388986986
32.99000 0.0000590427174542
33.01000 0.0000589467496198
33.03000 0.0000588509916190
33.05000 0.0000587554516065
33.07000 0.0000586601236465
33.09000 0.0000585650066434
33.11000 0.0000584700983926
33.13000 0.0000583754129468
33.15000 0.0000582809159917
33.17000 0.0000581866522138
33.19000 0.0000580925822045
33.21000 0.0000579987213421
33.23000 0.0000579050871647
33.25000 0.0000578116253018
33.27000 0.0000577184060326
33.29000 0.0000576253703609
33.31000 0.0000575325506593
33.33000 0.0000574399290299
33.35000 0.0000573475189862
33.37000 0.0000572553047349
33.39000 0.0000571633027357
33.41000 0.0000570715020931
33.43000 0.0000569798916831
33.45000 0.0000568884953945
33.47000 0.0000567972947537
33.49000 0.0000567063045536
33.51000 0.0000566154978252
33.53000 0.0000565249000774
33.55000 0.0000564345017809
33.57000 0.0000563442983994
33.59000 0.0000562542962444
33.61000 0.0000561644816780
33.63000 0.0000560748828173
33.65000 0.0000559854543946
33.67000 0.0000558962456948
33.69000 0.0000558072208743
33.71000 0.0000557183862113
33.73000 0.0000556297537708
33.75000 0.0000555413099641
33.77000 0.0000554530563569
33.79000 0.0000553650076638
33.81000 0.0000552771354341
33.83000 0.0000551894636487
33.85000 0.0000551019849424
33.87000 0.0000550146780475
33.89000 0.0000549275813779
33.91000 0.0000548406734275
33.93000 0.0000547539333563
33.95000 0.0000546674097628
33.97000 0.0000545810455571
33.99000 0.0000544948937480
34.01000 0.0000544089021840
34.03000 0.0000543231310484
34.05000 0.0000542375105866
34.07000 0.0000541520926711
34.09000 0.0000540668591278
34.11000 0.0000539818064468
34.13000 0.0000538969318380
34.15000 0.0000538122597350
34.17000 0.0000537277452433
34.19000 0.0000536434277192
34.21000 0.0000535592888211
34.23000 0.0000534753273072
34.25000 0.0000533915516197
34.27000 0.0000533079550713
34.29000 0.0000532245290867
34.31000 0.0000531412990478
34.33000 0.0000530582265652
34.35000 0.0000529753565566
34.37000 0.0000528926364151
34.39000 0.0000528101234141
34.41000 0.0000527277595096
34.43000 0.0000526455909769
34.45000 0.0000525635856123
34.47000 0.0000524817615914
34.49000 0.0000524001115950
34.51000 0.0000523186381573
34.53000 0.0000522373346546
34.55000 0.0000521562042455
34.57000 0.0000520752461610
34.59000 0.0000519944670175
34.61000 0.0000519138541197
34.63000 0.0000518334037613
34.65000 0.0000517531481111
34.67000 0.0000516730411454
34.69000 0.0000515931148166
34.71000 0.0000515133463938
34.73000 0.0000514337675806
34.75000 0.0000513543458539
34.77000 0.0000512750772989
34.79000 0.0000511960072889
34.81000 0.0000511170813938
34.83000 0.0000510383275617
34.85000 0.0000509597465918
34.87000 0.0000508813222530
34.89000 0.0000508030744180
34.91000 0.0000507249803431
34.93000 0.0000506470564475
34.95000 0.0000505693008750
34.97000 0.0000504916981243
34.99000 0.0000504142687116
35.01000 0.0000503369979163
35.03000 0.0000502598875553
35.05000 0.0000501829470744
35.07000 0.0000501061567657
35.09000 0.0000500295352064
35.11000 0.0000499530746007
35.13000 0.0000498767728204
35.15000 0.0000498006253307
35.17000 0.0000497246516546
35.19000 0.0000496488161275
35.21000 0.0000495731625324
35.23000 0.0000494976474102
35.25000 0.0000494222998883
35.27000 0.0000493471088847
35.29000 0.0000492720704052
35.31000 0.0000491971969052
35.33000 0.0000491224696307
35.35000 0.0000490479008334
35.37000 0.0000489734976068
35.39000 0.0000488992351674
35.41000 0.0000488251352268
35.43000 0.0000487511784211
35.45000 0.0000486773925942
35.47000 0.0000486037476831
35.49000 0.0000485302627251
35.51000 0.0000484569178417
35.53000 0.0000483837399731
35.55000 0.0000483107043418
35.57000 0.0000482378253690
35.59000 0.0000481650893345
35.61000 0.0000480925173687
35.63000 0.0000480200806997
35.65000 0.0000479477993016
35.67000 0.0000478756676635
35.69000 0.0000478036915217
35.71000 0.0000477318484694
35.73000 0.0000476601680777
35.75000 0.0000475886267227
35.77000 0.0000475172380971
35.79000 0.0000474459903860
35.81000 0.0000473748957786
35.83000 0.0000473039419050
35.85000 0.0000472331326120
35.87000 0.0000471624815258
35.89000 0.0000470919559930
35.91000 0.0000470215934708
35.93000 0.0000469513564399
35.95000 0.0000468812838868
35.97000 0.0000468113379049
35.99000 0.0000467415448794
36.01000 0.0000466718853741
36.03000 0.0000466023837908
36.05000 0.0000465330070584
36.07000 0.0000464637819235
36.09000 0.0000463946994003
36.11000 0.0000463257468786
36.13000 0.0000462569480419
36.15000 0.0000461882811497
36.17000 0.0000461197520567
36.19000 0.0000460513741796
36.21000 0.0000459831223113
36.23000 0.0000459150180983
36.25000 0.0000458470458386
36.27000 0.0000457792175002
36.29000 0.0000457115195247
36.31000 0.0000456439710695
36.33000 0.0000455765438757
36.35000 0.0000455092650153
36.37000 0.0000454421186574
36.39000 0.0000453751044738
36.41000 0.0000453082393999
36.43000 0.0000452414833374
36.45000 0.0000451748923845
36.47000 0.0000451084177346
36.49000 0.0000450420794210
36.51000 0.0000449758779886
36.53000 0.0000449098060751
36.55000 0.0000448438791454
36.57000 0.0000447780649915
36.59000 0.0000447124054751
36.61000 0.0000446468548735
36.63000 0.0000445814599531
36.65000 0.0000445161762502
36.67000 0.0000444510366637
36.69000 0.0000443860170493
36.71000 0.0000443211416483
36.73000 0.0000442563841245
36.75000 0.0000441917650029
36.77000 0.0000441272674318
36.79000 0.0000440629002440
36.81000 0.0000439986735414
36.83000 0.0000439345554945
36.85000 0.0000438705865140
36.87000 0.0000438067297396
36.89000 0.0000437430040988
36.91000 0.0000436794123686
36.93000 0.0000436159410397
36.95000 0.0000435525952947
36.97000 0.0000434893757493
36.99000 0.0000434262892154
37.01000 0.0000433633267835
37.03000 0.0000433004756125
37.05000 0.0000432377691824
37.07000 0.0000431751726153
37.09000 0.0000431127111976
37.11000 0.0000430503650090
37.13000 0.0000429881464540
37.15000 0.0000429260508505
37.17000 0.0000428640767889
37.19000 0.0000428022304680
37.21000 0.0000427404981791
37.23000 0.0000426788988583
37.25000 0.0000426174088886
37.27000 0.0000425560517424
37.29000 0.0000424948094566
37.31000 0.0000424336868088
37.33000 0.0000423726898707
37.35000 0.0000423118101450
37.37000 0.0000422510598224
37.39000 0.0000421904010744
37.41000 0.0000421298957020
37.43000 0.0000420694945460
37.45000 0.0000420092079367
37.47000 0.0000419490450131
37.49000 0.0000418890014038
37.51000 0.0000418290700326
37.53000 0.0000417692650996
37.55000 0.0000417095684119
37.57000 0.0000416499963757
37.59000 0.0000415905365067
37.61000 0.0000415311936910
37.63000 0.0000414719674140
37.65000 0.0000414128559570
37.67000 0.0000413538632056
37.69000 0.0000412949845022
37.71000 0.0000412362179660
37.73000 0.0000411775719902
37.75000 0.0000411190285394
37.77000 0.0000410606147217
37.79000 0.0000410023060065
37.81000 0.0000409441126793
37.83000 0.0000408860281178
37.85000 0.0000408280667810
37.87000 0.0000407702102547
37.89000 0.0000407124674988
37.91000 0.0000406548322250
37.93000 0.0000405973286296
37.95000 0.0000405399051655
37.97000 0.0000404826216849
37.99000 0.0000404254355931
38.01000 0.0000403683568806
38.03000 0.0000403114018858
38.05000 0.0000402545484142
38.07000 0.0000401977995812
38.09000 0.0000401411764216
38.11000 0.0000400846480198
38.13000 0.0000400282357535
38.15000 0.0000399719224083
38.17000 0.0000399157453213
38.19000 0.0000398596358249
38.21000 0.0000398036683272
38.23000 0.0000397477975432
38.25000 0.0000396920250313
38.27000 0.0000396363764799
38.29000 0.0000395808198008
38.31000 0.0000395253821137
38.33000 0.0000394700418255
38.35000 0.0000394148151039
38.37000 0.0000393596852738
38.39000 0.0000393046724320
38.41000 0.0000392497571958
38.43000 0.0000391949497323
38.45000 0.0000391402457652
38.47000 0.0000390856508631
38.49000 0.0000390311545830
38.51000 0.0000389767636945
38.53000 0.0000389224843357
38.55000 0.0000388682989714
38.57000 0.0000388142191984
38.59000 0.0000387602528401
38.61000 0.0000387063682914
38.63000 0.0000386526057096
38.65000 0.0000385989435770
38.67000 0.0000385453724118
38.69000 0.0000384919118324
38.71000 0.0000384385529945
38.73000 0.0000383852931876
38.75000 0.0000383321306771
38.77000 0.0000382790836948
38.79000 0.0000382261169897
38.81000 0.0000381732648631
38.83000 0.0000381205135311
38.85000 0.0000380678533661
38.87000 0.0000380153000731
38.89000 0.0000379628434085
38.91000 0.0000379104882426
38.93000 0.0000378582269295
38.95000 0.0000378060729800
38.97000 0.0000377540065732
38.99000 0.0000377020504053
39.01000 0.0000376501852756
39.03000 0.0000375984143472
39.05000 0.0000375467571979
39.07000 0.0000374951748744
39.09000 0.0000374437084550
39.11000 0.0000373923268665
39.13000 0.0000373410473737
39.15000 0.0000372898721117
39.17000 0.0000372387748227
39.19000 0.0000371877935665
39.21000 0.0000371368901661
39.23000 0.0000370860882527
39.25000 0.0000370353928702
39.27000 0.0000369847773559
39.29000 0.0000369342650257
39.31000 0.0000368838427133
39.33000 0.0000368335226584
39.35000 0.0000367832850304
39.37000 0.0000367331546474
39.39000 0.0000366831069831
39.41000 0.0000366331571732
39.43000 0.0000365833001624
39.45000 0.0000365335405605
39.47000 0.0000364838694195
39.49000 0.0000364342883785
39.51000 0.0000363848022486
39.53000 0.0000363354137085
39.55000 0.0000362861121012
39.57000 0.0000362368971953
39.59000 0.0000361877799486
39.61000 0.0000361387620899
39.63000 0.0000360898159447
39.65000 0.0000360409807959
39.67000 0.0000359922228017
39.69000 0.0000359435603720
39.71000 0.0000358949817338
39.73000 0.0000358465048168
39.75000 0.0000357981133929
39.77000 0.0000357498067636
39.79000 0.0000357015936331
39.81000 0.0000356534649084
39.83000 0.0000356054373109
39.85000 0.0000355574832006
39.87000 0.0000355096263837
39.89000 0.0000354618640196
39.91000 0.0000354141675476
39.93000 0.0000353665883197
39.95000 0.0000353190718339
39.97000 0.0000352716562497
39.99000 0.0000352243301136
40.01000 0.0000351770795334
40.03000 0.0000351299275968
40.05000 0.0000350828504283
40.07000 0.0000350358741628
40.09000 0.0000349889751648
40.11000 0.0000349421599178
40.13000 0.0000348954359505
40.15000 0.0000348487992846
40.17000 0.0000348022455877
40.19000 0.0000347557708987
40.21000 0.0000347093913998
40.23000 0.0000346630920610
40.25000 0.0000346168788903
40.27000 0.0000345707525425
40.29000 0.0000345246964741
40.31000 0.0000344787456890
40.33000 0.0000344328671897
40.35000 0.0000343870737527
40.37000 0.0000343413614660
40.39000 0.0000342957351161
40.41000 0.0000342501969928
40.43000 0.0000342047324029
40.45000 0.0000341593581329
40.47000 0.0000341140575005
40.49000 0.0000340688543219
40.51000 0.0000340237182005
40.53000 0.0000339786681792
40.55000 0.0000339337103324
40.57000 0.0000338888193694
40.59000 0.0000338440137793
40.61000 0.0000337993001975
40.63000 0.0000337546528648
40.65000 0.0000337100978815
40.67000 0.0000336656157913
40.69000 0.0000336212161482
40.71000 0.0000335769024115
40.73000 0.0000335326607829
40.75000 0.0000334885048555
40.77000 0.0000334444241138
40.79000 0.0000334004245774
40.81000 0.0000333565103374
40.83000 0.0000333126660400
40.85000 0.0000332689101658
40.87000 0.0000332252235244
40.89000 0.0000331816206557
40.91000 0.0000331380948897
40.93000 0.0000330946557398
40.95000 0.0000330512766114
40.97000 0.0000330079899394
40.99000 0.0000329647845103
41.01000 0.0000329216420517
41.03000 0.0000328785843126
41.05000 0.0000328356105861
41.07000 0.0000327926995888
41.09000 0.0000327498822216
41.11000 0.0000327071251593
41.13000 0.0000326644545425
41.15000 0.0000326218639515
41.17000 0.0000325793333197
41.19000 0.0000325368970785
41.21000 0.0000324945264648
41.23000 0.0000324522337316
41.25000 0.0000324100148860
41.27000 0.0000323678770895
41.29000 0.0000323258102664
41.31000 0.0000322838151958
41.33000 0.0000322419022138
41.35000 0.0000322000605332
41.37000 0.0000321582857739
41.39000 0.0000321166041664
41.41000 0.0000320749821827
41.43000 0.0000320334253351
41.45000 0.0000319919712539
41.47000 0.0000319505667771
41.49000 0.0000319092396921
41.51000 0.0000318679905699
41.53000 0.0000318268179563
41.55000 0.0000317857113691
41.57000 0.0000317446785366
41.59000 0.0000317037207699
41.61000 0.0000316628311836
41.63000 0.0000316220272161
41.65000 0.0000315812730943
41.67000 0.0000315406083586
41.69000 0.0000315000130710
41.71000 0.0000314594909787
41.73000 0.0000314190199118
41.75000 0.0000313786550736
41.77000 0.0000313383359801
41.79000 0.0000312980937535
41.81000 0.0000312579264006
41.83000 0.0000312178205927
41.85000 0.0000311778018001
41.87000 0.0000311378379461
41.89000 0.0000310979510386
41.91000 0.0000310581343340
41.93000 0.0000310183887805
41.95000 0.0000309787020284
41.97000 0.0000309391025227
41.99000 0.0000308995585094
42.01000 0.0000308600939507
42.03000 0.0000308206912133
42.05000 0.0000307813567271
42.07000 0.0000307420971333
42.09000 0.0000307029066450
42.11000 0.0000306637788006
42.13000 0.0000306247195933
42.15000 0.0000305857319911
42.17000 0.0000305468176246
42.19000 0.0000305079556698
42.21000 0.0000304691823580
42.23000 0.0000304304539640
42.25000 0.0000303918142649
42.27000 0.0000303532241370
42.29000 0.0000303147149860
42.31000 0.0000302762670851
42.33000 0.0000302378880760
42.35000 0.0000301995636022
42.37000 0.0000301613277265
42.39000 0.0000301231448538
42.41000 0.0000300850257958
42.43000 0.0000300469807932
42.45000 0.0000300089973328
42.47000 0.0000299710812375
42.49000 0.0000299332305745
42.51000 0.0000298954426290
42.53000 0.0000298577327720
42.55000 0.0000298200641321
42.57000 0.0000297824833661
42.59000 0.0000297449615980
42.61000 0.0000297074929644
42.63000 0.0000296701087773
42.65000 0.0000296327738548
42.67000 0.0000295955072703
42.69000 0.0000295583099244
42.71000 0.0000295211676140
42.73000 0.0000294841009622
42.75000 0.0000294470858172
42.77000 0.0000294101470608
42.79000 0.0000293732588151
42.81000 0.0000293364426227
42.83000 0.0000292996922109
42.85000 0.0000292629937932
42.87000 0.0000292263710730
42.89000 0.0000291897998943
42.91000 0.0000291533041356
42.93000 0.0000291168534668
42.95000 0.0000290804875175
42.97000 0.0000290441624498
42.99000 0.0000290079143316
43.01000 0.0000289717211925
43.03000 0.0000289355984963
43.05000 0.0000288995207655
43.07000 0.0000288635180990
43.09000 0.0000288275835017
43.11000 0.0000287916858309
43.13000 0.0000287558761106
43.15000 0.0000287201140575
43.17000 0.0000286844120693
43.19000 0.0000286487736731
43.21000 0.0000286131974292
43.23000 0.0000285776823632
43.25000 0.0000285422278766
43.27000 0.0000285068237505
43.29000 0.0000284714983404
43.31000 0.0000284362113428
43.33000 0.0000284010067793
43.35000 0.0000283658471668
43.37000 0.0000283307474167
43.39000 0.0000282957150346
43.41000 0.0000282607386538
43.43000 0.0000282258157573
43.45000 0.0000281909636520
43.47000 0.0000281561653665
43.49000 0.0000281214146081
43.51000 0.0000280867456087
43.53000 0.0000280521159585
43.55000 0.0000280175534321
43.57000 0.0000279830440619
43.59000 0.0000279486049249
43.61000 0.0000279142064469
43.63000 0.0000278798794453
43.65000 0.0000278456077525
43.67000 0.0000278113916301
43.69000 0.0000277772309566
43.71000 0.0000277431335963
43.73000 0.0000277090903781
43.75000 0.0000276751050259
43.77000 0.0000276411749435
43.79000 0.0000276073097268
43.81000 0.0000275734890129
43.83000 0.0000275397346117
43.85000 0.0000275060321597
43.87000 0.0000274723931971
43.89000 0.0000274387985293
43.91000 0.0000274052756458
43.93000 0.0000273717939330
43.95000 0.0000273383759034
43.97000 0.0000273050190560
43.99000 0.0000272717020971
44.01000 0.0000272384642966
44.03000 0.0000272052594298
44.05000 0.0000271721165258
44.07000 0.0000271390413802
44.09000 0.0000271060080024
44.11000 0.0000270730291469
44.13000 0.0000270401220252
44.15000 0.0000270072450081
44.17000 0.0000269744446296
44.19000 0.0000269416820349
44.21000 0.0000269089926860
44.23000 0.0000268763367638
44.25000 0.0000268437544892
44.27000 0.0000268112110248
44.29000 0.0000267787294581
44.31000 0.0000267463002122
44.33000 0.0000267139300625
44.35000 0.0000266816025437
44.37000 0.0000266493444022
44.39000 0.0000266171174178
44.41000 0.0000265849664866
44.43000 0.0000265528548989
44.45000 0.0000265208098249
44.47000 0.0000264887980069
44.49000 0.0000264568513726
44.51000 0.0000264249614623
44.53000 0.0000263931243007
44.55000 0.0000263613185982
44.57000 0.0000263295969301
44.59000 0.0000262979058235
44.61000 0.0000262662746732
44.63000 0.0000262346951238
44.65000 0.0000262031652004
44.67000 0.0000261716928598
44.69000 0.0000261402663462
44.71000 0.0000261088962950
44.73000 0.0000260775761763
44.75000 0.0000260463054466
44.77000 0.0000260150863062
44.79000 0.0000259839231670
44.81000 0.0000259528112441
44.83000 0.0000259217380402
44.85000 0.0000258907389986
44.87000 0.0000258597648590
44.89000 0.0000258288602124
44.91000 0.0000257979996451
44.93000 0.0000257671874795
44.95000 0.0000257364285815
44.97000 0.0000257057257063
44.99000 0.0000256750598704
45.01000 0.0000256444539027
45.03000 0.0000256138991368
45.05000 0.0000255833881944
45.07000 0.0000255529338560
45.09000 0.0000255225154408
45.11000 0.0000254921669827
45.13000 0.0000254618521189
45.15000 0.0000254315941425
45.17000 0.0000254013845476
45.19000 0.0000253712224464
45.21000 0.0000253411120647
45.23000 0.0000253110427828
45.25000 0.0000252810383897
45.27000 0.0000252510643124
45.29000 0.0000252211553754
45.31000 0.0000251912826262
45.33000 0.0000251614627643
45.35000 0.0000251316938903
45.37000 0.0000251019792221
45.39000 0.0000250722863001
45.41000 0.0000250426807734
45.43000 0.0000250130879030
45.45000 0.0000249835657428
45.47000 0.0000249540826573
45.49000 0.0000249246455925
45.51000 0.0000248952559363
45.53000 0.0000248659276763
45.55000 0.0000248366247418
45.57000 0.0000248073824807
45.59000 0.0000247781947087
45.61000 0.0000247490283895
45.63000 0.0000247199408353
45.65000 0.0000246908759483
45.67000 0.0000246618703324
45.69000 0.0000246329111246
45.71000 0.0000246039864119
45.73000 0.0000245751253057
45.75000 0.0000245462992944
45.77000 0.0000245175230523
45.79000 0.0000244887974294
45.81000 0.0000244601097594
45.83000 0.0000244314702222
45.85000 0.0000244028830953
45.87000 0.0000243743375946
45.89000 0.0000243458343618
45.91000 0.0000243173877765
45.93000 0.0000242889720200
45.95000 0.0000242606085221
45.97000 0.0000242322969040
45.99000 0.0000242040207075
46.01000 0.0000241757937483
46.03000 0.0000241476193425
46.05000 0.0000241194751324
46.07000 0.0000240913846106
46.09000 0.0000240633414699
46.11000 0.0000240353382538
46.13000 0.0000240073822034
46.15000 0.0000239794649473
46.17000 0.0000239516049789
46.19000 0.0000239237736175
46.21000 0.0000238960005024
46.23000 0.0000238682672137
46.25000 0.0000238405691976
46.27000 0.0000238129324896
46.29000 0.0000237853228519
46.31000 0.0000237577647225
46.33000 0.0000237302509023
46.35000 0.0000237027817267
46.37000 0.0000236753571507
46.39000 0.0000236479668356
46.41000 0.0000236206296652
46.43000 0.0000235933326117
46.45000 0.0000235660797575
46.47000 0.0000235388698897
46.49000 0.0000235116990345
46.51000 0.0000234845804218
46.53000 0.0000234574959370
46.55000 0.0000234304580974
46.57000 0.0000234034616368
46.59000 0.0000233765065624
46.61000 0.0000233496029875
46.63000 0.0000233227336098
46.65000 0.0000232959046657
46.67000 0.0000232691201203
46.69000 0.0000232423872307
46.71000 0.0000232156815560
46.73000 0.0000231890285374
46.75000 0.0000231624138128
46.77000 0.0000231358358209
46.79000 0.0000231093167880
46.81000 0.0000230828193784
46.83000 0.0000230563739455
46.85000 0.0000230299660953
46.87000 0.0000230036061178
46.89000 0.0000229772822817
46.91000 0.0000229510002568
46.93000 0.0000229247601241
46.95000 0.0000228985625412
46.97000 0.0000228724018385
46.99000 0.0000228462916828
47.01000 0.0000228202031389
47.03000 0.0000227941824877
47.05000 0.0000227681822022
47.07000 0.0000227422226884
47.09000 0.0000227163205622
47.11000 0.0000226904410408
47.13000 0.0000226646159277
47.15000 0.0000226388150240
47.17000 0.0000226130689477
47.19000 0.0000225873557835
47.21000 0.0000225616888655
47.23000 0.0000225360559568
47.25000 0.0000225104605615
47.27000 0.0000224849183803
47.29000 0.0000224594001152
47.31000 0.0000224339300609
47.33000 0.0000224084995987
47.35000 0.0000223831071473
47.37000 0.0000223577560458
47.39000 0.0000223324397357
47.41000 0.0000223071631479
47.43000 0.0000222819376491
47.45000 0.0000222567279031
47.47000 0.0000222315859790
47.49000 0.0000222064608643
47.51000 0.0000221813829442
47.53000 0.0000221563463236
47.55000 0.0000221313456566
47.57000 0.0000221063764762
47.59000 0.0000220814589848
47.61000 0.0000220565745702
47.63000 0.0000220317300341
47.65000 0.0000220069098607
47.67000 0.0000219821554131
47.69000 0.0000219574180756
47.71000 0.0000219327247799
47.73000 0.0000219080717500
47.75000 0.0000218834482682
47.77000 0.0000218588741248
47.79000 0.0000218343355202
47.81000 0.0000218098264579
47.83000 0.0000217853685164
47.85000 0.0000217609328575
47.87000 0.0000217365435879
47.89000 0.0000217121972311
47.91000 0.0000216878753310
47.93000 0.0000216636025742
47.95000 0.0000216393574833
47.97000 0.0000216151537092
47.99000 0.0000215909918460
48.01000 0.0000215668632895
48.03000 0.0000215427643635
48.05000 0.0000215187127767
48.07000 0.0000214947001098
48.09000 0.0000214707071219
48.11000 0.0000214467738331
48.13000 0.0000214228596321
48.15000 0.0000213989878479
48.17000 0.0000213751535106
48.19000 0.0000213513581598
48.21000 0.0000213275901656
48.23000 0.0000213038677339
48.25000 0.0000212801832637
48.27000 0.0000212565213709
48.29000 0.0000212329018300
48.31000 0.0000212093332480
48.33000 0.0000211857767209
48.35000 0.0000211622691043
48.37000 0.0000211387976293
48.39000 0.0000211153609716
48.41000 0.0000210919527691
48.43000 0.0000210685923236
48.45000 0.0000210452619105
48.47000 0.0000210219592977
48.49000 0.0000209987019295
48.51000 0.0000209754782929
48.53000 0.0000209522856617
48.55000 0.0000209291387736
48.57000 0.0000209060087341
48.59000 0.0000208829316469
48.61000 0.0000208598784383
48.63000 0.0000208368683173
48.65000 0.0000208138860299
48.67000 0.0000207909408208
48.69000 0.0000207680332032
48.71000 0.0000207451507636
48.73000 0.0000207223181525
48.75000 0.0000206995110650
48.77000 0.0000206767315581
48.79000 0.0000206540041479
48.81000 0.0000206312926740
48.83000 0.0000206086297521
48.85000 0.0000205859934423
48.87000 0.0000205633903438
48.89000 0.0000205408257721
48.91000 0.0000205182915941
48.93000 0.0000204957946549
48.95000 0.0000204733360748
48.97000 0.0000204508909937
48.99000 0.0000204285070067
49.01000 0.0000204061376737
49.03000 0.0000203838065134
49.05000 0.0000203615146503
49.07000 0.0000203392479002
49.09000 0.0000203170166252
49.11000 0.0000202948242326
49.13000 0.0000202726660054
49.15000 0.0000202505258366
49.17000 0.0000202284394588
49.19000 0.0000202063660509
49.21000 0.0000201843433634
49.23000 0.0000201623466432
49.25000 0.0000201403757777
49.27000 0.0000201184487125
49.29000 0.0000200965501517
49.31000 0.0000200746782247
49.33000 0.0000200528555118
49.35000 0.0000200310458426
49.37000 0.0000200092818457
49.39000 0.0000199875468000
49.41000 0.0000199658372141
49.43000 0.0000199441684883
49.45000 0.0000199225340016
49.47000 0.0000199009257814
49.49000 0.0000198793526692
49.51000 0.0000198578035049
49.53000 0.0000198363010682
49.55000 0.0000198148222454
49.57000 0.0000197933681424
49.59000 0.0000197719628416
49.61000 0.0000197505775074
49.63000 0.0000197292247860
49.65000 0.0000197079048075
49.67000 0.0000196866206265
49.69000 0.0000196653631993
49.71000 0.0000196441393158
49.73000 0.0000196229427195
49.75000 0.0000196017883883
49.77000 0.0000195806523672
49.79000 0.0000195595526133
49.81000 0.0000195384855459
49.83000 0.0000195174548037
49.85000 0.0000194964415243
49.87000 0.0000194754696137
49.89000 0.0000194545256930
49.91000 0.0000194336140568
49.93000 0.0000194127337657
49.95000 0.0000193918808760
49.97000 0.0000193710581473
49.99000 0.0000193502723162
50.01000 0.0000193295131753
50.03000 0.0000193087790852
50.05000 0.0000192880894373
50.07000 0.0000192674216107
50.09000 0.0000192467774053
50.11000 0.0000192261806157
50.13000 0.0000192055514967
50.15000 0.0000191852514373
50.17000 0.0000191637906079
50.19000 0.0000191468489009
50.21000 0.0000191130945113
50.23000 0.0000191166045667
50.25000 0.0000191294134179
