0.25000 -0.8011662284011400
0.27000 -0.7594409500867483
0.29000 -0.7392401161443569
0.31000 -0.7002976502532486
0.33000 -0.6635351515216206
0.35000 -0.6294708048823243
0.37000 -0.5980491470951376
0.39000 -0.5691684330656060
0.41000 -0.5426453541659086
0.43000 -0.5182803960777435
0.45000 -0.4958715239335198
0.47000 -0.4752265192740764
0.49000 -0.4561676982318834
0.51000 -0.4385339963189331
0.53000 -0.4221807339323180
0.55000 -0.4069788736746202
0.57000 -0.3928141753744609
0.59000 -0.3795851855150412
0.61000 -0.3672021063300645
0.63000 -0.3555856766737189
0.65000 -0.3446654821105913
0.67000 -0.3343791496413608
0.69000 -0.3246712671253996
0.71000 -0.3154925467467938
0.73000 -0.3067990368902809
0.75000 -0.2985514654780438
0.77000 -0.2907146742140108
0.79000 -0.2832570941151404
0.81000 -0.2761503700884979
0.83000 -0.2693688760425269
0.85000 -0.2628896310616011
0.87000 -0.2566915466003600
0.89000 -0.2507558049965867
0.91000 -0.2450652272322250
0.93000 -0.2396038722969354
0.95000 -0.2343575671896414
0.97000 -0.2293130735261504
0.99000 -0.2244583708227166
1.01000 -0.2197824500825965
1.03000 -0.2152751072167156
1.05000 -0.2109269735193491
1.07000 -0.2067294455172624
1.09000 -0.2026745404368581
1.11000 -0.1987548243713856
1.13000 -0.1949633668972486
1.15000 -0.1912937376920045
1.17000 -0.1877399943406859
1.19000 -0.1842966052969591
1.21000 -0.1809583990000828
1.23000 -0.1777205429873314
1.25000 -0.1745785116798566
1.27000 -0.1715280561424212
1.29000 -0.1685651764207439
1.31000 -0.1656860983308769
1.33000 -0.1628872945580812
1.35000 -0.1601654586783061
1.37000 -0.1575174632346285
1.39000 -0.1549403552113434
1.41000 -0.1524313405477272
1.43000 -0.1499877809192460
1.45000 -0.1476071670842567
1.47000 -0.1452871239015422
1.49000 -0.1430254211554831
1.51000 -0.1408199039399746
1.53000 -0.1386685600508119
1.55000 -0.1365694788361978
1.57000 -0.1345207886804603
1.59000 -0.1325207789316649
1.61000 -0.1305677982171398
1.63000 -0.1286602206176146
1.65000 -0.1267965525230441
1.67000 -0.1249753826527991
1.69000 -0.1231953006556906
1.71000 -0.1214549681240168
1.73000 -0.1197531455914396
1.75000 -0.1180886495308937
1.77000 -0.1164603033699802
1.79000 -0.1148669682259434
1.81000 -0.1133075948859206
1.83000 -0.1117811769106987
1.85000 -0.1102867481049379
1.87000 -0.1088233564200322
1.89000 -0.1073900723134236
1.91000 -0.1059860325925174
1.93000 -0.1046104139999365
1.95000 -0.1032624187485905
1.97000 -0.1019412802306381
1.99000 -0.1006462412125916
2.01000 -0.0993765676164930
2.03000 -0.0981315682516651
2.05000 -0.0969105857247937
2.07000 -0.0957129831176721
2.09000 -0.0945381386840101
2.11000 -0.0933854647668241
2.13000 -0.0922543719847143
2.15000 -0.0911443009664952
2.17000 -0.0900547087342179
2.19000 -0.0889850620254135
2.21000 -0.0879348802845140
2.23000 -0.0869036661293128
2.25000 -0.0858909419893514
2.27000 -0.0848962720175447
2.29000 -0.0839192095642961
2.31000 -0.0829593107034218
2.33000 -0.0820161724973863
2.35000 -0.0810893989491870
2.37000 -0.0801785835223071
2.39000 -0.0792833501615860
2.41000 -0.0784033482641925
2.43000 -0.0775382278895116
2.45000 -0.0766876336676647
2.47000 -0.0758512300514172
2.49000 -0.0750287066700118
2.51000 -0.0742197517375481
2.53000 -0.0734240510101891
2.55000 -0.0726413032953256
2.57000 -0.0718712256307550
2.59000 -0.0711135414404404
2.61000 -0.0703679810233946
2.63000 -0.0696342767678042
2.65000 -0.0689121684758038
2.67000 -0.0682014095494172
2.69000 -0.0675017632594822
2.71000 -0.0668129961398529
2.73000 -0.0661348814889949
2.75000 -0.0654671849625484
2.77000 -0.0648096895848905
2.79000 -0.0641621897048889
2.81000 -0.0635244775474585
2.83000 -0.0628963627579505
2.85000 -0.0622776416520384
2.87000 -0.0616681206115491
2.89000 -0.0610676193687901
2.91000 -0.0604759522386256
2.93000 -0.0598929459795015
2.95000 -0.0593184379076087
2.97000 -0.0587522564708942
2.99000 -0.0581942360965986
3.01000 -0.0576442236710613
3.03000 -0.0571020612038798
3.05000 -0.0565675916618951
3.07000 -0.0560406718824102
3.09000 -0.0555211647572616
3.11000 -0.0550089274817217
3.13000 -0.0545038189757747
3.15000 -0.0540057091056765
3.17000 -0.0535144701932035
3.19000 -0.0530299721164353
3.21000 -0.0525520869695239
3.23000 -0.0520806944298724
3.25000 -0.0516156786029456
3.27000 -0.0511569255981899
3.29000 -0.0507043214059646
3.31000 -0.0502577539953301
3.33000 -0.0498171158844397
3.35000 -0.0493823055416123
3.37000 -0.0489532172894394
3.39000 -0.0485297476305537
3.41000 -0.0481117976804298
3.43000 -0.0476992716810685
3.45000 -0.0472920808523155
3.47000 -0.0468901294096241
3.49000 -0.0464933271207821
3.51000 -0.0461015869447505
3.53000 -0.0457148199007792
3.55000 -0.0453329444019358
3.57000 -0.0449558801533884
3.59000 -0.0445835432549361
3.61000 -0.0442158538215801
3.63000 -0.0438527355158707
3.65000 -0.0434941107518868
3.67000 -0.0431399054757200
3.69000 -0.0427900508272837
3.71000 -0.0424444753770867
3.73000 -0.0421031068512414
3.75000 -0.0417658779475850
3.77000 -0.0414327227098546
3.79000 -0.0411035740856060
3.81000 -0.0407783679421674
3.83000 -0.0404570433942551
3.85000 -0.0401395395901340
3.87000 -0.0398257942577337
3.89000 -0.0395157463603271
3.91000 -0.0392093390500281
3.93000 -0.0389065177186076
3.95000 -0.0386072251205334
3.97000 -0.0383114068075273
3.99000 -0.0380190095000501
4.01000 -0.0377299818761907
4.03000 -0.0374442729195265
4.05000 -0.0371618296524425
4.07000 -0.0368826035453983
4.09000 -0.0366065455268074
4.11000 -0.0363336090827388
4.13000 -0.0360637476673157
4.15000 -0.0357969136307423
4.17000 -0.0355330633976131
4.19000 -0.0352721530121208
4.21000 -0.0350141377168696
4.23000 -0.0347589762281550
4.25000 -0.0345066263879386
4.27000 -0.0342570459637227
4.29000 -0.0340101963414131
4.31000 -0.0337660389422011
4.33000 -0.0335245336933326
4.35000 -0.0332856426820554
4.37000 -0.0330493292534515
4.39000 -0.0328155554242732
4.41000 -0.0325842847191697
4.43000 -0.0323554828745814
4.45000 -0.0321291159047634
4.47000 -0.0319051485524513
4.49000 -0.0316835461933831
4.51000 -0.0314642766838417
4.53000 -0.0312473081055644
4.55000 -0.0310326085107824
4.57000 -0.0308201461279824
4.59000 -0.0306098913439574
4.61000 -0.0304018134180090
4.63000 -0.0301958814864573
4.65000 -0.0299920664666055
4.67000 -0.0297903402111379
4.69000 -0.0295906756427943
4.71000 -0.0293930438915090
4.73000 -0.0291974176848622
4.75000 -0.0290037704244739
4.77000 -0.0288120756925186
4.79000 -0.0286223080850465
4.81000 -0.0284344410591710
4.83000 -0.0282484493120825
4.85000 -0.0280643094693201
4.87000 -0.0278819968691175
4.89000 -0.0277014872186764
4.91000 -0.0275227573254110
4.93000 -0.0273457835978014
4.95000 -0.0271705431887283
4.97000 -0.0269970145554724
4.99000 -0.0268251757488978
5.01000 -0.0266550043766890
5.03000 -0.0264864794942330
5.05000 -0.0263195807335538
5.07000 -0.0261542869066076
5.09000 -0.0259905772589122
5.11000 -0.0258284321043372
5.13000 -0.0256678319367515
5.15000 -0.0255087569411499
5.17000 -0.0253511883518634
5.19000 -0.0251951076841613
5.21000 -0.0250404965094878
5.23000 -0.0248873361276036
5.25000 -0.0247356087030246
5.27000 -0.0245852968276058
5.29000 -0.0244363828104754
5.31000 -0.0242888498866688
5.33000 -0.0241426808771824
5.35000 -0.0239978596044802
5.37000 -0.0238543696313866
5.39000 -0.0237121943273415
5.41000 -0.0235713182756395
5.43000 -0.0234317258356812
5.45000 -0.0232934016786079
5.47000 -0.0231563307928373
5.49000 -0.0230204975637961
5.51000 -0.0228858872580952
5.53000 -0.0227524859834802
5.55000 -0.0226202792755962
5.57000 -0.0224892530595086
5.59000 -0.0223593937786432
5.61000 -0.0222306874233787
5.63000 -0.0221031203167171
5.65000 -0.0219766794479925
5.67000 -0.0218513515455897
5.69000 -0.0217271234795571
5.71000 -0.0216039828934661
5.73000 -0.0214819174355928
5.75000 -0.0213609145921172
5.77000 -0.0212409619481996
5.79000 -0.0211220475841008
5.81000 -0.0210041596397234
5.83000 -0.0208872866473748
5.85000 -0.0207714170247933
5.87000 -0.0206565393873472
5.89000 -0.0205426424873904
5.91000 -0.0204297151290461
5.93000 -0.0203177467823529
5.95000 -0.0202067265410077
5.97000 -0.0200966438872154
5.99000 -0.0199874881636738
6.01000 -0.0198792489649997
6.03000 -0.0197719165759810
6.05000 -0.0196654808497234
6.07000 -0.0195599318861887
6.09000 -0.0194552600980007
6.11000 -0.0193514555676839
6.13000 -0.0192485088045308
6.15000 -0.0191464105420383
6.17000 -0.0190451514593846
6.19000 -0.0189447226027470
6.21000 -0.0188451150024810
6.23000 -0.0187463195472786
6.25000 -0.0186483276063313
6.27000 -0.0185511307487609
6.29000 -0.0184547202563805
6.31000 -0.0183590876584109
6.33000 -0.0182642248320060
6.35000 -0.0181701234636346
6.37000 -0.0180767754185242
6.39000 -0.0179841728634188
6.41000 -0.0178923079558110
6.43000 -0.0178011727206463
6.45000 -0.0177107596065221
6.47000 -0.0176210610928439
6.49000 -0.0175320696351245
6.51000 -0.0174437777891698
6.53000 -0.0173561782784416
6.55000 -0.0172692641208524
6.57000 -0.0171830280160744
6.59000 -0.0170974630401931
6.61000 -0.0170125622780312
6.63000 -0.0169283188509249
6.65000 -0.0168447261000581
6.67000 -0.0167617772323722
6.69000 -0.0166794657150330
6.71000 -0.0165977850985117
6.73000 -0.0165167288327798
6.75000 -0.0164362906590127
6.77000 -0.0163564643808508
6.79000 -0.0162772437422626
6.81000 -0.0161986226863849
6.83000 -0.0161205951880622
6.85000 -0.0160431552352605
6.87000 -0.0159662970490113
6.89000 -0.0158900148285737
6.91000 -0.0158143027148446
6.93000 -0.0157391551164620
6.95000 -0.0156645665081938
6.97000 -0.0155905312463320
6.99000 -0.0155170438639718
7.01000 -0.0154440990058128
7.03000 -0.0153716913545551
7.05000 -0.0152998156334024
7.07000 -0.0152284667329407
7.09000 -0.0151576394346301
7.11000 -0.0150873286039558
7.13000 -0.0150175292632134
7.15000 -0.0149482364477387
7.17000 -0.0148794452705150
7.19000 -0.0148111508151038
7.21000 -0.0147433484638045
7.23000 -0.0146760334288872
7.25000 -0.0146092009429212
7.27000 -0.0145428464542167
7.29000 -0.0144769653785740
7.31000 -0.0144115532473621
7.33000 -0.0143466056067337
7.35000 -0.0142821180334160
7.37000 -0.0142180862117683
7.39000 -0.0141545057775018
7.41000 -0.0140913724311040
7.43000 -0.0140286820617883
7.45000 -0.0139664305292518
7.47000 -0.0139046136882673
7.49000 -0.0138432274918740
7.51000 -0.0137822678915975
7.53000 -0.0137217309221062
7.55000 -0.0136616127051717
7.57000 -0.0136019093340488
7.59000 -0.0135426169532783
7.61000 -0.0134837318353574
7.63000 -0.0134252502348592
7.65000 -0.0133671684175133
7.67000 -0.0133094826922407
7.69000 -0.0132521894842737
7.71000 -0.0131952851846800
7.73000 -0.0131387662563589
7.75000 -0.0130826292162465
7.77000 -0.0130268705567143
7.79000 -0.0129714868952181
7.81000 -0.0129164748338251
7.83000 -0.0128618310721264
7.85000 -0.0128075522417028
7.87000 -0.0127536350615184
7.89000 -0.0127000763649552
7.91000 -0.0126468728957670
7.93000 -0.0125940214866166
7.95000 -0.0125415190150700
7.97000 -0.0124893623727786
7.99000 -0.0124375485224671
8.01000 -0.0123860744050823
8.03000 -0.0123349370181954
8.05000 -0.0122841334351130
8.07000 -0.0122336606904814
8.09000 -0.0121835158771399
8.11000 -0.0121336961696507
8.13000 -0.0120841987075903
8.15000 -0.0120350206712454
8.17000 -0.0119861593053255
8.19000 -0.0119376118462821
8.21000 -0.0118893755746733
8.23000 -0.0118414478306602
8.25000 -0.0117938259011890
8.27000 -0.0117465071522702
8.29000 -0.0116994890136322
8.31000 -0.0116527689174700
8.33000 -0.0116063442858039
8.35000 -0.0115602126216014
8.37000 -0.0115143714311586
8.39000 -0.0114688181992085
8.41000 -0.0114235505077825
8.43000 -0.0113785659259766
8.45000 -0.0113338620871440
8.47000 -0.0112894366061413
8.49000 -0.0112452871491962
8.51000 -0.0112014114146978
8.53000 -0.0111578070662469
8.55000 -0.0111144718565559
8.57000 -0.0110714035438114
8.59000 -0.0110285998753162
8.61000 -0.0109860586632095
8.63000 -0.0109437777346009
8.65000 -0.0109017549548237
8.67000 -0.0108599881892972
8.69000 -0.0108184752770842
8.71000 -0.0107772141413885
8.73000 -0.0107362027430968
8.75000 -0.0106954390039282
8.77000 -0.0106549209034040
8.79000 -0.0106146464533810
8.81000 -0.0105746136491904
8.83000 -0.0105348205175262
8.85000 -0.0104952651266007
8.87000 -0.0104559455410539
8.89000 -0.0104168598583379
8.91000 -0.0103780061874031
8.93000 -0.0103393826637442
8.95000 -0.0103009874395942
8.97000 -0.0102628186904089
8.99000 -0.0102248745803736
9.01000 -0.0101871532906184
9.03000 -0.0101496530841033
9.05000 -0.0101123721918678
9.07000 -0.0100753088711714
9.09000 -0.0100384613789981
9.11000 -0.0100018280123871
9.13000 -0.0099654070899138
9.15000 -0.0099291969188580
9.17000 -0.0098931958624626
9.19000 -0.0098574022746900
9.21000 -0.0098218145179687
9.23000 -0.0097864309971622
9.25000 -0.0097512500995237
9.27000 -0.0097162702360821
9.29000 -0.0096814898577912
9.31000 -0.0096469074155740
9.33000 -0.0096125213777917
9.35000 -0.0095783302194800
9.37000 -0.0095443324297843
9.39000 -0.0095105265358643
9.41000 -0.0094769110562117
9.43000 -0.0094434845158231
9.45000 -0.0094102454740803
9.47000 -0.0093771925001245
9.49000 -0.0093443241631551
9.51000 -0.0093116390727854
9.53000 -0.0092791358337248
9.55000 -0.0092468130606078
9.57000 -0.0092146693850783
9.59000 -0.0091827034536087
9.61000 -0.0091509139180579
9.63000 -0.0091192994489717
9.65000 -0.0090878587479756
9.67000 -0.0090565904886222
9.69000 -0.0090254933912911
9.71000 -0.0089945661801165
9.73000 -0.0089638075831153
9.75000 -0.0089332163448017
9.77000 -0.0089027912124455
9.79000 -0.0088725309673884
9.81000 -0.0088424343806160
9.83000 -0.0088125002366724
9.85000 -0.0087827273526649
9.87000 -0.0087531145306375
9.89000 -0.0087236605938388
9.91000 -0.0086943643834183
9.93000 -0.0086652247392633
9.95000 -0.0086362405222528
9.97000 -0.0086074105928813
9.99000 -0.0085787338239005
10.01000 -0.0085502091107241
10.03000 -0.0085218353423847
10.05000 -0.0084936114269863
10.07000 -0.0084655362917824
10.09000 -0.0084376088566707
10.11000 -0.0084098280461704
10.13000 -0.0083821928191734
10.15000 -0.0083547021287387
10.17000 -0.0083273549387566
10.19000 -0.0083001502277582
10.21000 -0.0082730869774204
10.23000 -0.0082461641765355
10.25000 -0.0082193808253934
10.27000 -0.0081927359431316
10.29000 -0.0081662285376226
10.31000 -0.0081398576451047
10.33000 -0.0081136222981220
10.35000 -0.0080875215396743
10.37000 -0.0080615544328814
10.39000 -0.0080357200347056
10.41000 -0.0080100174154960
10.43000 -0.0079844456479232
10.45000 -0.0079590038222470
10.47000 -0.0079336910399723
10.49000 -0.0079085063933284
10.51000 -0.0078834489962757
10.53000 -0.0078585179707729
10.55000 -0.0078337124367692
10.57000 -0.0078090315361164
10.59000 -0.0077844744083503
10.61000 -0.0077600401930109
10.63000 -0.0077357280496270
10.65000 -0.0077115371417229
10.67000 -0.0076874666428983
10.69000 -0.0076635157318751
10.71000 -0.0076396835883654
10.73000 -0.0076159694031106
10.75000 -0.0075923723821276
10.77000 -0.0075688917220061
10.79000 -0.0075455266376609
10.81000 -0.0075222763544765
10.83000 -0.0074991400944087
10.85000 -0.0074761170871126
10.87000 -0.0074532065712813
10.89000 -0.0074304077970330
10.91000 -0.0074077200099661
10.93000 -0.0073851424747581
10.95000 -0.0073626744492887
10.97000 -0.0073403152030439
10.99000 -0.0073180640196712
11.01000 -0.0072959201759128
11.03000 -0.0072738829630406
11.05000 -0.0072519516765888
11.07000 -0.0072301256186662
11.09000 -0.0072084040929257
11.11000 -0.0071867864053128
11.13000 -0.0071652718829733
11.15000 -0.0071438598488345
11.17000 -0.0071225496246521
11.19000 -0.0071013405507392
11.21000 -0.0070802319688610
11.23000 -0.0070592232230358
11.25000 -0.0070383136668681
11.27000 -0.0070175026529389
11.29000 -0.0069967895433017
11.31000 -0.0069761737061430
11.33000 -0.0069556545117592
11.35000 -0.0069352313367645
11.37000 -0.0069149035655266
11.39000 -0.0068946705817404
11.41000 -0.0068745317837605
11.43000 -0.0068544865696965
11.45000 -0.0068345343355360
11.47000 -0.0068146744904588
11.49000 -0.0067949064477235
11.51000 -0.0067752296238704
11.53000 -0.0067556434355646
11.55000 -0.0067361473168108
11.57000 -0.0067167406946960
11.59000 -0.0066974230016755
11.61000 -0.0066781936805394
11.63000 -0.0066590521713637
11.65000 -0.0066399979267072
11.67000 -0.0066210303994996
11.69000 -0.0066021490464154
11.71000 -0.0065833533291442
11.73000 -0.0065646427103138
11.75000 -0.0065460166638584
11.77000 -0.0065274746627132
11.79000 -0.0065090161851190
11.81000 -0.0064906407180628
11.83000 -0.0064723477423022
11.85000 -0.0064541367466587
11.87000 -0.0064360072319067
11.89000 -0.0064179586953383
11.91000 -0.0063999906379445
11.93000 -0.0063821025660003
11.95000 -0.0063642939900855
11.97000 -0.0063465644251746
11.99000 -0.0063289133906759
12.01000 -0.0063113404048425
12.03000 -0.0062938449950750
12.05000 -0.0062764266893678
12.07000 -0.0062590850190070
12.09000 -0.0062418195241110
12.11000 -0.0062246297414961
12.13000 -0.0062075152137442
12.15000 -0.0061904754882788
12.17000 -0.0061735101194647
12.19000 -0.0061566186564489
12.21000 -0.0061398006564763
12.23000 -0.0061230556829058
12.25000 -0.0061063832973387
12.27000 -0.0060897830693845
12.29000 -0.0060732545676252
12.31000 -0.0060567973648046
12.33000 -0.0060404110398996
12.35000 -0.0060240951715169
12.37000 -0.0060078493430812
12.39000 -0.0059916731409389
12.41000 -0.0059755661566206
12.43000 -0.0059595279841701
12.45000 -0.0059435582149169
12.47000 -0.0059276564491098
12.49000 -0.0059118222906405
12.51000 -0.0058960553403610
12.53000 -0.0058803552078017
12.55000 -0.0058647215049426
12.57000 -0.0058491538435465
12.59000 -0.0058336518393641
12.61000 -0.0058182151125636
12.63000 -0.0058028432849637
12.65000 -0.0057875359829943
12.67000 -0.0057722928319874
12.69000 -0.0057571134622143
12.71000 -0.0057419975091129
12.73000 -0.0057269446055543
12.75000 -0.0057119543906412
12.77000 -0.0056970265057359
12.79000 -0.0056821605949571
12.81000 -0.0056673563019818
12.83000 -0.0056526132785773
12.85000 -0.0056379311767833
12.87000 -0.0056233096463998
12.89000 -0.0056087483465682
12.91000 -0.0055942469364123
12.93000 -0.0055798050769636
12.95000 -0.0055654224319366
12.97000 -0.0055510986664566
12.99000 -0.0055368334505951
13.01000 -0.0055226264544239
13.03000 -0.0055084773509849
13.05000 -0.0054943858170431
13.07000 -0.0054803515296802
13.09000 -0.0054663741698044
13.11000 -0.0054524534201123
13.13000 -0.0054385889638358
13.15000 -0.0054247804902551
13.17000 -0.0054110276883782
13.19000 -0.0053973302477852
13.21000 -0.0053836878628679
13.23000 -0.0053701002306993
13.25000 -0.0053565670478803
13.27000 -0.0053430880154895
13.29000 -0.0053296628355269
13.31000 -0.0053162912124275
13.33000 -0.0053029728529733
13.35000 -0.0052897074633617
13.37000 -0.0052764947556085
13.39000 -0.0052633344424322
13.41000 -0.0052502262387232
13.43000 -0.0052371698594994
13.45000 -0.0052241650245186
13.47000 -0.0052112114539115
13.49000 -0.0051983088685138
13.51000 -0.0051854569952474
13.53000 -0.0051726555588857
13.55000 -0.0051599042868477
13.57000 -0.0051472029102012
13.59000 -0.0051345511599948
13.61000 -0.0051219487700999
13.63000 -0.0051093954754278
13.65000 -0.0050968910135524
13.67000 -0.0050844351243624
13.69000 -0.0050720275475773
13.71000 -0.0050596680263306
13.73000 -0.0050473563052591
13.75000 -0.0050350921294715
13.77000 -0.0050228752481190
13.79000 -0.0050107054097707
13.81000 -0.0049985823652758
13.83000 -0.0049865058686328
13.85000 -0.0049744756739237
13.87000 -0.0049624915363345
13.89000 -0.0049505532152545
13.91000 -0.0049386604696922
13.93000 -0.0049268130601451
13.95000 -0.0049150107499494
13.97000 -0.0049032533028415
13.99000 -0.0048915404857490
14.01000 -0.0048798720650550
14.03000 -0.0048682478098638
14.05000 -0.0048566674908518
14.07000 -0.0048451308804450
14.09000 -0.0048336377511548
14.11000 -0.0048221878777943
14.13000 -0.0048107810387163
14.15000 -0.0047994170105200
14.17000 -0.0047880955729574
14.19000 -0.0047768165077284
14.21000 -0.0047655795956848
14.23000 -0.0047543846208825
14.25000 -0.0047432313690499
14.27000 -0.0047321196268608
14.29000 -0.0047210491820450
14.31000 -0.0047100198234715
14.33000 -0.0046990313426384
14.35000 -0.0046880835318098
14.37000 -0.0046771761836504
14.39000 -0.0046663090935069
14.41000 -0.0046554820569356
14.43000 -0.0046446948719252
14.45000 -0.0046339473376220
14.47000 -0.0046232392530486
14.49000 -0.0046125704193395
14.51000 -0.0046019406404462
14.53000 -0.0045913497194552
14.55000 -0.0045807974611089
14.57000 -0.0045702836725971
14.59000 -0.0045598081610337
14.61000 -0.0045493707356646
14.63000 -0.0045389712059692
14.65000 -0.0045286093839657
14.67000 -0.0045182850818331
14.69000 -0.0045079981130912
14.71000 -0.0044977482924021
14.73000 -0.0044875354359630
14.75000 -0.0044773593617654
14.77000 -0.0044672198867921
14.79000 -0.0044571168310407
14.81000 -0.0044470500156900
14.83000 -0.0044370192614393
14.85000 -0.0044270243918863
14.87000 -0.0044170652310304
14.89000 -0.0044071416036919
14.91000 -0.0043972533363922
14.93000 -0.0043874002562414
14.95000 -0.0043775821914411
14.97000 -0.0043677989710268
14.99000 -0.0043580504257196
15.01000 -0.0043483363879625
15.03000 -0.0043386566894392
15.05000 -0.0043290111636166
15.07000 -0.0043193996453746
15.09000 -0.0043098219702510
15.11000 -0.0043002779751908
15.13000 -0.0042907674980468
15.15000 -0.0042812903766124
15.17000 -0.0042718464511404
15.19000 -0.0042624355629463
15.21000 -0.0042530575523797
15.23000 -0.0042437122626511
15.25000 -0.0042343995373043
15.27000 -0.0042251192211155
15.29000 -0.0042158711591443
15.31000 -0.0042066551975530
15.33000 -0.0041974711840742
15.35000 -0.0041883189670291
15.37000 -0.0041791983956660
15.39000 -0.0041701093193959
15.41000 -0.0041610515899732
15.43000 -0.0041520250591575
15.45000 -0.0041430295790051
15.47000 -0.0041340650041706
15.49000 -0.0041251311888719
15.51000 -0.0041162279882472
15.53000 -0.0041073552589568
15.55000 -0.0040985128579278
15.57000 -0.0040897006432341
15.59000 -0.0040809184737328
15.61000 -0.0040721662091873
15.63000 -0.0040634437102190
15.65000 -0.0040547508376180
15.67000 -0.0040460874542627
15.69000 -0.0040374534230878
15.71000 -0.0040288486074046
15.73000 -0.0040202728721385
15.75000 -0.0040117260827942
15.77000 -0.0040032081053452
15.79000 -0.0039947188072673
15.81000 -0.0039862580560429
15.83000 -0.0039778257196652
15.85000 -0.0039694216684938
15.87000 -0.0039610457722752
15.89000 -0.0039526979017242
15.91000 -0.0039443779283424
15.93000 -0.0039360857247502
15.95000 -0.0039278211640454
15.97000 -0.0039195841198816
15.99000 -0.0039113744670456
16.01000 -0.0039031920806741
16.03000 -0.0038950368372389
16.05000 -0.0038869086129682
16.07000 -0.0038788072852139
16.09000 -0.0038707327329478
16.11000 -0.0038626848343136
16.13000 -0.0038546634689473
16.15000 -0.0038466685176127
16.17000 -0.0038386998607924
16.19000 -0.0038307573802465
16.21000 -0.0038228409585693
16.23000 -0.0038149504785506
16.25000 -0.0038070858238503
16.27000 -0.0037992468787051
16.29000 -0.0037914335283961
16.31000 -0.0037836456583534
16.33000 -0.0037758831546981
16.35000 -0.0037681459047013
16.37000 -0.0037604337958954
16.39000 -0.0037527467161903
16.41000 -0.0037450845548807
16.43000 -0.0037374472013406
16.45000 -0.0037298345453396
16.47000 -0.0037222464780721
16.49000 -0.0037146828905023
16.51000 -0.0037071436749319
16.53000 -0.0036996287239791
16.55000 -0.0036921379304692
16.57000 -0.0036846711880823
16.59000 -0.0036772283913579
16.61000 -0.0036698094356110
16.63000 -0.0036624142159980
16.65000 -0.0036550426286313
16.67000 -0.0036476945701756
16.69000 -0.0036403699379354
16.71000 -0.0036330686301020
16.73000 -0.0036257905445220
16.75000 -0.0036185355804322
16.77000 -0.0036113036377150
16.79000 -0.0036040946159269
16.81000 -0.0035969084159461
16.83000 -0.0035897449391117
16.85000 -0.0035826040869399
16.87000 -0.0035754857617934
16.89000 -0.0035683898663602
16.91000 -0.0035613163042545
16.93000 -0.0035542649791219
16.95000 -0.0035472357953294
16.97000 -0.0035402286581036
16.99000 -0.0035332434727119
17.01000 -0.0035262801449421
17.03000 -0.0035193385816230
17.05000 -0.0035124186895402
17.07000 -0.0035055203761230
17.09000 -0.0034986435496842
17.11000 -0.0034917881181897
17.13000 -0.0034849539910185
17.15000 -0.0034781410776764
17.17000 -0.0034713492879112
17.19000 -0.0034645785323277
17.21000 -0.0034578287218384
17.23000 -0.0034510997677830
17.25000 -0.0034443915820067
17.27000 -0.0034377040771932
17.29000 -0.0034310371660642
17.31000 -0.0034243907616879
17.33000 -0.0034177647779820
17.35000 -0.0034111591291414
17.37000 -0.0034045737301080
17.39000 -0.0033980084959141
17.41000 -0.0033914633417707
17.43000 -0.0033849381840958
17.45000 -0.0033784329393949
17.47000 -0.0033719475243545
17.49000 -0.0033654818566104
17.51000 -0.0033590358539020
17.53000 -0.0033526094345625
17.55000 -0.0033462025170533
17.57000 -0.0033398150205394
17.59000 -0.0033334468647436
17.61000 -0.0033270979694640
17.63000 -0.0033207682551273
17.65000 -0.0033144576426739
17.67000 -0.0033081660530793
17.69000 -0.0033018934079945
17.71000 -0.0032956396297251
17.73000 -0.0032894046403488
17.75000 -0.0032831883629479
17.77000 -0.0032769907207808
17.79000 -0.0032708116374622
17.81000 -0.0032646510370267
17.83000 -0.0032585088438691
17.85000 -0.0032523849829445
17.87000 -0.0032462793794428
17.89000 -0.0032401919589930
17.91000 -0.0032341226475329
17.93000 -0.0032280713714789
17.95000 -0.0032220380577940
17.97000 -0.0032160226333192
17.99000 -0.0032100250256028
18.01000 -0.0032040451626676
18.03000 -0.0031980829727520
18.05000 -0.0031921383846821
18.07000 -0.0031862113270209
18.09000 -0.0031803017292138
18.11000 -0.0031744095214075
18.13000 -0.0031685346333623
18.15000 -0.0031626769954596
18.17000 -0.0031568365385762
18.19000 -0.0031510131939576
18.21000 -0.0031452068929682
18.23000 -0.0031394175674312
18.25000 -0.0031336451497483
18.27000 -0.0031278895723277
18.29000 -0.0031221507679021
18.31000 -0.0031164286698116
18.33000 -0.0031107232117755
18.35000 -0.0031050343273657
18.37000 -0.0030993619510240
18.39000 -0.0030937060173484
18.41000 -0.0030880664609550
18.43000 -0.0030824432172854
18.45000 -0.0030768362218346
18.47000 -0.0030712454104019
18.49000 -0.0030656707192767
18.51000 -0.0030601120849084
18.53000 -0.0030545694440411
18.55000 -0.0030490427338670
18.57000 -0.0030435318918963
18.59000 -0.0030380368557249
18.61000 -0.0030325575635853
18.63000 -0.0030270939538988
18.65000 -0.0030216459651222
18.67000 -0.0030162135364117
18.69000 -0.0030107966070369
18.71000 -0.0030053951165648
18.73000 -0.0030000090049092
18.75000 -0.0029946382121053
18.77000 -0.0029892826788647
18.79000 -0.0029839423459751
18.81000 -0.0029786171543333
18.83000 -0.0029733070452782
18.85000 -0.0029680119605569
18.87000 -0.0029627318421399
18.89000 -0.0029574666322224
18.91000 -0.0029522162731819
18.93000 -0.0029469807078702
18.95000 -0.0029417598794429
18.97000 -0.0029365537310435
18.99000 -0.0029313622065433
19.01000 -0.0029261852496851
19.03000 -0.0029210228045284
19.05000 -0.0029158748157325
19.07000 -0.0029107412278015
19.09000 -0.0029056219857769
19.11000 -0.0029005170350290
19.13000 -0.0028954263209312
19.15000 -0.0028903497891991
19.17000 -0.0028852873859977
19.19000 -0.0028802390575858
19.21000 -0.0028752047503907
19.23000 -0.0028701844114011
19.25000 -0.0028651779875688
19.27000 -0.0028601854261744
19.29000 -0.0028552066749261
19.31000 -0.0028502416815432
19.33000 -0.0028452903940833
19.35000 -0.0028403527609499
19.37000 -0.0028354287306477
19.39000 -0.0028305182520449
19.41000 -0.0028256212741383
19.43000 -0.0028207377461978
19.45000 -0.0028158676179011
19.47000 -0.0028110108389968
19.49000 -0.0028061673593829
19.51000 -0.0028013371293710
19.53000 -0.0027965200995468
19.55000 -0.0027917162205829
19.57000 -0.0027869254433782
19.59000 -0.0027821477191146
19.61000 -0.0027773829993897
19.63000 -0.0027726312356985
19.65000 -0.0027678923799531
19.67000 -0.0027631663843396
19.69000 -0.0027584532010480
19.71000 -0.0027537527826769
19.73000 -0.0027490650821355
19.75000 -0.0027443900523444
19.77000 -0.0027397276464121
19.79000 -0.0027350778179168
19.81000 -0.0027304405204897
19.83000 -0.0027258157079819
19.85000 -0.0027212033344498
19.87000 -0.0027166033542725
19.89000 -0.0027120157219879
19.91000 -0.0027074403922362
19.93000 -0.0027028773199128
19.95000 -0.0026983264602586
19.97000 -0.0026937877687392
19.99000 -0.0026892612006085
20.01000 -0.0026847467118796
20.03000 -0.0026802442584561
20.05000 -0.0026757537964825
20.07000 -0.0026712752824532
20.09000 -0.0026668086727293
20.11000 -0.0026623539242575
20.13000 -0.0026579109940590
20.15000 -0.0026534798392182
20.17000 -0.0026490604170325
20.19000 -0.0026446526851054
20.21000 -0.0026402566013381
20.23000 -0.0026358721236592
20.25000 -0.0026314992100360
20.27000 -0.0026271378189423
20.29000 -0.0026227879089273
20.31000 -0.0026184494386555
20.33000 -0.0026141223670096
20.35000 -0.0026098066531058
20.37000 -0.0026055022562864
20.39000 -0.0026012091359447
20.41000 -0.0025969272517698
20.43000 -0.0025926565635603
20.45000 -0.0025883970312814
20.47000 -0.0025841486152081
20.49000 -0.0025799112757128
20.51000 -0.0025756849733529
20.53000 -0.0025714696688325
20.55000 -0.0025672653229965
20.57000 -0.0025630718970060
20.59000 -0.0025588893521544
20.61000 -0.0025547176497962
20.63000 -0.0025505567515356
20.65000 -0.0025464066191930
20.67000 -0.0025422672147518
20.69000 -0.0025381385002395
20.71000 -0.0025340204379840
20.73000 -0.0025299129904634
20.75000 -0.0025258161203462
20.77000 -0.0025217297903351
20.79000 -0.0025176539633274
20.81000 -0.0025135886026421
20.83000 -0.0025095336714363
20.85000 -0.0025054891331851
20.87000 -0.0025014549514875
20.89000 -0.0024974310902207
20.91000 -0.0024934175131523
20.93000 -0.0024894141843428
20.95000 -0.0024854210683123
20.97000 -0.0024814381292911
20.99000 -0.0024774653318347
21.01000 -0.0024735026406862
21.03000 -0.0024695500207725
21.05000 -0.0024656074370579
21.07000 -0.0024616748547582
21.09000 -0.0024577522392868
21.11000 -0.0024538395559710
21.13000 -0.0024499367705876
21.15000 -0.0024460438489458
21.17000 -0.0024421607568541
21.19000 -0.0024382874605542
21.21000 -0.0024344239262046
21.23000 -0.0024305701201220
21.25000 -0.0024267260090560
21.27000 -0.0024228915595307
21.29000 -0.0024190667383576
21.31000 -0.0024152515125892
21.33000 -0.0024114458492394
21.35000 -0.0024076497156515
21.37000 -0.0024038630792159
21.39000 -0.0024000859074336
21.41000 -0.0023963181679613
21.43000 -0.0023925598287005
21.45000 -0.0023888108575849
21.47000 -0.0023850712226416
21.49000 -0.0023813408921656
21.51000 -0.0023776198345058
21.53000 -0.0023739080181751
21.55000 -0.0023702054118473
21.57000 -0.0023665119843034
21.59000 -0.0023628277044063
21.61000 -0.0023591525411709
21.63000 -0.0023554864639109
21.65000 -0.0023518294417543
21.67000 -0.0023481814442144
21.69000 -0.0023445424409698
21.71000 -0.0023409124016094
21.73000 -0.0023372912959817
21.75000 -0.0023336790940166
21.77000 -0.0023300757658520
21.79000 -0.0023264812816565
21.81000 -0.0023228956118458
21.83000 -0.0023193187268062
21.85000 -0.0023157505971824
21.87000 -0.0023121911936857
21.89000 -0.0023086404870863
21.91000 -0.0023050984484212
21.93000 -0.0023015650487218
21.95000 -0.0022980402592568
21.97000 -0.0022945240513600
21.99000 -0.0022910163964434
22.01000 -0.0022875172660583
22.03000 -0.0022840266319307
22.05000 -0.0022805444658689
22.07000 -0.0022770707397739
22.09000 -0.0022736054257087
22.11000 -0.0022701484958707
22.13000 -0.0022666999224993
22.15000 -0.0022632596779927
22.17000 -0.0022598277348811
22.19000 -0.0022564040657469
22.21000 -0.0022529886433375
22.23000 -0.0022495814405500
22.25000 -0.0022461824303958
22.27000 -0.0022427915858332
22.29000 -0.0022394088800664
22.31000 -0.0022360342865309
22.33000 -0.0022326677785031
22.35000 -0.0022293093295254
22.37000 -0.0022259589133015
22.39000 -0.0022226165035759
22.41000 -0.0022192820740610
22.43000 -0.0022159555988320
22.45000 -0.0022126370520052
22.47000 -0.0022093264076519
22.49000 -0.0022060236400979
22.51000 -0.0022027287236676
22.53000 -0.0021994416329464
22.55000 -0.0021961623425183
22.57000 -0.0021928908270048
22.59000 -0.0021896270612829
22.61000 -0.0021863710202728
22.63000 -0.0021831226788859
22.65000 -0.0021798820123241
22.67000 -0.0021766489958397
22.69000 -0.0021734236046859
22.71000 -0.0021702058142265
22.73000 -0.0021669956000649
22.75000 -0.0021637929378212
22.77000 -0.0021605978031946
22.79000 -0.0021574101719810
22.81000 -0.0021542300200519
22.83000 -0.0021510573235106
22.85000 -0.0021478920584933
22.87000 -0.0021447342010750
22.89000 -0.0021415837276019
22.91000 -0.0021384406145789
22.93000 -0.0021353048384202
22.95000 -0.0021321763755976
22.97000 -0.0021290552029794
22.99000 -0.0021259412973919
23.01000 -0.0021228346354384
23.03000 -0.0021197351942380
23.05000 -0.0021166429509793
23.07000 -0.0021135578825934
23.09000 -0.0021104799663641
23.11000 -0.0021074091797534
23.13000 -0.0021043455000519
23.15000 -0.0021012889048650
23.17000 -0.0020982393717361
23.19000 -0.0020951968783073
23.21000 -0.0020921614025175
23.23000 -0.0020891329221691
23.25000 -0.0020861114151696
23.27000 -0.0020830968596250
23.29000 -0.0020800892336258
23.31000 -0.0020770885154057
23.33000 -0.0020740946833589
23.35000 -0.0020711077157402
23.37000 -0.0020681275911247
23.39000 -0.0020651542880710
23.41000 -0.0020621877851968
23.43000 -0.0020592280612961
23.45000 -0.0020562750951172
23.47000 -0.0020533288656027
23.49000 -0.0020503893517477
23.51000 -0.0020474565326167
23.53000 -0.0020445303873483
23.55000 -0.0020416108951542
23.57000 -0.0020386980353971
23.59000 -0.0020357917874952
23.61000 -0.0020328921309165
23.63000 -0.0020299990451328
23.65000 -0.0020271125098674
23.67000 -0.0020242325048926
23.69000 -0.0020213590098319
23.71000 -0.0020184920047594
23.73000 -0.0020156314695448
23.75000 -0.0020127773841427
23.77000 -0.0020099297288490
23.79000 -0.0020070884837269
23.81000 -0.0020042536290032
23.83000 -0.0020014251451601
23.85000 -0.0019986030125635
23.87000 -0.0019957872116625
23.89000 -0.0019929777230879
23.91000 -0.0019901745274913
23.93000 -0.0019873776055595
23.95000 -0.0019845869380907
23.97000 -0.0019818025059960
23.99000 -0.0019790242902229
24.01000 -0.0019762522717647
24.03000 -0.0019734864317295
24.05000 -0.0019707267512792
24.07000 -0.0019679732116059
24.09000 -0.0019652257941247
24.11000 -0.0019624844802114
24.13000 -0.0019597492512229
24.15000 -0.0019570200887460
24.17000 -0.0019542969743757
24.19000 -0.0019515798898033
24.21000 -0.0019488688167454
24.23000 -0.0019461637370040
24.25000 -0.0019434646325114
24.27000 -0.0019407714851272
24.29000 -0.0019380842769420
24.31000 -0.0019354029900056
24.33000 -0.0019327276064563
24.35000 -0.0019300581086398
24.37000 -0.0019273944786653
24.39000 -0.0019247366989323
24.41000 -0.0019220847520654
24.43000 -0.0019194386203204
24.45000 -0.0019167982862836
24.47000 -0.0019141637327260
24.49000 -0.0019115349422392
24.51000 -0.0019089118975559
24.53000 -0.0019062945815260
24.55000 -0.0019036829770503
24.57000 -0.0019010770670685
24.59000 -0.0018984768345995
24.61000 -0.0018958822627464
24.63000 -0.0018932933346648
24.65000 -0.0018907100334312
24.67000 -0.0018881323424395
24.69000 -0.0018855602450421
24.71000 -0.0018829937245615
24.73000 -0.0018804327644918
24.75000 -0.0018778773482932
24.77000 -0.0018753274596716
24.79000 -0.0018727830822185
24.81000 -0.0018702441995703
24.83000 -0.0018677107955517
24.85000 -0.0018651828539584
24.87000 -0.0018626603587889
24.89000 -0.0018601432939002
24.91000 -0.0018576316432117
24.93000 -0.0018551253909193
24.95000 -0.0018526245211418
24.97000 -0.0018501290180623
24.99000 -0.0018476388658588
25.01000 -0.0018451540488849
25.03000 -0.0018426745515265
25.05000 -0.0018402003581310
25.07000 -0.0018377314532324
25.09000 -0.0018352678213836
25.11000 -0.0018328094470889
25.13000 -0.0018303563150737
25.15000 -0.0018279084100379
25.17000 -0.0018254657166938
25.19000 -0.0018230282199632
25.21000 -0.0018205959045954
25.23000 -0.0018181687555940
25.25000 -0.0018157467579321
25.27000 -0.0018133298966232
25.29000 -0.0018109181568055
25.31000 -0.0018085115236145
25.33000 -0.0018061099822668
25.35000 -0.0018037135180177
25.37000 -0.0018013221161323
25.39000 -0.0017989357620056
25.41000 -0.0017965544411201
25.43000 -0.0017941781388592
25.45000 -0.0017918068408179
25.47000 -0.0017894405325955
25.49000 -0.0017870791997228
25.51000 -0.0017847228279413
25.53000 -0.0017823714029712
25.55000 -0.0017800249106859
25.57000 -0.0017776833368247
25.59000 -0.0017753466672900
25.61000 -0.0017730148881101
25.63000 -0.0017706879851971
25.65000 -0.0017683659446055
25.67000 -0.0017660487524695
25.69000 -0.0017637363949049
25.71000 -0.0017614288581211
25.73000 -0.0017591261283522
25.75000 -0.0017568281919377
25.77000 -0.0017545350351771
25.79000 -0.0017522466444083
25.81000 -0.0017499630062033
25.83000 -0.0017476841069912
25.85000 -0.0017454099333686
25.87000 -0.0017431404717847
25.89000 -0.0017408757089491
25.91000 -0.0017386156316907
25.93000 -0.0017363602265412
25.95000 -0.0017341094803661
25.97000 -0.0017318633800038
25.99000 -0.0017296219122965
26.01000 -0.0017273850642160
26.03000 -0.0017251528226796
26.05000 -0.0017229251747363
26.07000 -0.0017207021074099
26.09000 -0.0017184836078645
26.11000 -0.0017162696632000
26.13000 -0.0017140602606448
26.15000 -0.0017118553874979
26.17000 -0.0017096550309439
26.19000 -0.0017074591783615
26.21000 -0.0017052678171958
26.23000 -0.0017030809348138
26.25000 -0.0017008985186470
26.27000 -0.0016987205562601
26.29000 -0.0016965470352295
26.31000 -0.0016943779431675
26.33000 -0.0016922132676843
26.35000 -0.0016900529964109
26.37000 -0.0016878971172190
26.39000 -0.0016857456177487
26.41000 -0.0016835984859236
26.43000 -0.0016814557096346
26.45000 -0.0016793172766457
26.47000 -0.0016771831749751
26.49000 -0.0016750533926540
26.51000 -0.0016729279177000
26.53000 -0.0016708067381300
26.55000 -0.0016686898421702
26.57000 -0.0016665772178966
26.59000 -0.0016644688534493
26.61000 -0.0016623647372426
26.63000 -0.0016602648574527
26.65000 -0.0016581692023650
26.67000 -0.0016560777604304
26.69000 -0.0016539905199547
26.71000 -0.0016519074695434
26.73000 -0.0016498285975792
26.75000 -0.0016477538925220
26.77000 -0.0016456833430226
26.79000 -0.0016436169376620
26.81000 -0.0016415546651776
26.83000 -0.0016394965140915
26.85000 -0.0016374424731959
26.87000 -0.0016353925313788
26.89000 -0.0016333466772704
26.91000 -0.0016313048997425
26.93000 -0.0016292671876879
26.95000 -0.0016272335300221
26.97000 -0.0016252039157907
26.99000 -0.0016231783338869
27.01000 -0.0016211567733360
27.03000 -0.0016191392232424
27.05000 -0.0016171256727323
27.07000 -0.0016151161109577
27.09000 -0.0016131105270343
27.11000 -0.0016111089102017
27.13000 -0.0016091112497537
27.15000 -0.0016071175349818
27.17000 -0.0016051277551551
27.19000 -0.0016031418996893
27.21000 -0.0016011599580397
27.23000 -0.0015991819195435
27.25000 -0.0015972077736695
27.27000 -0.0015952375100323
27.29000 -0.0015932711181134
27.31000 -0.0015913085874782
27.33000 -0.0015893499078407
27.35000 -0.0015873950687309
27.37000 -0.0015854440598663
27.39000 -0.0015834968710488
27.41000 -0.0015815534919775
27.43000 -0.0015796139124252
27.45000 -0.0015776781222670
27.47000 -0.0015757461113424
27.49000 -0.0015738178695157
27.51000 -0.0015718933868187
27.53000 -0.0015699726531485
27.55000 -0.0015680556584416
27.57000 -0.0015661423928344
27.59000 -0.0015642328463899
27.61000 -0.0015623270091453
27.63000 -0.0015604248712463
27.65000 -0.0015585264228776
27.67000 -0.0015566316542580
27.69000 -0.0015547405556214
27.71000 -0.0015528531172005
27.73000 -0.0015509693292657
27.75000 -0.0015490891822483
27.77000 -0.0015472126664379
27.79000 -0.0015453397721951
27.81000 -0.0015434704900049
27.83000 -0.0015416048103714
27.85000 -0.0015397427237563
27.87000 -0.0015378842206079
27.89000 -0.0015360292915344
27.91000 -0.0015341779271076
27.93000 -0.0015323301180257
27.95000 -0.0015304858548793
27.97000 -0.0015286451283340
27.99000 -0.0015268079290468
28.01000 -0.0015249742478726
28.03000 -0.0015231440756141
28.05000 -0.0015213174028726
28.07000 -0.0015194942206755
28.09000 -0.0015176745198300
28.11000 -0.0015158582912234
28.13000 -0.0015140455258117
28.15000 -0.0015122362144668
28.17000 -0.0015104303482356
28.19000 -0.0015086279181750
28.21000 -0.0015068289152798
28.23000 -0.0015050333305973
28.25000 -0.0015032411552560
28.27000 -0.0015014523804680
28.29000 -0.0014996669972919
28.31000 -0.0014978849969036
28.33000 -0.0014961063706190
28.35000 -0.0014943311096042
28.37000 -0.0014925592052145
28.39000 -0.0014907906487809
28.41000 -0.0014890254314878
28.43000 -0.0014872635447932
28.45000 -0.0014855049801241
28.47000 -0.0014837497288600
28.49000 -0.0014819977824214
28.51000 -0.0014802491323275
28.53000 -0.0014785037701029
28.55000 -0.0014767616872326
28.57000 -0.0014750228752667
28.59000 -0.0014732873257946
28.61000 -0.0014715550305509
28.63000 -0.0014698259810414
28.65000 -0.0014681001689283
28.67000 -0.0014663775860311
28.69000 -0.0014646582239412
28.71000 -0.0014629420744787
28.73000 -0.0014612291294393
28.75000 -0.0014595193805643
28.77000 -0.0014578128197400
28.79000 -0.0014561094387956
28.81000 -0.0014544092296095
28.83000 -0.0014527121840911
28.85000 -0.0014510182941996
28.87000 -0.0014493275518899
28.89000 -0.0014476399491374
28.91000 -0.0014459554779140
28.93000 -0.0014442741304320
28.95000 -0.0014425958985471
28.97000 -0.0014409207743937
28.99000 -0.0014392487502025
29.01000 -0.0014375798179536
29.03000 -0.0014359139699887
29.05000 -0.0014342511984012
29.07000 -0.0014325914953572
29.09000 -0.0014309348532213
29.11000 -0.0014292812641738
29.13000 -0.0014276307205330
29.15000 -0.0014259832146301
29.17000 -0.0014243387387627
29.19000 -0.0014226972853432
29.21000 -0.0014210588467077
29.23000 -0.0014194234153109
29.25000 -0.0014177909836060
29.27000 -0.0014161615440321
29.29000 -0.0014145350890557
29.31000 -0.0014129116111927
29.33000 -0.0014112911030238
29.35000 -0.0014096735570714
29.37000 -0.0014080589658884
29.39000 -0.0014064473221012
29.41000 -0.0014048386184060
29.43000 -0.0014032328473644
29.45000 -0.0014016300016984
29.47000 -0.0014000300740868
29.49000 -0.0013984330572159
29.51000 -0.0013968389439208
29.53000 -0.0013952477268710
29.55000 -0.0013936593989180
29.57000 -0.0013920739528755
29.59000 -0.0013904913815376
29.61000 -0.0013889116777980
29.63000 -0.0013873348345623
29.65000 -0.0013857608446524
29.67000 -0.0013841897010724
29.69000 -0.0013826213966992
29.71000 -0.0013810559245812
29.73000 -0.0013794932776745
29.75000 -0.0013779334488968
29.77000 -0.0013763764314725
29.79000 -0.0013748222183367
29.81000 -0.0013732708025684
29.83000 -0.0013717221773477
29.85000 -0.0013701763357228
29.87000 -0.0013686332708000
29.89000 -0.0013670929758498
29.91000 -0.0013655554440228
29.93000 -0.0013640206685064
29.95000 -0.0013624886425219
29.97000 -0.0013609593593533
29.99000 -0.0013594328122934
30.01000 -0.0013579089945758
30.03000 -0.0013563878994782
30.05000 -0.0013548695204420
30.07000 -0.0013533538507581
30.09000 -0.0013518408838176
30.11000 -0.0013503306130149
30.13000 -0.0013488230317459
30.15000 -0.0013473181335337
30.17000 -0.0013458159116989
30.19000 -0.0013443163597979
30.21000 -0.0013428194713041
30.23000 -0.0013413252397961
30.25000 -0.0013398336587380
30.27000 -0.0013383447217093
30.29000 -0.0013368584223127
30.31000 -0.0013353747540724
30.33000 -0.0013338937107061
30.35000 -0.0013324152857612
30.37000 -0.0013309394729482
30.39000 -0.0013294662659028
30.41000 -0.0013279956583749
30.43000 -0.0013265276440790
30.45000 -0.0013250622166663
30.47000 -0.0013235993699556
30.49000 -0.0013221390976294
30.51000 -0.0013206813936517
30.53000 -0.0013192262517656
30.55000 -0.0013177736656253
30.57000 -0.0013163236293135
30.59000 -0.0013148761365592
30.61000 -0.0013134311813136
30.63000 -0.0013119887574963
30.65000 -0.0013105488589277
30.67000 -0.0013091114796335
30.69000 -0.0013076766135607
30.71000 -0.0013062442546919
30.73000 -0.0013048143969394
30.75000 -0.0013033870344526
30.77000 -0.0013019621612077
30.79000 -0.0013005397712365
30.81000 -0.0012991198585648
30.83000 -0.0012977024173533
30.85000 -0.0012962874417286
30.87000 -0.0012948749257132
30.89000 -0.0012934648635305
30.91000 -0.0012920572492944
30.93000 -0.0012906520772284
30.95000 -0.0012892493414479
30.97000 -0.0012878490362209
30.99000 -0.0012864511558193
31.01000 -0.0012850556943166
31.03000 -0.0012836626461729
31.05000 -0.0012822720056143
31.07000 -0.0012808837667907
31.09000 -0.0012794979242079
31.11000 -0.0012781144721837
31.13000 -0.0012767334049310
31.15000 -0.0012753547168556
31.17000 -0.0012739784024529
31.19000 -0.0012726044560224
31.21000 -0.0012712328719864
31.23000 -0.0012698636447673
31.25000 -0.0012684967688709
31.27000 -0.0012671322387615
31.29000 -0.0012657700488273
31.31000 -0.0012644101936551
31.33000 -0.0012630526677381
31.35000 -0.0012616974655893
31.37000 -0.0012603445818050
31.39000 -0.0012589940108597
31.41000 -0.0012576457474509
31.43000 -0.0012562997860943
31.45000 -0.0012549561213947
31.47000 -0.0012536147480563
31.49000 -0.0012522756605492
31.51000 -0.0012509388537838
31.53000 -0.0012496043223638
31.55000 -0.0012482720607520
31.57000 -0.0012469420639428
31.59000 -0.0012456143265206
31.61000 -0.0012442888431863
31.63000 -0.0012429656088488
31.65000 -0.0012416446181618
31.67000 -0.0012403258659633
31.69000 -0.0012390093469911
31.71000 -0.0012376950560573
31.73000 -0.0012363829880635
31.75000 -0.0012350731378541
31.77000 -0.0012337655002555
31.79000 -0.0012324600701281
31.81000 -0.0012311568423884
31.83000 -0.0012298558119566
31.85000 -0.0012285569736767
31.87000 -0.0012272603225701
31.89000 -0.0012259658536285
31.91000 -0.0012246735616716
31.93000 -0.0012233834417768
31.95000 -0.0012220954889549
31.97000 -0.0012208096981835
31.99000 -0.0012195260644523
32.01000 -0.0012182445828453
32.03000 -0.0012169652484450
32.05000 -0.0012156880562567
32.07000 -0.0012144130013849
32.09000 -0.0012131400789236
32.11000 -0.0012118692839753
32.13000 -0.0012106006117225
32.15000 -0.0012093340572407
32.17000 -0.0012080696156961
32.19000 -0.0012068072822623
32.21000 -0.0012055470521349
32.23000 -0.0012042889205515
32.25000 -0.0012030328825621
32.27000 -0.0012017789335112
32.29000 -0.0012005270687219
32.31000 -0.0011992772832563
32.33000 -0.0011980295724877
32.35000 -0.0011967839317115
32.37000 -0.0011955403560753
32.39000 -0.0011942988410807
32.41000 -0.0011930593819792
32.43000 -0.0011918219740327
32.45000 -0.0011905866126390
32.47000 -0.0011893532931411
32.49000 -0.0011881220109488
32.51000 -0.0011868927614536
32.53000 -0.0011856655400178
32.55000 -0.0011844403420435
32.57000 -0.0011832171629304
32.59000 -0.0011819959981964
32.61000 -0.0011807768433410
32.63000 -0.0011795596936679
32.65000 -0.0011783445447092
32.67000 -0.0011771313920417
32.69000 -0.0011759202311234
32.71000 -0.0011747110574304
32.73000 -0.0011735038664824
32.75000 -0.0011722986539212
32.77000 -0.0011710954151922
32.79000 -0.0011698941459278
32.81000 -0.0011686948417272
32.83000 -0.0011674974981361
32.85000 -0.0011663021107192
32.87000 -0.0011651086751089
32.89000 -0.0011639171871001
32.91000 -0.0011627276421770
32.93000 -0.0011615400359739
32.95000 -0.0011603543642297
32.97000 -0.0011591706226243
32.99000 -0.0011579888068221
33.01000 -0.0011568089125046
33.03000 -0.0011556309354481
33.05000 -0.0011544548713735
33.07000 -0.0011532807159739
33.09000 -0.0011521084650216
33.11000 -0.0011509381143288
33.13000 -0.0011497696595596
33.15000 -0.0011486030966215
33.17000 -0.0011474384212938
33.19000 -0.0011462756292887
33.21000 -0.0011451147166126
33.23000 -0.0011439556788630
33.25000 -0.0011427985120843
33.27000 -0.0011416432121238
33.29000 -0.0011404897746947
33.31000 -0.0011393381958283
33.33000 -0.0011381884713729
33.35000 -0.0011370405972326
33.37000 -0.0011358945693360
33.39000 -0.0011347503836048
33.41000 -0.0011336080358849
33.43000 -0.0011324675222836
33.45000 -0.0011313288387535
33.47000 -0.0011301919811897
33.49000 -0.0011290569455252
33.51000 -0.0011279237278295
33.53000 -0.0011267923241896
33.55000 -0.0011256627305005
33.57000 -0.0011245349428284
33.59000 -0.0011234089572071
33.61000 -0.0011222847697624
33.63000 -0.0011211623764403
33.65000 -0.0011200417733938
33.67000 -0.0011189229567267
33.69000 -0.0011178059223755
33.71000 -0.0011166906666311
33.73000 -0.0011155771855565
33.75000 -0.0011144654752363
33.77000 -0.0011133555319004
33.79000 -0.0011122473515785
33.81000 -0.0011111409304628
33.83000 -0.0011100362647974
33.85000 -0.0011089333506184
33.87000 -0.0011078321843067
33.89000 -0.0011067327620415
33.91000 -0.0011056350797944
33.93000 -0.0011045391340445
33.95000 -0.0011034449209266
33.97000 -0.0011023524366842
33.99000 -0.0011012616776024
34.01000 -0.0011001726399594
34.03000 -0.0010990853199360
34.05000 -0.0010979997138168
34.07000 -0.0010969158181035
34.09000 -0.0010958336288903
34.11000 -0.0010947531425346
34.13000 -0.0010936743554663
34.15000 -0.0010925972638519
34.17000 -0.0010915218640991
34.19000 -0.0010904481526796
34.21000 -0.0010893761258122
34.23000 -0.0010883057799535
34.25000 -0.0010872371114676
34.27000 -0.0010861701166937
34.29000 -0.0010851047921559
34.31000 -0.0010840411341700
34.33000 -0.0010829791392135
34.35000 -0.0010819188036769
34.37000 -0.0010808601240442
34.39000 -0.0010798030967420
34.41000 -0.0010787477182008
34.43000 -0.0010776939849929
34.45000 -0.0010766418935155
34.47000 -0.0010755914403393
34.49000 -0.0010745426218992
34.51000 -0.0010734954346903
34.53000 -0.0010724498752487
34.55000 -0.0010714059401480
34.57000 -0.0010703636259360
34.59000 -0.0010693229290916
34.61000 -0.0010682838461572
34.63000 -0.0010672463738738
34.65000 -0.0010662105086409
34.67000 -0.0010651762470240
34.69000 -0.0010641435857470
34.71000 -0.0010631125214244
34.73000 -0.0010620830505718
34.75000 -0.0010610551697001
34.77000 -0.0010600288757585
34.79000 -0.0010590041651968
34.81000 -0.0010579810345765
34.83000 -0.0010569594807722
34.85000 -0.0010559395003064
34.87000 -0.0010549210898953
34.89000 -0.0010539042462033
34.91000 -0.0010528889659264
34.93000 -0.0010518752458391
34.95000 -0.0010508630825349
34.97000 -0.0010498524728168
34.99000 -0.0010488434134239
35.01000 -0.0010478359010251
35.03000 -0.0010468299324441
35.05000 -0.0010458255043650
35.07000 -0.0010448226135932
35.09000 -0.0010438212569471
35.11000 -0.0010428214311156
35.13000 -0.0010418231329031
35.15000 -0.0010408263591935
35.17000 -0.0010398311066848
35.19000 -0.0010388373722727
35.21000 -0.0010378451527522
35.23000 -0.0010368544449097
35.25000 -0.0010358652457051
35.27000 -0.0010348775518765
35.29000 -0.0010338913603474
35.31000 -0.0010329066679334
35.33000 -0.0010319234715237
35.35000 -0.0010309417680874
35.37000 -0.0010299615543589
35.39000 -0.0010289828272845
35.41000 -0.0010280055838355
35.43000 -0.0010270298209596
35.45000 -0.0010260555355085
35.47000 -0.0010250827243576
35.49000 -0.0010241113845043
35.51000 -0.0010231415129539
35.53000 -0.0010221731066325
35.55000 -0.0010212061624390
35.57000 -0.0010202406773917
35.59000 -0.0010192766484997
35.61000 -0.0010183140726824
35.63000 -0.0010173529469452
35.65000 -0.0010163932683987
35.67000 -0.0010154350339827
35.69000 -0.0010144782406325
35.71000 -0.0010135228854790
35.73000 -0.0010125689655640
35.75000 -0.0010116164778596
35.77000 -0.0010106654194560
35.79000 -0.0010097157874163
35.81000 -0.0010087675787992
35.83000 -0.0010078207906611
35.85000 -0.0010068754201663
35.87000 -0.0010059314642627
35.89000 -0.0010049889201278
35.91000 -0.0010040477848738
35.93000 -0.0010031080556165
35.95000 -0.0010021697294551
35.97000 -0.0010012328034711
35.99000 -0.0010002972748818
36.01000 -0.0009993631408215
36.03000 -0.0009984303983657
36.05000 -0.0009974990446890
36.07000 -0.0009965690770422
36.09000 -0.0009956404924580
36.11000 -0.0009947132882314
36.13000 -0.0009937874615197
36.15000 -0.0009928630094550
36.17000 -0.0009919399293623
36.19000 -0.0009910182183311
36.21000 -0.0009900978735947
36.23000 -0.0009891788924232
36.25000 -0.0009882612720142
36.27000 -0.0009873450096095
36.29000 -0.0009864301024713
36.31000 -0.0009855165477915
36.33000 -0.0009846043428677
36.35000 -0.0009836934850111
36.37000 -0.0009827839713965
36.39000 -0.0009818757993975
36.41000 -0.0009809689661759
36.43000 -0.0009800634691762
36.45000 -0.0009791593056517
36.47000 -0.0009782564727636
36.49000 -0.0009773549680177
36.51000 -0.0009764547886660
36.53000 -0.0009755559320531
36.55000 -0.0009746583954173
36.57000 -0.0009737621761984
36.59000 -0.0009728672717139
36.61000 -0.0009719736793308
36.63000 -0.0009710813964039
36.65000 -0.0009701904202558
36.67000 -0.0009693007483464
36.69000 -0.0009684123780292
36.71000 -0.0009675253066607
36.73000 -0.0009666395316169
36.75000 -0.0009657550503414
36.77000 -0.0009648718602281
36.79000 -0.0009639899587751
36.81000 -0.0009631093432467
36.83000 -0.0009622300111709
36.85000 -0.0009613519599672
36.87000 -0.0009604751870096
36.89000 -0.0009595996898902
36.91000 -0.0009587254659371
36.93000 -0.0009578525126086
36.95000 -0.0009569808274553
36.97000 -0.0009561104079605
36.99000 -0.0009552412515242
37.01000 -0.0009543733555627
37.03000 -0.0009535067177509
37.05000 -0.0009526413355141
37.07000 -0.0009517772063009
37.09000 -0.0009509143276707
37.11000 -0.0009500526971122
37.13000 -0.0009491923122060
37.15000 -0.0009483331704377
37.17000 -0.0009474752693685
37.19000 -0.0009466186064979
37.21000 -0.0009457631794166
37.23000 -0.0009449089856486
37.25000 -0.0009440560227735
37.27000 -0.0009432042883724
37.29000 -0.0009423537799568
37.31000 -0.0009415044951983
37.33000 -0.0009406564316340
37.35000 -0.0009398095868379
37.37000 -0.0009389639583250
37.39000 -0.0009381195439192
37.41000 -0.0009372763411630
37.43000 -0.0009364343474456
37.45000 -0.0009355935606182
37.47000 -0.0009347539782903
37.49000 -0.0009339155980201
37.51000 -0.0009330784175037
37.53000 -0.0009322424343482
37.55000 -0.0009314076462078
37.57000 -0.0009305740507568
37.59000 -0.0009297416456198
37.61000 -0.0009289104285118
37.63000 -0.0009280803970932
37.65000 -0.0009272515490544
37.67000 -0.0009264238820567
37.69000 -0.0009255973937687
37.71000 -0.0009247720819370
37.73000 -0.0009239479442244
37.75000 -0.0009231249784122
37.77000 -0.0009223031821740
37.79000 -0.0009214825531514
37.81000 -0.0009206630891514
37.83000 -0.0009198447879359
37.85000 -0.0009190276471763
37.87000 -0.0009182116645889
37.89000 -0.0009173968379962
37.91000 -0.0009165831651960
37.93000 -0.0009157706437660
37.95000 -0.0009149592716120
37.97000 -0.0009141490465389
37.99000 -0.0009133399661403
38.01000 -0.0009125320284063
38.03000 -0.0009117252310057
38.05000 -0.0009109195716770
38.07000 -0.0009101150483868
38.09000 -0.0009093116588101
38.11000 -0.0009085094007423
38.13000 -0.0009077082720846
38.15000 -0.0009069082706963
38.17000 -0.0009061093941913
38.19000 -0.0009053116405554
38.21000 -0.0009045150077085
38.23000 -0.0009037194932162
38.25000 -0.0009029250951738
38.27000 -0.0009021318113385
38.29000 -0.0009013396395520
38.31000 -0.0009005485777127
38.33000 -0.0008997586236490
38.35000 -0.0008989697752553
38.37000 -0.0008981820304296
38.39000 -0.0008973953870309
38.41000 -0.0008966098429065
38.43000 -0.0008958253960128
38.45000 -0.0008950420442343
38.47000 -0.0008942597854412
38.49000 -0.0008934786175578
38.51000 -0.0008926985385544
38.53000 -0.0008919195462455
38.55000 -0.0008911416385803
38.57000 -0.0008903648135788
38.59000 -0.0008895890690229
38.61000 -0.0008888144029820
38.63000 -0.0008880408134246
38.65000 -0.0008872682980938
38.67000 -0.0008864968551021
38.69000 -0.0008857264824355
38.71000 -0.0008849571779549
38.73000 -0.0008841889396578
38.75000 -0.0008834217655946
38.77000 -0.0008826556536146
38.79000 -0.0008818906017710
38.81000 -0.0008811266081296
38.83000 -0.0008803636705073
38.85000 -0.0008796017870034
38.87000 -0.0008788409556380
38.89000 -0.0008780811743683
38.91000 -0.0008773224412152
38.93000 -0.0008765647542309
38.95000 -0.0008758081113951
38.97000 -0.0008750525107644
38.99000 -0.0008742979503616
39.01000 -0.0008735444281613
39.03000 -0.0008727919423359
39.05000 -0.0008720404907787
39.07000 -0.0008712900716172
39.09000 -0.0008705406829498
39.11000 -0.0008697923227537
39.13000 -0.0008690449891806
39.15000 -0.0008682986801397
39.17000 -0.0008675533938318
39.19000 -0.0008668091283087
39.21000 -0.0008660658816230
39.23000 -0.0008653236520093
39.25000 -0.0008645824373549
39.27000 -0.0008638422358061
39.29000 -0.0008631030455423
39.31000 -0.0008623648646247
39.33000 -0.0008616276911257
39.35000 -0.0008608915232067
39.37000 -0.0008601563589675
39.39000 -0.0008594221965026
39.41000 -0.0008586890340194
39.43000 -0.0008579568696041
39.45000 -0.0008572257013516
39.47000 -0.0008564955274010
39.49000 -0.0008557663459771
39.51000 -0.0008550381552303
39.53000 -0.0008543109532247
39.55000 -0.0008535847381128
39.57000 -0.0008528595081734
39.59000 -0.0008521352615640
39.61000 -0.0008514119962882
39.63000 -0.0008506897106595
39.65000 -0.0008499684028474
39.67000 -0.0008492480709564
39.69000 -0.0008485287132743
39.71000 -0.0008478103280076
39.73000 -0.0008470929132969
39.75000 -0.0008463764672579
39.77000 -0.0008456609882050
39.79000 -0.0008449464743498
39.81000 -0.0008442329239178
39.83000 -0.0008435203350418
39.85000 -0.0008428087059805
39.87000 -0.0008420980350414
39.89000 -0.0008413883202740
39.91000 -0.0008406795601094
39.93000 -0.0008399717527003
39.95000 -0.0008392648962375
39.97000 -0.0008385589891123
39.99000 -0.0008378540293877
40.01000 -0.0008371500154360
40.03000 -0.0008364469455098
40.05000 -0.0008357448178760
40.07000 -0.0008350436307776
40.09000 -0.0008343433824206
40.11000 -0.0008336440712152
40.13000 -0.0008329456954043
40.15000 -0.0008322482531938
40.17000 -0.0008315517428815
40.19000 -0.0008308561628608
40.21000 -0.0008301615113830
40.23000 -0.0008294677866877
40.25000 -0.0008287749871212
40.27000 -0.0008280831109393
40.29000 -0.0008273921565946
40.31000 -0.0008267021223200
40.33000 -0.0008260130063240
40.35000 -0.0008253248070526
40.37000 -0.0008246375228402
40.39000 -0.0008239511520187
40.41000 -0.0008232656928330
40.43000 -0.0008225811436749
40.45000 -0.0008218975029069
40.47000 -0.0008212147688928
40.49000 -0.0008205329399114
40.51000 -0.0008198520143153
40.53000 -0.0008191719905975
40.55000 -0.0008184928669458
40.57000 -0.0008178146417779
40.59000 -0.0008171373135918
40.61000 -0.0008164608805848
40.63000 -0.0008157853411870
40.65000 -0.0008151106938166
40.67000 -0.0008144369368105
40.69000 -0.0008137640686297
40.71000 -0.0008130920875759
40.73000 -0.0008124209920756
40.75000 -0.0008117507805532
40.77000 -0.0008110814513950
40.79000 -0.0008104130030456
40.81000 -0.0008097454338259
40.83000 -0.0008090787421935
40.85000 -0.0008084129265630
40.87000 -0.0008077479853546
40.89000 -0.0008070839170463
40.91000 -0.0008064207200262
40.93000 -0.0008057583926440
40.95000 -0.0008050969334488
40.97000 -0.0008044363409253
40.99000 -0.0008037766133027
41.01000 -0.0008031177491607
41.03000 -0.0008024597470351
41.05000 -0.0008018026052097
41.07000 -0.0008011463222378
41.09000 -0.0008004908965479
41.11000 -0.0007998363265978
41.13000 -0.0007991826109367
41.15000 -0.0007985297478702
41.17000 -0.0007978777360252
41.19000 -0.0007972265738533
41.21000 -0.0007965762597391
41.23000 -0.0007959267922639
41.25000 -0.0007952781699064
41.27000 -0.0007946303911126
41.29000 -0.0007939834543594
41.31000 -0.0007933373582325
41.33000 -0.0007926921011853
41.35000 -0.0007920476816749
41.37000 -0.0007914040983433
41.39000 -0.0007907613495702
41.41000 -0.0007901194338147
41.43000 -0.0007894783498763
41.45000 -0.0007888380960368
41.47000 -0.0007881986707657
41.49000 -0.0007875600728288
41.51000 -0.0007869223006537
41.53000 -0.0007862853526875
41.55000 -0.0007856492275118
41.57000 -0.0007850139237363
41.59000 -0.0007843794398635
41.61000 -0.0007837457744706
41.63000 -0.0007831129260009
41.65000 -0.0007824808931148
41.67000 -0.0007818496744306
41.69000 -0.0007812192683349
41.71000 -0.0007805896734007
41.73000 -0.0007799608884210
41.75000 -0.0007793329117967
41.77000 -0.0007787057419916
41.79000 -0.0007780793778182
41.81000 -0.0007774538177318
41.83000 -0.0007768290603844
41.85000 -0.0007762051042783
41.87000 -0.0007755819479922
41.89000 -0.0007749595902242
41.91000 -0.0007743380294878
41.93000 -0.0007737172643663
41.95000 -0.0007730972935786
41.97000 -0.0007724781156516
41.99000 -0.0007718597291546
42.01000 -0.0007712421327471
42.03000 -0.0007706253250055
42.05000 -0.0007700093046446
42.07000 -0.0007693940702249
42.09000 -0.0007687796202976
42.11000 -0.0007681659535534
42.13000 -0.0007675530686864
42.15000 -0.0007669409642900
42.17000 -0.0007663296389005
42.19000 -0.0007657190912839
42.21000 -0.0007651093200152
42.23000 -0.0007645003237635
42.25000 -0.0007638921011959
42.27000 -0.0007632846509218
42.29000 -0.0007626779716476
42.31000 -0.0007620720619354
42.33000 -0.0007614669204880
42.35000 -0.0007608625460893
42.37000 -0.0007602589372925
42.39000 -0.0007596560926669
42.41000 -0.0007590540110746
42.43000 -0.0007584526911214
42.45000 -0.0007578521314481
42.47000 -0.0007572523307725
42.49000 -0.0007566532877621
42.51000 -0.0007560550011457
42.53000 -0.0007554574694934
42.55000 -0.0007548606916325
42.57000 -0.0007542646662767
42.59000 -0.0007536693919235
42.61000 -0.0007530748674911
42.63000 -0.0007524810915843
42.65000 -0.0007518880628583
42.67000 -0.0007512957801601
42.69000 -0.0007507042420921
42.71000 -0.0007501134474251
42.73000 -0.0007495233948459
42.75000 -0.0007489340830848
42.77000 -0.0007483455108611
42.79000 -0.0007477576769055
42.81000 -0.0007471705800040
42.83000 -0.0007465842187557
42.85000 -0.0007459985920015
42.87000 -0.0007454136984581
42.89000 -0.0007448295368538
42.91000 -0.0007442461059148
42.93000 -0.0007436634044467
42.95000 -0.0007430814311414
42.97000 -0.0007425001847410
42.99000 -0.0007419196640816
43.01000 -0.0007413398678306
43.03000 -0.0007407607947308
43.05000 -0.0007401824436394
43.07000 -0.0007396048133667
43.09000 -0.0007390279024413
43.11000 -0.0007384517098514
43.13000 -0.0007378762343430
43.15000 -0.0007373014745336
43.17000 -0.0007367274293747
43.19000 -0.0007361540976214
43.21000 -0.0007355814780127
43.23000 -0.0007350095693156
43.25000 -0.0007344383703074
43.27000 -0.0007338678798970
43.29000 -0.0007332980967748
43.31000 -0.0007327290197787
43.33000 -0.0007321606477017
43.35000 -0.0007315929792521
43.37000 -0.0007310260134111
43.39000 -0.0007304597488888
43.41000 -0.0007298941844445
43.43000 -0.0007293293190033
43.45000 -0.0007287651513117
43.47000 -0.0007282016801084
43.49000 -0.0007276389044143
43.51000 -0.0007270768229126
43.53000 -0.0007265154343876
43.55000 -0.0007259547377933
43.57000 -0.0007253947319198
43.59000 -0.0007248354155230
43.61000 -0.0007242767875033
43.63000 -0.0007237188467478
43.65000 -0.0007231615919689
43.67000 -0.0007226050220679
43.69000 -0.0007220491359409
43.71000 -0.0007214939323931
43.73000 -0.0007209394102469
43.75000 -0.0007203855683874
43.77000 -0.0007198324056870
43.79000 -0.0007192799209322
43.81000 -0.0007187281130379
43.83000 -0.0007181769808996
43.85000 -0.0007176265233277
43.87000 -0.0007170767391648
43.89000 -0.0007165276273437
43.91000 -0.0007159791866957
43.93000 -0.0007154314160883
43.95000 -0.0007148843144916
43.97000 -0.0007143378806284
43.99000 -0.0007137921135143
44.01000 -0.0007132470119432
44.03000 -0.0007127025747878
44.05000 -0.0007121588011331
44.07000 -0.0007116156896459
44.09000 -0.0007110732392348
44.11000 -0.0007105314489658
44.13000 -0.0007099903175408
44.15000 -0.0007094498439597
44.17000 -0.0007089100271579
44.19000 -0.0007083708659835
44.21000 -0.0007078323593260
44.23000 -0.0007072945061210
44.25000 -0.0007067573053012
44.27000 -0.0007062207557313
44.29000 -0.0007056848564204
44.31000 -0.0007051496062156
44.33000 -0.0007046150039989
44.35000 -0.0007040810487650
44.37000 -0.0007035477393801
44.39000 -0.0007030150748513
44.41000 -0.0007024830541073
44.43000 -0.0007019516759814
44.45000 -0.0007014209394181
44.47000 -0.0007008908434233
44.49000 -0.0007003613870291
44.51000 -0.0006998325689913
44.53000 -0.0006993043882070
44.55000 -0.0006987768438726
44.57000 -0.0006982499348117
44.59000 -0.0006977236598622
44.61000 -0.0006971980181485
44.63000 -0.0006966730085355
44.65000 -0.0006961486300212
44.67000 -0.0006956248815270
44.69000 -0.0006951017620203
44.71000 -0.0006945792704820
44.73000 -0.0006940574058405
44.75000 -0.0006935361671086
44.77000 -0.0006930155532805
44.79000 -0.0006924955632742
44.81000 -0.0006919761960073
44.83000 -0.0006914574506062
44.85000 -0.0006909393259189
44.87000 -0.0006904218209607
44.89000 -0.0006899049348024
44.91000 -0.0006893886662824
44.93000 -0.0006888730144959
44.95000 -0.0006883579784248
44.97000 -0.0006878435569603
44.99000 -0.0006873297491863
45.01000 -0.0006868165541399
45.03000 -0.0006863039706898
45.05000 -0.0006857919978994
45.07000 -0.0006852806347569
45.09000 -0.0006847698803512
45.11000 -0.0006842597336124
45.13000 -0.0006837501934983
45.15000 -0.0006832412591223
45.17000 -0.0006827329294164
45.19000 -0.0006822252034292
45.21000 -0.0006817180801625
45.23000 -0.0006812115587006
45.25000 -0.0006807056379689
45.27000 -0.0006802003170218
45.29000 -0.0006796955949081
45.31000 -0.0006791914706035
45.33000 -0.0006786879432351
45.35000 -0.0006781850117545
45.37000 -0.0006776826750897
45.39000 -0.0006771809325235
45.41000 -0.0006766797829358
45.43000 -0.0006761792253203
45.45000 -0.0006756792588724
45.47000 -0.0006751798824613
45.49000 -0.0006746810952576
45.51000 -0.0006741828963310
45.53000 -0.0006736852845677
45.55000 -0.0006731882591166
45.57000 -0.0006726918191369
45.59000 -0.0006721959634316
45.61000 -0.0006717006912829
45.63000 -0.0006712060016744
45.65000 -0.0006707118935776
45.67000 -0.0006702183662001
45.69000 -0.0006697254184552
45.71000 -0.0006692330495605
45.73000 -0.0006687412585245
45.75000 -0.0006682500443508
45.77000 -0.0006677594062101
45.79000 -0.0006672693430797
45.81000 -0.0006667798540802
45.83000 -0.0006662909383630
45.85000 -0.0006658025949083
45.87000 -0.0006653148227726
45.89000 -0.0006648276211341
45.91000 -0.0006643409889863
45.93000 -0.0006638549254588
45.95000 -0.0006633694297380
45.97000 -0.0006628845007574
45.99000 -0.0006624001376530
46.01000 -0.0006619163395911
46.03000 -0.0006614331055305
46.05000 -0.0006609504346569
46.07000 -0.0006604683261419
46.09000 -0.0006599867789547
46.11000 -0.0006595057922303
46.13000 -0.0006590253650980
46.15000 -0.0006585454967057
46.17000 -0.0006580661860789
46.19000 -0.0006575874323654
46.21000 -0.0006571092347039
46.23000 -0.0006566315920919
46.25000 -0.0006561545038068
46.27000 -0.0006556779688637
46.29000 -0.0006552019863774
46.31000 -0.0006547265555799
46.33000 -0.0006542516754978
46.35000 -0.0006537773452453
46.37000 -0.0006533035639236
46.39000 -0.0006528303307563
46.41000 -0.0006523576448682
46.43000 -0.0006518855053164
46.45000 -0.0006514139112651
46.47000 -0.0006509428618378
46.49000 -0.0006504723562240
46.51000 -0.0006500023935010
46.53000 -0.0006495329728051
46.55000 -0.0006490640933374
46.57000 -0.0006485957542098
46.59000 -0.0006481279546044
46.61000 -0.0006476606935800
46.63000 -0.0006471939702771
46.65000 -0.0006467277839651
46.67000 -0.0006462621337958
46.69000 -0.0006457970187890
46.71000 -0.0006453324381681
46.73000 -0.0006448683911416
46.75000 -0.0006444048767824
46.77000 -0.0006439418943637
46.79000 -0.0006434794429055
46.81000 -0.0006430175216065
46.83000 -0.0006425561297463
46.85000 -0.0006420952664172
46.87000 -0.0006416349307648
46.89000 -0.0006411751219461
46.91000 -0.0006407158391904
46.93000 -0.0006402570816568
46.95000 -0.0006397988484967
46.97000 -0.0006393411389246
46.99000 -0.0006388839520513
47.01000 -0.0006384272871766
47.03000 -0.0006379711433924
47.05000 -0.0006375155197999
47.07000 -0.0006370604158298
47.09000 -0.0006366058304647
47.11000 -0.0006361517629135
47.13000 -0.0006356982124095
47.15000 -0.0006352451781664
47.17000 -0.0006347926593990
47.19000 -0.0006343406552180
47.21000 -0.0006338891648381
47.23000 -0.0006334381874514
47.25000 -0.0006329877223600
47.27000 -0.0006325377686348
47.29000 -0.0006320883255114
47.31000 -0.0006316393922813
47.33000 -0.0006311909680503
47.35000 -0.0006307430520488
47.37000 -0.0006302956434803
47.39000 -0.0006298487415849
47.41000 -0.0006294023456295
47.43000 -0.0006289564546795
47.45000 -0.0006285110680928
47.47000 -0.0006280661850236
47.49000 -0.0006276218046112
47.51000 -0.0006271779262450
47.53000 -0.0006267345490170
47.55000 -0.0006262916721553
47.57000 -0.0006258492950023
47.59000 -0.0006254074167176
47.61000 -0.0006249660364435
47.63000 -0.0006245251534532
47.65000 -0.0006240847671276
47.67000 -0.0006236448765427
47.69000 -0.0006232054808616
47.71000 -0.0006227665795014
47.73000 -0.0006223281715954
47.75000 -0.0006218902564606
47.77000 -0.0006214528333056
47.79000 -0.0006210159012652
47.81000 -0.0006205794597115
47.83000 -0.0006201435078236
47.85000 -0.0006197080448686
47.87000 -0.0006192730701764
47.89000 -0.0006188385828257
47.91000 -0.0006184045821613
47.93000 -0.0006179710674456
47.95000 -0.0006175380379034
47.97000 -0.0006171054928596
47.99000 -0.0006166734314667
48.01000 -0.0006162418529695
48.03000 -0.0006158107567565
48.05000 -0.0006153801420548
48.07000 -0.0006149500079776
48.09000 -0.0006145203539707
48.11000 -0.0006140911792265
48.13000 -0.0006136624829449
48.15000 -0.0006132342645353
48.17000 -0.0006128065231853
48.19000 -0.0006123792581250
48.21000 -0.0006119524687026
48.23000 -0.0006115261541910
48.25000 -0.0006111003137329
48.27000 -0.0006106749467422
48.29000 -0.0006102500525847
48.31000 -0.0006098256302878
48.33000 -0.0006094016792401
48.35000 -0.0006089781988508
48.37000 -0.0006085551882433
48.39000 -0.0006081326467110
48.41000 -0.0006077105736362
48.43000 -0.0006072889682493
48.45000 -0.0006068678297578
48.47000 -0.0006064471576062
48.49000 -0.0006060269510582
48.51000 -0.0006056072093112
48.53000 -0.0006051879317344
48.55000 -0.0006047691175432
48.57000 -0.0006043507661263
48.59000 -0.0006039328767857
48.61000 -0.0006035154487412
48.63000 -0.0006030984813323
48.65000 -0.0006026819738436
48.67000 -0.0006022659256364
48.69000 -0.0006018503359500
48.71000 -0.0006014352041724
48.73000 -0.0006010205295450
48.75000 -0.0006006063112995
48.77000 -0.0006001925489377
48.79000 -0.0005997792416377
48.81000 -0.0005993663887238
48.83000 -0.0005989539895611
48.85000 -0.0005985420433804
48.87000 -0.0005981305496013
48.89000 -0.0005977195074978
48.91000 -0.0005973089163811
48.93000 -0.0005968987755798
48.95000 -0.0005964890843180
48.97000 -0.0005960798421081
48.99000 -0.0005956710481896
49.01000 -0.0005952627017895
49.03000 -0.0005948548024101
49.05000 -0.0005944473492524
49.07000 -0.0005940403416782
49.09000 -0.0005936337790944
49.11000 -0.0005932276607456
49.13000 -0.0005928219858889
49.15000 -0.0005924167540293
49.17000 -0.0005920119644322
49.19000 -0.0005916076164309
49.21000 -0.0005912037093982
49.23000 -0.0005908002425434
49.25000 -0.0005903972153766
49.27000 -0.0005899946271914
49.29000 -0.0005895924772509
49.31000 -0.0005891907650284
49.33000 -0.0005887894897435
49.35000 -0.0005883886507799
49.37000 -0.0005879882475630
49.39000 -0.0005875882793234
49.41000 -0.0005871887455387
49.43000 -0.0005867896455430
49.45000 -0.0005863909785690
49.47000 -0.0005859927440219
49.49000 -0.0005855949412872
49.51000 -0.0005851975697839
49.53000 -0.0005848006287958
49.55000 -0.0005844041176055
49.57000 -0.0005840080357608
49.59000 -0.0005836123825075
49.61000 -0.0005832171571496
49.63000 -0.0005828223591812
49.65000 -0.0005824279879419
49.67000 -0.0005820340427395
49.69000 -0.0005816405229517
49.71000 -0.0005812474279779
49.73000 -0.0005808547572144
49.75000 -0.0005804625099538
49.77000 -0.0005800706855928
49.79000 -0.0005796792835994
49.81000 -0.0005792883032745
49.83000 -0.0005788977439171
49.85000 -0.0005785076050027
49.87000 -0.0005781178859481
49.89000 -0.0005777285860462
49.91000 -0.0005773397047011
49.93000 -0.0005769512412723
49.95000 -0.0005765631951747
49.97000 -0.0005761755658399
49.99000 -0.0005757883525878
50.01000 -0.0005754015547777
50.03000 -0.0005750151719119
50.05000 -0.0005746292032807
50.07000 -0.0005742436482105
50.09000 -0.0005738585062754
50.11000 -0.0005734737767228
50.13000 -0.0005730894595836
50.15000 -0.0005727055511078
50.17000 -0.0005723220625680
50.19000 -0.0005719389493673
50.21000 -0.0005715563757121
50.23000 -0.0005713652371720
50.25000 -0.0005709826489037
