0.25000 0.3925694698485995
0.27000 0.4007000011799522
0.29000 0.4084394831344990
0.31000 0.4158311875180875
0.33000 0.4229130356115037
0.35000 0.4297161445158547
0.37000 0.4362670176030038
0.39000 0.4425882759315070
0.41000 0.4486994523245724
0.43000 0.4546175347626010
0.45000 0.4603574070400746
0.47000 0.4659321920523525
0.49000 0.4713535284997806
0.51000 0.4766317920211234
0.53000 0.4817762762932339
0.55000 0.4867953444935395
0.57000 0.4916965524638189
0.59000 0.4964867482589690
0.61000 0.5011721681084020
0.63000 0.5057585017317728
0.65000 0.5102509593957342
0.67000 0.5146543259723941
0.69000 0.5189730063692246
0.71000 0.5232110649532454
0.73000 0.5273722621730564
0.75000 0.5314600850623686
0.77000 0.5354777736761899
0.79000 0.5394283425091810
0.81000 0.5433146031280450
0.83000 0.5471391825534936
0.85000 0.5509045401078847
0.87000 0.5546129776758359
0.89000 0.5582666624905694
0.91000 0.5618676229966469
0.93000 0.5654177789515007
0.95000 0.5689189347740748
0.97000 0.5723727912216594
0.99000 0.5757809589020532
1.01000 0.5791449623125239
1.03000 0.5824662436426464
1.05000 0.5857461696909082
1.07000 0.5889860391711234
1.09000 0.5921870866657362
1.11000 0.5953504863145223
1.13000 0.5984773553344513
1.15000 0.6015687575163245
1.17000 0.6046257072806410
1.19000 0.6076491731184648
1.21000 0.6106400801929941
1.23000 0.6135993130673026
1.25000 0.6165277180588046
1.27000 0.6194261052973281
1.29000 0.6222952510286422
1.31000 0.6251358991037268
1.33000 0.6279487630225190
1.35000 0.6307345278625829
1.37000 0.6334938514957255
1.39000 0.6362273665261166
1.41000 0.6389356811702669
1.43000 0.6416193805834629
1.45000 0.6442790281748975
1.47000 0.6469151669101710
1.49000 0.6495283192393059
1.51000 0.6521189904134915
1.53000 0.6546876657011702
1.55000 0.6572348160622384
1.57000 0.6597608943725791
1.59000 0.6622663384372001
1.61000 0.6647515724861645
1.63000 0.6672170058543524
1.65000 0.6696630343770210
1.67000 0.6720900417990544
1.69000 0.6744983996193018
1.71000 0.6768884671120190
1.73000 0.6792605926118310
1.75000 0.6816151141243666
1.77000 0.6839523593606078
1.79000 0.6862726459443300
1.81000 0.6885762819181833
1.83000 0.6908635666210443
1.85000 0.6931347908823611
1.87000 0.6953902371106485
1.89000 0.6976301796511428
1.91000 0.6998548849561145
1.93000 0.7020646121965434
1.95000 0.7042596136615370
1.97000 0.7064401347968031
1.99000 0.7086064143857276
2.01000 0.7107586848458313
2.03000 0.7128971724530910
2.05000 0.7150220975166847
2.07000 0.7171336747502932
2.09000 0.7192321136076197
2.11000 0.7213176180316135
2.13000 0.7233903872502818
2.15000 0.7254506149311949
2.17000 0.7274984907355987
2.19000 0.7295341990554055
2.21000 0.7315579201293833
2.23000 0.7335698300629487
2.25000 0.7355701005177784
2.27000 0.7375588993677500
2.29000 0.7395363907465563
2.31000 0.7415027347020109
2.33000 0.7434580877393875
2.35000 0.7454026029992333
2.37000 0.7473364301401698
2.39000 0.7492597152917121
2.41000 0.7511726015314715
2.43000 0.7530752289586203
2.45000 0.7549677345600988
2.47000 0.7568502523515042
2.49000 0.7587229135783867
2.51000 0.7605858467486468
2.53000 0.7624391777133831
2.55000 0.7642830296427136
2.57000 0.7661175231614993
2.59000 0.7679427765314660
2.61000 0.7697589056372012
2.63000 0.7715660240037601
2.65000 0.7733642428465567
2.67000 0.7751536712752127
2.69000 0.7769344162283239
2.71000 0.7787065826616096
2.73000 0.7804702734308956
2.75000 0.7822255896088226
2.77000 0.7839726300214946
2.79000 0.7857114919178264
2.81000 0.7874422705376123
2.83000 0.7891650595408060
2.85000 0.7908799508759422
2.87000 0.7925870346336845
2.89000 0.7942863993688680
2.91000 0.7959781320877144
2.93000 0.7976623181080339
2.95000 0.7993390413529008
2.97000 0.8010083843043819
2.99000 0.8026704278867137
3.01000 0.8043252517226596
3.03000 0.8059729340573908
3.05000 0.8076135517080102
3.07000 0.8092471801885213
3.09000 0.8108738937964398
3.11000 0.8124937656117540
3.13000 0.8141068674574984
3.15000 0.8157132699370907
3.17000 0.8173130425271017
3.19000 0.8189062535879348
3.21000 0.8204929703293991
3.23000 0.8220732588631813
3.25000 0.8236471842671229
3.27000 0.8252148105744292
3.29000 0.8267762008073927
3.31000 0.8283314170011519
3.33000 0.8298805202291403
3.35000 0.8314235705749584
3.37000 0.8329606272918966
3.39000 0.8344917485866279
3.41000 0.8360169918839884
3.43000 0.8375364136177118
3.45000 0.8390500694661025
3.47000 0.8405580142874977
3.49000 0.8420603020446226
3.51000 0.8435569859523736
3.53000 0.8450481184219624
3.55000 0.8465337510635191
3.57000 0.8480139348110682
3.59000 0.8494887198180392
3.61000 0.8509581554815279
3.63000 0.8524222905318672
3.65000 0.8538811729921563
3.67000 0.8553348501689131
3.69000 0.8567833687213918
3.71000 0.8582267746799047
3.73000 0.8596651134162105
3.75000 0.8610984296599553
3.77000 0.8625267675295678
3.79000 0.8639501705441991
3.81000 0.8653686815952699
3.83000 0.8667823430009683
3.85000 0.8681911965302668
3.87000 0.8695952833953017
3.89000 0.8709946442064826
3.91000 0.8723893190411474
3.93000 0.8737793474582701
3.95000 0.8751647685127683
3.97000 0.8765456206943404
3.99000 0.8779219420359392
4.01000 0.8792937700434786
4.03000 0.8806611417806892
4.05000 0.8820240937754190
4.07000 0.8833826621190288
4.09000 0.8847368824403317
4.11000 0.8860867898925737
4.13000 0.8874324192134926
4.15000 0.8887738046680320
4.17000 0.8901109801065236
4.19000 0.8914439789753171
4.21000 0.8927728342710961
4.23000 0.8940975785833162
4.25000 0.8954182441283927
4.27000 0.8967348627002459
4.29000 0.8980474656963562
4.31000 0.8993560841581453
4.33000 0.9006607487534269
4.35000 0.9019614897555756
4.37000 0.9032583370823573
4.39000 0.9045513203032045
4.41000 0.9058404686081581
4.43000 0.9071258108545114
4.45000 0.9084073755736629
4.47000 0.9096851909545396
4.49000 0.9109592848372893
4.51000 0.9122296847389509
4.53000 0.9134964178759433
4.55000 0.9147595111348137
4.57000 0.9160189910917057
4.59000 0.9172748840172702
4.61000 0.9185272159021893
4.63000 0.9197760124060054
4.65000 0.9210212989159761
4.67000 0.9222631005193005
4.69000 0.9235014420412746
4.71000 0.9247363480204335
4.73000 0.9259678427076478
4.75000 0.9271959500994829
4.77000 0.9284206939157944
4.79000 0.9296420976217974
4.81000 0.9308601844292536
4.83000 0.9320749772738166
4.85000 0.9332864988504499
4.87000 0.9344947716185048
4.89000 0.9356998177814566
4.91000 0.9369016593048459
4.93000 0.9381003179204110
4.95000 0.9392958151149932
4.97000 0.9404881721558602
4.99000 0.9416774100912850
5.01000 0.9428635497363030
5.03000 0.9440466116834003
5.05000 0.9452266163135843
5.07000 0.9464035837967653
5.09000 0.9475775340864997
5.11000 0.9487484869245917
5.13000 0.9499164618493660
5.15000 0.9510814782030316
5.17000 0.9522435551224385
5.19000 0.9534027115527037
5.21000 0.9545589662380085
5.23000 0.9557123377427182
5.25000 0.9568628444264924
5.27000 0.9580105044801475
5.29000 0.9591553358967357
5.31000 0.9602973564955173
5.33000 0.9614365839134481
5.35000 0.9625730356091460
5.37000 0.9637067288744846
5.39000 0.9648376808267126
5.41000 0.9659659084128785
5.43000 0.9670914284125834
5.45000 0.9682142574371316
5.47000 0.9693344119432503
5.49000 0.9704519082256640
5.51000 0.9715667624093998
5.53000 0.9726789904695987
5.55000 0.9737886082314646
5.57000 0.9748956313608359
5.59000 0.9760000753816228
5.61000 0.9771019556703540
5.63000 0.9782012874444012
5.65000 0.9792980857821530
5.67000 0.9803923656228304
5.69000 0.9814841417588333
5.71000 0.9825734288422534
5.73000 0.9836602413943673
5.75000 0.9847445937995168
5.77000 0.9858265003052188
5.79000 0.9869059750244645
5.81000 0.9879830319448611
5.83000 0.9890576849193483
5.85000 0.9901299476807738
5.87000 0.9911998338274330
5.89000 0.9922673568410801
5.91000 0.9933325300711445
5.93000 0.9943953667547532
5.95000 0.9954558800057268
5.97000 0.9965140828186743
5.99000 0.9975699880733306
6.01000 0.9986236085273426
6.03000 0.9996749568297307
6.05000 1.0007240455174882
6.07000 1.0017708870132334
6.09000 1.0028154936334168
6.11000 1.0038578775836369
6.13000 1.0048980509590484
6.15000 1.0059360257499996
6.17000 1.0069718138437578
6.19000 1.0080054270220447
6.21000 1.0090368769645863
6.23000 1.0100661752500011
6.25000 1.0110933333546215
6.27000 1.0121183626585832
6.29000 1.0131412744437560
6.31000 1.0141620798951088
6.33000 1.0151807901013974
6.35000 1.0161974160577216
6.37000 1.0172119686641079
6.39000 1.0182244587289377
6.41000 1.0192348969700085
6.43000 1.0202432940151227
6.45000 1.0212496604006007
6.47000 1.0222540065801051
6.49000 1.0232563429140309
6.51000 1.0242566796789230
6.53000 1.0252550270632903
6.55000 1.0262513951766405
6.57000 1.0272457940432220
6.59000 1.0282382336027092
6.61000 1.0292287237168223
6.63000 1.0302172741632492
6.65000 1.0312038946418696
6.67000 1.0321885947738347
6.69000 1.0331713841010468
6.71000 1.0341522720901513
6.73000 1.0351312681299936
6.75000 1.0361083815326291
6.77000 1.0370836215382713
6.79000 1.0380569973128770
6.81000 1.0390285179485828
6.83000 1.0399981924666475
6.85000 1.0409660298149239
6.87000 1.0419320388721842
6.89000 1.0428962284480225
6.91000 1.0438586072809439
6.93000 1.0448191840406309
6.95000 1.0457779673310388
6.97000 1.0467349656897103
6.99000 1.0476901875857758
7.01000 1.0486436414242317
7.03000 1.0495953355448535
7.05000 1.0505452782230584
7.07000 1.0514934776703360
7.09000 1.0524399420383999
7.11000 1.0533846794126560
7.13000 1.0543276978203020
7.15000 1.0552690052246820
7.17000 1.0562086095305776
7.19000 1.0571465185818802
7.21000 1.0580827401645949
7.23000 1.0590172820084285
7.25000 1.0599501517819168
7.27000 1.0608813570975377
7.29000 1.0618109055117306
7.31000 1.0627388045234110
7.33000 1.0636650615778063
7.35000 1.0645896840640565
7.37000 1.0655126793174683
7.39000 1.0664340546202293
7.41000 1.0673538171993240
7.43000 1.0682719742296012
7.45000 1.0691885328351689
7.47000 1.0701035000877022
7.49000 1.0710168830071962
7.51000 1.0719286885636383
7.53000 1.0728389236760354
7.55000 1.0737475952143463
7.57000 1.0746547099997290
7.59000 1.0755602748038133
7.61000 1.0764642963499278
7.63000 1.0773667813151580
7.65000 1.0782677363282256
7.67000 1.0791671679716139
7.69000 1.0800650827806086
7.71000 1.0809614872456479
7.73000 1.0818563878099690
7.75000 1.0827497908743233
7.77000 1.0836417027925938
7.79000 1.0845321298749784
7.81000 1.0854210783887064
7.83000 1.0863085545578346
7.85000 1.0871945645635670
7.87000 1.0880791145434254
7.89000 1.0889622105939665
7.91000 1.0898438587698345
7.93000 1.0907240650842727
7.95000 1.0916028355094993
7.97000 1.0924801759772338
7.99000 1.0933560923794563
8.01000 1.0942305905681395
8.03000 1.0951036763556399
8.05000 1.0959753555155292
8.07000 1.0968456337829817
8.09000 1.0977145168540774
8.11000 1.0985820103876305
8.13000 1.0994481200053763
8.15000 1.1003128512908702
8.17000 1.1011762097911588
8.19000 1.1020382010170171
8.21000 1.1028988304421847
8.23000 1.1037581035052009
8.25000 1.1046160256094228
8.27000 1.1054726021214001
8.29000 1.1063278383738742
8.31000 1.1071817396648787
8.33000 1.1080343112585718
8.35000 1.1088855583840753
8.37000 1.1097354862381887
8.39000 1.1105840999832672
8.41000 1.1114314047489797
8.43000 1.1122774056317781
8.45000 1.1131221076961038
8.47000 1.1139655159742077
8.49000 1.1148076354659162
8.51000 1.1156484711402821
8.53000 1.1164880279346272
8.55000 1.1173263107547571
8.57000 1.1181633244763427
8.59000 1.1189990739440558
8.61000 1.1198335639721273
8.63000 1.1206667993452279
8.65000 1.1214987848184852
8.67000 1.1223295251174683
8.69000 1.1231590249381656
8.71000 1.1239872889471296
8.73000 1.1248143217830924
8.75000 1.1256401280560697
8.77000 1.1264647123473759
8.79000 1.1272880792107347
8.81000 1.1281102331722948
8.83000 1.1289311787303391
8.85000 1.1297509203559739
8.87000 1.1305694624934850
8.89000 1.1313868095598445
8.91000 1.1322029659460071
8.93000 1.1330179360160220
8.95000 1.1338317241083677
8.97000 1.1346443345350763
8.99000 1.1354557715831008
9.01000 1.1362660395127930
9.03000 1.1370751425598464
9.05000 1.1378830849351786
9.07000 1.1386898708246709
9.09000 1.1394955043895552
9.11000 1.1402999897661741
9.13000 1.1411033310669698
9.15000 1.1419055323801655
9.17000 1.1427065977702480
9.19000 1.1435065312782813
9.21000 1.1443053369215546
9.23000 1.1451030186943254
9.25000 1.1458995805675998
9.27000 1.1466950264892333
9.29000 1.1474893603847185
9.31000 1.1482825861569057
9.33000 1.1490747076861194
9.35000 1.1498657288307974
9.37000 1.1506556534271919
9.39000 1.1514444852899177
9.41000 1.1522322282120625
9.43000 1.1530188859648276
9.45000 1.1538044622983525
9.47000 1.1545889609416133
9.49000 1.1553723856025071
9.51000 1.1561547399680827
9.53000 1.1569360277053427
9.55000 1.1577162524601790
9.57000 1.1584954178586122
9.59000 1.1592735275059753
9.61000 1.1600505849881926
9.63000 1.1608265938708098
9.65000 1.1616015577001564
9.67000 1.1623754800028856
9.69000 1.1631483642859639
9.71000 1.1639202140375271
9.73000 1.1646910327263897
9.75000 1.1654608238026873
9.77000 1.1662295906975024
9.79000 1.1669973368233972
9.81000 1.1677640655744128
9.83000 1.1685297803261003
9.85000 1.1692944844359836
9.87000 1.1700581812435167
9.89000 1.1708208740699779
9.91000 1.1715825662190422
9.93000 1.1723432609766944
9.95000 1.1731029616112962
9.97000 1.1738616713738772
9.99000 1.1746193934981799
10.01000 1.1753761312007589
10.03000 1.1761318876811424
10.05000 1.1768866661218029
10.07000 1.1776404696887222
10.09000 1.1783933015312320
10.11000 1.1791451647818951
10.13000 1.1798960625568566
10.15000 1.1806459979563226
10.17000 1.1813949740640024
10.19000 1.1821429939478552
10.21000 1.1828900606596890
10.23000 1.1836361772357429
10.25000 1.1843813466961925
10.27000 1.1851255720459517
10.29000 1.1858688562743052
10.31000 1.1866112023552000
10.33000 1.1873526132475036
10.35000 1.1880930918946626
10.37000 1.1888326412253907
10.39000 1.1895712641534528
10.41000 1.1903089635776529
10.43000 1.1910457423821355
10.45000 1.1917816034363580
10.47000 1.1925165495955001
10.49000 1.1932505837002088
10.51000 1.1939837085767950
10.53000 1.1947159270374981
10.55000 1.1954472418804765
10.57000 1.1961776558898636
10.59000 1.1969071718359947
10.61000 1.1976357924752701
10.63000 1.1983635205503611
10.65000 1.1990903587904418
10.67000 1.1998163099112138
10.69000 1.2005413766149085
10.71000 1.2012655615903984
10.73000 1.2019888675134152
10.75000 1.2027112970465521
10.77000 1.2034328528393801
10.79000 1.2041535375282708
10.81000 1.2048733537370655
10.83000 1.2055923040766903
10.85000 1.2063103911454471
10.87000 1.2070276175288048
10.89000 1.2077439858000294
10.91000 1.2084594985197865
10.93000 1.2091741582364484
10.95000 1.2098879674861438
10.97000 1.2106009287926416
10.99000 1.2113130446678282
11.01000 1.2120243176115026
11.03000 1.2127347501114991
11.05000 1.2134443446438712
11.07000 1.2141531036728457
11.09000 1.2148610296510243
11.11000 1.2155681250192365
11.13000 1.2162743922067885
11.15000 1.2169798336317481
11.17000 1.2176844517005607
11.19000 1.2183882488083744
11.21000 1.2190912273392265
11.23000 1.2197933896659474
11.25000 1.2204947381503131
11.27000 1.2211952751430657
11.29000 1.2218950029838922
11.31000 1.2225939240017047
11.33000 1.2232920405145704
11.35000 1.2239893548298246
11.37000 1.2246858692441216
11.39000 1.2253815860435595
11.41000 1.2260765075036519
11.43000 1.2267706358896460
11.45000 1.2274639734562072
11.47000 1.2281565224477666
11.49000 1.2288482850983793
11.51000 1.2295392636320730
11.53000 1.2302294602626334
11.55000 1.2309188771938093
11.57000 1.2316075166194509
11.59000 1.2322953807233479
11.61000 1.2329824716794895
11.63000 1.2336687916520142
11.65000 1.2343543427953207
11.67000 1.2350391272541585
11.69000 1.2357231471636463
11.71000 1.2364064046493737
11.73000 1.2370889018273399
11.75000 1.2377706408041185
11.77000 1.2384516236769660
11.79000 1.2391318525337494
11.81000 1.2398113294531439
11.83000 1.2404900565045998
11.85000 1.2411680357482899
11.87000 1.2418452692353927
11.89000 1.2425217590080824
11.91000 1.2431975070994885
11.93000 1.2438725155338302
11.95000 1.2445467863264108
11.97000 1.2452203214837982
11.99000 1.2458931230037742
12.01000 1.2465651928754282
12.03000 1.2472365330790687
12.05000 1.2479071455865687
12.07000 1.2485770323610845
12.09000 1.2492461953574152
12.11000 1.2499146365218352
12.13000 1.2505823577922144
12.15000 1.2512493610980551
12.17000 1.2519156483606346
12.19000 1.2525812214930034
12.21000 1.2532460823998655
12.23000 1.2539102329779126
12.25000 1.2545736751157006
12.27000 1.2552364106937164
12.29000 1.2558984415844947
12.31000 1.2565597696525377
12.33000 1.2572203967544884
12.35000 1.2578803247390937
12.37000 1.2585395554472749
12.39000 1.2591980907122056
12.41000 1.2598559323593295
12.43000 1.2605130822064974
12.45000 1.2611695420638565
12.47000 1.2618253137339246
12.49000 1.2624803990117304
12.51000 1.2631347996847901
12.53000 1.2637885175331258
12.55000 1.2644415543294072
12.57000 1.2650939118389157
12.59000 1.2657455918196097
12.61000 1.2663965960220986
12.63000 1.2670469261898212
12.65000 1.2676965840589913
12.67000 1.2683455713587355
12.69000 1.2689938898109117
12.71000 1.2696415411304369
12.73000 1.2702885270251238
12.75000 1.2709348491957921
12.77000 1.2715805093363326
12.79000 1.2722255091337045
12.81000 1.2728698502679716
12.83000 1.2735135344123303
12.85000 1.2741565632332901
12.87000 1.2747989383905096
12.89000 1.2754406615369382
12.91000 1.2760817343188524
12.93000 1.2767221583758666
12.95000 1.2773619353410233
12.97000 1.2780010668407398
12.99000 1.2786395544949225
13.01000 1.2792773999169995
13.03000 1.2799146047138961
13.05000 1.2805511704861425
13.07000 1.2811870988278553
13.09000 1.2818223913267912
13.11000 1.2824570495644230
13.13000 1.2830910751158817
13.15000 1.2837244695500742
13.17000 1.2843572344297296
13.19000 1.2849893713113274
13.21000 1.2856208817452199
13.23000 1.2862517672756513
13.25000 1.2868820294408172
13.27000 1.2875116697727946
13.29000 1.2881406897977272
13.31000 1.2887690910357283
13.33000 1.2893968750009945
13.35000 1.2900240432017558
13.37000 1.2906505971403630
13.39000 1.2912765383133302
13.41000 1.2919018682113661
13.43000 1.2925265883193813
13.45000 1.2931507001164979
13.47000 1.2937742050761758
13.49000 1.2943971046660989
13.51000 1.2950194003483277
13.53000 1.2956410935793254
13.55000 1.2962621858098644
13.57000 1.2968826784851892
13.59000 1.2975025730449801
13.61000 1.2981218709234139
13.63000 1.2987405735491879
13.65000 1.2993586823454946
13.67000 1.2999761987301537
13.69000 1.3005931241155568
13.71000 1.3012094599087085
13.73000 1.3018252075113201
13.75000 1.3024403683197505
13.77000 1.3030549437250694
13.79000 1.3036689351131214
13.81000 1.3042823438644575
13.83000 1.3048951713544570
13.85000 1.3055074189533309
13.87000 1.3061190880261246
13.89000 1.3067301799327480
13.91000 1.3073406960280505
13.93000 1.3079506376617664
13.95000 1.3085600061786222
13.97000 1.3091688029182842
13.99000 1.3097770292154762
14.01000 1.3103846863999253
14.03000 1.3109917757964136
14.05000 1.3115982987248231
14.07000 1.3122042565001337
14.09000 1.3128096504324642
14.11000 1.3134144818270697
14.13000 1.3140187519844115
14.15000 1.3146224622001796
14.17000 1.3152256137652583
14.19000 1.3158282079658354
14.21000 1.3164302460833401
14.23000 1.3170317293944784
14.25000 1.3176326591713272
14.27000 1.3182330366813308
14.29000 1.3188328631872948
14.31000 1.3194321399474038
14.33000 1.3200308682152702
14.35000 1.3206290492399815
14.37000 1.3212266842660629
14.39000 1.3218237745335399
14.41000 1.3224203212779597
14.43000 1.3230163257303711
14.45000 1.3236117891174308
14.47000 1.3242067126613493
14.49000 1.3248010975799236
14.51000 1.3253949450865896
14.53000 1.3259882563904664
14.55000 1.3265810326962795
14.57000 1.3271732752044778
14.59000 1.3277649851112026
14.61000 1.3283561636083396
14.63000 1.3289468118835213
14.65000 1.3295369311201519
14.67000 1.3301265224974459
14.69000 1.3307155871904184
14.71000 1.3313041263699106
14.73000 1.3318921412026175
14.75000 1.3324796328511386
14.77000 1.3330666024739461
14.79000 1.3336530512254152
14.81000 1.3342389802558927
14.83000 1.3348243907116510
14.85000 1.3354092837349338
14.87000 1.3359936604640128
14.89000 1.3365775220331428
14.91000 1.3371608695726240
14.93000 1.3377437042088069
14.95000 1.3383260270641133
14.97000 1.3389078392570468
14.99000 1.3394891419022135
15.01000 1.3400699361103665
15.03000 1.3406502229884216
15.05000 1.3412300036394214
15.07000 1.3418092791625933
15.09000 1.3423880506533681
15.11000 1.3429663192034180
15.13000 1.3435440859006269
15.15000 1.3441213518291535
15.17000 1.3446981180694018
15.19000 1.3452743856981004
15.21000 1.3458501557882641
15.23000 1.3464254294092328
15.25000 1.3470002076266858
15.27000 1.3475744915026751
15.29000 1.3481482820956228
15.31000 1.3487215804603281
15.33000 1.3492943876480252
15.35000 1.3498667047063575
15.37000 1.3504385326794355
15.39000 1.3510098726078177
15.41000 1.3515807255285244
15.43000 1.3521510924750906
15.45000 1.3527209744775424
15.47000 1.3532903725624412
15.49000 1.3538592877529034
15.51000 1.3544277210685831
15.53000 1.3549956735257165
15.55000 1.3555631461371360
15.57000 1.3561301399122718
15.59000 1.3566966558571754
15.61000 1.3572626949745294
15.63000 1.3578282582636807
15.65000 1.3583933467206402
15.67000 1.3589579613380904
15.69000 1.3595221031054356
15.71000 1.3600857730087650
15.73000 1.3606489720309096
15.75000 1.3612117011514449
15.77000 1.3617739613467084
15.79000 1.3623357535898006
15.81000 1.3628970788506187
15.83000 1.3634579380958403
15.85000 1.3640183322889741
15.87000 1.3645782623903731
15.89000 1.3651377293572191
15.91000 1.3656967341435562
15.93000 1.3662552777002950
15.95000 1.3668133609752422
15.97000 1.3673709849131006
15.99000 1.3679281504554905
16.01000 1.3684848585409659
16.03000 1.3690411101050237
16.05000 1.3695969060801174
16.07000 1.3701522473956471
16.09000 1.3707071349780213
16.11000 1.3712615697506516
16.13000 1.3718155526339362
16.15000 1.3723690845453083
16.17000 1.3729221663992448
16.19000 1.3734747991072593
16.21000 1.3740269835779384
16.23000 1.3745787207169424
16.25000 1.3751300114270231
16.27000 1.3756808566080296
16.29000 1.3762312571569231
16.31000 1.3767812139678015
16.33000 1.3773307279318880
16.35000 1.3778797999375703
16.37000 1.3784284308703993
16.39000 1.3789766216130996
16.41000 1.3795243730455859
16.43000 1.3800716860449891
16.45000 1.3806185614856281
16.47000 1.3811650002390616
16.49000 1.3817110031740876
16.51000 1.3822565711567445
16.53000 1.3828017050503507
16.55000 1.3833464057154954
16.57000 1.3838906740100381
16.59000 1.3844345107891369
16.61000 1.3849779169052769
16.63000 1.3855208932082579
16.65000 1.3860634405452086
16.67000 1.3866055597606022
16.69000 1.3871472516962549
16.71000 1.3876885171913660
16.73000 1.3882293570825104
16.75000 1.3887697722036387
16.77000 1.3893097633861236
16.79000 1.3898493314587426
16.81000 1.3903884772476847
16.83000 1.3909272015765806
16.85000 1.3914655052665017
16.87000 1.3920033891359773
16.89000 1.3925408540010029
16.91000 1.3930779006750471
16.93000 1.3936145299690754
16.95000 1.3941507426915365
16.97000 1.3946865396483987
16.99000 1.3952219216431445
17.01000 1.3957568894767911
17.03000 1.3962914439478873
17.05000 1.3968255858525487
17.07000 1.3973593159844346
17.09000 1.3978926351347820
17.11000 1.3984255440924109
17.13000 1.3989580436437239
17.15000 1.3994901345727322
17.17000 1.4000218176610544
17.19000 1.4005530936879373
17.21000 1.4010839634302559
17.23000 1.4016144276625246
17.25000 1.4021444871569031
17.27000 1.4026741426832172
17.29000 1.4032033950089708
17.31000 1.4037322448993359
17.33000 1.4042606931171726
17.35000 1.4047887404230464
17.37000 1.4053163875752350
17.39000 1.4058436353297361
17.41000 1.4063704844402614
17.43000 1.4068969356582637
17.45000 1.4074229897329498
17.47000 1.4079486474112735
17.49000 1.4084739094379555
17.51000 1.4089987765554930
17.53000 1.4095232495041652
17.55000 1.4100473290220399
17.57000 1.4105710158449798
17.59000 1.4110943107066745
17.61000 1.4116172143386239
17.63000 1.4121397274701544
17.65000 1.4126618508284288
17.67000 1.4131835851384595
17.69000 1.4137049311231034
17.71000 1.4142258895030897
17.73000 1.4147464609970144
17.75000 1.4152666463213479
17.77000 1.4157864461904608
17.79000 1.4163058613166171
17.81000 1.4168248924099838
17.83000 1.4173435401786363
17.85000 1.4178618053285805
17.87000 1.4183796885637536
17.89000 1.4188971905860264
17.91000 1.4194143120952205
17.93000 1.4199310537891119
17.95000 1.4204474163634426
17.97000 1.4209634005119227
17.99000 1.4214790069262362
18.01000 1.4219942362960645
18.03000 1.4225090893090824
18.05000 1.4230235666509736
18.07000 1.4235376690054278
18.09000 1.4240513970541464
18.11000 1.4245647514768687
18.13000 1.4250777329513751
18.15000 1.4255903421534766
18.17000 1.4261025797570352
18.19000 1.4266144464339749
18.21000 1.4271259428542911
18.23000 1.4276370696860432
18.25000 1.4281478275953781
18.27000 1.4286582172465339
18.29000 1.4291682393018421
18.31000 1.4296778944217312
18.33000 1.4301871832647493
18.35000 1.4306961064875616
18.37000 1.4312046647449550
18.39000 1.4317128586898609
18.41000 1.4322206889733387
18.43000 1.4327281562445990
18.45000 1.4332352611510044
18.47000 1.4337420043380880
18.49000 1.4342483864495497
18.51000 1.4347544081272625
18.53000 1.4352600700112874
18.55000 1.4357653727398698
18.57000 1.4362703169494575
18.59000 1.4367749032746977
18.61000 1.4372791323484484
18.63000 1.4377830048017957
18.65000 1.4382865212640461
18.67000 1.4387896823627344
18.69000 1.4392924887236376
18.71000 1.4397949409707758
18.73000 1.4402970397264230
18.75000 1.4407987856111093
18.77000 1.4413001792436300
18.79000 1.4418012212410616
18.81000 1.4423019122187553
18.83000 1.4428022527903428
18.85000 1.4433022435677452
18.87000 1.4438018851611885
18.89000 1.4443011781792041
18.91000 1.4448001232286347
18.93000 1.4452987209146357
18.95000 1.4457969718406933
18.97000 1.4462948766086170
18.99000 1.4467924358185567
19.01000 1.4472896500690109
19.03000 1.4477865199568167
19.05000 1.4482830460771683
19.07000 1.4487792290236279
19.09000 1.4492750693881229
19.11000 1.4497705677609543
19.13000 1.4502657247308059
19.15000 1.4507605408847450
19.17000 1.4512550168082279
19.19000 1.4517491530851145
19.21000 1.4522429502976641
19.23000 1.4527364090265513
19.25000 1.4532295298508662
19.27000 1.4537223133481165
19.29000 1.4542147600942443
19.31000 1.4547068706636204
19.33000 1.4551986456290547
19.35000 1.4556900855618053
19.37000 1.4561811910315818
19.39000 1.4566719626065496
19.41000 1.4571624008533379
19.43000 1.4576525063370391
19.45000 1.4581422796212264
19.47000 1.4586317212679527
19.49000 1.4591208318377502
19.51000 1.4596096118896400
19.53000 1.4600980619811492
19.55000 1.4605861826683044
19.57000 1.4610739745056371
19.59000 1.4615614380461861
19.61000 1.4620485738415134
19.63000 1.4625353824417104
19.65000 1.4630218643953909
19.67000 1.4635080202497071
19.69000 1.4639938505503496
19.71000 1.4644793558415490
19.73000 1.4649645366660937
19.75000 1.4654493935653263
19.77000 1.4659339270791485
19.79000 1.4664181377460277
19.81000 1.4669020261030050
19.83000 1.4673855926856976
19.85000 1.4678688380283036
19.87000 1.4683517626636111
19.89000 1.4688343671229946
19.91000 1.4693166519364291
19.93000 1.4697986176324940
19.95000 1.4702802647383724
19.97000 1.4707615937798619
19.99000 1.4712426052813756
20.01000 1.4717232997659506
20.03000 1.4722036777552516
20.05000 1.4726837397695698
20.07000 1.4731634863278376
20.09000 1.4736429179476311
20.11000 1.4741220351451707
20.13000 1.4746008384353302
20.15000 1.4750793283316401
20.17000 1.4755575053462868
20.19000 1.4760353699901279
20.21000 1.4765129227726896
20.23000 1.4769901642021785
20.25000 1.4774670947854756
20.27000 1.4779437150281438
20.29000 1.4784200254344426
20.31000 1.4788960265073241
20.33000 1.4793717187484361
20.35000 1.4798471026581326
20.37000 1.4803221787354752
20.39000 1.4807969474782385
20.41000 1.4812714093829145
20.43000 1.4817455649447149
20.45000 1.4822194146575738
20.47000 1.4826929590141611
20.49000 1.4831661985058844
20.51000 1.4836391336228860
20.53000 1.4841117648540540
20.55000 1.4845840926870242
20.57000 1.4850561176081825
20.59000 1.4855278401026759
20.61000 1.4859992606544121
20.63000 1.4864703797460623
20.65000 1.4869411978590705
20.67000 1.4874117154736526
20.69000 1.4878819330688042
20.71000 1.4883518511223048
20.73000 1.4888214701107205
20.75000 1.4892907905094068
20.77000 1.4897598127925151
20.79000 1.4902285374329958
20.81000 1.4906969649026058
20.83000 1.4911650956719082
20.85000 1.4916329302102787
20.87000 1.4921004689859074
20.89000 1.4925677124658081
20.91000 1.4930346611158185
20.93000 1.4935013154005985
20.95000 1.4939676757836458
20.97000 1.4944337427272967
20.99000 1.4948995166927252
21.01000 1.4953649981399488
21.03000 1.4958301875278315
21.05000 1.4962950853140924
21.07000 1.4967596919553074
21.09000 1.4972240079069103
21.11000 1.4976880336231988
21.13000 1.4981517695573396
21.15000 1.4986152161613739
21.17000 1.4990783738862146
21.19000 1.4995412431816530
21.21000 1.5000038244963678
21.23000 1.5004661182779220
21.25000 1.5009281249727697
21.27000 1.5013898450262624
21.29000 1.5018512788826446
21.31000 1.5023124269850647
21.33000 1.5027732897755783
21.35000 1.5032338676951484
21.37000 1.5036941611836538
21.39000 1.5041541706798902
21.41000 1.5046138966215714
21.43000 1.5050733394453351
21.45000 1.5055324995867470
21.47000 1.5059913774803053
21.49000 1.5064499735594437
21.51000 1.5069082882565312
21.53000 1.5073663220028801
21.55000 1.5078240752287484
21.57000 1.5082815483633454
21.59000 1.5087387418348317
21.61000 1.5091956560703206
21.63000 1.5096522914958890
21.65000 1.5101086485365762
21.67000 1.5105647276163843
21.69000 1.5110205291582872
21.71000 1.5114760535842369
21.73000 1.5119313013151587
21.75000 1.5123862727709576
21.77000 1.5128409683705206
21.79000 1.5132953885317213
21.81000 1.5137495336714264
21.83000 1.5142034042054968
21.85000 1.5146570005487867
21.87000 1.5151103231151524
21.89000 1.5155633723174549
21.91000 1.5160161485675598
21.93000 1.5164686522763451
21.95000 1.5169208838536994
21.97000 1.5173728437085285
21.99000 1.5178245322487602
22.01000 1.5182759498813441
22.03000 1.5187270970122551
22.05000 1.5191779740464981
22.07000 1.5196285813881094
22.09000 1.5200789194401625
22.11000 1.5205289886047693
22.13000 1.5209787892830842
22.15000 1.5214283218753053
22.17000 1.5218775867806797
22.19000 1.5223265843975067
22.21000 1.5227753151231382
22.23000 1.5232237793539858
22.25000 1.5236719774855239
22.27000 1.5241199099122855
22.29000 1.5245675770278690
22.31000 1.5250149792249470
22.33000 1.5254621168952649
22.35000 1.5259089904296397
22.37000 1.5263556002179699
22.39000 1.5268019466492355
22.41000 1.5272480301115010
22.43000 1.5276938509919176
22.45000 1.5281394096767278
22.47000 1.5285847065512679
22.49000 1.5290297419999690
22.51000 1.5294745164063628
22.53000 1.5299190301530807
22.55000 1.5303632836218612
22.57000 1.5308072771935513
22.59000 1.5312510112481079
22.61000 1.5316944861646020
22.63000 1.5321377023212188
22.65000 1.5325806600952645
22.67000 1.5330233598631662
22.69000 1.5334658020004763
22.71000 1.5339079868818755
22.73000 1.5343499148811743
22.75000 1.5347915863713153
22.77000 1.5352330017243807
22.79000 1.5356741613115881
22.81000 1.5361150655032951
22.83000 1.5365557146690059
22.85000 1.5369961091773694
22.87000 1.5374362493961877
22.89000 1.5378761356924109
22.91000 1.5383157684321465
22.93000 1.5387551479806585
22.95000 1.5391942747023699
22.97000 1.5396331489608683
22.99000 1.5400717711189071
23.01000 1.5405101415384079
23.03000 1.5409482605804601
23.05000 1.5413861286053279
23.07000 1.5418237459724524
23.09000 1.5422611130404518
23.11000 1.5426982301671264
23.13000 1.5431350977094598
23.15000 1.5435717160236198
23.17000 1.5440080854649660
23.19000 1.5444442063880468
23.21000 1.5448800791466044
23.23000 1.5453157040935790
23.25000 1.5457510815811089
23.27000 1.5461862119605327
23.29000 1.5466210955823938
23.31000 1.5470557327964400
23.33000 1.5474901239516297
23.35000 1.5479242693961319
23.37000 1.5483581694773270
23.39000 1.5487918245418124
23.41000 1.5492252349354059
23.43000 1.5496584010031447
23.45000 1.5500913230892908
23.47000 1.5505240015373289
23.49000 1.5509564366899731
23.51000 1.5513886288891672
23.53000 1.5518205784760879
23.55000 1.5522522857911485
23.57000 1.5526837511739979
23.59000 1.5531149749635251
23.61000 1.5535459574978627
23.63000 1.5539766991143862
23.65000 1.5544072001497178
23.67000 1.5548374609397284
23.69000 1.5552674818195416
23.71000 1.5556972631235326
23.73000 1.5561268051853350
23.75000 1.5565561083378403
23.77000 1.5569851729131980
23.79000 1.5574139992428224
23.81000 1.5578425876573907
23.83000 1.5582709384868496
23.85000 1.5586990520604140
23.87000 1.5591269287065708
23.89000 1.5595545687530799
23.91000 1.5599819725269788
23.93000 1.5604091403545806
23.95000 1.5608360725614803
23.97000 1.5612627694725563
23.99000 1.5616892314119699
24.01000 1.5621154587031718
24.03000 1.5625414516688978
24.05000 1.5629672106311778
24.07000 1.5633927359113347
24.09000 1.5638180278299858
24.11000 1.5642430867070483
24.13000 1.5646679128617351
24.15000 1.5650925066125638
24.17000 1.5655168682773541
24.19000 1.5659409981732328
24.21000 1.5663648966166359
24.23000 1.5667885639233052
24.25000 1.5672120004082988
24.27000 1.5676352063859873
24.29000 1.5680581821700588
24.31000 1.5684809280735179
24.33000 1.5689034444086900
24.35000 1.5693257314872233
24.37000 1.5697477896200895
24.39000 1.5701696191175865
24.41000 1.5705912202893413
24.43000 1.5710125934443118
24.45000 1.5714337388907857
24.47000 1.5718546569363880
24.49000 1.5722753478880809
24.51000 1.5726958120521601
24.53000 1.5731160497342644
24.55000 1.5735360612393734
24.57000 1.5739558468718122
24.59000 1.5743754069352529
24.61000 1.5747947417327122
24.63000 1.5752138515665592
24.65000 1.5756327367385126
24.67000 1.5760513975496473
24.69000 1.5764698343003920
24.71000 1.5768880472905329
24.73000 1.5773060368192160
24.75000 1.5777238031849494
24.77000 1.5781413466856038
24.79000 1.5785586676184127
24.81000 1.5789757662799784
24.83000 1.5793926429662715
24.85000 1.5798092979726341
24.87000 1.5802257315937795
24.89000 1.5806419441237942
24.91000 1.5810579358561416
24.93000 1.5814737070836633
24.95000 1.5818892580985804
24.97000 1.5823045891924954
24.99000 1.5827197006563933
25.01000 1.5831345927806431
25.03000 1.5835492658550028
25.05000 1.5839637201686183
25.07000 1.5843779560100260
25.09000 1.5847919736671532
25.11000 1.5852057734273211
25.13000 1.5856193555772469
25.15000 1.5860327204030467
25.17000 1.5864458681902340
25.19000 1.5868587992237237
25.21000 1.5872715137878313
25.23000 1.5876840121662783
25.25000 1.5880962946421922
25.27000 1.5885083614981070
25.29000 1.5889202130159672
25.31000 1.5893318494771274
25.33000 1.5897432711623563
25.35000 1.5901544783518362
25.37000 1.5905654713251660
25.39000 1.5909762503613598
25.41000 1.5913868157388524
25.43000 1.5917971677355018
25.45000 1.5922073066285862
25.47000 1.5926172326948089
25.49000 1.5930269462103004
25.51000 1.5934364474506169
25.53000 1.5938457366907457
25.55000 1.5942548142051030
25.57000 1.5946636802675385
25.59000 1.5950723351513361
25.61000 1.5954807791292149
25.63000 1.5958890124733323
25.65000 1.5962970354552819
25.67000 1.5967048483461010
25.69000 1.5971124514162671
25.71000 1.5975198449357031
25.73000 1.5979270291737753
25.75000 1.5983340043992975
25.77000 1.5987407708805310
25.79000 1.5991473288851881
25.81000 1.5995536786804321
25.83000 1.5999598205328791
25.85000 1.6003657547085994
25.87000 1.6007714814731200
25.89000 1.6011770010914237
25.91000 1.6015823138279557
25.93000 1.6019874199466195
25.95000 1.6023923197107803
25.97000 1.6027970133832681
25.99000 1.6032015012263767
26.01000 1.6036057835018673
26.03000 1.6040098604709703
26.05000 1.6044137323943832
26.07000 1.6048173995322765
26.09000 1.6052208621442925
26.11000 1.6056241204895481
26.13000 1.6060271748266342
26.15000 1.6064300254136190
26.17000 1.6068326725080497
26.19000 1.6072351163669543
26.21000 1.6076373572468394
26.23000 1.6080393954036962
26.25000 1.6084412310929994
26.27000 1.6088428645697082
26.29000 1.6092442960882698
26.31000 1.6096455259026199
26.33000 1.6100465542661835
26.35000 1.6104473814318776
26.37000 1.6108480076521114
26.39000 1.6112484331787884
26.41000 1.6116486582633054
26.43000 1.6120486831565572
26.45000 1.6124485081089381
26.47000 1.6128481333703402
26.49000 1.6132475591901578
26.51000 1.6136467858172847
26.53000 1.6140458135001223
26.55000 1.6144446424865739
26.57000 1.6148432730240507
26.59000 1.6152417053594716
26.61000 1.6156399397392633
26.63000 1.6160379764093631
26.65000 1.6164358156152203
26.67000 1.6168334576017973
26.69000 1.6172309026135714
26.71000 1.6176281508945336
26.73000 1.6180252026881945
26.75000 1.6184220582375806
26.77000 1.6188187177852398
26.79000 1.6192151815732407
26.81000 1.6196114498431726
26.83000 1.6200075228361499
26.85000 1.6204034007928114
26.87000 1.6207990839533217
26.89000 1.6211945725573715
26.91000 1.6215898668441817
26.93000 1.6219849670525035
26.95000 1.6223798734206178
26.97000 1.6227745861863390
26.99000 1.6231691055870150
27.01000 1.6235634318595282
27.03000 1.6239575652402973
27.05000 1.6243515059652787
27.07000 1.6247452542699672
27.09000 1.6251388103893978
27.11000 1.6255321745581466
27.13000 1.6259253470103314
27.15000 1.6263183279796145
27.17000 1.6267111176992017
27.19000 1.6271037164018469
27.21000 1.6274961243198500
27.23000 1.6278883416850594
27.25000 1.6282803687288729
27.27000 1.6286722056822394
27.29000 1.6290638527756596
27.31000 1.6294553102391880
27.33000 1.6298465783024332
27.35000 1.6302376571945596
27.37000 1.6306285471442885
27.39000 1.6310192483798995
27.41000 1.6314097611292295
27.43000 1.6318000856196784
27.45000 1.6321902220782059
27.47000 1.6325801707313341
27.49000 1.6329699318051498
27.51000 1.6333595055253045
27.53000 1.6337488921170156
27.55000 1.6341380918050674
27.57000 1.6345271048138121
27.59000 1.6349159313671742
27.61000 1.6353045716886463
27.63000 1.6356930260012930
27.65000 1.6360812945277525
27.67000 1.6364693774902372
27.69000 1.6368572751105332
27.71000 1.6372449876100046
27.73000 1.6376325152095925
27.75000 1.6380198581298149
27.77000 1.6384070165907709
27.79000 1.6387939908121407
27.81000 1.6391807810131858
27.83000 1.6395673874127497
27.85000 1.6399538102292606
27.87000 1.6403400496807317
27.89000 1.6407261059847627
27.91000 1.6411119793585394
27.93000 1.6414976700188371
27.95000 1.6418831781820191
27.97000 1.6422685040640408
27.99000 1.6426536478804477
28.01000 1.6430386098463776
28.03000 1.6434233901765638
28.05000 1.6438079890853325
28.07000 1.6441924067866061
28.09000 1.6445766434939053
28.11000 1.6449606994203465
28.13000 1.6453445747786446
28.15000 1.6457282697811160
28.17000 1.6461117846396771
28.19000 1.6464951195658470
28.21000 1.6468782747707469
28.23000 1.6472612504651019
28.25000 1.6476440468592426
28.27000 1.6480266641631067
28.29000 1.6484091025862369
28.31000 1.6487913623377848
28.33000 1.6491734436265111
28.35000 1.6495553466607864
28.37000 1.6499370716485922
28.39000 1.6503186187975227
28.41000 1.6506999883147850
28.43000 1.6510811804071996
28.45000 1.6514621952812025
28.47000 1.6518430331428458
28.49000 1.6522236941977986
28.51000 1.6526041786513457
28.53000 1.6529844867083947
28.55000 1.6533646185734709
28.57000 1.6537445744507202
28.59000 1.6541243545439117
28.61000 1.6545039590564361
28.63000 1.6548833881913083
28.65000 1.6552626421511680
28.67000 1.6556417211382803
28.69000 1.6560206253545373
28.71000 1.6563993550014591
28.73000 1.6567779102801918
28.75000 1.6571562913915139
28.77000 1.6575344985358327
28.79000 1.6579125319131873
28.81000 1.6582903917232497
28.83000 1.6586680781653242
28.85000 1.6590455914383488
28.87000 1.6594229317408979
28.89000 1.6598000992711801
28.91000 1.6601770942270409
28.93000 1.6605539168059655
28.95000 1.6609305672050778
28.97000 1.6613070456211390
28.99000 1.6616833522505507
29.01000 1.6620594872893588
29.03000 1.6624354509332491
29.05000 1.6628112433775508
29.07000 1.6631868648172390
29.09000 1.6635623154469319
29.11000 1.6639375954608944
29.13000 1.6643127050530375
29.15000 1.6646876444169212
29.17000 1.6650624137457510
29.19000 1.6654370132323848
29.21000 1.6658114430693298
29.23000 1.6661857034487437
29.25000 1.6665597945624377
29.27000 1.6669337166018734
29.29000 1.6673074697581687
29.31000 1.6676810542220948
29.33000 1.6680544701840785
29.35000 1.6684277178342022
29.37000 1.6688007973622061
29.39000 1.6691737089574898
29.41000 1.6695464528091088
29.43000 1.6699190291057806
29.45000 1.6702914380358818
29.47000 1.6706636797874523
29.49000 1.6710357545481920
29.51000 1.6714076625054639
29.53000 1.6717794038462974
29.55000 1.6721509787573836
29.57000 1.6725223874250803
29.59000 1.6728936300354120
29.61000 1.6732647067740700
29.63000 1.6736356178264140
29.65000 1.6740063633774713
29.67000 1.6743769436119404
29.69000 1.6747473587141897
29.71000 1.6751176088682580
29.73000 1.6754876942578565
29.75000 1.6758576150663695
29.77000 1.6762273714768541
29.79000 1.6765969636720428
29.81000 1.6769663918343445
29.83000 1.6773356561458417
29.85000 1.6777047567882941
29.87000 1.6780736939431400
29.89000 1.6784424677914951
29.91000 1.6788110785141557
29.93000 1.6791795262915965
29.95000 1.6795478113039737
29.97000 1.6799159337311249
29.99000 1.6802838937525697
30.01000 1.6806516915475112
30.03000 1.6810193272948351
30.05000 1.6813868011731132
30.07000 1.6817541133606022
30.09000 1.6821212640352436
30.11000 1.6824882533746681
30.13000 1.6828550815561925
30.15000 1.6832217487568222
30.17000 1.6835882551532513
30.19000 1.6839546009218647
30.21000 1.6843207862387368
30.23000 1.6846868112796343
30.25000 1.6850526762200151
30.27000 1.6854183812350314
30.29000 1.6857839264995274
30.31000 1.6861493121880426
30.33000 1.6865145384748108
30.35000 1.6868796055337634
30.37000 1.6872445135385250
30.39000 1.6876092626624206
30.41000 1.6879738530784720
30.43000 1.6883382849593986
30.45000 1.6887025584776216
30.47000 1.6890666738052598
30.49000 1.6894306311141343
30.51000 1.6897944305757675
30.53000 1.6901580723613838
30.55000 1.6905215566419116
30.57000 1.6908848835879819
30.59000 1.6912480533699297
30.61000 1.6916110661577959
30.63000 1.6919739221213264
30.65000 1.6923366214299758
30.67000 1.6926991642529026
30.69000 1.6930615507589766
30.71000 1.6934237811167738
30.73000 1.6937858554945804
30.75000 1.6941477740603916
30.77000 1.6945095369819139
30.79000 1.6948711444265661
30.81000 1.6952325965614774
30.83000 1.6955938935534900
30.85000 1.6959550355691615
30.87000 1.6963160227747598
30.89000 1.6966768553362710
30.91000 1.6970375334193943
30.93000 1.6973980571895460
30.95000 1.6977584268118595
30.97000 1.6981186424511847
30.99000 1.6984787042720904
31.01000 1.6988386124388630
31.03000 1.6991983671155093
31.05000 1.6995579684657560
31.07000 1.6999174166530497
31.09000 1.7002767118405591
31.11000 1.7006358541911746
31.13000 1.7009948438675100
31.15000 1.7013536810319010
31.17000 1.7017123658464086
31.19000 1.7020708984728177
31.21000 1.7024292790726390
31.23000 1.7027875078071077
31.25000 1.7031455848371868
31.27000 1.7035035103235665
31.29000 1.7038612844266636
31.31000 1.7042189073066254
31.33000 1.7045763791233255
31.35000 1.7049337000363691
31.37000 1.7052908702050915
31.39000 1.7056478897885592
31.41000 1.7060047589455696
31.43000 1.7063614778346512
31.45000 1.7067180466140681
31.47000 1.7070744654418157
31.49000 1.7074307344756237
31.51000 1.7077868538729568
31.53000 1.7081428237910146
31.55000 1.7084986443867343
31.57000 1.7088543158167868
31.59000 1.7092098382375824
31.61000 1.7095652118052673
31.63000 1.7099204366757277
31.65000 1.7102755130045875
31.67000 1.7106304409472104
31.69000 1.7109852206587006
31.71000 1.7113398522939025
31.73000 1.7116943360074026
31.75000 1.7120486719535282
31.77000 1.7124028602863504
31.79000 1.7127569011596804
31.81000 1.7131107947270776
31.83000 1.7134645411418425
31.85000 1.7138181405570199
31.87000 1.7141715931254029
31.89000 1.7145248989995292
31.91000 1.7148780583316825
31.93000 1.7152310712738934
31.95000 1.7155839379779410
31.97000 1.7159366585953546
31.99000 1.7162892332774073
32.01000 1.7166416621751275
32.03000 1.7169939454392891
32.05000 1.7173460832204197
32.07000 1.7176980756687963
32.09000 1.7180499229344477
32.11000 1.7184016251671546
32.13000 1.7187531825164521
32.15000 1.7191045951316295
32.17000 1.7194558631617263
32.19000 1.7198069867555397
32.21000 1.7201579660616206
32.23000 1.7205088012282765
32.25000 1.7208594924035698
32.27000 1.7212100397353209
32.29000 1.7215604433711069
32.31000 1.7219107034582626
32.33000 1.7222608201438816
32.35000 1.7226107935748154
32.37000 1.7229606238976767
32.39000 1.7233103112588370
32.41000 1.7236598558044283
32.43000 1.7240092576803450
32.45000 1.7243585170322409
32.47000 1.7247076340055336
32.49000 1.7250566087454033
32.51000 1.7254054413967921
32.53000 1.7257541321044085
32.55000 1.7261026810127225
32.57000 1.7264510882659700
32.59000 1.7267993540081532
32.61000 1.7271474783830383
32.63000 1.7274954615341591
32.65000 1.7278433036048160
32.67000 1.7281910047380773
32.69000 1.7285385650767777
32.71000 1.7288859847635225
32.73000 1.7292332639406855
32.75000 1.7295804027504083
32.77000 1.7299274013346035
32.79000 1.7302742598349545
32.81000 1.7306209783929163
32.83000 1.7309675571497145
32.85000 1.7313139962463464
32.87000 1.7316602958235823
32.89000 1.7320064560219663
32.91000 1.7323524769818155
32.93000 1.7326983588432203
32.95000 1.7330441017460463
32.97000 1.7333897058299350
32.99000 1.7337351712343012
33.01000 1.7340804980983389
33.03000 1.7344256865610164
33.05000 1.7347707367610781
33.07000 1.7351156488370489
33.09000 1.7354604229272295
33.11000 1.7358050591696996
33.13000 1.7361495577023185
33.15000 1.7364939186627237
33.17000 1.7368381421883343
33.19000 1.7371822284163490
33.21000 1.7375261774837469
33.23000 1.7378699895272895
33.25000 1.7382136646835196
33.27000 1.7385572030887622
33.29000 1.7389006048791260
33.31000 1.7392438701905024
33.33000 1.7395869991585666
33.35000 1.7399299919187772
33.37000 1.7402728486063794
33.39000 1.7406155693564027
33.41000 1.7409581543036619
33.43000 1.7413006035827578
33.45000 1.7416429173280792
33.47000 1.7419850956738001
33.49000 1.7423271387538832
33.51000 1.7426690467020789
33.53000 1.7430108196519272
33.55000 1.7433524577367541
33.57000 1.7436939610896782
33.59000 1.7440353298436055
33.61000 1.7443765641312343
33.63000 1.7447176640850517
33.65000 1.7450586298373372
33.67000 1.7453994615201625
33.69000 1.7457401592653892
33.71000 1.7460807232046740
33.73000 1.7464211534694645
33.75000 1.7467614501910038
33.77000 1.7471016135003263
33.79000 1.7474416435282640
33.81000 1.7477815404054411
33.83000 1.7481213042622767
33.85000 1.7484609352289882
33.87000 1.7488004334355864
33.89000 1.7491397990118802
33.91000 1.7494790320874756
33.93000 1.7498181327917748
33.95000 1.7501571012539789
33.97000 1.7504959376030866
33.99000 1.7508346419678960
34.01000 1.7511732144770031
34.03000 1.7515116552588055
34.05000 1.7518499644415000
34.07000 1.7521881421530816
34.09000 1.7525261885213497
34.11000 1.7528641036739026
34.13000 1.7532018877381415
34.15000 1.7535395408412684
34.17000 1.7538770631102896
34.19000 1.7542144546720131
34.21000 1.7545517156530506
34.23000 1.7548888461798182
34.25000 1.7552258463785355
34.27000 1.7555627163752268
34.29000 1.7558994562957233
34.31000 1.7562360662656578
34.33000 1.7565725464104722
34.35000 1.7569088968554141
34.37000 1.7572451177255364
34.39000 1.7575812091457004
34.41000 1.7579171712405763
34.43000 1.7582530041346389
34.45000 1.7585887079521738
34.47000 1.7589242828172749
34.49000 1.7592597288538447
34.51000 1.7595950461855954
34.53000 1.7599302349360506
34.55000 1.7602652952285414
34.57000 1.7606002271862125
34.59000 1.7609350309320173
34.61000 1.7612697065887233
34.63000 1.7616042542789083
34.65000 1.7619386741249623
34.67000 1.7622729662490892
34.69000 1.7626071307733051
34.71000 1.7629411678194404
34.73000 1.7632750775091386
34.75000 1.7636088599638584
34.77000 1.7639425153048713
34.79000 1.7642760436532670
34.81000 1.7646094451299483
34.83000 1.7649427198556344
34.85000 1.7652758679508616
34.87000 1.7656088895359807
34.89000 1.7659417847311625
34.91000 1.7662745536563931
34.93000 1.7666071964314771
34.95000 1.7669397131760367
34.97000 1.7672721040095141
34.99000 1.7676043690511674
35.01000 1.7679365084200780
35.03000 1.7682685222351446
35.05000 1.7686004106150857
35.07000 1.7689321736784411
35.09000 1.7692638115435719
35.11000 1.7695953243286582
35.13000 1.7699267121517048
35.15000 1.7702579751305350
35.17000 1.7705891133827976
35.19000 1.7709201270259611
35.21000 1.7712510161773192
35.23000 1.7715817809539878
35.25000 1.7719124214729081
35.27000 1.7722429378508429
35.29000 1.7725733302043818
35.31000 1.7729035986499382
35.33000 1.7732337433037493
35.35000 1.7735637642818822
35.37000 1.7738936617002252
35.39000 1.7742234356744944
35.41000 1.7745530863202343
35.43000 1.7748826137528138
35.45000 1.7752120180874313
35.47000 1.7755412994391113
35.49000 1.7758704579227074
35.51000 1.7761994936529009
35.53000 1.7765284067442031
35.55000 1.7768571973109533
35.57000 1.7771858654673192
35.59000 1.7775144113273011
35.61000 1.7778428350047271
35.63000 1.7781711366132571
35.65000 1.7784993162663818
35.67000 1.7788273740774219
35.69000 1.7791553101595308
35.71000 1.7794831246256939
35.73000 1.7798108175887286
35.75000 1.7801383891612836
35.77000 1.7804658394558430
35.79000 1.7807931685847223
35.81000 1.7811203766600707
35.83000 1.7814474637938731
35.85000 1.7817744300979454
35.87000 1.7821012756839412
35.89000 1.7824280006633475
35.91000 1.7827546051474881
35.93000 1.7830810892475206
35.95000 1.7834074530744388
35.97000 1.7837336967390744
35.99000 1.7840598203520925
36.01000 1.7843858240239991
36.03000 1.7847117078651353
36.05000 1.7850374719856803
36.07000 1.7853631164956503
36.09000 1.7856886415049014
36.11000 1.7860140471231261
36.13000 1.7863393334598587
36.15000 1.7866645006244706
36.17000 1.7869895487261731
36.19000 1.7873144778740178
36.21000 1.7876392881768974
36.23000 1.7879639797435423
36.25000 1.7882885526825263
36.27000 1.7886130071022639
36.29000 1.7889373431110107
36.31000 1.7892615608168643
36.33000 1.7895856603277642
36.35000 1.7899096417514935
36.37000 1.7902335051956759
36.39000 1.7905572507677803
36.41000 1.7908808785751167
36.43000 1.7912043887248412
36.45000 1.7915277813239530
36.47000 1.7918510564792949
36.49000 1.7921742142975561
36.51000 1.7924972548852685
36.53000 1.7928201783488111
36.55000 1.7931429847944074
36.57000 1.7934656743281272
36.59000 1.7937882470558868
36.61000 1.7941107030834489
36.63000 1.7944330425164221
36.65000 1.7947552654602621
36.67000 1.7950773720202742
36.69000 1.7953993623016093
36.71000 1.7957212364092661
36.73000 1.7960429944480931
36.75000 1.7963646365227870
36.77000 1.7966861627378932
36.79000 1.7970075731978059
36.81000 1.7973288680067689
36.83000 1.7976500472688768
36.85000 1.7979711110880734
36.87000 1.7982920595681529
36.89000 1.7986128928127609
36.91000 1.7989336109253933
36.93000 1.7992542140093977
36.95000 1.7995747021679729
36.97000 1.7998950755041692
36.99000 1.8002153341208904
37.01000 1.8005354781208927
37.03000 1.8008555076067831
37.05000 1.8011754226810235
37.07000 1.8014952234459289
37.09000 1.8018149100036669
37.11000 1.8021344824562604
37.13000 1.8024539409055862
37.15000 1.8027732854533740
37.17000 1.8030925162012106
37.19000 1.8034116332505361
37.21000 1.8037306367026469
37.23000 1.8040495266586944
37.25000 1.8043683032196862
37.27000 1.8046869664864869
37.29000 1.8050055165598156
37.31000 1.8053239535402499
37.33000 1.8056422775282239
37.35000 1.8059604886240286
37.37000 1.8062785869278140
37.39000 1.8065965725395856
37.41000 1.8069144455592097
37.43000 1.8072322060864081
37.45000 1.8075498542207642
37.47000 1.8078673900617179
37.49000 1.8081848137085705
37.51000 1.8085021252604814
37.53000 1.8088193248164706
37.55000 1.8091364124754177
37.57000 1.8094533883360622
37.59000 1.8097702524970050
37.61000 1.8100870050567068
37.63000 1.8104036461134920
37.65000 1.8107201757655440
37.67000 1.8110365941109086
37.69000 1.8113529012474929
37.71000 1.8116690972730671
37.73000 1.8119851822852633
37.75000 1.8123011563815767
37.77000 1.8126170196593661
37.79000 1.8129327722158530
37.81000 1.8132484141481224
37.83000 1.8135639455531221
37.85000 1.8138793665276667
37.87000 1.8141946771684314
37.89000 1.8145098775719595
37.91000 1.8148249678346577
37.93000 1.8151399480527972
37.95000 1.8154548183225154
37.97000 1.8157695787398151
37.99000 1.8160842294005652
38.01000 1.8163987704005000
38.03000 1.8167132018352210
38.05000 1.8170275238001963
38.07000 1.8173417363907607
38.09000 1.8176558397021159
38.11000 1.8179698338293326
38.13000 1.8182837188673473
38.15000 1.8185974949109640
38.17000 1.8189111620548564
38.19000 1.8192247203935676
38.21000 1.8195381700215056
38.23000 1.8198515110329525
38.25000 1.8201647435220552
38.27000 1.8204778675828319
38.29000 1.8207908833091686
38.31000 1.8211037907948255
38.33000 1.8214165901334294
38.35000 1.8217292814184778
38.37000 1.8220418647433407
38.39000 1.8223543402012574
38.41000 1.8226667078853391
38.43000 1.8229789678885675
38.45000 1.8232911203037976
38.47000 1.8236031652237545
38.49000 1.8239151027410367
38.51000 1.8242269329481142
38.53000 1.8245386559373311
38.55000 1.8248502718009034
38.57000 1.8251617806309186
38.59000 1.8254731825193413
38.61000 1.8257844775580054
38.63000 1.8260956658386223
38.65000 1.8264067474527752
38.67000 1.8267177224919224
38.69000 1.8270285910473971
38.71000 1.8273393532104065
38.73000 1.8276500090720333
38.75000 1.8279605587232355
38.77000 1.8282710022548456
38.79000 1.8285813397575736
38.81000 1.8288915713220031
38.83000 1.8292016970385974
38.85000 1.8295117169976927
38.87000 1.8298216312895037
38.89000 1.8301314400041213
38.91000 1.8304411432315131
38.93000 1.8307507410615249
38.95000 1.8310602335838808
38.97000 1.8313696208881811
38.99000 1.8316789030639045
39.01000 1.8319880802004092
39.03000 1.8322971523869300
39.05000 1.8326061197125814
39.07000 1.8329149822663571
39.09000 1.8332237401371285
39.11000 1.8335323934136503
39.13000 1.8338409421845510
39.15000 1.8341493865383434
39.17000 1.8344577265634194
39.19000 1.8347659623480506
39.21000 1.8350740939803878
39.23000 1.8353821215484656
39.25000 1.8356900451401976
39.27000 1.8359978648433783
39.29000 1.8363055807456854
39.31000 1.8366131929346756
39.33000 1.8369207014977895
39.35000 1.8372281065223492
39.37000 1.8375354080955593
39.39000 1.8378426063045061
39.41000 1.8381497012361592
39.43000 1.8384566929773718
39.45000 1.8387635816148789
39.47000 1.8390703672352997
39.49000 1.8393770499251358
39.51000 1.8396836297707744
39.53000 1.8399901068584861
39.55000 1.8402964812744242
39.57000 1.8406027531046287
39.59000 1.8409089224350230
39.61000 1.8412149893514151
39.63000 1.8415209539394999
39.65000 1.8418268162848548
39.67000 1.8421325764729450
39.69000 1.8424382345891204
39.71000 1.8427437907186157
39.73000 1.8430492449465552
39.75000 1.8433545973579457
39.77000 1.8436598480376831
39.79000 1.8439649970705483
39.81000 1.8442700445412099
39.83000 1.8445749905342250
39.85000 1.8448798351340352
39.87000 1.8451845784249727
39.89000 1.8454892204912547
39.91000 1.8457937614169899
39.93000 1.8460982012861700
39.95000 1.8464025401826807
39.97000 1.8467067781902931
39.99000 1.8470109153926668
40.01000 1.8473149518733516
40.03000 1.8476188877157869
40.05000 1.8479227230033017
40.07000 1.8482264578191117
40.09000 1.8485300922463255
40.11000 1.8488336263679421
40.13000 1.8491370602668473
40.15000 1.8494403940258199
40.17000 1.8497436277275290
40.19000 1.8500467614545348
40.21000 1.8503497952892873
40.23000 1.8506527293141291
40.25000 1.8509555636112922
40.27000 1.8512582982629029
40.29000 1.8515609333509770
40.31000 1.8518634689574232
40.33000 1.8521659051640433
40.35000 1.8524682420525302
40.37000 1.8527704797044697
40.39000 1.8530726182013399
40.41000 1.8533746576245129
40.43000 1.8536765980552536
40.45000 1.8539784395747201
40.47000 1.8542801822639643
40.49000 1.8545818262039309
40.51000 1.8548833714754598
40.53000 1.8551848181592840
40.55000 1.8554861663360327
40.57000 1.8557874160862255
40.59000 1.8560885674902816
40.61000 1.8563896206285124
40.63000 1.8566905755811245
40.65000 1.8569914324282193
40.67000 1.8572921912497973
40.69000 1.8575928521257477
40.71000 1.8578934151358628
40.73000 1.8581938803598264
40.75000 1.8584942478772204
40.77000 1.8587945177675214
40.79000 1.8590946901101044
40.81000 1.8593947649842404
40.83000 1.8596947424690968
40.85000 1.8599946226437394
40.87000 1.8602944055871304
40.89000 1.8605940913781285
40.91000 1.8608936800954925
40.93000 1.8611931718178769
40.95000 1.8614925666238367
40.97000 1.8617918645918210
40.99000 1.8620910658001817
41.01000 1.8623901703271670
41.03000 1.8626891782509230
41.05000 1.8629880896494977
41.07000 1.8632869046008356
41.09000 1.8635856231827819
41.11000 1.8638842454730800
41.13000 1.8641827715493740
41.15000 1.8644812014892085
41.17000 1.8647795353700254
41.19000 1.8650777732691701
41.21000 1.8653759152638860
41.23000 1.8656739614313183
41.25000 1.8659719118485114
41.27000 1.8662697665924131
41.29000 1.8665675257398699
41.31000 1.8668651893676305
41.33000 1.8671627575523460
41.35000 1.8674602303705670
41.37000 1.8677576078987466
41.39000 1.8680548902132421
41.41000 1.8683520773903084
41.43000 1.8686491695061078
41.45000 1.8689461666367009
41.47000 1.8692430688580530
41.49000 1.8695398762460316
41.51000 1.8698365888764084
41.53000 1.8701332068248555
41.55000 1.8704297301669508
41.57000 1.8707261589781745
41.59000 1.8710224933339117
41.61000 1.8713187333094492
41.63000 1.8716148789799798
41.65000 1.8719109304205996
41.67000 1.8722068877063094
41.69000 1.8725027509120131
41.71000 1.8727985201125217
41.73000 1.8730941953825484
41.75000 1.8733897767967136
41.77000 1.8736852644295416
41.79000 1.8739806583554619
41.81000 1.8742759586488105
41.83000 1.8745711653838284
41.85000 1.8748662786346622
41.87000 1.8751612984753654
41.89000 1.8754562249798965
41.91000 1.8757510582221206
41.93000 1.8760457982758099
41.95000 1.8763404452146426
41.97000 1.8766349991122047
41.99000 1.8769294600419877
42.01000 1.8772238280773905
42.03000 1.8775181032917208
42.05000 1.8778122857581923
42.07000 1.8781063755499265
42.09000 1.8784003727399516
42.11000 1.8786942774012072
42.13000 1.8789880896065376
42.15000 1.8792818094286963
42.17000 1.8795754369403466
42.19000 1.8798689722140569
42.21000 1.8801624153223082
42.23000 1.8804557663374886
42.25000 1.8807490253318941
42.27000 1.8810421923777343
42.29000 1.8813352675471215
42.31000 1.8816282509120823
42.33000 1.8819211425445517
42.35000 1.8822139425163751
42.37000 1.8825066508993067
42.39000 1.8827992677650114
42.41000 1.8830917931850646
42.43000 1.8833842272309509
42.45000 1.8836765699740678
42.47000 1.8839688214857222
42.49000 1.8842609818371308
42.51000 1.8845530510994244
42.53000 1.8848450293436405
42.55000 1.8851369166407332
42.57000 1.8854287130615630
42.59000 1.8857204186769065
42.61000 1.8860120335574493
42.63000 1.8863035577737899
42.65000 1.8865949913964382
42.67000 1.8868863344958189
42.69000 1.8871775871422638
42.71000 1.8874687494060238
42.73000 1.8877598213572584
42.75000 1.8880508030660410
42.77000 1.8883416946023575
42.79000 1.8886324960361076
42.81000 1.8889232074371036
42.83000 1.8892138288750728
42.85000 1.8895043604196540
42.87000 1.8897948021404014
42.89000 1.8900851541067825
42.91000 1.8903754163881785
42.93000 1.8906655890538859
42.95000 1.8909556721731133
42.97000 1.8912456658149868
42.99000 1.8915355700485446
43.01000 1.8918253849427418
43.03000 1.8921151105664449
43.05000 1.8924047469884406
43.07000 1.8926942942774261
43.09000 1.8929837525020163
43.11000 1.8932731217307412
43.13000 1.8935624020320465
43.15000 1.8938515934742945
43.17000 1.8941406961257612
43.19000 1.8944297100546403
43.21000 1.8947186353290417
43.23000 1.8950074720169903
43.25000 1.8952962201864290
43.27000 1.8955848799052177
43.29000 1.8958734512411315
43.31000 1.8961619342618623
43.33000 1.8964503290350199
43.35000 1.8967386356281331
43.37000 1.8970268541086439
43.39000 1.8973149845439159
43.41000 1.8976030270012267
43.43000 1.8978909815477749
43.45000 1.8981788482506738
43.47000 1.8984666271769577
43.49000 1.8987543183935773
43.51000 1.8990419219674017
43.53000 1.8993294379652181
43.55000 1.8996168664537354
43.57000 1.8999042074995760
43.59000 1.9001914611692861
43.61000 1.9004786275293257
43.63000 1.9007657066460801
43.65000 1.9010526985858485
43.67000 1.9013396034148522
43.69000 1.9016264211992318
43.71000 1.9019131520050458
43.73000 1.9021997958982748
43.75000 1.9024863529448186
43.77000 1.9027728232104966
43.79000 1.9030592067610486
43.81000 1.9033455036621336
43.83000 1.9036317139793337
43.85000 1.9039178377781494
43.87000 1.9042038751240027
43.89000 1.9044898260822363
43.91000 1.9047756907181135
43.93000 1.9050614690968193
43.95000 1.9053471612834603
43.97000 1.9056327673430629
43.99000 1.9059182873405776
44.01000 1.9062037213408731
44.03000 1.9064890694087426
44.05000 1.9067743316089010
44.07000 1.9070595080059836
44.09000 1.9073445986645485
44.11000 1.9076296036490779
44.13000 1.9079145230239738
44.15000 1.9081993568535611
44.17000 1.9084841052020893
44.19000 1.9087687681337295
44.21000 1.9090533457125749
44.23000 1.9093378380026440
44.25000 1.9096222450678753
44.27000 1.9099065669721340
44.29000 1.9101908037792055
44.31000 1.9104749555528009
44.33000 1.9107590223565543
44.35000 1.9110430042540247
44.37000 1.9113269013086929
44.39000 1.9116107135839664
44.41000 1.9118944411431738
44.43000 1.9121780840495695
44.45000 1.9124616423663332
44.47000 1.9127451161565694
44.49000 1.9130285054833047
44.51000 1.9133118104094913
44.53000 1.9135950309980094
44.55000 1.9138781673116612
44.57000 1.9141612194131743
44.59000 1.9144441873652021
44.61000 1.9147270712303237
44.63000 1.9150098710710437
44.65000 1.9152925869497919
44.67000 1.9155752189289248
44.69000 1.9158577670707226
44.71000 1.9161402314373939
44.73000 1.9164226120910730
44.75000 1.9167049090938197
44.77000 1.9169871225076209
44.79000 1.9172692523943893
44.81000 1.9175512988159638
44.83000 1.9178332618341123
44.85000 1.9181151415105271
44.87000 1.9183969379068291
44.89000 1.9186786510845655
44.91000 1.9189602811052109
44.93000 1.9192418280301671
44.95000 1.9195232919207639
44.97000 1.9198046728382576
44.99000 1.9200859708438336
45.01000 1.9203671859986036
45.03000 1.9206483183636094
45.05000 1.9209293679998183
45.07000 1.9212103349681267
45.09000 1.9214912193293610
45.11000 1.9217720211442721
45.13000 1.9220527404735444
45.15000 1.9223333773777871
45.17000 1.9226139319175390
45.19000 1.9228944041532685
45.21000 1.9231747941453725
45.23000 1.9234551019541775
45.25000 1.9237353276399387
45.27000 1.9240154712628412
45.29000 1.9242955328829972
45.31000 1.9245755125604525
45.33000 1.9248554103551794
45.35000 1.9251352263270798
45.37000 1.9254149605359883
45.39000 1.9256946130416672
45.41000 1.9259741839038091
45.43000 1.9262536731820379
45.45000 1.9265330809359065
45.47000 1.9268124072248991
45.49000 1.9270916521084303
45.51000 1.9273708156458442
45.53000 1.9276498978964183
45.55000 1.9279288989193601
45.57000 1.9282078187738061
45.59000 1.9284866575188251
45.61000 1.9287654152134173
45.63000 1.9290440919165155
45.65000 1.9293226876869816
45.67000 1.9296012025836107
45.69000 1.9298796366651285
45.71000 1.9301579899901937
45.73000 1.9304362626173945
45.75000 1.9307144546052548
45.77000 1.9309925660122274
45.79000 1.9312705968966986
45.81000 1.9315485473169862
45.83000 1.9318264173313426
45.85000 1.9321042069979497
45.87000 1.9323819163749238
45.89000 1.9326595455203139
45.91000 1.9329370944921018
45.93000 1.9332145633482019
45.95000 1.9334919521464622
45.97000 1.9337692609446626
45.99000 1.9340464898005187
46.01000 1.9343236387716756
46.03000 1.9346007079157161
46.05000 1.9348776972901547
46.07000 1.9351546069524383
46.09000 1.9354314369599501
46.11000 1.9357081873700059
46.13000 1.9359848582398553
46.15000 1.9362614496266823
46.17000 1.9365379615876057
46.19000 1.9368143941796778
46.21000 1.9370907474598853
46.23000 1.9373670214851499
46.25000 1.9376432163123285
46.27000 1.9379193319982120
46.29000 1.9381953685995246
46.31000 1.9384713261729292
46.33000 1.9387472047750203
46.35000 1.9390230044623291
46.37000 1.9392987252913219
46.39000 1.9395743673184000
46.41000 1.9398499305999004
46.43000 1.9401254151920957
46.45000 1.9404008211511938
46.47000 1.9406761485333397
46.49000 1.9409513973946124
46.51000 1.9412265677910279
46.53000 1.9415016597785375
46.55000 1.9417766734130295
46.57000 1.9420516087503286
46.59000 1.9423264658461956
46.61000 1.9426012447563261
46.63000 1.9428759455363558
46.65000 1.9431505682418539
46.67000 1.9434251129283275
46.69000 1.9436995796512200
46.71000 1.9439739684659134
46.73000 1.9442482794277252
46.75000 1.9445225125919099
46.77000 1.9447966680136610
46.79000 1.9450707457481080
46.81000 1.9453447458503166
46.83000 1.9456186683752927
46.85000 1.9458925133779779
46.87000 1.9461662809132545
46.89000 1.9464399710359379
46.91000 1.9467135838007845
46.93000 1.9469871192624884
46.95000 1.9472605774756822
46.97000 1.9475339584949349
46.99000 1.9478072623747567
47.01000 1.9480804891695931
47.03000 1.9483536389338305
47.05000 1.9486267117217924
47.07000 1.9488997075877412
47.09000 1.9491726265858795
47.11000 1.9494454687703473
47.13000 1.9497182341952237
47.15000 1.9499909229145276
47.17000 1.9502635349822168
47.19000 1.9505360704521886
47.21000 1.9508085293782786
47.23000 1.9510809118142620
47.25000 1.9513532178138560
47.27000 1.9516254474307140
47.29000 1.9518976007184321
47.31000 1.9521696777305444
47.33000 1.9524416785205239
47.35000 1.9527136031417871
47.37000 1.9529854516476872
47.39000 1.9532572240915202
47.41000 1.9535289205265209
47.43000 1.9538005410058636
47.45000 1.9540720855826659
47.47000 1.9543435543099830
47.49000 1.9546149472408128
47.51000 1.9548862644280933
47.53000 1.9551575059247033
47.55000 1.9554286717834619
47.57000 1.9556997620571306
47.59000 1.9559707767984102
47.61000 1.9562417160599452
47.63000 1.9565125798943188
47.65000 1.9567833683540568
47.67000 1.9570540814916275
47.69000 1.9573247193594383
47.71000 1.9575952820098410
47.73000 1.9578657694951258
47.75000 1.9581361818675291
47.77000 1.9584065191792248
47.79000 1.9586767814823314
47.81000 1.9589469688289103
47.83000 1.9592170812709619
47.85000 1.9594871188604304
47.87000 1.9597570816492049
47.89000 1.9600269696891124
47.91000 1.9602967830319269
47.93000 1.9605665217293604
47.95000 1.9608361858330725
47.97000 1.9611057753946615
47.99000 1.9613752904656714
48.01000 1.9616447310975869
48.03000 1.9619140973418372
48.05000 1.9621833892497960
48.07000 1.9624526068727752
48.09000 1.9627217502620373
48.11000 1.9629908194687813
48.13000 1.9632598145441540
48.15000 1.9635287355392448
48.17000 1.9637975825050853
48.19000 1.9640663554926530
48.21000 1.9643350545528679
48.23000 1.9646036797365940
48.25000 1.9648722310946403
48.27000 1.9651407086777579
48.29000 1.9654091125366449
48.31000 1.9656774427219408
48.33000 1.9659456992842308
48.35000 1.9662138822740445
48.37000 1.9664819917418579
48.39000 1.9667500277380872
48.41000 1.9670179903130962
48.43000 1.9672858795171935
48.45000 1.9675536954006319
48.47000 1.9678214380136088
48.49000 1.9680891074062674
48.51000 1.9683567036286964
48.53000 1.9686242267309282
48.55000 1.9688916767629412
48.57000 1.9691590537746588
48.59000 1.9694263578159512
48.61000 1.9696935889366327
48.63000 1.9699607471864624
48.65000 1.9702278326151477
48.67000 1.9704948452723399
48.69000 1.9707617852076356
48.71000 1.9710286524705807
48.73000 1.9712954471106612
48.75000 1.9715621691773151
48.77000 1.9718288187199231
48.79000 1.9720953957878127
48.81000 1.9723619004302597
48.83000 1.9726283326964829
48.85000 1.9728946926356496
48.87000 1.9731609802968746
48.89000 1.9734271957292173
48.91000 1.9736933389816844
48.93000 1.9739594101032314
48.95000 1.9742254091427565
48.97000 1.9744913361491085
48.99000 1.9747571911710835
49.01000 1.9750229742574206
49.03000 1.9752886854568099
49.05000 1.9755543248178880
49.07000 1.9758198923892383
49.09000 1.9760853882193921
49.11000 1.9763508123568263
49.13000 1.9766161648499700
49.15000 1.9768814457471933
49.17000 1.9771466550968200
49.19000 1.9774117929471198
49.21000 1.9776768593463081
49.23000 1.9779418543425511
49.25000 1.9782067779839625
49.27000 1.9784716303186027
49.29000 1.9787364113944825
49.31000 1.9790011212595584
49.33000 1.9792657599617363
49.35000 1.9795303275488723
49.37000 1.9797948240687686
49.39000 1.9800592495691764
49.41000 1.9803236040977987
49.43000 1.9805878877022816
49.45000 1.9808521004302242
49.47000 1.9811162423291735
49.49000 1.9813803134466248
49.51000 1.9816443138300228
49.53000 1.9819082435267628
49.55000 1.9821721025841859
49.57000 1.9824358910495863
49.59000 1.9826996089702047
49.61000 1.9829632563932329
49.63000 1.9832268333658103
49.65000 1.9834903399350285
49.67000 1.9837537761479267
49.69000 1.9840171420514949
49.71000 1.9842804376926713
49.73000 1.9845436631183464
49.75000 1.9848068183753584
49.77000 1.9850699035104971
49.79000 1.9853329185705002
49.81000 1.9855958636020592
49.83000 1.9858587386518125
49.85000 1.9861215437663498
49.87000 1.9863842789922121
49.89000 1.9866469443758896
49.91000 1.9869095399638237
49.93000 1.9871720658024061
49.95000 1.9874345219379781
49.97000 1.9876969084168357
49.99000 1.9879592252852203
50.01000 1.9882214725893277
50.03000 1.9884836503753045
50.05000 1.9887457586892461
50.07000 1.9890077975772000
50.09000 1.9892697670851704
50.11000 1.9895316672590906
50.13000 1.9897934981449239
50.15000 1.9900552597882906
50.17000 1.9903169522358726
50.19000 1.9905785755301284
50.21000 1.9908401297291438
50.23000 1.9911016148321050
50.25000 1.9913630310591279
