0.25000 0.0000000000000000
0.27000 0.0504247321936790
0.29000 0.0998568790670019
0.31000 0.1483829355069473
0.33000 0.1960715710542145
0.35000 0.2429838653178471
0.37000 0.2891728791726423
0.39000 0.3346855206712082
0.41000 0.3795634202505749
0.43000 0.4238437831075153
0.45000 0.4675600354159243
0.47000 0.5107423605718344
0.49000 0.5534181335763277
0.51000 0.5956122888703880
0.53000 0.6373476265765381
0.55000 0.6786450602113058
0.57000 0.7195238375064896
0.59000 0.7600017418172668
0.61000 0.8000952169896759
0.63000 0.8398195384405794
0.65000 0.8791889173242620
0.67000 0.9182166025178989
0.69000 0.9569149770266128
0.71000 0.9952956414466476
0.73000 1.0333694761002594
0.75000 1.0711467036638784
0.77000 1.1086369460672145
0.79000 1.1458492839903898
0.81000 1.1827922924662575
0.83000 1.2194740792103258
0.85000 1.2559023202621467
0.87000 1.2920843052819295
0.89000 1.3280269353495429
0.91000 1.3637367978683508
0.93000 1.3992201270774351
0.95000 1.4344828810723711
0.97000 1.4695307542403266
0.99000 1.5043691689934762
1.01000 1.5390033021981417
1.03000 1.5734381135391631
1.05000 1.6076783546608280
1.07000 1.6417285705260536
1.09000 1.6755931150233296
1.11000 1.7092761658851390
1.13000 1.7427817382024777
1.15000 1.7761136952512768
1.17000 1.8092757528466898
1.19000 1.8422714849018567
1.21000 1.8751043318880483
1.23000 1.9077776080851030
1.25000 1.9402945077181164
1.27000 1.9726581119123991
1.29000 2.0048713946387249
1.31000 2.0369372301858926
1.33000 2.0688583970834453
1.35000 2.1006375803504205
1.37000 2.1322773779297948
1.39000 2.1637803022687891
1.41000 2.1951487865190833
1.43000 2.2263851878588268
1.45000 2.2574917906581424
1.47000 2.2884708097268001
1.49000 2.3193243961555923
1.51000 2.3500546315186153
1.53000 2.3806635460843619
1.55000 2.4111530999260289
1.57000 2.4415252055786461
1.59000 2.4717817215700864
1.61000 2.5019244486509731
1.63000 2.5319551428658209
1.65000 2.5618755140140417
1.67000 2.5916872216668692
1.69000 2.6213918812200023
1.71000 2.6509910700498915
1.73000 2.6804863234908010
1.75000 2.7098791349199152
1.77000 2.7391709594904365
1.79000 2.7683632188306717
1.81000 2.7974573006329511
1.83000 2.8264545567056523
1.85000 2.8553563045241233
1.87000 2.8841638298180481
1.89000 2.9128783898061781
1.91000 2.9415012140055588
1.93000 2.9700335019374058
1.95000 2.9984764243697337
1.97000 3.0268311249370696
1.99000 3.0550987220268944
2.01000 3.0832803106512094
2.03000 3.1113769624805823
2.05000 3.1393897257120464
2.07000 3.1673196248360571
2.09000 3.1951676616406846
2.11000 3.2229348168969261
2.13000 3.2506220489421165
2.15000 3.2782302996645507
2.17000 3.3057604884592395
2.19000 3.3332135200424866
2.21000 3.3605902785184623
2.23000 3.3878916291552059
2.25000 3.4151184220807349
2.27000 3.4422714889394892
2.29000 3.4693516435798997
2.31000 3.4963596865548676
2.33000 3.5232964030139793
2.35000 3.5501625617302506
2.37000 3.5769589178687418
2.39000 3.6036862144266979
2.41000 3.6303451790014196
2.43000 3.6569365240446468
2.45000 3.6834609497582393
2.47000 3.7099191451767868
2.49000 3.7363117854361065
2.51000 3.7626395326491786
2.53000 3.7889030375010275
2.55000 3.8151029406687305
2.57000 3.8412398719248624
2.59000 3.8673144492769040
2.61000 3.8933272799762850
2.63000 3.9192789609597005
2.65000 3.9451700802081668
2.67000 3.9710012154246384
2.69000 3.9967729344513745
2.71000 4.0224857946599428
2.73000 4.0481403443769688
2.75000 4.0737371222981658
2.77000 4.0992766613731444
2.79000 4.1247594837847998
2.81000 4.1501861043476476
2.83000 4.1755570280034693
2.85000 4.2008727516618372
2.87000 4.2261337662458560
2.89000 4.2513405546658527
2.91000 4.2764935922958216
2.93000 4.3015933481382929
2.95000 4.3266402823449184
2.97000 4.3516348475502449
2.99000 4.3765774910200692
3.01000 4.4014686523886875
3.03000 4.4263087648467794
3.05000 4.4510982563536254
3.07000 4.4758375486356137
3.09000 4.5005270563140023
3.11000 4.5251671873882353
3.13000 4.5497583447014369
3.15000 4.5743009255906406
3.17000 4.5987953207249861
3.19000 4.6232419155344813
3.21000 4.6476410911606436
3.23000 4.6719932237276875
3.25000 4.6962986833585942
3.27000 4.7205578348161081
3.29000 4.7447710375358714
3.31000 4.7689386465532229
3.33000 4.7930610120037622
3.35000 4.8171384791272480
3.37000 4.8411713877134872
3.39000 4.8651600745788635
3.41000 4.8891048717938261
3.43000 4.9130061077746268
3.45000 4.9368641052152089
3.47000 4.9606791824117451
3.49000 4.9844516541327897
3.51000 5.0081818307058397
3.53000 5.0318700189915093
3.55000 5.0555165221131837
3.57000 5.0791216382506681
3.59000 5.1026856620113010
3.61000 5.1262088851152736
3.63000 5.1496915955640601
3.65000 5.1731340779540140
3.67000 5.1965366135697177
3.69000 5.2198994796676494
3.71000 5.2432229494925471
3.73000 5.2665072936253292
3.75000 5.2897527795243882
3.77000 5.3129596712760128
3.79000 5.3361282297440473
3.81000 5.3592587131353326
3.83000 5.3823513762174739
3.85000 5.4054064704062679
3.87000 5.4284242441758499
3.89000 5.4514049441645334
3.91000 5.4743488142593888
3.93000 5.4972560949571960
3.95000 5.5201270236435187
3.97000 5.5429618355145376
3.99000 5.5657607625131176
4.01000 5.5885240342078060
4.03000 5.6112518767883914
4.05000 5.6339445146839910
4.07000 5.6566021701321629
4.09000 5.6792250626354956
4.11000 5.7018134092753785
4.13000 5.7243674242879701
4.15000 5.7468873200833990
4.17000 5.7693733068488191
4.19000 5.7918255920599861
4.21000 5.8142443812710800
4.23000 5.8366298779115402
4.25000 5.8589822829502030
4.27000 5.8813017958964053
4.29000 5.9035886139363702
4.31000 5.9258429314842580
4.33000 5.9480649407770283
4.35000 5.9702548324054616
4.37000 5.9924127947222603
4.39000 6.0145390143812101
4.41000 6.0366336765377566
4.43000 6.0586969642036248
4.45000 6.0807290581351063
4.47000 6.1027301371412648
4.49000 6.1247003788999299
4.51000 6.1466399593166523
4.53000 6.1685490521136170
4.55000 6.1904278293295461
4.57000 6.2122764612544765
4.59000 6.2340951164628535
4.61000 6.2558839613941295
4.63000 6.2776431616659192
4.65000 6.2993728815294361
4.67000 6.3210732835347825
4.69000 6.3427445279883603
4.71000 6.3643867736457986
4.73000 6.3860001779569862
4.75000 6.4075848967059521
4.77000 6.4291410843648720
4.79000 6.4506688937411427
4.81000 6.4721684761027882
4.83000 6.4936399818499693
4.85000 6.5150835596188728
4.87000 6.5364993563379850
4.89000 6.5578875178851597
4.91000 6.5792481887716470
4.93000 6.6005815124694704
4.95000 6.6218876312874517
4.97000 6.6431666859132044
4.99000 6.6644188154101078
5.01000 6.6856441577870234
5.03000 6.7068428499374484
5.05000 6.7280150271826473
5.07000 6.7491608236933525
5.09000 6.7702803726677381
5.11000 6.7913738060637225
5.13000 6.8124412546522732
5.15000 6.8334828483077104
5.17000 6.8544987157592363
5.19000 6.8754889841492224
5.21000 6.8964537795396899
5.23000 6.9173932268499723
5.25000 6.9383074503592876
5.27000 6.9591965730522185
5.29000 6.9800607169343332
5.31000 7.0009000028061186
5.33000 7.0217145503833400
5.35000 7.0425044783320141
5.37000 7.0632699041569058
5.39000 7.0840109447750290
5.41000 7.1047277161194407
5.43000 7.1254203328817391
5.45000 7.1460889088667612
5.47000 7.1667335569334014
5.49000 7.1873543892570462
5.51000 7.2079515174038571
5.53000 7.2285250516566970
5.55000 7.2490751011656105
5.57000 7.2696017743495034
5.59000 7.2901051785336568
5.61000 7.3105854200980156
5.63000 7.3310426047795065
5.65000 7.3514768374479811
5.67000 7.3718882222452278
5.69000 7.3922768627214612
5.71000 7.4126428613759474
5.73000 7.4329863195684078
5.75000 7.4533073378632793
5.77000 7.4736060161962623
5.79000 7.4938824539481876
5.81000 7.5141367496211489
5.83000 7.5343690009800808
5.85000 7.5545793047410683
5.87000 7.5747677570054899
5.89000 7.5949344530975447
5.91000 7.6150794879123103
5.93000 7.6352029553845648
5.95000 7.6553049487318789
5.97000 7.6753855605120620
5.99000 7.6954448825959236
6.01000 7.7154830063327084
6.03000 7.7355000220247740
6.05000 7.7554960190949247
6.07000 7.7754710864319305
6.09000 7.7954253121840198
6.11000 7.8153587839986356
6.13000 7.8352715891292624
6.15000 7.8551638141244577
6.17000 7.8750355449487621
6.19000 7.8948868667788439
6.21000 7.9147178639917746
6.23000 7.9345286205139054
6.25000 7.9543192199120059
6.27000 7.9740897448644379
6.29000 7.9938402774184816
6.31000 8.0135708991794878
6.33000 8.0332816911287352
6.35000 8.0529727335677936
6.37000 8.0726441063786378
6.39000 8.0922958887433651
6.41000 8.1119281591425985
6.43000 8.1315409956446683
6.45000 8.1511344759186386
6.47000 8.1707086768266652
6.49000 8.1902636748090654
6.51000 8.2097995458342101
6.53000 8.2293163655258130
6.55000 8.2488142087583061
6.57000 8.2682931498029593
6.59000 8.2877532624116519
6.61000 8.3071946196181639
6.63000 8.3266172940696883
6.65000 8.3460213579787492
6.67000 8.3654068832295465
6.69000 8.3847739412045126
6.71000 8.4041226026923699
6.73000 8.4234529381023577
6.75000 8.4427650175190383
6.77000 8.4620589104160899
6.79000 8.4813346857277825
6.81000 8.5005924120262542
6.83000 8.5198321574124680
6.85000 8.5390539895109683
6.87000 8.5582579754718999
6.89000 8.5774441818429263
6.91000 8.5966126748270710
6.93000 8.6157635202420888
6.95000 8.6348967833697685
6.97000 8.6540125291337677
6.99000 8.6731108222123741
7.01000 8.6921917268139541
7.03000 8.7112553065951559
7.05000 8.7303016246929577
7.07000 8.7493307437730827
7.09000 8.7683427261594993
7.11000 8.7873376340530118
7.13000 8.8063155291959418
7.15000 8.8252764729126785
7.17000 8.8442205260848219
7.19000 8.8631477493838009
7.21000 8.8820582030026962
7.23000 8.9009519465918370
7.25000 8.9198290396210318
7.27000 8.9386895411119003
7.29000 8.9575335097150752
7.31000 8.9763610036464225
7.33000 8.9951720807646680
7.35000 9.0139667986319960
7.37000 9.0327452143944331
7.39000 9.0515073848637559
7.41000 9.0702533666473997
7.43000 9.0889832159496429
7.45000 9.1076969884933732
7.47000 9.1263947396505039
7.49000 9.1450765245315324
7.51000 9.1637423980131132
7.53000 9.1823924147016633
7.55000 9.2010266288128122
7.57000 9.2196450941847150
7.59000 9.2382478643477750
7.61000 9.2568349924822311
7.63000 9.2754065313424885
7.65000 9.2939625333426221
7.67000 9.3125030506764723
7.69000 9.3310281352378404
7.71000 9.3495378385428349
7.73000 9.3680322119435839
7.75000 9.3865113065028147
7.77000 9.4049751730207021
7.79000 9.4234238618943120
7.81000 9.4418574231471712
7.83000 9.4602759065273947
7.85000 9.4786793615612464
7.87000 9.4970678376189781
7.89000 9.5154413835941742
7.91000 9.5338000480048404
7.93000 9.5521438791527444
7.95000 9.5704729251574143
7.97000 9.5887872339594367
7.99000 9.6070868531981279
8.01000 9.6253718302390805
8.03000 9.6436422122044654
8.05000 9.6618980459113892
8.07000 9.6801393778734024
8.09000 9.6983662543730418
8.11000 9.7165787213842361
8.13000 9.7347768245806243
8.15000 9.7529606094293992
8.17000 9.7711301211662480
8.19000 9.7892854047420634
8.21000 9.8074265048571814
8.23000 9.8255534659584889
8.25000 9.8436663323043536
8.27000 9.8617651480021777
8.29000 9.8798499567603457
8.31000 9.8979208019582074
8.33000 9.9159777267096310
8.35000 9.9340207739685358
8.37000 9.9520499864948224
8.39000 9.9700654069339247
8.41000 9.9880670776933318
8.43000 10.0060550409352427
8.45000 10.0240293385313617
8.47000 10.0419900121580454
8.49000 10.0599371033075133
8.51000 10.0778706531700664
8.53000 10.0957907027663794
8.55000 10.1136972929294338
8.57000 10.1315904641750834
8.59000 10.1494702568776720
8.61000 10.1673367112466639
8.63000 10.1851898672041603
8.65000 10.2030297643650538
8.67000 10.2208564420461840
8.69000 10.2386699394508760
8.71000 10.2564702957187688
8.73000 10.2742575497697910
8.75000 10.2920317402982775
8.77000 10.3097929058051179
8.79000 10.3275410845864037
8.81000 10.3452763147753277
8.83000 10.3629986343005864
8.85000 10.3807080809096721
8.87000 10.3984046921262792
8.89000 10.4160885052939136
8.91000 10.4337595575252102
8.93000 10.4514178857333917
8.95000 10.4690635265490108
8.97000 10.4866965164064911
8.99000 10.5043168916490988
9.01000 10.5219246885629687
9.03000 10.5395199432196947
9.05000 10.5571026914900497
9.07000 10.5746729690493595
9.09000 10.5922308113943924
9.11000 10.6097762538606233
9.13000 10.6273093315846374
9.15000 10.6448300795152466
9.17000 10.6623385323623481
9.19000 10.6798347246182672
9.21000 10.6973186906888422
9.23000 10.7147904648849330
9.25000 10.7322500813308341
9.27000 10.7496975740390042
9.29000 10.7671329768342900
9.31000 10.7845563232915875
9.33000 10.8019676467678991
9.35000 10.8193669804939656
9.37000 10.8367543575982221
9.39000 10.8541298110207283
9.41000 10.8714933735190495
9.43000 10.8888450777388197
9.45000 10.9061849561697404
9.47000 10.9235130411153634
9.49000 10.9408293647249817
9.51000 10.9581339589832218
9.53000 10.9754268556254768
9.55000 10.9927080862767248
9.57000 11.0099776824557090
9.59000 11.0272356755437837
9.61000 11.0444820967837778
9.63000 11.0617169773101089
9.65000 11.0789403480600495
9.67000 11.0961522398562629
9.69000 11.1133526834043934
9.71000 11.1305417092136523
9.73000 11.1477193476852303
9.75000 11.1648856291298468
9.77000 11.1820405837468204
9.79000 11.1991842415220635
9.81000 11.2163166322498977
9.83000 11.2334377856279648
9.85000 11.2505477312387381
9.87000 11.2676464985104090
9.89000 11.2847341167495081
9.91000 11.3018106150773630
9.93000 11.3188760224656111
9.95000 11.3359303677283627
9.97000 11.3529736795291267
9.99000 11.3700059864352667
10.01000 11.3870273169255487
10.03000 11.4040376993836841
10.05000 11.4210371620739863
10.07000 11.4380257330859259
10.09000 11.4550034404034147
10.11000 11.4719703119333705
10.13000 11.4889263754443984
10.15000 11.5058716585169325
10.17000 11.5228061885913586
10.19000 11.5397299929586818
10.21000 11.5566430988113034
10.23000 11.5735455332331476
10.25000 11.5904373232349691
10.27000 11.6073184956973368
10.29000 11.6241890773860028
10.31000 11.6410490949556120
10.33000 11.6578985749249426
10.35000 11.6747375437434222
10.37000 11.6915660276935700
10.39000 11.7083840528760277
10.41000 11.7251916452799367
10.43000 11.7419888308524438
10.45000 11.7587756354544553
10.47000 11.7755520847825714
10.49000 11.7923182044390273
10.51000 11.8090740199622193
10.53000 11.8258195567671578
10.55000 11.8425548401200373
10.57000 11.8592798951651357
10.59000 11.8759947469566605
10.61000 11.8926994204770402
10.63000 11.9093939405796316
10.65000 11.9260783320218913
10.67000 11.9427526194421816
10.69000 11.9594168273401422
10.71000 11.9760709801262752
10.73000 11.9927151021313545
10.75000 12.0093492175487455
10.77000 12.0259733504938726
10.79000 12.0425875250396874
10.81000 12.0591917650742406
10.83000 12.0757860943547612
10.85000 12.0923705365768033
10.87000 12.1089451153986847
10.89000 12.1255098543325914
10.91000 12.1420647767858867
10.93000 12.1586099060538047
10.95000 12.1751452653410954
10.97000 12.1916708778063221
10.99000 12.2081867664856745
11.01000 12.2246929543152998
11.03000 12.2411894641598096
11.05000 12.2576763187568769
11.07000 12.2741535407727511
11.09000 12.2906211527835705
11.11000 12.3070791773045762
11.13000 12.3235276367146120
11.15000 12.3399665532489475
11.17000 12.3563959491109756
11.19000 12.3728158463994014
11.21000 12.3892262670771540
11.23000 12.4056272329961601
11.25000 12.4220187658893320
11.27000 12.4384008874367122
11.29000 12.4547736193140430
11.31000 12.4711369831186332
11.33000 12.4874910003664095
11.35000 12.5038356925144623
11.37000 12.5201710809349187
11.39000 12.5364971869022099
11.41000 12.5528140315785848
11.43000 12.5691216359692000
11.45000 12.5854200210725047
11.47000 12.6017092078286073
11.49000 12.6179892170900239
11.51000 12.6342600695865936
11.53000 12.6505217859810806
11.55000 12.6667743868485960
11.57000 12.6830178926322166
11.59000 12.6992523237321002
11.61000 12.7154777004761641
11.63000 12.7316940431457173
11.65000 12.7479013719319010
11.67000 12.7640997068901569
11.69000 12.7802890680070913
11.71000 12.7964694752075925
11.73000 12.8126409483514134
11.75000 12.8288035072061231
11.77000 12.8449571714505861
11.79000 12.8611019607159651
11.81000 12.8772378945423380
11.83000 12.8933649924051181
11.85000 12.9094832737237617
11.87000 12.9255927578095573
11.89000 12.9416934638838210
11.91000 12.9577854111006463
11.93000 12.9738686185469589
11.95000 12.9899431052671446
11.97000 13.0060088902415476
11.99000 13.0220659923529407
12.01000 13.0381144303900154
12.03000 13.0541542231084708
12.05000 13.0701853891773858
12.07000 13.0862079472080559
12.09000 13.1022219157117288
12.11000 13.1182273131393945
12.13000 13.1342241578804213
12.15000 13.1502124682666643
12.17000 13.1661922625282095
12.19000 13.1821635588382939
12.21000 13.1981263753508244
12.23000 13.2140807301064296
12.25000 13.2300266410621674
12.27000 13.2459641260986132
12.29000 13.2618932030336030
12.31000 13.2778138896870939
12.33000 13.2937262038324207
12.35000 13.3096301631617600
12.37000 13.3255257852969322
12.39000 13.3414130877714339
12.41000 13.3572920880300448
12.43000 13.3731628034004402
12.45000 13.3890252511658900
12.47000 13.4048794485879181
12.49000 13.4207254128484035
12.51000 13.4365631610651182
12.53000 13.4523927103208862
12.55000 13.4682140776054311
12.57000 13.4840272798612570
12.59000 13.4998323340006259
12.61000 13.5156292569086780
12.63000 13.5314180653910494
12.65000 13.5471987761756179
12.67000 13.5629714059223012
12.69000 13.5787359712549947
12.71000 13.5944924887165257
12.73000 13.6102409747935482
12.75000 13.6259814459110942
12.77000 13.6417139184221874
12.79000 13.6574384086172955
12.81000 13.6731549327331763
12.83000 13.6888635069749309
12.85000 13.7045641474450282
12.87000 13.7202568702005401
12.89000 13.7359416912478594
12.91000 13.7516186265208020
12.93000 13.7672876919062350
12.95000 13.7829489032405110
12.97000 13.7986022763082268
12.99000 13.8142478268210951
13.01000 13.8298855704330634
13.03000 13.8455155227473430
13.05000 13.8611376993321187
13.07000 13.8767521157199596
13.09000 13.8923587873799583
13.11000 13.9079577297169354
13.13000 13.9235489581016658
13.15000 13.9391324878508858
13.17000 13.9547083342078260
13.19000 13.9702765123876613
13.21000 13.9858370375630976
13.23000 14.0013899248339051
13.25000 14.0169351892443839
13.27000 14.0324728457823600
13.29000 14.0480029093515988
13.31000 14.0635253947990968
13.33000 14.0790403169547158
13.35000 14.0945476906552347
13.37000 14.1100475306692239
13.39000 14.1255398516791661
13.41000 14.1410246682912994
13.43000 14.1565019950604878
13.45000 14.1719718465104556
13.47000 14.1874342371142657
13.49000 14.2028891813030906
13.51000 14.2183366934347433
13.53000 14.2337767878095516
13.55000 14.2492094787109540
13.57000 14.2646347803867446
13.59000 14.2800527070399284
13.61000 14.2954632728158142
13.63000 14.3108664918203790
13.65000 14.3262623781099236
13.67000 14.3416509456672916
13.69000 14.3570322084399695
13.71000 14.3724061803417644
13.73000 14.3877728752230993
13.75000 14.4031323068876187
13.77000 14.4184844891003578
13.79000 14.4338294355644479
13.81000 14.4491671599459330
13.83000 14.4644976758563999
13.85000 14.4798209968588001
13.87000 14.4951371364949786
13.89000 14.5104461082850484
13.91000 14.5257479257077620
13.93000 14.5410426021999033
13.95000 14.5563301511444774
13.97000 14.5716105858946925
13.99000 14.5868839197409077
14.01000 14.6021501659178217
14.03000 14.6174093376188150
14.05000 14.6326614479906389
14.07000 14.6479065101381885
14.09000 14.6631445371372084
14.11000 14.6783755420302509
14.13000 14.6935995377864366
14.15000 14.7088165373067969
14.17000 14.7240265534532284
14.19000 14.7392295990638971
14.21000 14.7544256869760630
14.23000 14.7696148299903083
14.25000 14.7847970408379901
14.27000 14.7999723321895900
14.29000 14.8151407166842972
14.31000 14.8303022069400985
14.33000 14.8454568155300866
14.35000 14.8606045549853061
14.37000 14.8757454378128138
14.39000 14.8908794764994816
14.41000 14.9060066834826745
14.43000 14.9211270711513144
14.45000 14.9362406518307900
14.47000 14.9513474378096163
14.49000 14.9664474413406037
14.51000 14.9815406746238509
14.53000 14.9966271498037145
14.55000 15.0117068790217427
14.57000 15.0267798743745082
14.59000 15.0418461479229197
14.61000 15.0569057116926022
14.63000 15.0719585776845744
14.65000 15.0870047578509894
14.67000 15.1020442640866115
14.69000 15.1170771082473951
14.71000 15.1321033021522009
14.73000 15.1471228575963810
14.75000 15.1621357863288875
14.77000 15.1771421000702187
14.79000 15.1921418105119450
14.81000 15.2071349292992224
14.83000 15.2221214680446835
14.85000 15.2371014383341556
14.87000 15.2520748517319635
14.89000 15.2670417197772537
14.91000 15.2820020539610724
14.93000 15.2969558657406512
14.95000 15.3119031665468768
14.97000 15.3268439677709818
14.99000 15.3417782807567100
15.01000 15.3567061167974561
15.03000 15.3716274871354255
15.05000 15.3865424030003108
15.07000 15.4014508756029826
15.09000 15.4163529161114568
15.11000 15.4312485356432987
15.13000 15.4461377452788682
15.15000 15.4610205560717215
15.17000 15.4758969790525551
15.19000 15.4907670252039527
15.21000 15.5056307055002609
15.23000 15.5204880309041275
15.25000 15.5353390123381097
15.27000 15.5501836606805384
15.29000 15.5650219867630923
15.31000 15.5798540013882754
15.33000 15.5946797153121928
15.35000 15.6094991392459903
15.37000 15.6243122838785791
15.39000 15.6391191598779393
15.41000 15.6539197778812795
15.43000 15.6687141485001202
15.45000 15.6835022823292523
15.47000 15.6982841899170129
15.49000 15.7130598817659131
15.51000 15.7278293683646737
15.53000 15.7425926601683557
15.55000 15.7573497675880176
15.57000 15.7721007010094585
15.59000 15.7868454708030157
15.61000 15.8015840873127047
15.63000 15.8163165608633154
15.65000 15.8310429017577050
15.67000 15.8457631202621396
15.69000 15.8604772266010166
15.71000 15.8751852309789196
15.73000 15.8898871435593847
15.75000 15.9045829744689105
15.77000 15.9192727337873166
15.79000 15.9339564315644413
15.81000 15.9486340778305244
15.83000 15.9633056826019750
15.85000 15.9779712558601208
15.87000 15.9926308075366173
15.89000 16.0072843475463245
15.91000 16.0219318857822763
15.93000 16.0365734321187290
15.95000 16.0512089963942088
15.97000 16.0658385884137083
15.99000 16.0804622179445040
16.01000 16.0950798947247513
16.03000 16.1096916284713103
16.05000 16.1242974288828798
16.07000 16.1388973056367888
16.09000 16.1534912683816927
16.11000 16.1680793267298881
16.13000 16.1826614902754464
16.15000 16.1972377685798641
16.17000 16.2118081711787738
16.19000 16.2263727075886877
16.21000 16.2409313872814351
16.23000 16.2554842197032627
16.25000 16.2700312142829659
16.27000 16.2845723804301876
16.29000 16.2991077275199672
16.31000 16.3136372648931207
16.33000 16.3281610018605399
16.35000 16.3426789476944485
16.37000 16.3571911116380342
16.39000 16.3716975029130758
16.41000 16.3861981307120175
16.43000 16.4006930042015142
16.45000 16.4151821325517737
16.47000 16.4296655249120533
16.49000 16.4441431904063542
16.51000 16.4586151381308028
16.53000 16.4730813771411349
16.55000 16.4875419164694996
16.57000 16.5019967651332742
16.59000 16.5164459321157508
16.61000 16.5308894263741273
16.63000 16.5453272568342555
16.65000 16.5597594324141788
16.67000 16.5741859620324341
16.69000 16.5886068545812861
16.71000 16.6030221189080756
16.73000 16.6174317638320268
16.75000 16.6318357981417755
16.77000 16.6462342305879822
16.79000 16.6606270699072603
16.81000 16.6750143248291565
16.83000 16.6893960040503906
16.85000 16.7037721162405930
16.87000 16.7181426700559932
16.89000 16.7325076741280121
16.91000 16.7468671370629139
16.93000 16.7612210674448576
16.95000 16.7755694738490178
16.97000 16.7899123648160256
16.99000 16.8042497488622544
17.01000 16.8185816344704264
17.03000 16.8329080300917298
17.05000 16.8472289441460887
17.07000 16.8615443850374227
17.09000 16.8758543611419505
17.11000 16.8901588808186780
17.13000 16.9044579524152461
17.15000 16.9187515842527105
17.17000 16.9330397846374687
17.19000 16.9473225618527472
17.21000 16.9615999241585556
17.23000 16.9758718797908372
17.25000 16.9901384369638713
17.27000 17.0043996038602216
17.29000 17.0186553886525722
17.31000 17.0329057995177529
17.33000 17.0471508446103570
17.35000 17.0613905320474153
17.37000 17.0756248699086655
17.39000 17.0898538662454946
17.41000 17.1040775291051688
17.43000 17.1182958665212333
17.45000 17.1325088864934010
17.47000 17.1467165970131283
17.49000 17.1609190060513015
17.51000 17.1751161215502357
17.53000 17.1893079514355662
17.55000 17.2034945036168772
17.57000 17.2176757859763789
17.59000 17.2318518063576889
17.61000 17.2460225725812464
17.63000 17.2601880924415489
17.65000 17.2743483737127832
17.67000 17.2885034241535216
17.69000 17.3026532515216864
17.71000 17.3167978635544735
17.73000 17.3309372679674603
17.75000 17.3450714724537107
17.77000 17.3592004846777108
17.79000 17.3733243123002481
17.81000 17.3874429629683966
17.83000 17.4015564443080777
17.85000 17.4156647639203648
17.87000 17.4297679293790289
17.89000 17.4438659482314868
17.91000 17.4579588280102378
17.93000 17.4720465762373216
17.95000 17.4861292004063422
17.97000 17.5002067080019792
17.99000 17.5142791065002932
18.01000 17.5283464033445568
18.03000 17.5424086059491877
18.05000 17.5564657216995137
18.07000 17.5705177579673411
18.09000 17.5845647221062151
18.11000 17.5986066214505286
18.13000 17.6126434633208504
18.15000 17.6266752550381796
18.17000 17.6407020039152869
18.19000 17.6547237172486859
18.21000 17.6687404023045893
18.23000 17.6827520663265574
18.25000 17.6967587165311500
18.27000 17.7107603601173906
18.29000 17.7247570042684828
18.31000 17.7387486561506655
18.33000 17.7527353229111107
18.35000 17.7667170116826583
18.37000 17.7806937295797773
18.39000 17.7946654836888207
18.41000 17.8086322810899702
18.43000 17.8225941288457363
18.45000 17.8365510340069484
18.47000 17.8505030035990266
18.49000 17.8644500446290451
18.51000 17.8783921640857066
18.53000 17.8923293689427751
18.55000 17.9062616661716838
18.57000 17.9201890627240878
18.59000 17.9341115655293386
18.61000 17.9480291814939719
18.63000 17.9619419174944710
18.65000 17.9758497803910835
18.67000 17.9897527770312884
18.69000 18.0036509142463999
18.71000 18.0175441988533542
18.73000 18.0314326376505996
18.75000 18.0453162374300540
18.77000 18.0591950049648453
18.79000 18.0730689469979175
18.81000 18.0869380702527245
18.83000 18.1008023814478634
18.85000 18.1146618872879266
18.87000 18.1285165944441253
18.89000 18.1423665095658819
18.91000 18.1562116392854271
18.93000 18.1700519902249731
18.95000 18.1838875689970081
18.97000 18.1977183822039770
18.99000 18.2115444364370411
19.01000 18.2253657382738545
19.03000 18.2391822942870157
19.05000 18.2529941110277178
19.07000 18.2668011950249927
19.09000 18.2806035527925275
19.11000 18.2944011908208175
19.13000 18.3081941155837313
19.15000 18.3219823335465897
19.17000 18.3357658511647621
19.19000 18.3495446748730444
19.21000 18.3633188110948140
19.23000 18.3770882662316737
19.25000 18.3908530466624285
19.27000 18.4046131587551649
19.29000 18.4183686088603018
19.31000 18.4321194033075209
19.33000 18.4458655484095786
19.35000 18.4596070504642569
19.37000 18.4733439157585266
19.39000 18.4870761505599326
19.41000 18.5008037611352130
19.43000 18.5145267537469174
19.45000 18.5282451346302217
19.47000 18.5419589100045670
19.49000 18.5556680860749132
19.51000 18.5693726690341521
19.53000 18.5830726650622218
19.55000 18.5967680803224269
19.57000 18.6104589209738975
19.59000 18.6241451931676316
19.61000 18.6378269030260633
19.63000 18.6515040566458907
19.65000 18.6651766601095837
19.67000 18.6788447194781533
19.69000 18.6925082408031535
19.71000 18.7061672301297470
19.73000 18.7198216934921149
19.75000 18.7334716369071970
19.77000 18.7471170663793956
19.79000 18.7607579879050625
19.81000 18.7743944074586935
19.83000 18.7880263310010740
19.85000 18.8016537644829143
19.87000 18.8152767138467496
19.89000 18.8288951850219100
19.91000 18.8425091839220045
19.93000 18.8561187164400543
19.95000 18.8697237884489510
19.97000 18.8833244058063734
19.99000 18.8969205743645148
20.01000 18.9105122999658946
20.03000 18.9240995884373966
20.05000 18.9376824456001067
20.07000 18.9512608772562352
20.09000 18.9648348891919412
20.11000 18.9784044871807538
20.13000 18.9919696769802968
20.15000 19.0055304643342780
20.17000 19.0190868549790473
20.19000 19.0326388546338059
20.21000 19.0461864690010287
20.23000 19.0597297037719606
20.25000 19.0732685646339171
20.27000 19.0868030572648806
20.29000 19.1003331873224873
20.31000 19.1138589604493951
20.33000 19.1273803822749322
20.35000 19.1408974584098068
20.37000 19.1544101944502643
20.39000 19.1679185959884109
20.41000 19.1814226686060749
20.43000 19.1949224178743734
20.45000 19.2084178493551825
20.47000 19.2219089685889735
20.49000 19.2353957811001486
20.51000 19.2488782923999189
20.53000 19.2623565079832133
20.55000 19.2758304333375072
20.57000 19.2893000739381826
20.59000 19.3027654352456324
20.61000 19.3162265227074847
20.63000 19.3296833417563221
20.65000 19.3431358978088070
20.67000 19.3565841962729124
20.69000 19.3700282425505392
20.71000 19.3834680420436101
20.73000 19.3969036001480966
20.75000 19.4103349222510495
20.77000 19.4237620137294975
20.79000 19.4371848799466953
20.81000 19.4506035262488695
20.83000 19.4640179579683519
20.85000 19.4774281804228693
20.87000 19.4908341989173977
20.89000 19.5042360187441979
20.91000 19.5176336451854127
20.93000 19.5310270835142106
20.95000 19.5444163389794916
20.97000 19.5578014168078944
20.99000 19.5711823222192329
21.01000 19.5845590604339002
21.03000 19.5979316366691982
21.05000 19.6113000561259874
21.07000 19.6246643239921461
21.09000 19.6380244454458577
21.11000 19.6513804256560185
21.13000 19.6647322697764935
21.15000 19.6780799829458992
21.17000 19.6914235702916685
21.19000 19.7047630369285507
21.21000 19.7180983879555853
21.23000 19.7314296284622799
21.25000 19.7447567635307344
21.27000 19.7580797982371799
21.29000 19.7713987376539322
21.31000 19.7847135868400663
21.33000 19.7980243508398495
21.35000 19.8113310346835227
21.37000 19.8246336433870702
21.39000 19.8379321819540095
21.41000 19.8512266553805006
21.43000 19.8645170686535266
21.45000 19.8778034267515871
21.47000 19.8910857346373398
21.49000 19.9043639972554800
21.51000 19.9176382195450081
21.53000 19.9309084064412758
21.55000 19.9441745628691081
21.57000 19.9574366937377228
21.59000 19.9706948039526004
21.61000 19.9839488984109543
21.63000 19.9971989819935665
21.65000 20.0104450595722909
21.67000 20.0236871360144733
21.69000 20.0369252161741151
21.71000 20.0501593048843070
21.73000 20.0633894069670831
21.75000 20.0766155272400333
21.77000 20.0898376705179835
21.79000 20.1030558416032363
21.81000 20.1162700452790304
21.83000 20.1294802863128588
21.85000 20.1426865694719659
21.87000 20.1558888995150447
21.89000 20.1690872811890429
21.91000 20.1822817192297350
21.93000 20.1954722183590576
21.95000 20.2086587832949149
21.97000 20.2218414187448907
21.99000 20.2350201294025247
22.01000 20.2481949199550932
22.03000 20.2613657950873289
22.05000 20.2745327594796478
22.07000 20.2876958178044298
22.09000 20.3008549747185612
22.11000 20.3140102348658367
22.13000 20.3271616028795137
22.15000 20.3403090833812108
22.17000 20.3534526809844891
22.19000 20.3665924002899992
22.21000 20.3797282458833138
22.23000 20.3928602223344626
22.25000 20.4059883341982449
22.27000 20.4191125860362348
22.29000 20.4322329824039599
22.31000 20.4453495278413939
22.33000 20.4584622268833058
22.35000 20.4715710840555829
22.37000 20.4846761038696847
22.39000 20.4977772908296210
22.41000 20.5108746494335001
22.43000 20.5239681841721513
22.45000 20.5370578995304562
22.47000 20.5501437999884971
22.49000 20.5632258900152927
22.51000 20.5763041740703052
22.53000 20.5893786566084138
22.55000 20.6024493420677111
22.57000 20.6155162348730521
22.59000 20.6285793394357491
22.61000 20.6416386601634159
22.63000 20.6546942014566248
22.65000 20.6677459677091271
22.67000 20.6807939633022499
22.69000 20.6938381926095651
22.71000 20.7068786599941639
22.73000 20.7199153698048413
22.75000 20.7329483263811376
22.77000 20.7459775340526242
22.79000 20.7590029971454690
22.81000 20.7720247199841168
22.83000 20.7850427068810717
22.85000 20.7980569621342575
22.87000 20.8110674900282646
22.89000 20.8240742948466355
22.91000 20.8370773808631640
22.93000 20.8500767523389001
22.95000 20.8630724135275649
22.97000 20.8760643686753831
22.99000 20.8890526220162975
23.01000 20.9020371777781655
23.03000 20.9150180401897572
23.05000 20.9279952134708083
23.07000 20.9409687018276323
23.09000 20.9539385094611461
23.11000 20.9669046405612249
23.13000 20.9798670993096223
23.15000 20.9928258898813809
23.17000 21.0057810164363055
23.19000 21.0187324831298064
23.21000 21.0316802941019532
23.23000 21.0446244534824345
23.25000 21.0575649653971837
23.27000 21.0705018339672066
23.29000 21.0834350633092811
23.31000 21.0963646575408461
23.33000 21.1092906207696487
23.35000 21.1222129570948667
23.37000 21.1351316706082493
23.39000 21.1480467653902338
23.41000 21.1609582455112530
23.43000 21.1738661150279093
23.45000 21.1867703779856598
23.47000 21.1996710384263736
23.49000 21.2125681003850239
23.51000 21.2254615678910490
23.53000 21.2383514449612107
23.55000 21.2512377356041320
23.57000 21.2641204438243214
23.59000 21.2769995736118140
23.61000 21.2898751289524455
23.63000 21.3027471138322575
23.65000 21.3156155322318526
23.67000 21.3284803881243583
23.69000 21.3413416854764151
23.71000 21.3541994282456038
23.73000 21.3670536203749712
23.75000 21.3799042657995209
23.77000 21.3927513684522097
23.79000 21.4055949322533792
23.81000 21.4184349611163469
23.83000 21.4312714589452860
23.85000 21.4441044296359244
23.87000 21.4569338770742810
23.89000 21.4697598051375991
23.91000 21.4825822176947803
23.93000 21.4954011186117420
23.95000 21.5082165117479462
23.97000 21.5210284009500370
23.99000 21.5338367900577872
24.01000 21.5466416829035801
24.03000 21.5594430833125834
24.05000 21.5722409950992677
24.07000 21.5850354220727709
24.09000 21.5978263680371469
24.11000 21.6106138367919982
24.13000 21.6233978321355735
24.15000 21.6361783578562097
24.17000 21.6489554177337062
24.19000 21.6617290155422282
24.21000 21.6744991550496273
24.23000 21.6872658400173393
24.25000 21.7000290741972499
24.27000 21.7127888613331841
24.29000 21.7255452051588058
24.31000 21.7382981094012457
24.33000 21.7510475777853856
24.35000 21.7637936140314885
24.37000 21.7765362218547871
24.39000 21.7892754049599411
24.41000 21.8020111670373318
24.43000 21.8147435117722814
24.45000 21.8274724428391877
24.47000 21.8401979638997190
24.49000 21.8529200786077666
24.51000 21.8656387906183127
24.53000 21.8783541035827511
24.55000 21.8910660211458001
24.57000 21.9037745469411611
24.59000 21.9164796845987553
24.61000 21.9291814377442229
24.63000 21.9418798099955339
24.65000 21.9545748049647216
24.67000 21.9672664262529729
24.69000 21.9799546774547387
24.71000 21.9926395621558797
24.73000 22.0053210839292390
24.75000 22.0179992463459655
24.77000 22.0306740529759253
24.79000 22.0433455073859506
24.81000 22.0560136131320021
24.83000 22.0686783737597523
24.85000 22.0813397928112956
24.87000 22.0939978738236427
24.89000 22.1066526203255478
24.91000 22.1193040358390363
24.93000 22.1319521238826731
24.95000 22.1445968879703905
24.97000 22.1572383316151793
24.99000 22.1698764583243246
25.01000 22.1825112715950432
25.03000 22.1951427749157055
25.05000 22.2077709717695022
25.07000 22.2203958656305325
25.09000 22.2330174599682913
25.11000 22.2456357582460278
25.13000 22.2582507639189409
25.15000 22.2708624804309281
25.17000 22.2834709112206149
25.19000 22.2960760597220116
25.21000 22.3086779293638209
25.23000 22.3212765235677040
25.25000 22.3338718457485363
25.27000 22.3464638993154061
25.29000 22.3590526876690099
25.31000 22.3716382141994750
25.33000 22.3842204822863451
25.35000 22.3967994953096650
25.37000 22.4093752566595725
25.39000 22.4219477697200276
25.41000 22.4345170378655965
25.43000 22.4470830644604540
25.45000 22.4596458528599285
25.47000 22.4722054064111170
25.49000 22.4847617284530941
25.51000 22.4973148223207389
25.53000 22.5098646913424680
25.55000 22.5224113388415041
25.57000 22.5349547681356981
25.59000 22.5474949825380655
25.61000 22.5600319853572273
25.63000 22.5725657798959247
25.65000 22.5850963694512465
25.67000 22.5976237573125651
25.69000 22.6101479467548359
25.71000 22.6226689410492448
25.73000 22.6351867434634002
25.75000 22.6477013572558121
25.77000 22.6602127856760909
25.79000 22.6727210319747279
25.81000 22.6852260993978199
25.83000 22.6977279911853280
25.85000 22.7102267105709288
25.87000 22.7227222607859041
25.89000 22.7352146450596848
25.91000 22.7477038666111753
25.93000 22.7601899286558655
25.95000 22.7726728344078673
25.97000 22.7851525870712521
25.99000 22.7976291898449546
26.01000 22.8101026459203702
26.03000 22.8225729584826951
26.05000 22.8350401307121764
26.07000 22.8475041657802898
26.09000 22.8599650668517498
26.11000 22.8724228370875728
26.13000 22.8848774796473435
26.15000 22.8973289976827310
26.17000 22.9097773943360323
26.19000 22.9222226727415794
26.21000 22.9346648360362764
26.23000 22.9471038873562421
26.25000 22.9595398298328206
26.27000 22.9719726665895898
26.29000 22.9844024007423506
26.31000 22.9968290353963916
26.33000 23.0092525736506879
26.35000 23.0216730185941643
26.37000 23.0340903733137026
26.39000 23.0465046408964724
26.41000 23.0589158244269434
26.43000 23.0713239269788559
26.45000 23.0837289516169157
26.47000 23.0961309014005174
26.49000 23.1085297793830158
26.51000 23.1209255886128240
26.53000 23.1333183321353246
26.55000 23.1457080129917152
26.57000 23.1580946342168232
26.59000 23.1704781988391062
26.61000 23.1828587098844032
26.63000 23.1952361703786494
26.65000 23.2076105833430333
26.67000 23.2199819517950878
26.69000 23.2323502787468392
26.71000 23.2447155672043806
26.73000 23.2570778201662449
26.75000 23.2694370406248368
26.77000 23.2817932315646097
26.79000 23.2941463959639776
26.81000 23.3064965367973720
26.83000 23.3188436570333195
26.85000 23.3311877596336323
26.87000 23.3435288475596927
26.89000 23.3558669237685628
26.91000 23.3682019912124375
26.93000 23.3805340528353476
26.95000 23.3928631115767551
26.97000 23.4051891703697947
26.99000 23.4175122321406803
27.01000 23.4298322998107693
27.03000 23.4421493762945587
27.05000 23.4544634645008756
27.07000 23.4667745673362980
27.09000 23.4790826877029950
27.11000 23.4913878285000166
27.13000 23.5036899926246150
27.15000 23.5159891829691468
27.17000 23.5282854024187458
27.19000 23.5405786538517816
27.21000 23.5528689401390814
27.23000 23.5651562641509464
27.25000 23.5774406287568112
27.27000 23.5897220368203975
27.29000 23.6020004911979733
27.31000 23.6142759947374223
27.33000 23.6265485502790682
27.35000 23.6388181606578378
27.37000 23.6510848287032545
27.39000 23.6633485572409903
27.41000 23.6756093490901982
27.43000 23.6878672070649365
27.45000 23.7001221339778887
27.47000 23.7123741326368602
27.49000 23.7246232058491806
27.51000 23.7368693564188966
27.53000 23.7491125871477706
27.55000 23.7613529008334972
27.57000 23.7735903002675002
27.59000 23.7858247882323539
27.61000 23.7980563675071046
27.63000 23.8102850408665425
27.65000 23.8225108110815142
27.67000 23.8347336809207277
27.69000 23.8469536531506527
27.71000 23.8591707305299821
27.73000 23.8713849158122784
27.75000 23.8835962117462657
27.77000 23.8958046210741024
27.79000 23.9080101465315664
27.81000 23.9202127908493409
27.83000 23.9324125567556649
27.85000 23.9446094469753774
27.87000 23.9568034642281020
27.89000 23.9689946112300092
27.91000 23.9811828906961111
27.93000 23.9933683053349149
27.95000 24.0055508578495527
27.97000 24.0177305509399375
27.99000 24.0299073873030871
28.01000 24.0420813696295568
28.03000 24.0542525006019865
28.05000 24.0664207828968735
28.07000 24.0785862191851585
28.09000 24.0907488121325493
28.11000 24.1029085644041885
28.13000 24.1150654786608918
28.15000 24.1272195575597337
28.17000 24.1393708037528896
28.19000 24.1515192198873727
28.21000 24.1636648086048424
28.23000 24.1758075725426558
28.25000 24.1879475143316043
28.27000 24.2000846366001170
28.29000 24.2122189419770812
28.31000 24.2243504330873982
28.33000 24.2364791125492332
28.35000 24.2486049829781969
28.37000 24.2607280469867241
28.39000 24.2728483071806131
28.41000 24.2849657661639036
28.43000 24.2970804265372848
28.45000 24.3091922908932396
28.47000 24.3213013618238456
28.49000 24.3334076419208323
28.51000 24.3455111337698895
28.53000 24.3576118399497616
28.55000 24.3697097630333985
28.57000 24.3818049055901227
28.59000 24.3938972701825456
28.61000 24.4059868593667773
28.63000 24.4180736756950445
28.65000 24.4301577217155277
28.67000 24.4422389999721617
28.69000 24.4543175130062771
28.71000 24.4663932633545720
28.73000 24.4784662535509021
28.75000 24.4905364861237089
28.77000 24.5026039635981796
28.79000 24.5146686884933906
28.81000 24.5267306633273208
28.83000 24.5387898906124953
28.85000 24.5508463728639690
28.87000 24.5629001125937307
28.89000 24.5749511123081810
28.91000 24.5869993745098263
28.93000 24.5990449016948887
28.95000 24.6110876963552521
28.97000 24.6231277609827046
28.99000 24.6351650980655847
29.01000 24.6471997100833455
29.03000 24.6592315995102140
29.05000 24.6712607688150776
29.07000 24.6832872204607625
29.09000 24.6953109569062370
29.11000 24.7073319806067175
29.13000 24.7193502940154737
29.15000 24.7313658995841834
29.17000 24.7433787997613415
29.19000 24.7553889969943270
29.21000 24.7673964937257232
29.23000 24.7794012923960558
29.25000 24.7914033954407351
29.27000 24.8034028052896005
29.29000 24.8153995243673968
29.31000 24.8273935550962150
29.33000 24.8393848998959896
29.35000 24.8513735611816706
29.37000 24.8633595413604667
29.39000 24.8753428428357495
29.41000 24.8873234680055617
29.43000 24.8993014192669833
29.45000 24.9112766990156267
29.47000 24.9232493096448700
29.49000 24.9352192535450747
29.51000 24.9471865331023608
29.53000 24.9591511506992099
29.55000 24.9711131087117018
29.57000 24.9830724095116175
29.59000 24.9950290554671106
29.61000 25.0069830489436669
29.63000 25.0189343923019472
29.65000 25.0308830878988999
29.67000 25.0428291380850077
29.69000 25.0547725452054451
29.71000 25.0667133116080798
29.73000 25.0786514396383957
29.75000 25.0905869316355279
29.77000 25.1025197899340995
29.79000 25.1144500168639233
29.81000 25.1263776147509610
29.83000 25.1383025859177316
29.85000 25.1502249326850880
29.87000 25.1621446573675485
29.89000 25.1740617622734568
29.91000 25.1859762497069148
29.93000 25.1978881219691893
29.95000 25.2097973813578449
29.97000 25.2217040301666984
29.99000 25.2336080706861736
30.01000 25.2455095052068472
30.03000 25.2574083360165709
30.05000 25.2693045654002191
30.07000 25.2811981956394796
30.09000 25.2930892290141038
30.11000 25.3049776677993918
30.13000 25.3168635142660818
30.15000 25.3287467706851110
30.17000 25.3406274393222546
30.19000 25.3525055224402500
30.21000 25.3643810223004920
30.23000 25.3762539411607122
30.25000 25.3881242812737433
30.27000 25.3999920448877390
30.29000 25.4118572342455735
30.31000 25.4237198515853677
30.33000 25.4355798991421125
30.35000 25.4474373791478641
30.37000 25.4592922938323802
30.39000 25.4711446454209351
30.41000 25.4829944361326390
30.43000 25.4948416681838914
30.45000 25.5066863437898839
30.47000 25.5185284651678614
30.49000 25.5303680345298609
30.51000 25.5422050540827534
30.53000 25.5540395260302944
30.55000 25.5658714525716917
30.57000 25.5777008359050768
30.59000 25.5895276782282153
30.61000 25.6013519817345774
30.63000 25.6131737486116826
30.65000 25.6249929810412773
30.67000 25.6368096812021449
30.69000 25.6486238512689830
30.71000 25.6604354934139138
30.73000 25.6722446098074251
30.75000 25.6840512026186794
30.77000 25.6958552740141286
30.79000 25.7076568261544871
30.81000 25.7194558611956516
30.83000 25.7312523812899805
30.85000 25.7430463885855936
30.87000 25.7548378852286142
30.89000 25.7666268733637089
30.91000 25.7784133551324395
30.93000 25.7901973326728218
30.95000 25.8019788081190171
30.97000 25.8137577836023233
30.99000 25.8255342612528658
31.01000 25.8373082431971426
31.03000 25.8490797315572216
31.05000 25.8608487284525630
31.07000 25.8726152359998807
31.09000 25.8843792563127089
31.11000 25.8961407914994091
31.13000 25.9078998436648860
31.15000 25.9196564149097703
31.17000 25.9314105073317940
31.19000 25.9431621230270935
31.21000 25.9549112640915318
31.23000 25.9666579326188511
31.25000 25.9784021306989423
31.27000 25.9901438604156994
31.29000 26.0018831238481951
31.31000 26.0136199230735272
31.33000 26.0253542601686476
31.35000 26.0370861372061349
31.37000 26.0488155562535226
31.39000 26.0605425193769058
31.41000 26.0722670286399243
31.43000 26.0839890861035180
31.45000 26.0957086938252374
31.47000 26.1074258538583699
31.49000 26.1191405682537692
31.51000 26.1308528390586439
31.53000 26.1425626683144259
31.55000 26.1542700580598755
31.57000 26.1659750103321649
31.59000 26.1776775271670097
31.61000 26.1893776105984628
31.63000 26.2010752626541432
31.65000 26.2127704853571579
31.67000 26.2244632807274378
31.69000 26.2361536507792401
31.71000 26.2478415975244630
31.73000 26.2595271229768947
31.75000 26.2712102291520608
31.77000 26.2828909180645240
31.79000 26.2945691917261577
31.81000 26.3062450521462878
31.83000 26.3179185013306132
31.85000 26.3295895412788994
31.87000 26.3412581739882974
31.89000 26.3529244014538371
31.91000 26.3645882256672834
31.93000 26.3762496486146993
31.95000 26.3879086722786411
31.97000 26.3995652986378779
31.99000 26.4112195296689052
32.01000 26.4228713673473514
32.03000 26.4345208136457224
32.05000 26.4461678705339622
32.07000 26.4578125399804449
32.09000 26.4694548239520699
32.11000 26.4810947244107986
32.13000 26.4927322433124210
32.15000 26.5043673826084074
32.17000 26.5160001442503201
32.19000 26.5276305301874125
32.21000 26.5392585423652498
32.23000 26.5508841827270921
32.25000 26.5625074532139855
32.27000 26.5741283557634880
32.29000 26.5857468923096469
32.31000 26.5973630647818382
32.33000 26.6089768751081515
32.35000 26.6205883252149142
32.37000 26.6321974170258038
32.39000 26.6438041524602021
32.41000 26.6554085334366881
32.43000 26.6670105618714466
32.45000 26.6786102396775107
32.47000 26.6902075687645635
32.49000 26.7018025510393144
32.51000 26.7133951884053324
32.53000 26.7249854827624631
32.55000 26.7365734360065659
32.57000 26.7481590500313935
32.59000 26.7597423267299135
32.61000 26.7713232679934379
32.63000 26.7829018757135309
32.65000 26.7944781517774757
32.67000 26.8060520980683883
32.69000 26.8176237164667590
32.71000 26.8291930088502824
32.73000 26.8407599770930965
32.75000 26.8523246230682915
32.77000 26.8638869486477319
32.79000 26.8754469556986599
32.81000 26.8870046460832697
32.83000 26.8985600216627461
32.85000 26.9101130842972402
32.87000 26.9216638358407785
32.89000 26.9332122781429142
32.91000 26.9447584130511721
32.93000 26.9563022424138836
32.95000 26.9678437680793337
32.97000 26.9793829918908621
32.99000 26.9909199156868596
33.01000 27.0024545413059336
33.03000 27.0139868705881199
33.05000 27.0255169053722035
33.07000 27.0370446474946533
33.09000 27.0485700987890851
33.11000 27.0600932610863012
33.13000 27.0716141362115366
33.15000 27.0831327259868289
33.17000 27.0946490322310147
33.19000 27.1061630567600673
33.21000 27.1176748013867410
33.23000 27.1291842679199569
33.25000 27.1406914581662093
33.27000 27.1521963739307672
33.29000 27.1636990170166968
33.31000 27.1751993892241330
33.33000 27.1866974923511364
33.35000 27.1981933281936321
33.37000 27.2096868985438753
33.39000 27.2211782051904478
33.41000 27.2326672499178919
33.43000 27.2441540345089948
33.45000 27.2556385607469167
33.47000 27.2671208304146226
33.49000 27.2786008452927611
33.51000 27.2900786071607868
33.53000 27.3015541177967798
33.55000 27.3130273789736364
33.57000 27.3244983924618943
33.59000 27.3359671600296394
33.61000 27.3474336834424498
33.63000 27.3588979644633277
33.65000 27.3703600048513174
33.67000 27.3818198063644473
33.69000 27.3932773707602699
33.71000 27.4047326997926319
33.73000 27.4161857952105450
33.75000 27.4276366587586189
33.77000 27.4390852921805681
33.79000 27.4505316972188353
33.81000 27.4619758756134438
33.83000 27.4734178291015567
33.85000 27.4848575594172999
33.87000 27.4962950682931577
33.89000 27.5077303574583070
33.91000 27.5191634286402191
33.93000 27.5305942835637154
33.95000 27.5420229239506646
33.97000 27.5534493515208041
33.99000 27.5648735679913486
34.01000 27.5762955750763723
34.03000 27.5877153744867734
34.05000 27.5991329679323059
34.07000 27.6105483571218571
34.09000 27.6219615437627795
34.11000 27.6333725295596686
34.13000 27.6447813162157630
34.15000 27.6561879054306878
34.17000 27.6675922988999332
34.19000 27.6789944983176746
34.21000 27.6903945053743925
34.23000 27.7017923217564039
34.25000 27.7131879491478088
34.27000 27.7245813892300603
34.29000 27.7359726436856775
34.31000 27.7473617141999185
34.33000 27.7587486024569188
34.35000 27.7701333101403058
34.37000 27.7815158389299022
34.39000 27.7928961905014127
34.41000 27.8042743665253376
34.43000 27.8156503686702656
34.45000 27.8270241986031550
34.47000 27.8383958579876030
34.49000 27.8497653484856080
34.51000 27.8611326717572716
34.53000 27.8724978294594017
34.55000 27.8838608232464260
34.57000 27.8952216547712055
34.59000 27.9065803256833220
34.61000 27.9179368376279591
34.63000 27.9292911922484173
34.65000 27.9406433911880008
34.67000 27.9519934360883369
34.69000 27.9633413285905199
34.71000 27.9746870703348129
34.73000 27.9860306629588642
34.75000 27.9973721080966307
34.77000 28.0087114073789536
34.79000 28.0200485624342726
34.81000 28.0313835748916453
34.83000 28.0427164463771739
34.85000 28.0540471785134926
34.87000 28.0653757729201807
34.89000 28.0767022312130194
34.91000 28.0880265550055590
34.93000 28.0993487459112039
34.95000 28.1106688055403922
34.97000 28.1219867355012525
34.99000 28.1333025373997216
35.01000 28.1446162128396509
35.03000 28.1559277634211327
35.05000 28.1672371907414956
35.07000 28.1785444963964409
35.09000 28.1898496819791617
35.11000 28.2011527490823184
35.13000 28.2124536992965460
35.15000 28.2237525342098685
35.17000 28.2350492554094146
35.19000 28.2463438644817018
35.21000 28.2576363630109704
35.23000 28.2689267525778654
35.25000 28.2802150347601327
35.27000 28.2915012111342250
35.29000 28.3027852832749680
35.31000 28.3140672527564234
35.33000 28.3253471211534809
35.35000 28.3366248900384790
35.37000 28.3479005609808858
35.39000 28.3591741355470504
35.41000 28.3704456152999320
35.43000 28.3817150018011617
35.45000 28.3929822966079257
35.47000 28.4042475012744013
35.49000 28.4155106173523073
35.51000 28.4267716463911668
35.53000 28.4380305899396681
35.55000 28.4492874495459702
35.57000 28.4605422267571733
35.59000 28.4717949231189529
35.61000 28.4830455401748281
35.63000 28.4942940794660799
35.65000 28.5055405425322910
35.67000 28.5167849309129302
35.69000 28.5280272461456299
35.71000 28.5392674897641250
35.73000 28.5505056632995355
35.75000 28.5617417682804486
35.77000 28.5729758062331456
35.79000 28.5842077786817192
35.81000 28.5954376871479958
35.83000 28.6066655331510376
35.85000 28.6178913182111252
35.87000 28.6291150438471647
35.89000 28.6403367115737311
35.91000 28.6515563229015022
35.93000 28.6627738793409073
35.95000 28.6739893824030787
35.97000 28.6852028335968470
35.99000 28.6964142344288895
36.01000 28.7076235864043063
36.03000 28.7188308910268297
36.05000 28.7300361497985399
36.07000 28.7412393642189237
36.09000 28.7524405357869277
36.11000 28.7636396659985643
36.13000 28.7748367563458913
36.15000 28.7860318083196489
36.17000 28.7972248234091026
36.19000 28.8084158031013153
36.21000 28.8196047488812574
36.23000 28.8307916622311460
36.25000 28.8419765446311693
36.27000 28.8531593975596259
36.29000 28.8643402224929844
36.31000 28.8755190209046084
36.33000 28.8866957942648419
36.35000 28.8978705440436698
36.37000 28.9090432717102708
36.39000 28.9202139787321819
36.41000 28.9313826665757112
36.43000 28.9425493367070246
36.45000 28.9537139905902059
36.47000 28.9648766296858682
36.49000 28.9760372554511925
36.51000 28.9871958693407059
36.53000 28.9983524728089996
36.55000 29.0095070673091016
36.57000 29.0206596542916806
36.59000 29.0318102352060983
36.61000 29.0429588115017125
36.63000 29.0541053846249717
36.65000 29.0652499560184339
36.67000 29.0763925271232857
36.69000 29.0875330993781915
36.71000 29.0986716742208138
36.73000 29.1098082530857560
36.75000 29.1209428374041721
36.77000 29.1320754286053401
36.79000 29.1432060281164809
36.81000 29.1543346373630001
36.83000 29.1654612577704455
36.85000 29.1765858907621478
36.87000 29.1877085377611571
36.89000 29.1988292001894685
36.91000 29.2099478794681495
36.93000 29.2210645770162145
36.95000 29.2321792942506704
36.97000 29.2432920325864210
36.99000 29.2544027934361992
37.01000 29.2655115782121520
37.03000 29.2766183883255060
37.05000 29.2877232251864577
37.07000 29.2988260902022937
37.09000 29.3099269847778210
37.11000 29.3210259103168021
37.13000 29.3321228682206581
37.15000 29.3432178598883340
37.17000 29.3543108867164051
37.19000 29.3654019500998800
37.21000 29.3764910514321897
37.23000 29.3875781921056998
37.25000 29.3986633735116669
37.27000 29.4097465970405061
37.29000 29.4208278640818293
37.31000 29.4319071760213085
37.33000 29.4429845342413152
37.35000 29.4540599401216490
37.37000 29.4651333950416472
37.39000 29.4762049003805373
37.41000 29.4872744575161505
37.43000 29.4983420678236818
37.45000 29.5094077326761841
37.47000 29.5204714534436370
37.49000 29.5315332314936505
37.51000 29.5425930681907403
37.53000 29.5536509648972192
37.55000 29.5647069229747324
37.57000 29.5757609437849354
37.59000 29.5868130286884146
37.61000 29.5978631790447899
37.63000 29.6089113962125303
37.65000 29.6199576815474899
37.67000 29.6310020364042330
37.69000 29.6420444621372710
37.71000 29.6530849600991466
37.73000 29.6641235316409961
37.75000 29.6751601781120158
37.77000 29.6861949008588404
37.79000 29.6972277012264598
37.81000 29.7082585805585175
37.83000 29.7192875401967989
37.85000 29.7303145814804886
37.87000 29.7413397057473610
37.89000 29.7523629143349133
37.91000 29.7633842085798044
37.93000 29.7744035898155985
37.95000 29.7854210593744462
37.97000 29.7964366185861316
37.99000 29.8074502687773197
38.01000 29.8184620112727714
38.03000 29.8294718473965546
38.05000 29.8404797784708080
38.07000 29.8514858058153187
38.09000 29.8624899307473726
38.11000 29.8734921545847527
38.13000 29.8844924786451394
38.15000 29.8954909042438786
38.17000 29.9064874326949450
38.19000 29.9174820653110025
38.21000 29.9284748034034784
38.23000 29.9394656482828125
38.25000 29.9504546012585919
38.27000 29.9614416636382970
38.29000 29.9724268367273936
38.31000 29.9834101218289533
38.33000 29.9943915202439086
38.35000 30.0053710332704178
38.37000 30.0163486622050755
38.39000 30.0273244083433077
38.41000 30.0382982729801249
38.43000 30.0492702574103703
38.45000 30.0602403629274342
38.47000 30.0712085908217013
38.49000 30.0821749423807390
38.51000 30.0931394188897414
38.53000 30.1041020216341977
38.55000 30.1150627518994938
38.57000 30.1260216109703123
38.59000 30.1369786001292077
38.61000 30.1479337206567521
38.63000 30.1588869738323062
38.65000 30.1698383609347509
38.67000 30.1807878832409067
38.69000 30.1917355420257145
38.71000 30.2026813385623534
38.73000 30.2136252741214619
38.75000 30.2245673499709149
38.77000 30.2355075673786615
38.79000 30.2464459276123208
38.81000 30.2573824319364917
38.83000 30.2683170816130911
38.85000 30.2792498779041601
38.87000 30.2901808220709086
38.89000 30.3011099153725674
38.91000 30.3120371590673905
38.93000 30.3229625544116921
38.95000 30.3338861026599957
38.97000 30.3448078050661287
38.99000 30.3557276628829591
39.01000 30.3666456773608573
39.03000 30.3775618497477851
39.05000 30.3884761812901587
39.07000 30.3993886732325009
39.09000 30.4102993268174373
39.11000 30.4212081432858135
39.13000 30.4321151238768515
39.15000 30.4430202698286436
39.17000 30.4539235823786534
39.19000 30.4648250627633992
39.21000 30.4757247122166035
39.23000 30.4866225319694806
39.25000 30.4975185232511627
39.27000 30.5084126872900221
39.29000 30.5193050253144023
39.31000 30.5301955385512365
39.33000 30.5410842282242854
39.35000 30.5519710955562509
39.37000 30.5628561417679627
39.39000 30.5737393680795471
39.41000 30.5846207757112971
39.43000 30.5955003658828417
39.45000 30.6063781398129393
39.47000 30.6172540987197053
39.49000 30.6281282438191447
39.51000 30.6390005763254152
39.53000 30.6498710974517792
39.55000 30.6607398084097191
39.57000 30.6716067104083692
39.59000 30.6824718046545541
39.61000 30.6933350923527186
39.63000 30.7041965747062058
39.65000 30.7150562529172326
39.67000 30.7259141281871493
39.69000 30.7367702017154940
39.71000 30.7476244747000500
39.73000 30.7584769483381386
39.75000 30.7693276238254398
39.77000 30.7801765023554061
39.79000 30.7910235851198841
39.81000 30.8018688733106067
39.83000 30.8127123681186283
39.85000 30.8235540707339339
39.87000 30.8343939823447215
39.89000 30.8452321041376720
39.91000 30.8560684372983651
39.93000 30.8669029830125972
39.95000 30.8777357424642709
39.97000 30.8885667168364151
39.99000 30.8993959073098665
40.01000 30.9102233150637140
40.03000 30.9210489412754796
40.05000 30.9318727871207031
40.07000 30.9426948537731690
40.09000 30.9535151424043313
40.11000 30.9643336541833492
40.13000 30.9751503902786283
40.15000 30.9859653518593845
40.17000 30.9967785400932989
40.19000 31.0075899561461128
40.21000 31.0183996011822387
40.23000 31.0292074763642987
40.25000 31.0400135828526267
40.27000 31.0508179218072797
40.29000 31.0616204943884320
40.31000 31.0724213017557993
40.33000 31.0832203450671933
40.35000 31.0940176254779068
40.37000 31.1048131441407349
40.39000 31.1156069022074888
40.41000 31.1263989008281214
40.43000 31.1371891411514170
40.45000 31.1479776243246036
40.47000 31.1587643514942449
40.49000 31.1695493238066135
40.51000 31.1803325424081557
40.53000 31.1911140084440746
40.55000 31.2018937230572995
40.57000 31.2126716873881733
40.59000 31.2234479025768970
40.61000 31.2342223697616710
40.63000 31.2449950900785822
40.65000 31.2557660646633302
40.67000 31.2665352946506658
40.69000 31.2773027811744271
40.71000 31.2880685253675459
40.73000 31.2988325283622828
40.75000 31.3095947912885642
40.77000 31.3203553152745009
40.79000 31.3311141014466763
40.81000 31.3418711509310981
40.83000 31.3526264648523139
40.85000 31.3633800443319615
40.87000 31.3741318904904674
40.89000 31.3848820044475261
40.91000 31.3956303873208462
40.93000 31.4063770402267863
40.95000 31.4171219642805895
40.97000 31.4278651605960420
40.99000 31.4386066302846352
41.01000 31.4493463744573383
41.03000 31.4600843942240012
41.05000 31.4708206906924914
41.07000 31.4815552649690495
41.09000 31.4922881181603600
41.11000 31.5030192513727165
41.13000 31.5137486657135852
41.15000 31.5244763622904358
41.17000 31.5352023422097432
41.19000 31.5459266065760353
41.21000 31.5566491564928597
41.23000 31.5673699930613765
41.25000 31.5780891173815306
41.27000 31.5888065305519028
41.29000 31.5995222336684698
41.31000 31.6102362278258511
41.33000 31.6209485141173374
41.35000 31.6316590936359852
41.37000 31.6423679674728326
41.39000 31.6530751367172662
41.41000 31.6637806024566615
41.43000 31.6744843657764008
41.45000 31.6851864277620727
41.47000 31.6958867894982212
41.49000 31.7065854520681363
41.51000 31.7172824165542337
41.53000 31.7279776840379490
41.55000 31.7386712556000745
41.57000 31.7493631323201200
41.59000 31.7600533152753215
41.61000 31.7707418055407516
41.63000 31.7814286041905589
41.65000 31.7921137122970023
41.67000 31.8027971309312356
41.69000 31.8134788611637767
41.71000 31.8241589040640953
41.73000 31.8348372607006773
41.75000 31.8455139321415786
41.77000 31.8561889194545813
41.79000 31.8668622237058088
41.81000 31.8775338459594160
41.83000 31.8882037872779840
41.85000 31.8988720487216213
41.87000 31.9095386313493812
41.89000 31.9202035362199510
41.91000 31.9308667643900286
41.93000 31.9415283169156510
41.95000 31.9521881948514164
41.97000 31.9628463992517773
41.99000 31.9735029311707599
42.01000 31.9841577916616941
42.03000 31.9948109817769186
42.05000 32.0054625025670845
42.07000 32.0161123550809066
42.09000 32.0267605403658990
42.11000 32.0374070594687339
42.13000 32.0480519134341435
42.15000 32.0586951033053964
42.17000 32.0693366301250222
42.19000 32.0799764949340016
42.21000 32.0906146987724199
42.23000 32.1012512426798935
42.25000 32.1118861276949374
42.27000 32.1225193548545604
42.29000 32.1331509251941654
42.31000 32.1437808397480396
42.33000 32.1544090995492269
42.35000 32.1650357056287959
42.37000 32.1756606590179999
42.39000 32.1862839607479359
42.41000 32.1969056118483152
42.43000 32.2075256133476557
42.45000 32.2181439662737503
42.47000 32.2287606716532480
42.49000 32.2393757305125845
42.51000 32.2499891438765971
42.53000 32.2606009127680977
42.55000 32.2712110382091737
42.57000 32.2818195212204131
42.59000 32.2924263628211889
42.61000 32.3030315640294816
42.63000 32.3136351258618859
42.65000 32.3242370493336466
42.67000 32.3348373354583245
42.69000 32.3454359852475193
42.71000 32.3560329997108056
42.73000 32.3666283798574099
42.75000 32.3772221266970774
42.77000 32.3878142412393260
42.79000 32.3984047244931617
42.81000 32.4089935774657434
42.83000 32.4195808011638817
42.85000 32.4301663965940037
42.87000 32.4407503647613211
42.89000 32.4513327066702075
42.91000 32.4619134233245816
42.93000 32.4724925157256905
42.95000 32.4830699848729623
42.97000 32.4936458317644679
42.99000 32.5042200573982853
43.01000 32.5147926627712991
43.03000 32.5253636488784750
43.05000 32.5359330167142815
43.07000 32.5465007672734856
43.09000 32.5570669015488576
43.11000 32.5676314205316970
43.13000 32.5781943252121380
43.15000 32.5887556165787089
43.17000 32.5993152956186876
43.19000 32.6098733633180302
43.21000 32.6204298206626433
43.23000 32.6309846686379004
43.25000 32.6415379082289689
43.27000 32.6520895404194960
43.29000 32.6626395661915012
43.31000 32.6731879865252068
43.33000 32.6837348023994352
43.35000 32.6942800147916941
43.37000 32.7048236246778359
43.39000 32.7153656330332154
43.41000 32.7259060408334648
43.43000 32.7364448490537399
43.45000 32.7469820586676974
43.47000 32.7575176706470330
43.49000 32.7680516859626039
43.51000 32.7785841055850966
43.53000 32.7891149304840610
43.55000 32.7996441616264249
43.57000 32.8101717999780433
43.59000 32.8206978465036130
43.61000 32.8312223021668999
43.63000 32.8417451679319896
43.65000 32.8522664447623214
43.67000 32.8627861336199345
43.69000 32.8733042354654970
43.71000 32.8838207512585896
43.73000 32.8943356819587223
43.75000 32.9048490285246800
43.77000 32.9153607919145372
43.79000 32.9258709730851464
43.81000 32.9363795729923439
43.83000 32.9468865925918735
43.85000 32.9573920328378165
43.87000 32.9678958946823357
43.89000 32.9783981790762368
43.91000 32.9888988869695510
43.93000 32.9993980193114069
43.95000 33.0098955770492708
43.97000 33.0203915611287186
43.99000 33.0308859724941328
44.01000 33.0413788120900094
44.03000 33.0518700808610717
44.05000 33.0623597797521072
44.07000 33.0728479097074839
44.09000 33.0833344716704758
44.11000 33.0938194665832768
44.13000 33.1043028953864535
44.15000 33.1147847590191162
44.17000 33.1252650584185773
44.19000 33.1357437945210620
44.21000 33.1462209682612539
44.23000 33.1566965805722447
44.25000 33.1671706323869699
44.27000 33.1776431246384504
44.29000 33.1881140582582148
44.31000 33.1985834341758377
44.33000 33.2090512533194513
44.35000 33.2195175166164347
44.37000 33.2299822249936554
44.39000 33.2404453793767516
44.41000 33.2509069806900257
44.43000 33.2613670298558404
44.45000 33.2718255277960111
44.47000 33.2822824754314510
44.49000 33.2927378736834001
44.51000 33.3031917234722670
44.53000 33.3136440257180482
44.55000 33.3240947813392907
44.57000 33.3345439912534900
44.59000 33.3449916563777649
44.61000 33.3554377776283957
44.63000 33.3658823559208102
44.65000 33.3763253921696332
44.67000 33.3867668872887648
44.69000 33.3972068421913022
44.71000 33.4076452577887508
44.73000 33.4180821349909607
44.75000 33.4285174747067302
44.77000 33.4389512778439126
44.79000 33.4493835453102051
44.81000 33.4598142780122032
44.83000 33.4702434768546269
44.85000 33.4806711427411372
44.87000 33.4910972765748625
44.89000 33.5015218792571261
44.91000 33.5119449516886618
44.93000 33.5223664947698055
44.95000 33.5327865094000117
44.97000 33.5432049964769874
44.99000 33.5536219568971958
45.01000 33.5640373915568944
45.03000 33.5744513013516084
45.05000 33.5848636871752859
45.07000 33.5952745499216761
45.09000 33.6056838904832844
45.11000 33.6160917097512026
45.13000 33.6264980086163447
45.15000 33.6369027879680687
45.17000 33.6473060486955973
45.19000 33.6577077916872014
45.21000 33.6681080178296384
45.23000 33.6785067280091823
45.25000 33.6889039231113685
45.27000 33.6992996040202684
45.29000 33.7096937716192926
45.31000 33.7200864267913687
45.33000 33.7304775704194455
45.35000 33.7408672033863084
45.37000 33.7512553265741246
45.39000 33.7616419408642656
45.41000 33.7720270471365893
45.43000 33.7824106462696818
45.45000 33.7927927391407081
45.47000 33.8031733266259380
45.49000 33.8135524096012148
45.51000 33.8239299889414937
45.53000 33.8343060655203587
45.55000 33.8446806402107896
45.57000 33.8550537138840539
45.59000 33.8654252874100550
45.61000 33.8757953616578504
45.63000 33.8861639374954748
45.65000 33.8965310157909059
45.67000 33.9068965974116736
45.69000 33.9172606832249812
45.71000 33.9276232740962840
45.73000 33.9379843708894171
45.75000 33.9483439744684219
45.77000 33.9587020856970696
45.79000 33.9690587054381510
45.81000 33.9794138345544852
45.83000 33.9897674739077331
45.85000 34.0001196243580566
45.87000 34.0104702867645727
45.89000 34.0208194619854041
45.91000 34.0311671508776143
45.93000 34.0415133542970096
45.95000 34.0518580730978542
45.97000 34.0622013081336448
45.99000 34.0725430602585106
46.01000 34.0828833303253020
46.03000 34.0932221191849507
46.05000 34.1035594276870242
46.07000 34.1138952566800953
46.09000 34.1242296070126727
46.11000 34.1345624795327964
46.13000 34.1448938750869786
46.15000 34.1552237945204240
46.17000 34.1655522386778046
46.19000 34.1758792084028329
46.21000 34.1862047045384827
46.23000 34.1965287279274577
46.25000 34.2068512794116018
46.27000 34.2171723598315296
46.29000 34.2274919700266622
46.31000 34.2378101108367758
46.33000 34.2481267831015970
46.35000 34.2584419876609942
46.37000 34.2687557253541257
46.39000 34.2790679970184797
46.41000 34.2893788034902087
46.43000 34.2996881456044491
46.45000 34.3099960241947741
46.47000 34.3203024400932506
46.49000 34.3306073941311567
46.51000 34.3409108871393087
46.53000 34.3512129199487433
46.55000 34.3615134933896229
46.57000 34.3718126082909023
46.59000 34.3821102654808968
46.61000 34.3924064657873529
46.63000 34.4027012100377689
46.65000 34.4129944990586694
46.67000 34.4232863336762946
46.69000 34.4335767147154783
46.71000 34.4438656429995333
46.73000 34.4541531193515169
46.75000 34.4644391445936193
46.77000 34.4747237195466809
46.79000 34.4850068450298295
46.81000 34.4952885218607292
46.83000 34.5055687508572220
46.85000 34.5158475328370500
46.87000 34.5261248686164848
46.89000 34.5364007590104194
46.91000 34.5466752048322263
46.93000 34.5569482068953846
46.95000 34.5672197660133591
46.97000 34.5774898829993802
46.99000 34.5877585586652998
47.01000 34.5980257938216766
47.03000 34.6082915892790410
47.05000 34.6185559458469569
47.07000 34.6288188643336667
47.09000 34.6390803455480025
47.11000 34.6493403902984483
47.13000 34.6595989993923439
47.15000 34.6698561736357007
47.17000 34.6801119138338265
47.19000 34.6903662207910557
47.21000 34.7006190953105360
47.23000 34.7108705381943352
47.25000 34.7211205502434979
47.27000 34.7313691322584575
47.29000 34.7416162850389014
47.31000 34.7518620093829043
47.33000 34.7621063060878299
47.35000 34.7723491759512484
47.37000 34.7825906197700689
47.39000 34.7928306383402841
47.41000 34.8030692324570126
47.43000 34.8133064029138737
47.45000 34.8235421505035205
47.47000 34.8337764760177038
47.49000 34.8440093802475488
47.51000 34.8542408639841312
47.53000 34.8644709280177665
47.55000 34.8746995731381233
47.57000 34.8849268001336341
47.59000 34.8951526097927598
47.61000 34.9053770029040820
47.63000 34.9155999802546049
47.65000 34.9258215426301390
47.67000 34.9360416908148110
47.69000 34.9462604255922500
47.71000 34.9564777477459216
47.73000 34.9666936580579915
47.75000 34.9769081573090617
47.77000 34.9871212462791590
47.79000 34.9973329257473225
47.81000 35.0075431964909214
47.83000 35.0177520592867779
47.85000 35.0279595149113803
47.87000 35.0381655641409964
47.89000 35.0483702077520789
47.91000 35.0585734465202421
47.93000 35.0687752812213205
47.95000 35.0789757126305872
47.97000 35.0891747415230384
47.99000 35.0993723686727677
48.01000 35.1095685948526395
48.03000 35.1197634208345306
48.05000 35.1299568473892307
48.07000 35.1401488752866129
48.09000 35.1503395052961238
48.11000 35.1605287381871463
48.13000 35.1707165747282815
48.15000 35.1809030156870151
48.17000 35.1910880618305981
48.19000 35.2012717139252729
48.21000 35.2114539727363223
48.23000 35.2216348390282690
48.25000 35.2318143135654367
48.27000 35.2419923971118365
48.29000 35.2521690904298381
48.31000 35.2623443942811292
48.33000 35.2725183094265375
48.35000 35.2826908366261804
48.37000 35.2928619766399905
48.39000 35.3030317302277510
48.41000 35.3132000981481511
48.43000 35.3233670811584162
48.45000 35.3335326800153808
48.47000 35.3436968954747641
48.49000 35.3538597282909421
48.51000 35.3640211792167207
48.53000 35.3741812490040743
48.55000 35.3843399384041675
48.57000 35.3944972481681148
48.59000 35.4046531790468748
48.61000 35.4148077317908800
48.63000 35.4249609071497957
48.65000 35.4351127058719158
48.67000 35.4452631287047666
48.69000 35.4554121763957966
48.71000 35.4655598496914592
48.73000 35.4757061493381585
48.75000 35.4858510760816372
48.77000 35.4959946306664875
48.79000 35.5061368138373084
48.81000 35.5162776263378461
48.83000 35.5264170689109804
48.85000 35.5365551422990720
48.87000 35.5466918472435438
48.89000 35.5568271844854848
48.91000 35.5669611547657709
48.93000 35.5770937588242973
48.95000 35.5872249973998080
48.97000 35.5973548712296406
48.99000 35.6074833810507485
49.01000 35.6176105275996164
49.03000 35.6277363116116703
49.05000 35.6378607338208582
49.07000 35.6479837949604956
49.09000 35.6581054957626122
49.11000 35.6682258369589391
49.13000 35.6783448192809018
49.15000 35.6884624434592652
49.17000 35.6985787102236642
49.19000 35.7086936203028813
49.21000 35.7188071744257130
49.23000 35.7289193733209203
49.25000 35.7390302177172643
49.27000 35.7491397083434990
49.29000 35.7592478459275398
49.31000 35.7693546311962578
49.33000 35.7794600648753800
49.35000 35.7895641476897453
49.37000 35.7996668803631763
49.39000 35.8097682636184942
49.41000 35.8198682981782355
49.43000 35.8299669847647806
49.45000 35.8400643240998207
49.47000 35.8501603169041232
49.49000 35.8602549638970132
49.51000 35.8703482657967143
49.53000 35.8804402233204343
49.55000 35.8905308371849259
49.57000 35.9006201081064802
49.59000 35.9107080368015588
49.61000 35.9207946239860689
49.63000 35.9308798703755414
49.65000 35.9409637766855852
49.67000 35.9510463436308996
49.69000 35.9611275719252532
49.71000 35.9712074622813844
49.73000 35.9812860154113991
49.75000 35.9913632320264014
49.77000 36.0014391128369695
49.79000 36.0115136585525235
49.81000 36.0215868698814390
49.83000 36.0316587475314805
49.85000 36.0417292922105261
49.87000 36.0517985046268379
49.89000 36.0618663854878960
49.91000 36.0719329355002216
49.93000 36.0819981553692628
49.95000 36.0920620457999988
49.97000 36.1021246074968261
49.99000 36.1121858411630754
50.01000 36.1222457475014735
50.03000 36.1323043272143281
50.05000 36.1423615810031649
50.07000 36.1524175095685649
50.09000 36.1624721136104341
50.11000 36.1725253938279110
50.13000 36.1825773509191038
50.15000 36.1926279855817370
50.17000 36.2026772985122918
50.19000 36.2127252904084997
50.21000 36.2227719619616124
50.23000 36.2328173138836007
50.25000 36.2428613468039771
