0.25000 243.7128823584190229
0.27000 203.5851266946885971
0.29000 168.9118564500366233
0.31000 184.8063860014087822
0.33000 153.2511519419972217
0.35000 127.3116928698454160
0.37000 105.8474470021107123
0.39000 88.2272806034872303
0.41000 73.7352309055534647
0.43000 61.8146184472060796
0.45000 51.9878174926385483
0.47000 43.8680201190217502
0.49000 37.1393374757160402
0.51000 31.5462261540611024
0.53000 26.8819981295940309
0.55000 22.9794821276739469
0.57000 19.7034569971235562
0.59000 16.9441927094348515
0.61000 14.6126439317722703
0.63000 12.6361649956715354
0.65000 10.9554399654945822
0.67000 9.5219130192350487
0.69000 8.2955771807608265
0.71000 7.2434480037283908
0.73000 6.3384366547408399
0.75000 5.5577829362416642
0.77000 4.8825814352778512
0.79000 4.2973535871911039
0.81000 3.7887952230534339
0.83000 3.3457961411652297
0.85000 2.9591080306879882
0.87000 2.6209250455402202
0.89000 2.3243793211358619
0.91000 2.0639644132871418
0.93000 1.8349515219229227
0.95000 1.6330170443997618
0.97000 1.4546011343086886
0.99000 1.2968413205067737
1.01000 1.1571146570962114
1.03000 1.0331900679805617
1.05000 0.9231123691824312
1.07000 0.8249932717590764
1.09000 0.7376287589396651
1.11000 0.6598115356720723
1.13000 0.5902139711064235
1.15000 0.5279907004124977
1.17000 0.4723201513703173
1.19000 0.4223727841602339
1.21000 0.3775800792010092
1.23000 0.3374368226912935
1.25000 0.3013321527916765
1.27000 0.2688176547003401
1.29000 0.2395514482854410
1.31000 0.2132329225013746
1.33000 0.1895388312880136
1.35000 0.1681275569251350
1.37000 0.1487908023118170
1.39000 0.1313255105243535
1.41000 0.1155468818351407
1.43000 0.1013204521341931
1.45000 0.0884976631559953
1.47000 0.0768904282952287
1.49000 0.0663459926728352
1.51000 0.0568569678630060
1.53000 0.0481832944446148
1.55000 0.0404637896418702
1.57000 0.0334220768803683
1.59000 0.0269289368989498
1.61000 0.0213509739645235
1.63000 0.0161013180965258
1.65000 0.0112307060725833
1.67000 0.0071556353880425
1.69000 0.0034063534042061
1.71000 -0.0002236791706717
1.73000 -0.0033662571792548
1.75000 -0.0060020037134789
1.77000 -0.0084946359737992
1.79000 -0.0108900016695251
1.81000 -0.0129754437055984
1.83000 -0.0146947935243669
1.85000 -0.0162086374357051
1.87000 -0.0176969844889463
1.89000 -0.0190579766707472
1.91000 -0.0202220026158245
1.93000 -0.0211766509284825
1.95000 -0.0219642605579079
1.97000 -0.0227228995498124
1.99000 -0.0234361455927687
2.01000 -0.0240310211591099
2.03000 -0.0245243208085027
2.05000 -0.0249191229378595
2.07000 -0.0252073101879649
2.09000 -0.0254538255403669
2.11000 -0.0256953253726516
2.13000 -0.0258838306387357
2.15000 -0.0260145465412476
2.17000 -0.0260906435631605
2.19000 -0.0261209167021909
2.21000 -0.0260995764288924
2.23000 -0.0260351649189125
2.25000 -0.0259630536488323
2.27000 -0.0258837137999054
2.29000 -0.0257812602317067
2.31000 -0.0256481482103013
2.33000 -0.0254952185647916
2.35000 -0.0253244067174863
2.37000 -0.0251331902026419
2.39000 -0.0249255768473150
2.41000 -0.0246925801325112
2.43000 -0.0244587477380917
2.45000 -0.0242308106487496
2.47000 -0.0239926179835051
2.49000 -0.0237461425757132
2.51000 -0.0234946043670484
2.53000 -0.0232356680762366
2.55000 -0.0229656452084559
2.57000 -0.0226985990671794
2.59000 -0.0224210871752409
2.61000 -0.0221439987119557
2.63000 -0.0218642723561618
2.65000 -0.0215752827981835
2.67000 -0.0212949554847380
2.69000 -0.0210132976539989
2.71000 -0.0207428766559048
2.73000 -0.0204639248983784
2.75000 -0.0201839221829203
2.77000 -0.0199077682784890
2.79000 -0.0196400225596638
2.81000 -0.0193513816854410
2.83000 -0.0190888669662770
2.85000 -0.0188161643800699
2.87000 -0.0185378836430744
2.89000 -0.0182932119409049
2.91000 -0.0180004904627717
2.93000 -0.0177463875166220
2.95000 -0.0174990227577373
2.97000 -0.0172211736884642
2.99000 -0.0169773099502335
3.01000 -0.0167363397220871
3.03000 -0.0164732008485491
3.05000 -0.0162351847625419
3.07000 -0.0160069088305306
3.09000 -0.0157536434695904
3.11000 -0.0155127367739566
3.13000 -0.0152957053117103
3.15000 -0.0150692947686187
3.17000 -0.0148296688652974
3.19000 -0.0146059670348003
3.21000 -0.0143989530776087
3.23000 -0.0141830109523164
3.25000 -0.0139590680819923
3.27000 -0.0137487662348751
3.29000 -0.0135503741257106
3.31000 -0.0133478018889480
3.33000 -0.0131385413841903
3.35000 -0.0129374223270182
3.37000 -0.0127511982778161
3.39000 -0.0125636607350293
3.41000 -0.0123740752410242
3.43000 -0.0121811131598148
3.45000 -0.0119965705043523
3.47000 -0.0118256751864901
3.49000 -0.0116531350706148
3.51000 -0.0114773387486708
3.53000 -0.0112997197102699
3.55000 -0.0111283597857559
3.57000 -0.0109684376980307
3.59000 -0.0108101246348510
3.61000 -0.0106500819066491
3.63000 -0.0104896396239257
3.65000 -0.0103303014545308
3.67000 -0.0101773055373802
3.69000 -0.0100313998687568
3.71000 -0.0098864260250631
3.73000 -0.0097409940274552
3.75000 -0.0095971873924523
3.77000 -0.0094534642167306
3.79000 -0.0093147633477980
3.81000 -0.0091815412542849
3.83000 -0.0090492436799136
3.85000 -0.0089186687622818
3.87000 -0.0087896270270851
3.89000 -0.0086614233198862
3.91000 -0.0085348796511134
3.93000 -0.0084126332389016
3.95000 -0.0082925681308722
3.97000 -0.0081749108767071
3.99000 -0.0080589347378583
4.01000 -0.0079450350630103
4.03000 -0.0078305941453305
4.05000 -0.0077188812520543
4.07000 -0.0076081883427885
4.09000 -0.0075032087543982
4.11000 -0.0073965601751075
4.13000 -0.0072937995990174
4.15000 -0.0071931711260152
4.17000 -0.0070898060924689
4.19000 -0.0069947500270194
4.21000 -0.0068923186056016
4.23000 -0.0067978575355593
4.25000 -0.0067068218058235
4.27000 -0.0066101033305808
4.29000 -0.0065221460393908
4.31000 -0.0064338387608005
4.33000 -0.0063422549516877
4.35000 -0.0062587844447057
4.37000 -0.0061735970393988
4.39000 -0.0060851381728649
4.41000 -0.0060052264641043
4.43000 -0.0059262665634205
4.45000 -0.0058428492213762
4.47000 -0.0057646951075532
4.49000 -0.0056904482094271
4.51000 -0.0056127838995480
4.53000 -0.0055364928843761
4.55000 -0.0054645734066244
4.57000 -0.0053923735958243
4.59000 -0.0053186054046160
4.61000 -0.0052480169719475
4.63000 -0.0051809992702295
4.65000 -0.0051133692453853
4.67000 -0.0050442858948001
4.69000 -0.0049782465441628
4.71000 -0.0049158820399769
4.73000 -0.0048522711243969
4.75000 -0.0047872830031756
4.77000 -0.0047251665787583
4.79000 -0.0046656759801131
4.81000 -0.0046056347429400
4.83000 -0.0045454160886582
4.85000 -0.0044868992909140
4.87000 -0.0044303917721977
4.89000 -0.0043745971337571
4.91000 -0.0043190700885556
4.93000 -0.0042636613159334
4.95000 -0.0042100031720331
4.97000 -0.0041578606525643
4.99000 -0.0041060318205395
5.01000 -0.0040541392938055
5.03000 -0.0040022952491232
5.05000 -0.0039524955075358
5.07000 -0.0039042654369908
5.09000 -0.0038562018266075
5.11000 -0.0038080435311137
5.13000 -0.0037603278589884
5.15000 -0.0037143972203557
5.17000 -0.0036697180225143
5.19000 -0.0036252444557579
5.21000 -0.0035809742103023
5.23000 -0.0035366168830292
5.25000 -0.0034935177012536
5.27000 -0.0034519318254517
5.29000 -0.0034101686184097
5.31000 -0.0033693801628973
5.33000 -0.0033283149209785
5.35000 -0.0032886159797955
5.37000 -0.0032487084120937
5.39000 -0.0032106345264696
5.41000 -0.0031727323086470
5.43000 -0.0031352896932325
5.45000 -0.0030986887960063
5.47000 -0.0030606033710016
5.49000 -0.0030260108563850
5.51000 -0.0029900945330841
5.53000 -0.0029551505752005
5.55000 -0.0029214344320419
5.57000 -0.0028864125039760
5.59000 -0.0028533411996004
5.61000 -0.0028203536932107
5.63000 -0.0027870164795787
5.65000 -0.0027559030079706
5.67000 -0.0027241558557545
5.69000 -0.0026923527231444
5.71000 -0.0026624019872426
5.73000 -0.0026316779896778
5.75000 -0.0026012533815324
5.77000 -0.0025725668036797
5.79000 -0.0025437691458449
5.81000 -0.0025144775259341
5.83000 -0.0024864352326202
5.85000 -0.0024589813271518
5.87000 -0.0024306412520735
5.89000 -0.0024033674876633
5.91000 -0.0023772759438073
5.93000 -0.0023508050545247
5.95000 -0.0023245982968406
5.97000 -0.0022991170963577
5.99000 -0.0022739708215383
6.01000 -0.0022484707281820
6.03000 -0.0022234070309705
6.05000 -0.0021996720504097
6.07000 -0.0021760355262482
6.09000 -0.0021519436727360
6.11000 -0.0021285237357394
6.13000 -0.0021059077233779
6.15000 -0.0020831819268728
6.17000 -0.0020603701405587
6.19000 -0.0020381164382056
6.21000 -0.0020165093470893
6.23000 -0.0019950428704896
6.25000 -0.0019735095528259
6.27000 -0.0019525921188084
6.29000 -0.0019322100347670
6.31000 -0.0019117658909933
6.33000 -0.0018912935518915
6.35000 -0.0018712398072024
6.37000 -0.0018516903925979
6.39000 -0.0018323464637954
6.41000 -0.0018131933923055
6.43000 -0.0017941264225142
6.45000 -0.0017754993135444
6.47000 -0.0017573254049857
6.49000 -0.0017392522166405
6.51000 -0.0017210636076015
6.53000 -0.0017031355358139
6.55000 -0.0016856527003221
6.57000 -0.0016685629423280
6.59000 -0.0016514837813258
6.61000 -0.0016346449801391
6.63000 -0.0016178386464706
6.65000 -0.0016016844829603
6.67000 -0.0015853908168911
6.69000 -0.0015694230971232
6.71000 -0.0015535469603464
6.73000 -0.0015377138442782
6.75000 -0.0015226246439896
6.77000 -0.0015070332490610
6.79000 -0.0014923066571533
6.81000 -0.0014772869047844
6.83000 -0.0014624908814369
6.85000 -0.0014483141179411
6.87000 -0.0014337304277828
6.89000 -0.0014198348581920
6.91000 -0.0014058842722799
6.93000 -0.0013916735585109
6.95000 -0.0013782505505801
6.97000 -0.0013648003048886
6.99000 -0.0013514194372941
7.01000 -0.0013385358247145
7.03000 -0.0013253943012548
7.05000 -0.0013123597378088
7.07000 -0.0013000059904435
7.09000 -0.0012874570446200
7.11000 -0.0012749285112877
7.13000 -0.0012629378554237
7.15000 -0.0012507978749965
7.17000 -0.0012386164975620
7.19000 -0.0012269372861445
7.21000 -0.0012153571946581
7.23000 -0.0012036977642925
7.25000 -0.0011924473253440
7.27000 -0.0011813429041420
7.29000 -0.0011700262325838
7.31000 -0.0011589547333976
7.33000 -0.0011482752301090
7.35000 -0.0011375649675710
7.37000 -0.0011268533688623
7.39000 -0.0011164262600331
7.41000 -0.0011061131225364
7.43000 -0.0010957453863529
7.45000 -0.0010855675650935
7.47000 -0.0010756851047920
7.49000 -0.0010658452727179
7.51000 -0.0010559619142633
7.53000 -0.0010462992039613
7.55000 -0.0010368509644615
7.57000 -0.0010273728469519
7.59000 -0.0010179578425855
7.61000 -0.0010087454690999
7.63000 -0.0009996805909115
7.65000 -0.0009906666897409
7.67000 -0.0009816680528359
7.69000 -0.0009728286106368
7.71000 -0.0009641434911729
7.73000 -0.0009555068286073
7.75000 -0.0009469621358761
7.77000 -0.0009385288535918
7.79000 -0.0009302443585400
7.81000 -0.0009220106288697
7.83000 -0.0009137934020575
7.85000 -0.0009056651852080
7.87000 -0.0008977794853024
7.89000 -0.0008898935247546
7.91000 -0.0008821369038882
7.93000 -0.0008743047505595
7.95000 -0.0008667011019460
7.97000 -0.0008591804125796
7.99000 -0.0008517262368481
8.01000 -0.0008443333306823
8.03000 -0.0008369037186352
8.05000 -0.0008298432227841
8.07000 -0.0008226003289993
8.09000 -0.0008156293110524
8.11000 -0.0008085939812684
8.13000 -0.0008015799525876
8.15000 -0.0007948824662721
8.17000 -0.0007880017641008
8.19000 -0.0007813152980499
8.21000 -0.0007747255753587
8.23000 -0.0007680877917200
8.25000 -0.0007617248099639
8.27000 -0.0007552896533029
8.29000 -0.0007488486801141
8.31000 -0.0007426307901959
8.33000 -0.0007363809579469
8.35000 -0.0007302138811151
8.37000 -0.0007242084601282
8.39000 -0.0007181295549538
8.41000 -0.0007121169201194
8.43000 -0.0007063008086380
8.45000 -0.0007004485706730
8.47000 -0.0006946413127866
8.49000 -0.0006889974962093
8.51000 -0.0006832980834794
8.53000 -0.0006776322606337
8.55000 -0.0006721495738465
8.57000 -0.0006666853215320
8.59000 -0.0006612255478398
8.61000 -0.0006558929714455
8.63000 -0.0006505829503595
8.65000 -0.0006452545633223
8.67000 -0.0006400634289076
8.69000 -0.0006349620169932
8.71000 -0.0006298255116229
8.73000 -0.0006247365697681
8.75000 -0.0006197662517742
8.77000 -0.0006148278353449
8.79000 -0.0006098987833866
8.81000 -0.0006050640492111
8.83000 -0.0006002970698651
8.85000 -0.0005955102292364
8.87000 -0.0005907734249716
8.89000 -0.0005861523011755
8.91000 -0.0005815613685067
8.93000 -0.0005769573391094
8.95000 -0.0005724165186988
8.97000 -0.0005679726866777
8.99000 -0.0005635518844117
9.01000 -0.0005591263671674
9.03000 -0.0005547853816970
9.05000 -0.0005505213394527
9.07000 -0.0005462420823825
9.09000 -0.0005419986169944
9.11000 -0.0005378162303525
9.13000 -0.0005337061049181
9.15000 -0.0005295969418215
9.17000 -0.0005255419949050
9.19000 -0.0005215054408279
9.21000 -0.0005175714206176
9.23000 -0.0005136091421956
9.25000 -0.0005096828150503
9.27000 -0.0005058240098478
9.29000 -0.0005020097623189
9.31000 -0.0004982555344875
9.33000 -0.0004944395435615
9.35000 -0.0004907608286767
9.37000 -0.0004870366857208
9.39000 -0.0004834077842880
9.41000 -0.0004798065807513
9.43000 -0.0004761756627024
9.45000 -0.0004726907676042
9.47000 -0.0004691630248362
9.49000 -0.0004656746468469
9.51000 -0.0004622399182169
9.53000 -0.0004587780199142
9.55000 -0.0004554361549350
9.57000 -0.0004520935804539
9.59000 -0.0004487436498779
9.61000 -0.0004454792407356
9.63000 -0.0004422067538534
9.65000 -0.0004389770456859
9.67000 -0.0004358117313211
9.69000 -0.0004326076831832
9.71000 -0.0004294525382011
9.73000 -0.0004263841983480
9.75000 -0.0004232852787896
9.77000 -0.0004202248583829
9.79000 -0.0004172291787237
9.81000 -0.0004142037025867
9.83000 -0.0004112179143208
9.85000 -0.0004083039865412
9.87000 -0.0004053752268758
9.89000 -0.0004024665193128
9.91000 -0.0003996242121940
9.93000 -0.0003967857578960
9.95000 -0.0003939595190870
9.97000 -0.0003911876803389
9.99000 -0.0003884259233700
10.01000 -0.0003856675586528
10.03000 -0.0003829598348506
10.05000 -0.0003802887709597
10.07000 -0.0003776147727841
10.09000 -0.0003749683237519
10.11000 -0.0003723607359951
10.13000 -0.0003697542554255
10.15000 -0.0003671770058139
10.17000 -0.0003646420756488
10.19000 -0.0003621183422564
10.21000 -0.0003595997796410
10.23000 -0.0003571145271858
10.25000 -0.0003546686716017
10.27000 -0.0003522324177122
10.29000 -0.0003498074000602
10.31000 -0.0003474116302797
10.33000 -0.0003450383871846
10.35000 -0.0003426747349419
10.37000 -0.0003403336865798
10.39000 -0.0003380370861700
10.41000 -0.0003357425188560
10.43000 -0.0003334574417806
10.45000 -0.0003311912901045
10.47000 -0.0003289804006469
10.49000 -0.0003267542850877
10.51000 -0.0003245532315121
10.53000 -0.0003223718583745
10.55000 -0.0003202181896381
10.57000 -0.0003180814262156
10.59000 -0.0003159360485901
10.61000 -0.0003138516152697
10.63000 -0.0003117540639704
10.65000 -0.0003097013045322
10.67000 -0.0003076236895425
10.69000 -0.0003055869110275
10.71000 -0.0003035911877794
10.73000 -0.0003015701254255
10.75000 -0.0002995955220020
10.77000 -0.0002976206555511
10.79000 -0.0002956725344162
10.81000 -0.0002937505310611
10.83000 -0.0002918084745195
10.85000 -0.0002899124412759
10.87000 -0.0002880339996462
10.89000 -0.0002861526543062
10.91000 -0.0002843082002463
10.93000 -0.0002824540564546
10.95000 -0.0002806186702280
10.97000 -0.0002788302455679
10.99000 -0.0002770238858186
11.01000 -0.0002752333901155
11.03000 -0.0002734806222628
11.05000 -0.0002717200097736
11.07000 -0.0002699808636202
11.09000 -0.0002682643081200
11.11000 -0.0002665401347985
11.13000 -0.0002648477689330
11.15000 -0.0002631796378050
11.17000 -0.0002614984979856
11.19000 -0.0002598394277520
11.21000 -0.0002582045282879
11.23000 -0.0002565689119494
11.25000 -0.0002549549579702
11.27000 -0.0002533608299288
11.29000 -0.0002517586488674
11.31000 -0.0002501754001443
11.33000 -0.0002486231131995
11.35000 -0.0002470686235895
11.37000 -0.0002455192496791
11.39000 -0.0002439942796417
11.41000 -0.0002424817339107
11.43000 -0.0002409733237604
11.45000 -0.0002394826153791
11.47000 -0.0002380070086329
11.49000 -0.0002365296237952
11.51000 -0.0002350682148933
11.53000 -0.0002336304650175
11.55000 -0.0002321949457793
11.57000 -0.0002307650568030
11.59000 -0.0002293529368161
11.61000 -0.0002279567513485
11.63000 -0.0002265619712238
11.65000 -0.0002251799508576
11.67000 -0.0002238125472714
11.69000 -0.0002224551118400
11.71000 -0.0002210995264911
11.73000 -0.0002197663873799
11.75000 -0.0002184387471252
11.77000 -0.0002171215683373
11.79000 -0.0002158059965538
11.81000 -0.0002145125758881
11.83000 -0.0002132283967449
11.85000 -0.0002119453562308
11.87000 -0.0002106801499750
11.89000 -0.0002094171871504
11.91000 -0.0002081774097724
11.93000 -0.0002069232556568
11.95000 -0.0002056996875350
11.97000 -0.0002044801183845
11.99000 -0.0002032633362840
12.01000 -0.0002020652369386
12.03000 -0.0002008617009698
12.05000 -0.0001996863883014
12.07000 -0.0001985078375549
12.09000 -0.0001973329011046
12.11000 -0.0001961844755659
12.13000 -0.0001950280922002
12.15000 -0.0001938873573411
12.17000 -0.0001927548030044
12.19000 -0.0001916225090930
12.21000 -0.0001905165697511
12.23000 -0.0001894069324125
12.25000 -0.0001882985787693
12.27000 -0.0001872117133626
12.29000 -0.0001861240822923
12.31000 -0.0001850481747001
12.33000 -0.0001839845723689
12.35000 -0.0001829169955694
12.37000 -0.0001818666649570
12.39000 -0.0001808269020631
12.41000 -0.0001797815403493
12.43000 -0.0001787513208198
12.45000 -0.0001777333458360
12.47000 -0.0001767138635943
12.49000 -0.0001757065257180
12.51000 -0.0001747068470795
12.53000 -0.0001737081071432
12.55000 -0.0001727244400025
12.57000 -0.0001717504697490
12.59000 -0.0001707724046809
12.61000 -0.0001698046158977
12.63000 -0.0001688504429592
12.65000 -0.0001678961117271
12.67000 -0.0001669504079253
12.69000 -0.0001660151872744
12.71000 -0.0001650799056913
12.73000 -0.0001641532940393
12.75000 -0.0001632388989606
12.77000 -0.0001623261867804
12.79000 -0.0001614158483525
12.81000 -0.0001605181597451
12.83000 -0.0001596285881256
12.85000 -0.0001587385886799
12.87000 -0.0001578568701536
12.89000 -0.0001569842463488
12.91000 -0.0001561144581663
12.93000 -0.0001552506326621
12.95000 -0.0001543985393097
12.97000 -0.0001535463687620
12.99000 -0.0001526989530914
13.01000 -0.0001518601201820
13.03000 -0.0001510319790239
13.05000 -0.0001502002413504
13.07000 -0.0001493782313556
13.09000 -0.0001485630648449
13.11000 -0.0001477540357859
13.13000 -0.0001469482265905
13.15000 -0.0001461479314305
13.17000 -0.0001453588328263
13.19000 -0.0001445631769674
13.21000 -0.0001437837594213
13.23000 -0.0001430039474424
13.25000 -0.0001422352086371
13.27000 -0.0001414671875737
13.29000 -0.0001407002192706
13.31000 -0.0001399490566836
13.33000 -0.0001391941189047
13.35000 -0.0001384485883143
13.37000 -0.0001377067767542
13.39000 -0.0001369674343561
13.41000 -0.0001362404219388
13.43000 -0.0001355094114176
13.45000 -0.0001347875034242
13.47000 -0.0001340741376428
13.49000 -0.0001333568529042
13.51000 -0.0001326507668899
13.53000 -0.0001319481568278
13.55000 -0.0001312482171556
13.57000 -0.0001305588658018
13.59000 -0.0001298660846829
13.61000 -0.0001291797448091
13.63000 -0.0001285042803504
13.65000 -0.0001278258657776
13.67000 -0.0001271541678373
13.69000 -0.0001264897123675
13.71000 -0.0001258252308768
13.73000 -0.0001251675375760
13.75000 -0.0001245150731653
13.77000 -0.0001238632098364
13.79000 -0.0001232197464722
13.81000 -0.0001225808309024
13.83000 -0.0001219397144023
13.85000 -0.0001213074044427
13.87000 -0.0001206813331992
13.89000 -0.0001200548963628
13.91000 -0.0001194351559927
13.93000 -0.0001188194896206
13.95000 -0.0001182043241500
13.97000 -0.0001175968285423
13.99000 -0.0001169942350464
14.01000 -0.0001163908108347
14.03000 -0.0001157934661784
14.05000 -0.0001152029246738
14.07000 -0.0001146124655686
14.09000 -0.0001140254722240
14.11000 -0.0001134451282914
14.13000 -0.0001128663792201
14.15000 -0.0001122911978246
14.17000 -0.0001117222080908
14.19000 -0.0001111543914637
14.21000 -0.0001105892012080
14.23000 -0.0001100299671253
14.25000 -0.0001094757719807
14.27000 -0.0001089202174634
14.29000 -0.0001083703393950
14.31000 -0.0001078251684987
14.33000 -0.0001072836936476
14.35000 -0.0001067421422519
14.37000 -0.0001062074900682
14.39000 -0.0001056756125748
14.41000 -0.0001051446152367
14.43000 -0.0001046200840803
14.45000 -0.0001040972804917
14.47000 -0.0001035790264323
14.49000 -0.0001030592889674
14.51000 -0.0001025499264500
14.53000 -0.0001020399262048
14.55000 -0.0001015317511056
14.57000 -0.0001010292457332
14.59000 -0.0001005275019044
14.61000 -0.0001000330285186
14.63000 -0.0000995362587925
14.65000 -0.0000990455230852
14.67000 -0.0000985595489771
14.69000 -0.0000980714368222
14.71000 -0.0000975908045781
14.73000 -0.0000971110765587
14.75000 -0.0000966351074681
14.77000 -0.0000961623176921
14.79000 -0.0000956894136411
14.81000 -0.0000952242327958
14.83000 -0.0000947598442855
14.85000 -0.0000942954373438
14.87000 -0.0000938375314952
14.89000 -0.0000933809858866
14.91000 -0.0000929270941880
14.93000 -0.0000924774792334
14.95000 -0.0000920276910232
14.97000 -0.0000915827797713
14.99000 -0.0000911411857443
15.01000 -0.0000906987195851
15.03000 -0.0000902620007816
15.05000 -0.0000898286991666
15.07000 -0.0000893950293564
15.09000 -0.0000889654610831
15.11000 -0.0000885386915693
15.13000 -0.0000881133744527
15.15000 -0.0000876925550404
15.17000 -0.0000872728235166
15.19000 -0.0000868541712076
15.21000 -0.0000864410025763
15.23000 -0.0000860295359256
15.25000 -0.0000856182887175
15.27000 -0.0000852117616919
15.29000 -0.0000848077365712
15.31000 -0.0000844040993781
15.33000 -0.0000840042926713
15.35000 -0.0000836070702687
15.37000 -0.0000832109320684
15.39000 -0.0000828186805159
15.41000 -0.0000824284104514
15.43000 -0.0000820384417951
15.45000 -0.0000816522977704
15.47000 -0.0000812701670284
15.49000 -0.0000808875182546
15.51000 -0.0000805073004789
15.53000 -0.0000801308455353
15.55000 -0.0000797561140395
15.57000 -0.0000793822275708
15.59000 -0.0000790126245681
15.61000 -0.0000786436081188
15.63000 -0.0000782768455089
15.65000 -0.0000779126763106
15.67000 -0.0000775512353987
15.69000 -0.0000771904619216
15.71000 -0.0000768316191918
15.73000 -0.0000764776896325
15.75000 -0.0000761225232154
15.77000 -0.0000757708544345
15.79000 -0.0000754200580027
15.81000 -0.0000750737479994
15.83000 -0.0000747271929665
15.85000 -0.0000743827417195
15.87000 -0.0000740424635666
15.89000 -0.0000737006063817
15.91000 -0.0000733633848116
15.93000 -0.0000730272836560
15.95000 -0.0000726932600486
15.97000 -0.0000723612066534
15.99000 -0.0000720293054802
16.01000 -0.0000717025132844
16.03000 -0.0000713755437132
16.05000 -0.0000710495677049
16.07000 -0.0000707277231574
16.09000 -0.0000704057331099
16.11000 -0.0000700869128359
16.13000 -0.0000697695072289
16.15000 -0.0000694529002452
16.17000 -0.0000691400545757
16.19000 -0.0000688270183034
16.21000 -0.0000685160359438
16.23000 -0.0000682086863119
16.25000 -0.0000679011313322
16.27000 -0.0000675951477951
16.29000 -0.0000672920703534
16.31000 -0.0000669898899807
16.33000 -0.0000666902097782
16.35000 -0.0000663915727950
16.37000 -0.0000660936717682
16.39000 -0.0000657993624864
16.41000 -0.0000655059715238
16.43000 -0.0000652130361430
16.45000 -0.0000649234214566
16.47000 -0.0000646345134532
16.49000 -0.0000643469563657
16.51000 -0.0000640618851369
16.53000 -0.0000637776413712
16.55000 -0.0000634949543030
16.57000 -0.0000632146529133
16.59000 -0.0000629349560747
16.61000 -0.0000626565650492
16.63000 -0.0000623811184999
16.65000 -0.0000621065312893
16.67000 -0.0000618324046478
16.69000 -0.0000615606838509
16.71000 -0.0000612910399517
16.73000 -0.0000610217807274
16.75000 -0.0000607544197243
16.77000 -0.0000604888897218
16.79000 -0.0000602238109642
16.81000 -0.0000599610866601
16.83000 -0.0000596997019962
16.85000 -0.0000594393035225
16.87000 -0.0000591800924672
16.89000 -0.0000589236780028
16.91000 -0.0000586672325303
16.93000 -0.0000584123251070
16.95000 -0.0000581595390337
16.97000 -0.0000579076060107
16.99000 -0.0000576571143260
17.01000 -0.0000574074743905
17.03000 -0.0000571602056052
17.05000 -0.0000569132479859
17.07000 -0.0000566689340852
17.09000 -0.0000564244837919
17.11000 -0.0000561817170477
17.13000 -0.0000559406440441
17.15000 -0.0000557007111875
17.17000 -0.0000554626106326
17.19000 -0.0000552240570981
17.21000 -0.0000549885521232
17.23000 -0.0000547540292186
17.25000 -0.0000545197270576
17.27000 -0.0000542875995893
17.29000 -0.0000540560938025
17.31000 -0.0000538267412413
17.33000 -0.0000535976133267
17.35000 -0.0000533699486514
17.37000 -0.0000531444198544
17.39000 -0.0000529182643885
17.41000 -0.0000526945401376
17.43000 -0.0000524725300103
17.45000 -0.0000522504515783
17.47000 -0.0000520298769346
17.49000 -0.0000518105443530
17.51000 -0.0000515925730957
17.53000 -0.0000513760776543
17.55000 -0.0000511596316526
17.57000 -0.0000509449221090
17.59000 -0.0000507317822734
17.61000 -0.0000505188937558
17.63000 -0.0000503074899447
17.65000 -0.0000500977321693
17.67000 -0.0000498880407471
17.69000 -0.0000496801462815
17.71000 -0.0000494733286456
17.73000 -0.0000492669587852
17.75000 -0.0000490627124431
17.77000 -0.0000488586174557
17.79000 -0.0000486552616773
17.81000 -0.0000484545259818
17.83000 -0.0000482539281969
17.85000 -0.0000480533427719
17.87000 -0.0000478553685394
17.89000 -0.0000476579505027
17.91000 -0.0000474609576900
17.93000 -0.0000472657774465
17.95000 -0.0000470713854180
17.97000 -0.0000468772106636
17.99000 -0.0000466851418635
18.01000 -0.0000464936088761
18.03000 -0.0000463027767170
18.05000 -0.0000461134702472
18.07000 -0.0000459248125639
18.09000 -0.0000457367008849
18.11000 -0.0000455503993899
18.13000 -0.0000453647941694
18.15000 -0.0000451796510360
18.17000 -0.0000449957033438
18.19000 -0.0000448130386965
18.21000 -0.0000446308953336
18.23000 -0.0000444498847452
18.25000 -0.0000442698091727
18.27000 -0.0000440900894353
18.29000 -0.0000439120478261
18.31000 -0.0000437347001062
18.33000 -0.0000435582271207
18.35000 -0.0000433818705785
18.37000 -0.0000432079125083
18.39000 -0.0000430338971923
18.41000 -0.0000428602227494
18.43000 -0.0000426885868234
18.45000 -0.0000425173032632
18.47000 -0.0000423468356735
18.49000 -0.0000421770340008
18.51000 -0.0000420085253475
18.53000 -0.0000418405139094
18.55000 -0.0000416733067325
18.57000 -0.0000415076180892
18.59000 -0.0000413419316142
18.61000 -0.0000411771467618
18.63000 -0.0000410135113805
18.65000 -0.0000408507956195
18.67000 -0.0000406888472568
18.69000 -0.0000405268733069
18.71000 -0.0000403666232385
18.73000 -0.0000402073806107
18.75000 -0.0000400478001455
18.77000 -0.0000398900042772
18.79000 -0.0000397328558943
18.81000 -0.0000395756121017
18.83000 -0.0000394202977552
18.85000 -0.0000392651978640
18.87000 -0.0000391107432898
18.89000 -0.0000389575446555
18.91000 -0.0000388043629347
18.93000 -0.0000386526390322
18.95000 -0.0000385016361241
18.97000 -0.0000383503259531
18.99000 -0.0000382008578416
19.01000 -0.0000380523772214
19.03000 -0.0000379035346946
19.05000 -0.0000377558678766
19.07000 -0.0000376090478205
19.09000 -0.0000374629806343
19.11000 -0.0000373176840991
19.13000 -0.0000371726384483
19.15000 -0.0000370286071770
19.17000 -0.0000368856065483
19.19000 -0.0000367425920418
19.21000 -0.0000366005875781
19.23000 -0.0000364598132501
19.25000 -0.0000363188840981
19.27000 -0.0000361788283793
19.29000 -0.0000360399867502
19.31000 -0.0000359012383624
19.33000 -0.0000357632330868
19.35000 -0.0000356263241564
19.37000 -0.0000354895470650
19.39000 -0.0000353535783548
19.41000 -0.0000352186728132
19.43000 -0.0000350837041710
19.45000 -0.0000349498776274
19.47000 -0.0000348165348548
19.49000 -0.0000346840444820
19.51000 -0.0000345519229547
19.53000 -0.0000344204274458
19.55000 -0.0000342897669894
19.57000 -0.0000341595066036
19.59000 -0.0000340299776205
19.61000 -0.0000339010959062
19.63000 -0.0000337729954680
19.65000 -0.0000336450645989
19.67000 -0.0000335181468084
19.69000 -0.0000333913318003
19.71000 -0.0000332657560352
19.73000 -0.0000331407215039
19.75000 -0.0000330156050068
19.77000 -0.0000328914569192
19.79000 -0.0000327682128393
19.81000 -0.0000326453490976
19.83000 -0.0000325228253616
19.85000 -0.0000324009374018
19.87000 -0.0000322801410168
19.89000 -0.0000321592253695
19.91000 -0.0000320390396071
19.93000 -0.0000319199831497
19.95000 -0.0000318006614965
19.97000 -0.0000316825780021
19.99000 -0.0000315644786784
20.01000 -0.0000314473603408
20.03000 -0.0000313308795141
20.05000 -0.0000312142247813
20.07000 -0.0000310990053154
20.09000 -0.0000309837828137
20.11000 -0.0000308689079073
20.13000 -0.0000307554919032
20.15000 -0.0000306418059329
20.17000 -0.0000305285380309
20.19000 -0.0000304164638355
20.21000 -0.0000303042142161
20.23000 -0.0000301931431246
20.25000 -0.0000300823174964
20.27000 -0.0000299716141662
20.29000 -0.0000298619542722
20.31000 -0.0000297526846910
20.33000 -0.0000296437043749
20.35000 -0.0000295353878074
20.37000 -0.0000294277885480
20.39000 -0.0000293200977820
20.41000 -0.0000292133710885
20.43000 -0.0000291072803880
20.45000 -0.0000290011155282
20.47000 -0.0000288958058869
20.49000 -0.0000287909448886
20.51000 -0.0000286865481456
20.53000 -0.0000285826570745
20.55000 -0.0000284791335479
20.57000 -0.0000283760237529
20.59000 -0.0000282737349158
20.61000 -0.0000281717685204
20.63000 -0.0000280698493962
20.65000 -0.0000279688915257
20.67000 -0.0000278683374121
20.69000 -0.0000277679964526
20.71000 -0.0000276683099175
20.73000 -0.0000275691104060
20.75000 -0.0000274703083631
20.77000 -0.0000273715572777
20.79000 -0.0000272737765532
20.81000 -0.0000271765619991
20.83000 -0.0000270793372534
20.85000 -0.0000269826292386
20.87000 -0.0000268862607958
20.89000 -0.0000267908963243
20.91000 -0.0000266955799914
20.93000 -0.0000266003681755
20.95000 -0.0000265059671260
20.97000 -0.0000264121886254
20.99000 -0.0000263183880071
21.01000 -0.0000262251648349
21.03000 -0.0000261326103985
21.05000 -0.0000260398471449
21.07000 -0.0000259481641902
21.09000 -0.0000258567815596
21.11000 -0.0000257652889909
21.13000 -0.0000256747550737
21.15000 -0.0000255845730886
21.17000 -0.0000254944821764
21.19000 -0.0000254048355703
21.21000 -0.0000253159795644
21.23000 -0.0000252273755271
21.25000 -0.0000251386316277
21.27000 -0.0000250508522346
21.29000 -0.0000249635089076
21.31000 -0.0000248763321140
21.33000 -0.0000247894419835
21.35000 -0.0000247028153141
21.37000 -0.0000246172780511
21.39000 -0.0000245314558597
21.41000 -0.0000244461159215
21.43000 -0.0000243614414665
21.45000 -0.0000242768309795
21.47000 -0.0000241926266346
21.49000 -0.0000241090823520
21.51000 -0.0000240256295761
21.53000 -0.0000239425174565
21.55000 -0.0000238598353314
21.57000 -0.0000237776415311
21.59000 -0.0000236958861820
21.61000 -0.0000236140150402
21.63000 -0.0000235328202237
21.65000 -0.0000234521733630
21.67000 -0.0000233715562094
21.69000 -0.0000232912660512
21.71000 -0.0000232117103316
21.73000 -0.0000231320930293
21.75000 -0.0000230529460538
21.77000 -0.0000229743279522
21.79000 -0.0000228957885637
21.81000 -0.0000228176017577
21.83000 -0.0000227400450900
21.85000 -0.0000226626699178
21.87000 -0.0000225854753736
21.89000 -0.0000225087054030
21.91000 -0.0000224321266857
21.93000 -0.0000223564688897
21.95000 -0.0000222806142026
21.97000 -0.0000222048299886
21.99000 -0.0000221300052936
22.01000 -0.0000220553215448
22.03000 -0.0000219806618653
22.05000 -0.0000219065629352
22.07000 -0.0000218327495839
22.09000 -0.0000217593438927
22.11000 -0.0000216860600658
22.13000 -0.0000216132090523
22.15000 -0.0000215407140909
22.17000 -0.0000214682065527
22.19000 -0.0000213966411863
22.21000 -0.0000213247397171
22.23000 -0.0000212534892029
22.25000 -0.0000211824514092
22.27000 -0.0000211117295520
22.29000 -0.0000210413255829
22.31000 -0.0000209710439118
22.33000 -0.0000209016343729
22.35000 -0.0000208316966108
22.37000 -0.0000207624121888
22.39000 -0.0000206937899976
22.41000 -0.0000206249509659
22.43000 -0.0000205567652744
22.45000 -0.0000204884672596
22.47000 -0.0000204206582199
22.49000 -0.0000203533680795
22.51000 -0.0000202860597244
22.53000 -0.0000202191572946
22.55000 -0.0000201523689229
22.57000 -0.0000200862601291
22.59000 -0.0000200199711409
22.61000 -0.0000199540746339
22.63000 -0.0000198888214925
22.65000 -0.0000198232996858
22.67000 -0.0000197584186425
22.69000 -0.0000196936781119
22.71000 -0.0000196292251117
22.73000 -0.0000195652077439
22.75000 -0.0000195011173008
22.77000 -0.0000194373300007
22.79000 -0.0000193741997272
22.81000 -0.0000193111199774
22.83000 -0.0000192481031114
22.85000 -0.0000191855017116
22.87000 -0.0000191232264399
22.89000 -0.0000190611879579
22.91000 -0.0000189994534862
22.93000 -0.0000189377604310
22.95000 -0.0000188762668690
22.97000 -0.0000188155209729
22.99000 -0.0000187547236855
23.01000 -0.0000186939916672
23.03000 -0.0000186337850532
23.05000 -0.0000185736948825
23.07000 -0.0000185139746416
23.09000 -0.0000184542858425
23.11000 -0.0000183949691417
23.13000 -0.0000183361524748
23.15000 -0.0000182770365682
23.17000 -0.0000182184883499
23.19000 -0.0000181603172170
23.21000 -0.0000181021577936
23.23000 -0.0000180441534110
23.25000 -0.0000179865287161
23.27000 -0.0000179292422922
23.29000 -0.0000178720664570
23.31000 -0.0000178150925002
23.33000 -0.0000177582865947
23.35000 -0.0000177020934803
23.37000 -0.0000176457164852
23.39000 -0.0000175894771838
23.41000 -0.0000175339699357
23.43000 -0.0000174784553150
23.45000 -0.0000174229784246
23.47000 -0.0000173677381071
23.49000 -0.0000173131038585
23.51000 -0.0000172583833075
23.53000 -0.0000172039719710
23.55000 -0.0000171495409020
23.57000 -0.0000170956328521
23.59000 -0.0000170420836731
23.61000 -0.0000169881604443
23.63000 -0.0000169349755573
23.65000 -0.0000168818091017
23.67000 -0.0000168289535953
23.69000 -0.0000167761963175
23.71000 -0.0000167235901776
23.73000 -0.0000166715324271
23.75000 -0.0000166190808944
23.77000 -0.0000165674429470
23.79000 -0.0000165158076017
23.81000 -0.0000164642203950
23.83000 -0.0000164132982379
23.85000 -0.0000163617403046
23.87000 -0.0000163110514678
23.89000 -0.0000162605994208
23.91000 -0.0000162099543857
23.93000 -0.0000161598508013
23.95000 -0.0000161097539388
23.97000 -0.0000160597366568
23.99000 -0.0000160103497300
24.01000 -0.0000159607804404
24.03000 -0.0000159115251357
24.05000 -0.0000158624552295
24.07000 -0.0000158134156811
24.09000 -0.0000157651233647
24.11000 -0.0000157163661425
24.13000 -0.0000156680113762
24.15000 -0.0000156201865678
24.17000 -0.0000155720451724
24.19000 -0.0000155243478663
24.21000 -0.0000154768071189
24.23000 -0.0000154295385062
24.25000 -0.0000153823752781
24.27000 -0.0000153352226751
24.29000 -0.0000152885627335
24.31000 -0.0000152419203561
24.33000 -0.0000151954722676
24.35000 -0.0000151492700762
24.37000 -0.0000151031296844
24.39000 -0.0000150572427790
24.41000 -0.0000150115460427
24.43000 -0.0000149660798077
24.45000 -0.0000149205437502
24.47000 -0.0000148754461440
24.49000 -0.0000148306946151
24.51000 -0.0000147854521595
24.53000 -0.0000147409031596
24.55000 -0.0000146966332333
24.57000 -0.0000146520003162
24.59000 -0.0000146081614687
24.61000 -0.0000145640413791
24.63000 -0.0000145200561644
24.65000 -0.0000144767435886
24.67000 -0.0000144331981262
24.69000 -0.0000143897613009
24.71000 -0.0000143467186915
24.73000 -0.0000143037474226
24.75000 -0.0000142609032222
24.77000 -0.0000142183276871
24.79000 -0.0000141757027124
24.81000 -0.0000141336892277
24.83000 -0.0000140914727803
24.85000 -0.0000140491420580
24.87000 -0.0000140074724823
24.89000 -0.0000139660655003
24.91000 -0.0000139243401965
24.93000 -0.0000138829622711
24.95000 -0.0000138418306764
24.97000 -0.0000138007166459
24.99000 -0.0000137600833505
25.01000 -0.0000137189944734
25.03000 -0.0000136786224708
25.05000 -0.0000136384096291
25.07000 -0.0000135975629627
25.09000 -0.0000135579770067
25.11000 -0.0000135180037737
25.13000 -0.0000134777939677
25.15000 -0.0000134384562939
25.17000 -0.0000133988339087
25.19000 -0.0000133595790680
25.21000 -0.0000133203643428
25.23000 -0.0000132810251512
25.25000 -0.0000132423455881
25.27000 -0.0000132036864081
25.29000 -0.0000131648943049
25.31000 -0.0000131264081635
25.33000 -0.0000130879632219
25.35000 -0.0000130501026652
25.37000 -0.0000130117581206
25.39000 -0.0000129738891071
25.41000 -0.0000129363089251
25.43000 -0.0000128984370927
25.45000 -0.0000128611437906
25.47000 -0.0000128236718119
25.49000 -0.0000127865968681
25.51000 -0.0000127495000234
25.53000 -0.0000127122524746
25.55000 -0.0000126759633606
25.57000 -0.0000126391226044
25.59000 -0.0000126023740055
25.61000 -0.0000125662746268
25.63000 -0.0000125298714546
25.65000 -0.0000124938438501
25.67000 -0.0000124577930437
25.69000 -0.0000124220399592
25.71000 -0.0000123862140163
25.73000 -0.0000123506207431
25.75000 -0.0000123152239274
25.77000 -0.0000122799229552
25.79000 -0.0000122448492318
25.81000 -0.0000122094415741
25.83000 -0.0000121747516582
25.85000 -0.0000121399945218
25.87000 -0.0000121051224600
25.89000 -0.0000120706437467
25.91000 -0.0000120362960050
25.93000 -0.0000120019072805
25.95000 -0.0000119677744277
25.97000 -0.0000119337551993
25.99000 -0.0000118997509329
26.01000 -0.0000118660053571
26.03000 -0.0000118323066189
26.05000 -0.0000117987839551
26.07000 -0.0000117653222234
26.09000 -0.0000117320309283
26.11000 -0.0000116987066735
26.13000 -0.0000116658995832
26.15000 -0.0000116327691837
26.17000 -0.0000115998662498
26.19000 -0.0000115673423531
26.21000 -0.0000115346597291
26.23000 -0.0000115021763815
26.25000 -0.0000114698563147
26.27000 -0.0000114375733277
26.29000 -0.0000114054315038
26.31000 -0.0000113734505754
26.33000 -0.0000113416450710
26.35000 -0.0000113098443371
26.37000 -0.0000112778818402
26.39000 -0.0000112466045591
26.41000 -0.0000112152587564
26.43000 -0.0000111838420469
26.45000 -0.0000111523891250
26.47000 -0.0000111214626917
26.49000 -0.0000110907578694
26.51000 -0.0000110594515317
26.53000 -0.0000110288067741
26.55000 -0.0000109982496201
26.57000 -0.0000109676612410
26.59000 -0.0000109371810653
26.61000 -0.0000109067258263
26.63000 -0.0000108767838486
26.65000 -0.0000108464693390
26.67000 -0.0000108164787890
26.69000 -0.0000107867525675
26.71000 -0.0000107566436227
26.73000 -0.0000107271387953
26.75000 -0.0000106975994903
26.77000 -0.0000106679714975
26.79000 -0.0000106386763548
26.81000 -0.0000106094792240
26.83000 -0.0000105801014651
26.85000 -0.0000105511450271
26.87000 -0.0000105223269334
26.89000 -0.0000104931876990
26.91000 -0.0000104646220075
26.93000 -0.0000104359294643
26.95000 -0.0000104072453780
26.97000 -0.0000103789353414
26.99000 -0.0000103506060060
27.01000 -0.0000103220528912
27.03000 -0.0000102941925817
27.05000 -0.0000102661596672
27.07000 -0.0000102379105627
27.09000 -0.0000102103455898
27.11000 -0.0000101822571642
27.13000 -0.0000101547854327
27.15000 -0.0000101273204232
27.17000 -0.0000100995941211
27.19000 -0.0000100722889231
27.21000 -0.0000100450498614
27.23000 -0.0000100179272430
27.25000 -0.0000099907361030
27.27000 -0.0000099635349884
27.29000 -0.0000099368497371
27.31000 -0.0000099101629680
27.33000 -0.0000098830396991
27.35000 -0.0000098567525669
27.37000 -0.0000098301401741
27.39000 -0.0000098035126024
27.41000 -0.0000097773781259
27.43000 -0.0000097509411569
27.45000 -0.0000097248604568
27.47000 -0.0000096987034289
27.49000 -0.0000096727862265
27.51000 -0.0000096467939973
27.53000 -0.0000096210426778
27.55000 -0.0000095953358106
27.57000 -0.0000095695144517
27.59000 -0.0000095441478071
27.61000 -0.0000095186603825
27.63000 -0.0000094931694884
27.65000 -0.0000094679672089
27.67000 -0.0000094427636283
27.69000 -0.0000094175283891
27.71000 -0.0000093926353240
27.73000 -0.0000093677045288
27.75000 -0.0000093426835279
27.77000 -0.0000093179103756
27.79000 -0.0000092933792172
27.81000 -0.0000092687684784
27.83000 -0.0000092439144447
27.85000 -0.0000092198219545
27.87000 -0.0000091954202499
27.89000 -0.0000091707767682
27.91000 -0.0000091470988769
27.93000 -0.0000091228086283
27.95000 -0.0000090985988275
27.97000 -0.0000090746717866
27.99000 -0.0000090509026055
28.01000 -0.0000090271139088
28.03000 -0.0000090034967329
28.05000 -0.0000089796425504
28.07000 -0.0000089560284102
28.09000 -0.0000089329793562
28.11000 -0.0000089091999837
28.13000 -0.0000088859145736
28.15000 -0.0000088630311857
28.17000 -0.0000088394142266
28.19000 -0.0000088164237196
28.21000 -0.0000087937031788
28.23000 -0.0000087705810496
28.25000 -0.0000087476033361
28.27000 -0.0000087250681940
28.29000 -0.0000087023268366
28.31000 -0.0000086794696864
28.33000 -0.0000086571841276
28.35000 -0.0000086345661524
28.37000 -0.0000086121869185
28.39000 -0.0000085900544490
28.41000 -0.0000085676131988
28.43000 -0.0000085452456743
28.45000 -0.0000085236082515
28.47000 -0.0000085012507017
28.49000 -0.0000084793443968
28.51000 -0.0000084575027103
28.53000 -0.0000084356315336
28.55000 -0.0000084141196614
28.57000 -0.0000083921498223
28.59000 -0.0000083705770180
28.61000 -0.0000083492657232
28.63000 -0.0000083277571037
28.65000 -0.0000083061921057
28.67000 -0.0000082851681245
28.69000 -0.0000082636636249
28.71000 -0.0000082424347295
28.73000 -0.0000082216063384
28.75000 -0.0000082004997411
28.77000 -0.0000081794495222
28.79000 -0.0000081585144456
28.81000 -0.0000081378222303
28.83000 -0.0000081169548079
28.85000 -0.0000080962174898
28.87000 -0.0000080758247312
28.89000 -0.0000080551229749
28.91000 -0.0000080345222662
28.93000 -0.0000080142455172
28.95000 -0.0000079938221841
28.97000 -0.0000079735384961
28.99000 -0.0000079532526398
29.01000 -0.0000079333009346
29.03000 -0.0000079130025015
29.05000 -0.0000078930104640
29.07000 -0.0000078731420255
29.09000 -0.0000078531699373
29.11000 -0.0000078333127745
29.13000 -0.0000078134634179
29.15000 -0.0000077939636082
29.17000 -0.0000077742573663
29.19000 -0.0000077546432817
29.21000 -0.0000077349756374
29.23000 -0.0000077156909334
29.25000 -0.0000076963585244
29.27000 -0.0000076769185627
29.29000 -0.0000076576689868
29.31000 -0.0000076384272171
29.33000 -0.0000076192921330
29.35000 -0.0000076003385443
29.37000 -0.0000075810920042
29.39000 -0.0000075623817104
29.41000 -0.0000075434081724
29.43000 -0.0000075242483685
29.45000 -0.0000075059867176
29.47000 -0.0000074869418391
29.49000 -0.0000074683250036
29.51000 -0.0000074498118178
29.53000 -0.0000074311706962
29.55000 -0.0000074127824105
29.57000 -0.0000073942800667
29.59000 -0.0000073759915276
29.61000 -0.0000073576318649
29.63000 -0.0000073393604562
29.65000 -0.0000073211749163
29.67000 -0.0000073031077713
29.69000 -0.0000072850453968
29.71000 -0.0000072669535320
29.73000 -0.0000072489720390
29.75000 -0.0000072311473216
29.77000 -0.0000072132811876
29.79000 -0.0000071955424475
29.81000 -0.0000071776320781
29.83000 -0.0000071599501501
29.85000 -0.0000071426784843
29.87000 -0.0000071248055199
29.89000 -0.0000071073177725
29.91000 -0.0000070899214234
29.93000 -0.0000070724525411
29.95000 -0.0000070551989815
29.97000 -0.0000070378212806
29.99000 -0.0000070205878871
30.01000 -0.0000070035866212
30.03000 -0.0000069861121011
30.05000 -0.0000069693005707
30.07000 -0.0000069521542386
30.09000 -0.0000069351933051
30.11000 -0.0000069185028800
30.13000 -0.0000069012346835
30.15000 -0.0000068846642796
30.17000 -0.0000068679212708
30.19000 -0.0000068511771777
30.21000 -0.0000068343136055
30.23000 -0.0000068180513318
30.25000 -0.0000068013575457
30.27000 -0.0000067847462674
30.29000 -0.0000067683796935
30.31000 -0.0000067520505246
30.33000 -0.0000067356337521
30.35000 -0.0000067193006801
30.37000 -0.0000067031607045
30.39000 -0.0000066867149838
30.41000 -0.0000066708910531
30.43000 -0.0000066546811464
30.45000 -0.0000066383571817
30.47000 -0.0000066227681976
30.49000 -0.0000066067764324
30.51000 -0.0000065905939560
30.53000 -0.0000065747318614
30.55000 -0.0000065593202528
30.57000 -0.0000065433219823
30.59000 -0.0000065275153989
30.61000 -0.0000065121467246
30.63000 -0.0000064961009662
30.65000 -0.0000064808370259
30.67000 -0.0000064654833137
30.69000 -0.0000064497181467
30.71000 -0.0000064343538093
30.73000 -0.0000064190191790
30.75000 -0.0000064036984266
30.77000 -0.0000063884142117
30.79000 -0.0000063732479580
30.81000 -0.0000063579445528
30.83000 -0.0000063427618192
30.85000 -0.0000063278234649
30.87000 -0.0000063127975070
30.89000 -0.0000062975662012
30.91000 -0.0000062828250632
30.93000 -0.0000062679236801
30.95000 -0.0000062527681600
30.97000 -0.0000062382970968
30.99000 -0.0000062234000505
31.01000 -0.0000062084899938
31.03000 -0.0000061940811638
31.05000 -0.0000061792622885
31.07000 -0.0000061646736977
31.09000 -0.0000061502256196
31.11000 -0.0000061356384383
31.13000 -0.0000061211094787
31.15000 -0.0000061067895532
31.17000 -0.0000060923796390
31.19000 -0.0000060779968298
31.21000 -0.0000060638774817
31.23000 -0.0000060492609186
31.25000 -0.0000060354195600
31.27000 -0.0000060211682645
31.29000 -0.0000060068344613
31.31000 -0.0000059930515411
31.33000 -0.0000059788122803
31.35000 -0.0000059647345656
31.37000 -0.0000059510634268
31.39000 -0.0000059371545224
31.41000 -0.0000059228837113
31.43000 -0.0000059093007180
31.45000 -0.0000058956368433
31.47000 -0.0000058816478164
31.49000 -0.0000058680776167
31.51000 -0.0000058545820102
31.53000 -0.0000058405902727
31.55000 -0.0000058271341311
31.57000 -0.0000058136340794
31.59000 -0.0000058001237277
31.61000 -0.0000057867193025
31.63000 -0.0000057732531863
31.65000 -0.0000057597479303
31.67000 -0.0000057465505878
31.69000 -0.0000057331845434
31.71000 -0.0000057199402550
31.73000 -0.0000057066420816
31.75000 -0.0000056935208501
31.77000 -0.0000056805177966
31.79000 -0.0000056669692810
31.81000 -0.0000056542727314
31.83000 -0.0000056412864831
31.85000 -0.0000056279622889
31.87000 -0.0000056151275036
31.89000 -0.0000056024660822
31.91000 -0.0000055893134088
31.93000 -0.0000055764060904
31.95000 -0.0000055639056730
31.97000 -0.0000055508629377
31.99000 -0.0000055381892648
32.01000 -0.0000055255672000
32.03000 -0.0000055128565558
32.05000 -0.0000055002164932
32.07000 -0.0000054878249297
32.09000 -0.0000054750630028
32.11000 -0.0000054624885344
32.13000 -0.0000054502406277
32.15000 -0.0000054375909157
32.17000 -0.0000054254312631
32.19000 -0.0000054128562526
32.21000 -0.0000054006310058
32.23000 -0.0000053882578737
32.25000 -0.0000053760188575
32.27000 -0.0000053639631799
32.29000 -0.0000053515396324
32.31000 -0.0000053395854361
32.33000 -0.0000053272074252
32.35000 -0.0000053152996327
32.37000 -0.0000053033589889
32.39000 -0.0000052911256106
32.41000 -0.0000052793339362
32.43000 -0.0000052672937626
32.45000 -0.0000052554488539
32.47000 -0.0000052433251968
32.49000 -0.0000052317639153
32.51000 -0.0000052200278605
32.53000 -0.0000052079417168
32.55000 -0.0000051964321518
32.57000 -0.0000051847280809
32.59000 -0.0000051728192042
32.61000 -0.0000051613701377
32.63000 -0.0000051498958093
32.65000 -0.0000051381475030
32.67000 -0.0000051266025930
32.69000 -0.0000051151795473
32.71000 -0.0000051036404920
32.73000 -0.0000050921333122
32.75000 -0.0000050809103019
32.77000 -0.0000050694610185
32.79000 -0.0000050579632713
32.81000 -0.0000050469988432
32.83000 -0.0000050354848329
32.85000 -0.0000050240768577
32.87000 -0.0000050132373296
32.89000 -0.0000050019371240
32.91000 -0.0000049904630125
32.93000 -0.0000049797133648
32.95000 -0.0000049687342999
32.97000 -0.0000049572923891
32.99000 -0.0000049464525358
33.01000 -0.0000049354241397
33.03000 -0.0000049245734443
33.05000 -0.0000049135758396
33.07000 -0.0000049025118817
33.09000 -0.0000048920333930
33.11000 -0.0000048807756881
33.13000 -0.0000048701146197
33.15000 -0.0000048595547074
33.17000 -0.0000048484972547
33.19000 -0.0000048380129113
33.21000 -0.0000048271136437
33.23000 -0.0000048166070741
33.25000 -0.0000048059704003
33.27000 -0.0000047953232097
33.29000 -0.0000047847315303
33.31000 -0.0000047743100706
33.33000 -0.0000047637388825
33.35000 -0.0000047532898841
33.37000 -0.0000047426870374
33.39000 -0.0000047324321111
33.41000 -0.0000047221214569
33.43000 -0.0000047115381258
33.45000 -0.0000047012777785
33.47000 -0.0000046910752192
33.49000 -0.0000046807188117
33.51000 -0.0000046704727759
33.53000 -0.0000046602964543
33.55000 -0.0000046499434078
33.57000 -0.0000046400356430
33.59000 -0.0000046297880894
33.61000 -0.0000046195805428
33.63000 -0.0000046096973894
33.65000 -0.0000045995949020
33.67000 -0.0000045893921259
33.69000 -0.0000045796631461
33.71000 -0.0000045695097012
33.73000 -0.0000045596381488
33.75000 -0.0000045498327328
33.77000 -0.0000045397867323
33.79000 -0.0000045298699687
33.81000 -0.0000045202294598
33.83000 -0.0000045105580512
33.85000 -0.0000045004012452
33.87000 -0.0000044908019360
33.89000 -0.0000044812742926
33.91000 -0.0000044713175220
33.93000 -0.0000044616348376
33.95000 -0.0000044524335390
33.97000 -0.0000044423841775
33.99000 -0.0000044328786518
34.01000 -0.0000044234624644
34.03000 -0.0000044136447969
34.05000 -0.0000044044009976
34.07000 -0.0000043948851719
34.09000 -0.0000043853669611
34.11000 -0.0000043759448105
34.13000 -0.0000043665661364
34.15000 -0.0000043570632128
34.17000 -0.0000043478774183
34.19000 -0.0000043386199581
34.21000 -0.0000043289444295
34.23000 -0.0000043199821975
34.25000 -0.0000043107534686
34.27000 -0.0000043012671333
34.29000 -0.0000042923355842
34.31000 -0.0000042831079395
34.33000 -0.0000042738091711
34.35000 -0.0000042646972108
34.37000 -0.0000042557080906
34.39000 -0.0000042467904193
34.41000 -0.0000042373348753
34.43000 -0.0000042284242514
34.45000 -0.0000042197342625
34.47000 -0.0000042103710926
34.49000 -0.0000042016818627
34.51000 -0.0000041926131620
34.53000 -0.0000041836484364
34.55000 -0.0000041749754695
34.57000 -0.0000041659948061
34.59000 -0.0000041569810745
34.61000 -0.0000041485052156
34.63000 -0.0000041395517656
34.65000 -0.0000041306627173
34.67000 -0.0000041222939775
34.69000 -0.0000041132566103
34.71000 -0.0000041045108935
34.73000 -0.0000040960356851
34.75000 -0.0000040874922804
34.77000 -0.0000040786063762
34.79000 -0.0000040699420830
34.81000 -0.0000040618007005
34.83000 -0.0000040528777166
34.85000 -0.0000040442920280
34.87000 -0.0000040362403090
34.89000 -0.0000040273596090
34.91000 -0.0000040187687162
34.93000 -0.0000040106575830
34.95000 -0.0000040022775675
34.97000 -0.0000039936456919
34.99000 -0.0000039853008046
35.01000 -0.0000039771225592
35.03000 -0.0000039687288829
35.05000 -0.0000039601915497
35.07000 -0.0000039521875356
35.09000 -0.0000039438932805
35.11000 -0.0000039355112051
35.13000 -0.0000039274119980
35.15000 -0.0000039191683752
35.17000 -0.0000039109610732
35.19000 -0.0000039028450610
35.21000 -0.0000038949005696
35.23000 -0.0000038864376127
35.25000 -0.0000038784830382
35.27000 -0.0000038705497141
35.29000 -0.0000038624267630
35.31000 -0.0000038543385063
35.33000 -0.0000038463426237
35.35000 -0.0000038384346699
35.37000 -0.0000038304471357
35.39000 -0.0000038225236778
35.41000 -0.0000038145437330
35.43000 -0.0000038065422125
35.45000 -0.0000037990412682
35.47000 -0.0000037908965246
35.49000 -0.0000037829259040
35.51000 -0.0000037753967704
35.53000 -0.0000037674763483
35.55000 -0.0000037598624301
35.57000 -0.0000037518254562
35.59000 -0.0000037442493767
35.61000 -0.0000037364563483
35.63000 -0.0000037289428273
35.65000 -0.0000037211597735
35.67000 -0.0000037133446274
35.69000 -0.0000037059977483
35.71000 -0.0000036981846622
35.73000 -0.0000036907377111
35.75000 -0.0000036830412851
35.77000 -0.0000036753913715
35.79000 -0.0000036681593093
35.81000 -0.0000036604593055
35.83000 -0.0000036529264856
35.85000 -0.0000036455467551
35.87000 -0.0000036379965880
35.89000 -0.0000036306840780
35.91000 -0.0000036232892771
35.93000 -0.0000036155417852
35.95000 -0.0000036085140952
35.97000 -0.0000036011797927
35.99000 -0.0000035935930880
36.01000 -0.0000035864403895
36.03000 -0.0000035791239764
36.05000 -0.0000035717270070
36.07000 -0.0000035645387466
36.09000 -0.0000035573582925
36.11000 -0.0000035499974271
36.13000 -0.0000035429635571
36.15000 -0.0000035356481198
36.17000 -0.0000035284018545
36.19000 -0.0000035213302543
36.21000 -0.0000035142278627
36.23000 -0.0000035071128944
36.25000 -0.0000035000949621
36.27000 -0.0000034927914510
36.29000 -0.0000034858069122
36.31000 -0.0000034788666088
36.33000 -0.0000034717322333
36.35000 -0.0000034648893997
36.37000 -0.0000034576129937
36.39000 -0.0000034508308754
36.41000 -0.0000034439711282
36.43000 -0.0000034368327411
36.45000 -0.0000034299493584
36.47000 -0.0000034231642044
36.49000 -0.0000034162266115
36.51000 -0.0000034092463011
36.53000 -0.0000034025950460
36.55000 -0.0000033955497919
36.57000 -0.0000033890339536
36.59000 -0.0000033819183348
36.61000 -0.0000033752543946
36.63000 -0.0000033685831902
36.65000 -0.0000033617278883
36.67000 -0.0000033551183750
36.69000 -0.0000033481708074
36.71000 -0.0000033417962408
36.73000 -0.0000033349666344
36.75000 -0.0000033282438220
36.77000 -0.0000033215935428
36.79000 -0.0000033152066162
36.81000 -0.0000033083256187
36.83000 -0.0000033016789172
36.85000 -0.0000032954336959
36.87000 -0.0000032887588052
36.89000 -0.0000032820630979
36.91000 -0.0000032756204433
36.93000 -0.0000032691984970
36.95000 -0.0000032625246905
36.97000 -0.0000032562162602
36.99000 -0.0000032496467539
37.01000 -0.0000032432488769
37.03000 -0.0000032368258464
37.05000 -0.0000032305544958
37.07000 -0.0000032238805809
37.09000 -0.0000032175532854
37.11000 -0.0000032114779586
37.13000 -0.0000032047160065
37.15000 -0.0000031987281747
37.17000 -0.0000031922563551
37.19000 -0.0000031858869926
37.21000 -0.0000031797499746
37.23000 -0.0000031735063796
37.25000 -0.0000031671538222
37.27000 -0.0000031607902060
37.29000 -0.0000031547939174
37.31000 -0.0000031484233623
37.33000 -0.0000031425100152
37.35000 -0.0000031360992362
37.37000 -0.0000031298064184
37.39000 -0.0000031240967929
37.41000 -0.0000031175795452
37.43000 -0.0000031114122780
37.45000 -0.0000031057291070
37.47000 -0.0000030994396502
37.49000 -0.0000030932085235
37.51000 -0.0000030873347498
37.53000 -0.0000030814047060
37.55000 -0.0000030750934568
37.57000 -0.0000030691087692
37.59000 -0.0000030633153349
37.61000 -0.0000030574681242
37.63000 -0.0000030511268425
37.65000 -0.0000030451726210
37.67000 -0.0000030396108807
37.69000 -0.0000030334749469
37.71000 -0.0000030275786218
37.73000 -0.0000030215722502
37.75000 -0.0000030158857182
37.77000 -0.0000030100541200
37.79000 -0.0000030040170655
37.81000 -0.0000029983268472
37.83000 -0.0000029924788775
37.85000 -0.0000029864164527
37.87000 -0.0000029810771907
37.89000 -0.0000029752269442
37.91000 -0.0000029690276930
37.93000 -0.0000029637079466
37.95000 -0.0000029578909851
37.97000 -0.0000029521706260
37.99000 -0.0000029463297036
38.01000 -0.0000029406390517
38.03000 -0.0000029353067286
38.05000 -0.0000029293389546
38.07000 -0.0000029235801063
38.09000 -0.0000029182975481
38.11000 -0.0000029124268101
38.13000 -0.0000029067362666
38.15000 -0.0000029015705854
38.17000 -0.0000028955522875
38.19000 -0.0000028901990393
38.21000 -0.0000028845132663
38.23000 -0.0000028790428158
38.25000 -0.0000028736702688
38.27000 -0.0000028679507770
38.29000 -0.0000028624250322
38.31000 -0.0000028570138876
38.33000 -0.0000028517325220
38.35000 -0.0000028459633738
38.37000 -0.0000028407316647
38.39000 -0.0000028351555045
38.41000 -0.0000028298155919
38.43000 -0.0000028244158314
38.45000 -0.0000028189007118
38.47000 -0.0000028137688577
38.49000 -0.0000028082009374
38.51000 -0.0000028028466050
38.53000 -0.0000027975965728
38.55000 -0.0000027923325544
38.57000 -0.0000027867376375
38.59000 -0.0000027815496217
38.61000 -0.0000027765919989
38.63000 -0.0000027709725790
38.65000 -0.0000027656537000
38.67000 -0.0000027605270500
38.69000 -0.0000027553273248
38.71000 -0.0000027502183473
38.73000 -0.0000027446742795
38.75000 -0.0000027396533393
38.77000 -0.0000027346231833
38.79000 -0.0000027291530581
38.81000 -0.0000027241437188
38.83000 -0.0000027189182980
38.85000 -0.0000027137738671
38.87000 -0.0000027088950657
38.89000 -0.0000027034927031
38.91000 -0.0000026984568009
38.93000 -0.0000026934800961
38.95000 -0.0000026882836235
38.97000 -0.0000026832214835
38.99000 -0.0000026781791845
39.01000 -0.0000026731635568
39.03000 -0.0000026681431587
39.05000 -0.0000026632267355
39.07000 -0.0000026579957853
39.09000 -0.0000026530689538
39.11000 -0.0000026481764915
39.13000 -0.0000026431684532
39.15000 -0.0000026382453080
39.17000 -0.0000026331553040
39.19000 -0.0000026283439401
39.21000 -0.0000026235210835
39.23000 -0.0000026184002883
39.25000 -0.0000026135061997
39.27000 -0.0000026087753919
39.29000 -0.0000026039655458
39.31000 -0.0000025987381734
39.33000 -0.0000025941413731
39.35000 -0.0000025893068072
39.37000 -0.0000025846035381
39.39000 -0.0000025794285327
39.41000 -0.0000025747188669
39.43000 -0.0000025702629044
39.45000 -0.0000025650291353
39.47000 -0.0000025604755946
39.49000 -0.0000025558756500
39.51000 -0.0000025508585045
39.53000 -0.0000025460587414
39.55000 -0.0000025416215356
39.57000 -0.0000025366803926
39.59000 -0.0000025320350200
39.61000 -0.0000025274383281
39.63000 -0.0000025227019909
39.65000 -0.0000025179238035
39.67000 -0.0000025134228466
39.69000 -0.0000025085809081
39.71000 -0.0000025040179348
39.73000 -0.0000024995308557
39.75000 -0.0000024947630767
39.77000 -0.0000024902176675
39.79000 -0.0000024854865345
39.81000 -0.0000024811191513
39.83000 -0.0000024764600093
39.85000 -0.0000024716932060
39.87000 -0.0000024673942360
39.89000 -0.0000024628071934
39.91000 -0.0000024582779388
39.93000 -0.0000024536782111
39.95000 -0.0000024491397408
39.97000 -0.0000024447676956
39.99000 -0.0000024402543788
40.01000 -0.0000024356671194
40.03000 -0.0000024311749445
40.05000 -0.0000024270454353
40.07000 -0.0000024222172662
40.09000 -0.0000024177923118
40.11000 -0.0000024136745120
40.13000 -0.0000024089906502
40.15000 -0.0000024045805494
40.17000 -0.0000024004294646
40.19000 -0.0000023958662745
40.21000 -0.0000023914025057
40.23000 -0.0000023870662391
40.25000 -0.0000023829200332
40.27000 -0.0000023784508434
40.29000 -0.0000023739771000
40.31000 -0.0000023697741902
40.33000 -0.0000023655940488
40.35000 -0.0000023610278229
40.37000 -0.0000023567055425
40.39000 -0.0000023527537340
40.41000 -0.0000023482648118
40.43000 -0.0000023441246774
40.45000 -0.0000023395499947
40.47000 -0.0000023354700335
40.49000 -0.0000023314199963
40.51000 -0.0000023269844168
40.53000 -0.0000023228490529
40.55000 -0.0000023186105813
40.57000 -0.0000023144113579
40.59000 -0.0000023103226146
40.61000 -0.0000023059629293
40.63000 -0.0000023017736805
40.65000 -0.0000022978006217
40.67000 -0.0000022936691609
40.69000 -0.0000022893693235
40.71000 -0.0000022852683287
40.73000 -0.0000022811329648
40.75000 -0.0000022770741456
40.77000 -0.0000022731313359
40.79000 -0.0000022686487021
40.81000 -0.0000022647329975
40.83000 -0.0000022608372422
40.85000 -0.0000022566176358
40.87000 -0.0000022526073888
40.89000 -0.0000022484611829
40.91000 -0.0000022445735591
40.93000 -0.0000022403192582
40.95000 -0.0000022364786889
40.97000 -0.0000022326047261
40.99000 -0.0000022282568585
41.01000 -0.0000022244525015
41.03000 -0.0000022205794061
41.05000 -0.0000022162859655
41.07000 -0.0000022125714889
41.09000 -0.0000022086807210
41.11000 -0.0000022044270706
41.13000 -0.0000022007728756
41.15000 -0.0000021966948659
41.17000 -0.0000021929605484
41.19000 -0.0000021888057773
41.21000 -0.0000021848128775
41.23000 -0.0000021813529715
41.25000 -0.0000021771256672
41.27000 -0.0000021733535110
41.29000 -0.0000021695655255
41.31000 -0.0000021656185959
41.33000 -0.0000021616550780
41.35000 -0.0000021578397706
41.37000 -0.0000021543421344
41.39000 -0.0000021501467056
41.41000 -0.0000021463246761
41.43000 -0.0000021428997899
41.45000 -0.0000021386852792
41.47000 -0.0000021349362165
41.49000 -0.0000021315326891
41.51000 -0.0000021274999991
41.53000 -0.0000021235820177
41.55000 -0.0000021199342195
41.57000 -0.0000021163534250
41.59000 -0.0000021125311786
41.61000 -0.0000021086361823
41.63000 -0.0000021050760961
41.65000 -0.0000021014232021
41.67000 -0.0000020974010289
41.69000 -0.0000020939693122
41.71000 -0.0000020904564971
41.73000 -0.0000020863681876
41.75000 -0.0000020828821523
41.77000 -0.0000020794186685
41.79000 -0.0000020752353828
41.81000 -0.0000020719326862
41.83000 -0.0000020684528309
41.85000 -0.0000020645427642
41.87000 -0.0000020610027357
41.89000 -0.0000020573567806
41.91000 -0.0000020538956820
41.93000 -0.0000020500167319
41.95000 -0.0000020467343098
41.97000 -0.0000020430656949
41.99000 -0.0000020391337273
42.01000 -0.0000020361159590
42.03000 -0.0000020322705107
42.05000 -0.0000020287069550
42.07000 -0.0000020251962000
42.09000 -0.0000020216342706
42.11000 -0.0000020181998434
42.13000 -0.0000020147116397
42.15000 -0.0000020109523855
42.17000 -0.0000020075252224
42.19000 -0.0000020043283439
42.21000 -0.0000020005271311
42.23000 -0.0000019970343738
42.25000 -0.0000019937202930
42.27000 -0.0000019902968162
42.29000 -0.0000019865980605
42.31000 -0.0000019832420211
42.33000 -0.0000019798818618
42.35000 -0.0000019764659744
42.37000 -0.0000019729075144
42.39000 -0.0000019695224184
42.41000 -0.0000019661514170
42.43000 -0.0000019626903184
42.45000 -0.0000019594507223
42.47000 -0.0000019558205966
42.49000 -0.0000019525253810
42.51000 -0.0000019492906638
42.53000 -0.0000019457661394
42.55000 -0.0000019423559983
42.57000 -0.0000019392140888
42.59000 -0.0000019356893475
42.61000 -0.0000019322914579
42.63000 -0.0000019293128293
42.65000 -0.0000019255543340
42.67000 -0.0000019224306392
42.69000 -0.0000019191839958
42.71000 -0.0000019158548446
42.73000 -0.0000019124789643
42.75000 -0.0000019090578727
42.77000 -0.0000019061397426
42.79000 -0.0000019027065080
42.81000 -0.0000018992538662
42.83000 -0.0000018961798277
42.85000 -0.0000018929447853
42.87000 -0.0000018896613874
42.89000 -0.0000018863225868
42.91000 -0.0000018832315265
42.93000 -0.0000018798441536
42.95000 -0.0000018768572850
42.97000 -0.0000018735427706
42.99000 -0.0000018701157159
43.01000 -0.0000018674125831
43.03000 -0.0000018637497145
43.05000 -0.0000018606710140
43.07000 -0.0000018576447889
43.09000 -0.0000018544564755
43.11000 -0.0000018511632114
43.13000 -0.0000018480717174
43.15000 -0.0000018449621171
43.17000 -0.0000018417875731
43.19000 -0.0000018387680701
43.21000 -0.0000018351879261
43.23000 -0.0000018326095849
43.25000 -0.0000018295002015
43.27000 -0.0000018259072639
43.29000 -0.0000018230704489
43.31000 -0.0000018200020484
43.33000 -0.0000018169777748
43.35000 -0.0000018138176508
43.37000 -0.0000018107860046
43.39000 -0.0000018074675871
43.41000 -0.0000018046090880
43.43000 -0.0000018017369281
43.45000 -0.0000017984630712
43.47000 -0.0000017953240890
43.49000 -0.0000017924597353
43.51000 -0.0000017895414968
43.53000 -0.0000017863270542
43.55000 -0.0000017831635691
43.57000 -0.0000017804734466
43.59000 -0.0000017774898307
43.61000 -0.0000017740973621
43.63000 -0.0000017714464878
43.65000 -0.0000017684159258
43.67000 -0.0000017653505610
43.69000 -0.0000017624798105
43.71000 -0.0000017593773660
43.73000 -0.0000017565337206
43.75000 -0.0000017534992555
43.77000 -0.0000017506638500
43.79000 -0.0000017476238555
43.81000 -0.0000017447742470
43.83000 -0.0000017417263378
43.85000 -0.0000017387727543
43.87000 -0.0000017363120490
43.89000 -0.0000017328054139
43.91000 -0.0000017300588045
43.93000 -0.0000017274780781
43.95000 -0.0000017241346155
43.97000 -0.0000017216793312
43.99000 -0.0000017186619966
44.01000 -0.0000017154969936
44.03000 -0.0000017129708025
44.05000 -0.0000017100538650
44.07000 -0.0000017070347956
44.09000 -0.0000017043217965
44.11000 -0.0000017016456603
44.13000 -0.0000016985232665
44.15000 -0.0000016956854757
44.17000 -0.0000016929588157
44.19000 -0.0000016903994480
44.21000 -0.0000016872420345
44.23000 -0.0000016843536114
44.25000 -0.0000016819743298
44.27000 -0.0000016789072303
44.29000 -0.0000016759913769
44.31000 -0.0000016734152041
44.33000 -0.0000016707143481
44.35000 -0.0000016679552704
44.37000 -0.0000016647466825
44.39000 -0.0000016623825797
44.41000 -0.0000016597456916
44.43000 -0.0000016566752310
44.45000 -0.0000016540185020
44.47000 -0.0000016514021053
44.49000 -0.0000016485895765
44.51000 -0.0000016457448468
44.53000 -0.0000016433696851
44.55000 -0.0000016404221731
44.57000 -0.0000016375855750
44.59000 -0.0000016350826942
44.61000 -0.0000016322567213
44.63000 -0.0000016297646826
44.65000 -0.0000016270754275
44.67000 -0.0000016241271565
44.69000 -0.0000016216380452
44.71000 -0.0000016188937127
44.73000 -0.0000016163432355
44.75000 -0.0000016136280680
44.77000 -0.0000016109112742
44.79000 -0.0000016083611222
44.81000 -0.0000016057051522
44.83000 -0.0000016030393159
44.85000 -0.0000016003823700
44.87000 -0.0000015979164606
44.89000 -0.0000015952064973
44.91000 -0.0000015924048104
44.93000 -0.0000015899844375
44.95000 -0.0000015875034577
44.97000 -0.0000015846152515
44.99000 -0.0000015821478242
45.01000 -0.0000015797156335
45.03000 -0.0000015769500506
45.05000 -0.0000015744211490
45.07000 -0.0000015720431684
45.09000 -0.0000015689438681
45.11000 -0.0000015668808482
45.13000 -0.0000015644308765
45.15000 -0.0000015613364551
45.17000 -0.0000015591722791
45.19000 -0.0000015566266809
45.21000 -0.0000015539201870
45.23000 -0.0000015515169444
45.25000 -0.0000015490818264
45.27000 -0.0000015463299044
45.29000 -0.0000015439440091
45.31000 -0.0000015414721366
45.33000 -0.0000015390183702
45.35000 -0.0000015363774706
45.37000 -0.0000015338912866
45.39000 -0.0000015315938622
45.41000 -0.0000015288655758
45.43000 -0.0000015264497565
45.45000 -0.0000015242088191
45.47000 -0.0000015214629686
45.49000 -0.0000015190664482
45.51000 -0.0000015166212470
45.53000 -0.0000015144437353
45.55000 -0.0000015116124498
45.57000 -0.0000015092443354
45.59000 -0.0000015069425742
45.61000 -0.0000015044072758
45.63000 -0.0000015021337039
45.65000 -0.0000014994962737
45.67000 -0.0000014972705150
45.69000 -0.0000014946961854
45.71000 -0.0000014923809801
45.73000 -0.0000014900259845
45.75000 -0.0000014875350300
45.77000 -0.0000014851722283
45.79000 -0.0000014827727804
45.81000 -0.0000014804528046
45.83000 -0.0000014780707040
45.85000 -0.0000014756171545
45.87000 -0.0000014733557256
45.89000 -0.0000014709570367
45.91000 -0.0000014684853810
45.93000 -0.0000014662379384
45.95000 -0.0000014638385989
45.97000 -0.0000014616313802
45.99000 -0.0000014592802878
46.01000 -0.0000014568080900
46.03000 -0.0000014543352416
46.05000 -0.0000014523938692
46.07000 -0.0000014499749058
46.09000 -0.0000014473878910
46.11000 -0.0000014454314481
46.13000 -0.0000014427723339
46.15000 -0.0000014409053378
46.17000 -0.0000014382312615
46.19000 -0.0000014360100565
46.21000 -0.0000014339457356
46.23000 -0.0000014314424212
46.25000 -0.0000014292667527
46.27000 -0.0000014268371640
46.29000 -0.0000014247901903
46.31000 -0.0000014224583967
46.33000 -0.0000014201350599
46.35000 -0.0000014178125904
46.37000 -0.0000014157678935
46.39000 -0.0000014134727460
46.41000 -0.0000014111001864
46.43000 -0.0000014088652120
46.45000 -0.0000014067734607
46.47000 -0.0000014044916489
46.49000 -0.0000014023191245
46.51000 -0.0000014000771029
46.53000 -0.0000013975895094
46.55000 -0.0000013958345113
46.57000 -0.0000013933386779
46.59000 -0.0000013911739599
46.61000 -0.0000013890510920
46.63000 -0.0000013868360670
46.65000 -0.0000013846573627
46.67000 -0.0000013823230754
46.69000 -0.0000013804941348
46.71000 -0.0000013779419229
46.73000 -0.0000013759521951
46.75000 -0.0000013738219546
46.77000 -0.0000013713932333
46.79000 -0.0000013697621596
46.81000 -0.0000013671255968
46.83000 -0.0000013650938019
46.85000 -0.0000013631107961
46.87000 -0.0000013607161188
46.89000 -0.0000013589076696
46.91000 -0.0000013565523488
46.93000 -0.0000013543649709
46.95000 -0.0000013523123593
46.97000 -0.0000013503434482
46.99000 -0.0000013481298326
47.01000 -0.0000013459727040
47.03000 -0.0000013438076606
47.05000 -0.0000013417936467
47.07000 -0.0000013397686823
47.09000 -0.0000013375326237
47.11000 -0.0000013356630255
47.13000 -0.0000013332903575
47.15000 -0.0000013313426967
47.17000 -0.0000013293206596
47.19000 -0.0000013271629889
47.21000 -0.0000013251461560
47.23000 -0.0000013229909789
47.25000 -0.0000013211410048
47.27000 -0.0000013187197645
47.29000 -0.0000013170418532
47.31000 -0.0000013149741712
47.33000 -0.0000013125498952
47.35000 -0.0000013108774049
47.37000 -0.0000013087381656
47.39000 -0.0000013065716044
47.41000 -0.0000013048532524
47.43000 -0.0000013025332765
47.45000 -0.0000013004860860
47.47000 -0.0000012987789013
47.49000 -0.0000012965334101
47.51000 -0.0000012946355142
47.53000 -0.0000012925427872
47.55000 -0.0000012904626369
47.57000 -0.0000012886784738
47.59000 -0.0000012866036361
47.61000 -0.0000012845051628
47.63000 -0.0000012826996409
47.65000 -0.0000012806171054
47.67000 -0.0000012786882013
47.69000 -0.0000012765768260
47.71000 -0.0000012745969644
47.73000 -0.0000012731274368
47.75000 -0.0000012705764175
47.77000 -0.0000012687263349
47.79000 -0.0000012670157892
47.81000 -0.0000012648361091
47.83000 -0.0000012629564278
47.85000 -0.0000012612116213
47.87000 -0.0000012588878507
47.89000 -0.0000012571941101
47.91000 -0.0000012554282700
47.93000 -0.0000012528967664
47.95000 -0.0000012517375374
47.97000 -0.0000012494124658
47.99000 -0.0000012473688532
48.01000 -0.0000012457242269
48.03000 -0.0000012437466421
48.05000 -0.0000012418411568
48.07000 -0.0000012397651265
48.09000 -0.0000012381322096
48.11000 -0.0000012360904401
48.13000 -0.0000012342909897
48.15000 -0.0000012322243920
48.17000 -0.0000012305043052
48.19000 -0.0000012286498858
48.21000 -0.0000012266965872
48.23000 -0.0000012246793206
48.25000 -0.0000012232378738
48.27000 -0.0000012209360042
48.29000 -0.0000012190546966
48.31000 -0.0000012177226458
48.33000 -0.0000012154329192
48.35000 -0.0000012135868482
48.37000 -0.0000012118438848
48.39000 -0.0000012100935488
48.41000 -0.0000012079961597
48.43000 -0.0000012064005394
48.45000 -0.0000012045030771
48.47000 -0.0000012025890266
48.49000 -0.0000012008110435
48.51000 -0.0000011990166889
48.53000 -0.0000011972668950
48.55000 -0.0000011953809253
48.57000 -0.0000011934128815
48.59000 -0.0000011917571964
48.61000 -0.0000011900451327
48.63000 -0.0000011881598136
48.65000 -0.0000011862965037
48.67000 -0.0000011846236882
48.69000 -0.0000011826040364
48.71000 -0.0000011811158605
48.73000 -0.0000011791384926
48.75000 -0.0000011773197434
48.77000 -0.0000011757668407
48.79000 -0.0000011737818833
48.81000 -0.0000011721465812
48.83000 -0.0000011703065817
48.85000 -0.0000011685227438
48.87000 -0.0000011668870080
48.89000 -0.0000011650774746
48.91000 -0.0000011630140210
48.93000 -0.0000011616868491
48.95000 -0.0000011599040955
48.97000 -0.0000011579850577
48.99000 -0.0000011563110495
49.01000 -0.0000011545170202
49.03000 -0.0000011528913674
49.05000 -0.0000011511031928
49.07000 -0.0000011492917078
49.09000 -0.0000011477431418
49.11000 -0.0000011460026721
49.13000 -0.0000011440679133
49.15000 -0.0000011426309118
49.17000 -0.0000011408054406
49.19000 -0.0000011389243498
49.21000 -0.0000011375776623
49.23000 -0.0000011355742735
49.25000 -0.0000011339010243
49.27000 -0.0000011326108237
49.29000 -0.0000011303227234
49.31000 -0.0000011290345828
49.33000 -0.0000011271942581
49.35000 -0.0000011253789784
49.37000 -0.0000011241775739
49.39000 -0.0000011220435388
49.41000 -0.0000011205073328
49.43000 -0.0000011189624531
49.45000 -0.0000011171104189
49.47000 -0.0000011154199309
49.49000 -0.0000011139663410
49.51000 -0.0000011124172330
49.53000 -0.0000011102303972
49.55000 -0.0000011089044179
49.57000 -0.0000011075837513
49.59000 -0.0000011053356581
49.61000 -0.0000011040994508
49.63000 -0.0000011023492232
49.65000 -0.0000011005897799
49.67000 -0.0000010992371293
49.69000 -0.0000010973772889
49.71000 -0.0000010957199774
49.73000 -0.0000010941972155
49.75000 -0.0000010928000041
49.77000 -0.0000010909010240
49.79000 -0.0000010892289674
49.81000 -0.0000010877097834
49.83000 -0.0000010861610006
49.85000 -0.0000010847136991
49.87000 -0.0000010827476069
49.89000 -0.0000010813289283
49.91000 -0.0000010797933728
49.93000 -0.0000010781802968
49.95000 -0.0000010764307197
49.97000 -0.0000010750930311
49.99000 -0.0000010733515856
50.01000 -0.0000010717440390
50.03000 -0.0000010703608139
50.05000 -0.0000010685524731
50.07000 -0.0000010669485044
50.09000 -0.0000010661233181
50.11000 -0.0000010619854605
50.13000 -0.0000010694649376
50.15000 -0.0000010344420633
50.17000 -0.0000011578380399
50.19000 -0.0000006903393872
50.21000 -0.0000011664627597
50.23000 -0.0000006547496920
50.25000 -0.0000025523862537
