0.25000 3.9261967764413872
0.27000 3.3196615755286540
0.29000 3.0502266179088680
0.31000 2.5843869628087202
0.33000 2.1926621428519306
0.35000 1.8624198168666053
0.37000 1.5832533164560953
0.39000 1.3465539571191310
0.41000 1.1452507913036689
0.43000 0.9735281610316107
0.45000 0.8266018976468182
0.47000 0.7005282602610068
0.49000 0.5920487049485226
0.51000 0.4984631478146938
0.53000 0.4175273767374063
0.55000 0.3473700641868048
0.57000 0.2864256429384570
0.59000 0.2333800038050273
0.61000 0.1871264377548865
0.63000 0.1467298772238090
0.65000 0.1113977317240565
0.67000 0.0804560746083538
0.69000 0.0533301483099144
0.71000 0.0295283086622765
0.73000 0.0086287897226816
0.75000 -0.0097311770046201
0.77000 -0.0258644877789908
0.79000 -0.0400417471546938
0.81000 -0.0524974914136926
0.83000 -0.0634355169148909
0.85000 -0.0730333348676120
0.87000 -0.0814458838541028
0.89000 -0.0888086647407129
0.91000 -0.0952404827976044
0.93000 -0.1008456640054528
0.95000 -0.1057159561389675
0.97000 -0.1099322522002247
0.99000 -0.1135660165553427
1.01000 -0.1166804402684384
1.03000 -0.1193314891082394
1.05000 -0.1215687989151647
1.07000 -0.1234364610028224
1.09000 -0.1249737666380893
1.11000 -0.1262157026238622
1.13000 -0.1271934372354809
1.15000 -0.1279348397997276
1.17000 -0.1284648273293163
1.19000 -0.1288056944265513
1.21000 -0.1289774400246950
1.23000 -0.1289979989386736
1.25000 -0.1288834475205859
1.27000 -0.1286482427541549
1.29000 -0.1283054022950358
1.31000 -0.1278666430645221
1.33000 -0.1273425031674359
1.35000 -0.1267424708690732
1.37000 -0.1260751182085356
1.39000 -0.1253481866620323
1.41000 -0.1245686683888474
1.43000 -0.1237428796815575
1.45000 -0.1228765161875349
1.47000 -0.1219747128264358
1.49000 -0.1210421171628828
1.51000 -0.1200829488238265
1.53000 -0.1191010088796208
1.55000 -0.1180997657015589
1.57000 -0.1170823135516326
1.59000 -0.1160514721232540
1.61000 -0.1150098330329308
1.63000 -0.1139596395012469
1.65000 -0.1129029909931365
1.67000 -0.1118418280984403
1.69000 -0.1107777908459856
1.71000 -0.1097123839732178
1.73000 -0.1086470521019414
1.75000 -0.1075830519853547
1.77000 -0.1065214462288961
1.79000 -0.1054632335087615
1.81000 -0.1044093672911422
1.83000 -0.1033606804033036
1.85000 -0.1023178646571384
1.87000 -0.1012815299599882
1.89000 -0.1002522697962235
1.91000 -0.0992306266472731
1.93000 -0.0982170657668230
1.95000 -0.0972119704443229
1.97000 -0.0962156590159099
1.99000 -0.0952284348516718
2.01000 -0.0942505816343304
2.03000 -0.0932823374357787
2.05000 -0.0923238996823242
2.07000 -0.0913754264013462
2.09000 -0.0904370344827805
2.11000 -0.0895088234574126
2.13000 -0.0885908889705027
2.15000 -0.0876833061686605
2.17000 -0.0867861273992417
2.19000 -0.0858993832997775
2.21000 -0.0850230859382540
2.23000 -0.0841572271040969
2.25000 -0.0833017818882185
2.27000 -0.0824567215375325
2.29000 -0.0816220139462619
2.31000 -0.0807976179405576
2.33000 -0.0799834804968612
2.35000 -0.0791795405178123
2.37000 -0.0783857296463438
2.39000 -0.0776019714637086
2.41000 -0.0768281828296929
2.43000 -0.0760642711067285
2.45000 -0.0753101429503633
2.47000 -0.0745657068582410
2.49000 -0.0738308675531073
2.51000 -0.0731055265081717
2.53000 -0.0723895830592488
2.55000 -0.0716829335863814
2.57000 -0.0709854703484796
2.59000 -0.0702970863058106
2.61000 -0.0696176706501792
2.63000 -0.0689471124949957
2.65000 -0.0682852998540864
2.67000 -0.0676321174924117
2.69000 -0.0669874531493288
2.71000 -0.0663511943549742
2.73000 -0.0657232325546435
2.75000 -0.0651034562921903
2.77000 -0.0644917537028949
2.79000 -0.0638880143655365
2.81000 -0.0632921306795755
2.83000 -0.0627039880419224
2.85000 -0.0621234807989933
2.87000 -0.0615504999721875
2.89000 -0.0609849348968794
2.91000 -0.0604266862630152
2.93000 -0.0598756385739381
2.95000 -0.0593316896256755
2.97000 -0.0587947397543184
2.99000 -0.0582646790380385
3.01000 -0.0577414093601560
3.03000 -0.0572248338332533
3.05000 -0.0567148481186305
3.07000 -0.0562113567047782
3.09000 -0.0557142675850146
3.11000 -0.0552234802110525
3.13000 -0.0547388984838887
3.15000 -0.0542604348796022
3.17000 -0.0537879987361811
3.19000 -0.0533214948393599
3.21000 -0.0528608337375109
3.23000 -0.0524059320617364
3.25000 -0.0519567034416741
3.27000 -0.0515130587787643
3.29000 -0.0510749139317262
3.31000 -0.0506421891727100
3.33000 -0.0502148034126601
3.35000 -0.0497926732918264
3.37000 -0.0493757185121591
3.39000 -0.0489638642365423
3.41000 -0.0485570353765663
3.43000 -0.0481551561030744
3.45000 -0.0477581495120424
3.47000 -0.0473659418934134
3.49000 -0.0469784645532337
3.51000 -0.0465956483924379
3.53000 -0.0462174231450600
3.55000 -0.0458437179707403
3.57000 -0.0454744644389149
3.59000 -0.0451095983634254
3.61000 -0.0447490563122157
3.63000 -0.0443927742896815
3.65000 -0.0440406881773270
3.67000 -0.0436927343683997
3.69000 -0.0433488516788171
3.71000 -0.0430089816037473
3.73000 -0.0426730661050973
3.75000 -0.0423410470466401
3.77000 -0.0420128668959044
3.79000 -0.0416884682737294
3.81000 -0.0413677957117313
3.83000 -0.0410507958218920
3.85000 -0.0407374156853489
3.87000 -0.0404276030659187
3.89000 -0.0401213063346983
3.91000 -0.0398184742358537
3.93000 -0.0395190562084094
3.95000 -0.0392230033154925
3.97000 -0.0389302675268421
3.99000 -0.0386408017623542
4.01000 -0.0383545596294672
4.03000 -0.0380714955201590
4.05000 -0.0377915637202967
4.07000 -0.0375147195303756
4.09000 -0.0372409187526319
4.11000 -0.0369701192602122
4.13000 -0.0367022784884846
4.15000 -0.0364373552961180
4.17000 -0.0361753093484334
4.19000 -0.0359160994859196
4.21000 -0.0356596874157201
4.23000 -0.0354060324474344
4.25000 -0.0351550967139723
4.27000 -0.0349068436289116
4.29000 -0.0346612347691415
4.31000 -0.0344182347837135
4.33000 -0.0341778082920468
4.35000 -0.0339399188728552
4.37000 -0.0337045329503753
4.39000 -0.0334716164227318
4.41000 -0.0332411341397506
4.43000 -0.0330130539880621
4.45000 -0.0327873442709489
4.47000 -0.0325639718148447
4.49000 -0.0323429053349889
4.51000 -0.0321241149813730
4.53000 -0.0319075697804957
4.55000 -0.0316932392817771
4.57000 -0.0314810946204056
4.59000 -0.0312711068887640
4.61000 -0.0310632466821497
4.63000 -0.0308574857752665
4.65000 -0.0306537972667734
4.67000 -0.0304521540867659
4.69000 -0.0302525287009475
4.71000 -0.0300548947060739
4.73000 -0.0298592270481637
4.75000 -0.0296655002774565
4.77000 -0.0294736884919564
4.79000 -0.0292837668434696
4.81000 -0.0290957114655539
4.83000 -0.0289094983456266
4.85000 -0.0287251034401750
4.87000 -0.0285425033516794
4.89000 -0.0283616754473861
4.91000 -0.0281825973946082
4.93000 -0.0280052469826717
4.95000 -0.0278296020836683
4.97000 -0.0276556412301519
4.99000 -0.0274833435357073
5.01000 -0.0273126882568269
5.03000 -0.0271436546443609
5.05000 -0.0269762220048728
5.07000 -0.0268103704095941
5.09000 -0.0266460805323479
5.11000 -0.0264833331387913
5.13000 -0.0263221089811563
5.15000 -0.0261623890037524
5.17000 -0.0260041548232517
5.19000 -0.0258473885421014
5.21000 -0.0256920723661473
5.23000 -0.0255381885851148
5.25000 -0.0253857194864491
5.27000 -0.0252346478355481
5.29000 -0.0250849569641016
5.31000 -0.0249366301834016
5.33000 -0.0247896511578717
5.35000 -0.0246440034905462
5.37000 -0.0244996712777496
5.39000 -0.0243566385927248
5.41000 -0.0242148901753218
5.43000 -0.0240744108664115
5.45000 -0.0239351856916991
5.47000 -0.0237971999746413
5.49000 -0.0236604385713544
5.51000 -0.0235248875590809
5.53000 -0.0233905326087473
5.55000 -0.0232573597470714
5.57000 -0.0231253554418888
5.59000 -0.0229945057437033
5.61000 -0.0228647973911737
5.63000 -0.0227362171820262
5.65000 -0.0226087518283437
5.67000 -0.0224823888307054
5.69000 -0.0223571155000618
5.71000 -0.0222329191510450
5.73000 -0.0221097877544159
5.75000 -0.0219877090411078
5.77000 -0.0218666708703759
5.79000 -0.0217466617298535
5.81000 -0.0216276700915098
5.83000 -0.0215096842736759
5.85000 -0.0213926930458273
5.87000 -0.0212766853979090
5.89000 -0.0211616500331545
5.91000 -0.0210475760457942
5.93000 -0.0209344529669074
5.95000 -0.0208222702188020
5.97000 -0.0207110173292693
5.99000 -0.0206006840966000
6.01000 -0.0204912604484978
6.03000 -0.0203827362032707
6.05000 -0.0202751013539259
6.07000 -0.0201683463800835
6.09000 -0.0200624618143498
6.11000 -0.0199574380434916
6.13000 -0.0198532657030941
6.15000 -0.0197499357269875
6.17000 -0.0196474390245364
6.19000 -0.0195457664857001
6.21000 -0.0194449092114866
6.23000 -0.0193448585475382
6.25000 -0.0192456059031006
6.27000 -0.0191471426790466
6.29000 -0.0190494605067254
6.31000 -0.0189525512197876
6.33000 -0.0188564066408057
6.35000 -0.0187610185912385
6.37000 -0.0186663790521440
6.39000 -0.0185724801972717
6.41000 -0.0184793142874230
6.43000 -0.0183868736600480
6.45000 -0.0182951506960215
6.47000 -0.0182041379446381
6.49000 -0.0181138281277179
6.51000 -0.0180242140111526
6.53000 -0.0179352883279188
6.55000 -0.0178470439120171
6.57000 -0.0177594737686586
6.59000 -0.0176725710537251
6.61000 -0.0175863289389187
6.63000 -0.0175007406864870
6.65000 -0.0174157995848709
6.67000 -0.0173314991578508
6.69000 -0.0172478328952198
6.71000 -0.0171647944059379
6.73000 -0.0170823773398058
6.75000 -0.0170005753755596
6.77000 -0.0169193824557226
6.79000 -0.0168387923671015
6.81000 -0.0167587991987713
6.83000 -0.0166793969521473
6.85000 -0.0166005797160937
6.87000 -0.0165223418014677
6.89000 -0.0164446773937296
6.91000 -0.0163675809207099
6.93000 -0.0162910467986731
6.95000 -0.0162150693636010
6.97000 -0.0161396432317186
6.99000 -0.0160647630238567
7.01000 -0.0159904233949509
7.03000 -0.0159166191772510
7.05000 -0.0158433451217377
7.07000 -0.0157705960257666
7.09000 -0.0156983669308379
7.11000 -0.0156266528209767
7.13000 -0.0155554486946578
7.15000 -0.0154847497423330
7.17000 -0.0154145511100512
7.19000 -0.0153448479363963
7.21000 -0.0152756355419648
7.23000 -0.0152069092910202
7.25000 -0.0151386645291083
7.27000 -0.0150708967505483
7.29000 -0.0150036015062772
7.31000 -0.0149367742791373
7.33000 -0.0148704106439113
7.35000 -0.0148045063199893
7.37000 -0.0147390570234259
7.39000 -0.0146740584753908
7.41000 -0.0146095065016480
7.43000 -0.0145453969735037
7.45000 -0.0144817257491089
7.47000 -0.0144184887596235
7.49000 -0.0143556820465084
7.51000 -0.0142933016719153
7.53000 -0.0142313436880390
7.55000 -0.0141698042297230
7.57000 -0.0141086795125215
7.59000 -0.0140479657469292
7.61000 -0.0139876591701497
7.63000 -0.0139277560961381
7.65000 -0.0138682528965016
7.67000 -0.0138091459649953
7.69000 -0.0137504317052535
7.71000 -0.0136921065815328
7.73000 -0.0136341671175574
7.75000 -0.0135766098593655
7.77000 -0.0135194313897227
7.79000 -0.0134626283358832
7.81000 -0.0134061973818331
7.83000 -0.0133501352332767
7.85000 -0.0132944386052967
7.87000 -0.0132391042495743
7.89000 -0.0131841290071855
7.91000 -0.0131295097252956
7.93000 -0.0130752432979331
7.95000 -0.0130213265980339
7.97000 -0.0129677565817344
7.99000 -0.0129145302399183
8.01000 -0.0128616445904852
8.03000 -0.0128090966752249
8.05000 -0.0127568835295035
8.07000 -0.0127050023193090
8.09000 -0.0126534501549604
8.11000 -0.0126022242421267
8.13000 -0.0125513217684803
8.15000 -0.0125007399337516
8.17000 -0.0124504760498354
8.19000 -0.0124005273710739
8.21000 -0.0123508912213962
8.23000 -0.0123015649623921
8.25000 -0.0122525459446047
8.27000 -0.0122038316162616
8.29000 -0.0121554194044311
8.31000 -0.0121073067372348
8.33000 -0.0120594911229370
8.35000 -0.0120119700636130
8.37000 -0.0119647410937610
8.39000 -0.0119178018066733
8.41000 -0.0118711497735735
8.43000 -0.0118247825920167
8.45000 -0.0117786979310571
8.47000 -0.0117328934512117
8.49000 -0.0116873668317467
8.51000 -0.0116421158109274
8.53000 -0.0115971381107862
8.55000 -0.0115524314680750
8.57000 -0.0115079936864984
8.59000 -0.0114638225798931
8.61000 -0.0114199159666533
8.63000 -0.0113762717116889
8.65000 -0.0113328876902671
8.67000 -0.0112897617742108
8.69000 -0.0112468918860933
8.71000 -0.0112042759826904
8.73000 -0.0111619120110554
8.75000 -0.0111197979371753
8.77000 -0.0110779317711687
8.79000 -0.0110363115371613
8.81000 -0.0109949352652358
8.83000 -0.0109538010208891
8.85000 -0.0109129068955291
8.87000 -0.0108722509759076
8.89000 -0.0108318313687042
8.91000 -0.0107916462236378
8.93000 -0.0107516937033441
8.95000 -0.0107119719678686
8.97000 -0.0106724792016409
8.99000 -0.0106332136255144
9.01000 -0.0105941734705924
9.03000 -0.0105553569685257
9.05000 -0.0105167623827410
9.07000 -0.0104783880056991
9.09000 -0.0104402321266354
9.11000 -0.0104022930489036
9.13000 -0.0103645690996840
9.15000 -0.0103270586335110
9.17000 -0.0102897600075976
9.19000 -0.0102526715995461
9.21000 -0.0102157917961214
9.23000 -0.0101791190212323
9.25000 -0.0101426516911198
9.27000 -0.0101063882360800
9.29000 -0.0100703271122064
9.31000 -0.0100344667937256
9.33000 -0.0099988057768214
9.35000 -0.0099633425386543
9.37000 -0.0099280756046717
9.39000 -0.0098930034876223
9.41000 -0.0098581247346860
9.43000 -0.0098234379044228
9.45000 -0.0097889415476358
9.47000 -0.0097546342669164
9.49000 -0.0097205146524726
9.51000 -0.0096865813092722
9.53000 -0.0096528328621264
9.55000 -0.0096192679289515
9.57000 -0.0095858851707273
9.59000 -0.0095526832501861
9.61000 -0.0095196608291071
9.63000 -0.0094868166000908
9.65000 -0.0094541492550520
9.67000 -0.0094216575024141
9.69000 -0.0093893400741026
9.71000 -0.0093571956902464
9.73000 -0.0093252230895411
9.75000 -0.0092934210423746
9.77000 -0.0092617883104155
9.79000 -0.0092303236699868
9.81000 -0.0091990259210226
9.83000 -0.0091678938546878
9.85000 -0.0091369262773217
9.87000 -0.0091061220216450
9.89000 -0.0090754799168002
9.91000 -0.0090449988002385
9.93000 -0.0090146775338236
9.95000 -0.0089845149822926
9.97000 -0.0089545100159621
9.99000 -0.0089246615252242
10.01000 -0.0088949684052472
10.03000 -0.0088654295536647
10.05000 -0.0088360438871015
10.07000 -0.0088068103363002
10.09000 -0.0087777278322390
10.11000 -0.0087487953165678
10.13000 -0.0087200117455428
10.15000 -0.0086913760771246
10.17000 -0.0086628872806846
10.19000 -0.0086345443415801
10.21000 -0.0086063462501752
10.23000 -0.0085782919996691
10.25000 -0.0085503805960938
10.27000 -0.0085226110604657
10.29000 -0.0084949824182760
10.31000 -0.0084674936998937
10.33000 -0.0084401439468825
10.35000 -0.0084129322096892
10.37000 -0.0083858575431651
10.39000 -0.0083589190112809
10.41000 -0.0083321156945339
10.43000 -0.0083054466751737
10.45000 -0.0082789110394982
10.47000 -0.0082525078816847
10.49000 -0.0082262363160307
10.51000 -0.0082000954527613
10.53000 -0.0081740844114697
10.55000 -0.0081482023197409
10.57000 -0.0081224483158221
10.59000 -0.0080968215446037
10.61000 -0.0080713211491973
10.63000 -0.0080459462945400
10.65000 -0.0080206961424849
10.67000 -0.0079955698707366
10.69000 -0.0079705666495107
10.71000 -0.0079456856640999
10.73000 -0.0079209261149500
10.75000 -0.0078962871948964
10.77000 -0.0078717681133473
10.79000 -0.0078473680808171
10.81000 -0.0078230863179820
10.83000 -0.0077989220552103
10.85000 -0.0077748745169271
10.87000 -0.0077509429442235
10.89000 -0.0077271265852993
10.91000 -0.0077034246882920
10.93000 -0.0076798365145931
10.95000 -0.0076563613231255
10.97000 -0.0076329983802502
10.99000 -0.0076097469693423
11.01000 -0.0075866063684746
11.03000 -0.0075635758618950
11.05000 -0.0075406547476440
11.07000 -0.0075178423219889
11.09000 -0.0074951378892922
11.11000 -0.0074725407623899
11.13000 -0.0074500502523721
11.15000 -0.0074276656821243
11.17000 -0.0074053863836508
11.19000 -0.0073832116851654
11.21000 -0.0073611409231184
11.23000 -0.0073391734430790
11.25000 -0.0073173085912093
11.27000 -0.0072955457218647
11.29000 -0.0072738841968567
11.31000 -0.0072523233758630
11.33000 -0.0072308626258298
11.35000 -0.0072095013251677
11.37000 -0.0071882388521989
11.39000 -0.0071670745875829
11.41000 -0.0071460079211053
11.43000 -0.0071250382475690
11.45000 -0.0071041649638704
11.47000 -0.0070833874736570
11.49000 -0.0070627051863605
11.51000 -0.0070421175113944
11.53000 -0.0070216238643531
11.55000 -0.0070012236696950
11.57000 -0.0069809163532584
11.59000 -0.0069607013433583
11.61000 -0.0069405780751005
11.63000 -0.0069205459897166
11.65000 -0.0069006045295083
11.67000 -0.0068807531417256
11.69000 -0.0068609912792883
11.71000 -0.0068413183990866
11.73000 -0.0068217339592718
11.75000 -0.0068022374262817
11.77000 -0.0067828282690977
11.79000 -0.0067635059607246
11.81000 -0.0067442699753264
11.83000 -0.0067251197952871
11.85000 -0.0067060549067625
11.87000 -0.0066870747968380
11.89000 -0.0066681789591895
11.91000 -0.0066493668889482
11.93000 -0.0066306380895567
11.95000 -0.0066119920601675
11.97000 -0.0065934283108870
11.99000 -0.0065749463538303
12.01000 -0.0065565457025642
12.03000 -0.0065382258774562
12.05000 -0.0065199863976769
12.07000 -0.0065018267925220
12.09000 -0.0064837465906965
12.11000 -0.0064657453226524
12.13000 -0.0064478225283908
12.15000 -0.0064299777457590
12.17000 -0.0064122105183425
12.19000 -0.0063945203930028
12.21000 -0.0063769069172838
12.23000 -0.0063593696482332
12.25000 -0.0063419081420778
12.27000 -0.0063245219558723
12.29000 -0.0063072106544790
12.31000 -0.0062899738030567
12.33000 -0.0062728109712405
12.35000 -0.0062557217332951
12.37000 -0.0062387056625890
12.39000 -0.0062217623388545
12.41000 -0.0062048913458739
12.43000 -0.0061880922659028
12.45000 -0.0061713646868102
12.47000 -0.0061547082011349
12.49000 -0.0061381224013298
12.51000 -0.0061216068843808
12.53000 -0.0061051612503004
12.55000 -0.0060887850998659
12.57000 -0.0060724780394915
12.59000 -0.0060562396793094
12.61000 -0.0060400696283804
12.63000 -0.0060239674996645
12.65000 -0.0060079329112258
12.67000 -0.0059919654814893
12.69000 -0.0059760648322074
12.71000 -0.0059602305890922
12.73000 -0.0059444623782030
12.75000 -0.0059287598289660
12.77000 -0.0059131225754027
12.79000 -0.0058975502524424
12.81000 -0.0058820424961666
12.83000 -0.0058665989474056
12.85000 -0.0058512192501518
12.87000 -0.0058359030485734
12.89000 -0.0058206499900088
12.91000 -0.0058054597252846
12.93000 -0.0057903319065504
12.95000 -0.0057752661883772
12.97000 -0.0057602622296963
12.99000 -0.0057453196897253
13.01000 -0.0057304382296004
13.03000 -0.0057156175138071
13.05000 -0.0057008572108154
13.07000 -0.0056861569881766
13.09000 -0.0056715165170583
13.11000 -0.0056569354713616
13.13000 -0.0056424135274156
13.15000 -0.0056279503629505
13.17000 -0.0056135456579317
13.19000 -0.0055991990964084
13.21000 -0.0055849103605280
13.23000 -0.0055706791382503
13.25000 -0.0055565051178270
13.27000 -0.0055423879915653
13.29000 -0.0055283274522770
13.31000 -0.0055143231934465
13.33000 -0.0055003749142565
13.35000 -0.0054864823129495
13.37000 -0.0054726450912209
13.39000 -0.0054588629523316
13.41000 -0.0054451356007112
13.43000 -0.0054314627452601
13.45000 -0.0054178440938133
13.47000 -0.0054042793575972
13.49000 -0.0053907682510312
13.51000 -0.0053773104874787
13.53000 -0.0053639057843760
13.55000 -0.0053505538606624
13.57000 -0.0053372544364914
13.59000 -0.0053240072358649
13.61000 -0.0053108119818605
13.63000 -0.0052976684000294
13.65000 -0.0052845762199216
13.67000 -0.0052715351703458
13.69000 -0.0052585449826393
13.71000 -0.0052456053908824
13.73000 -0.0052327161294056
13.75000 -0.0052198769351055
13.77000 -0.0052070875469123
13.79000 -0.0051943477042257
13.81000 -0.0051816571495786
13.83000 -0.0051690156272757
13.85000 -0.0051564228810869
13.87000 -0.0051438786580454
13.89000 -0.0051313827075897
13.91000 -0.0051189347792718
13.93000 -0.0051065346251482
13.95000 -0.0050941819988878
13.97000 -0.0050818766545645
13.99000 -0.0050696183491216
14.01000 -0.0050574068414083
14.03000 -0.0050452418901909
14.05000 -0.0050331232565497
14.07000 -0.0050210507041315
14.09000 -0.0050090239968151
14.11000 -0.0049970428998683
14.13000 -0.0049851071810581
14.15000 -0.0049732166089224
14.17000 -0.0049613709534351
14.19000 -0.0049495699869018
14.21000 -0.0049378134822244
14.23000 -0.0049261012134002
14.25000 -0.0049144329567077
14.27000 -0.0049028084903437
14.29000 -0.0048912275922204
14.31000 -0.0048796900423817
14.33000 -0.0048681956227251
14.35000 -0.0048567441165937
14.37000 -0.0048453353074978
14.39000 -0.0048339689814994
14.41000 -0.0048226449258098
14.43000 -0.0048113629281348
14.45000 -0.0048001227785802
14.47000 -0.0047889242680586
14.49000 -0.0047777671891744
14.51000 -0.0047666513342481
14.53000 -0.0047555764993303
14.55000 -0.0047445424804548
14.57000 -0.0047335490744300
14.59000 -0.0047225960801750
14.61000 -0.0047116832970948
14.63000 -0.0047008105272303
14.65000 -0.0046899775720261
14.67000 -0.0046791842351642
14.69000 -0.0046684303221266
14.71000 -0.0046577156378421
14.73000 -0.0046470399899479
14.75000 -0.0046364031865944
14.77000 -0.0046258050373815
14.79000 -0.0046152453531399
14.81000 -0.0046047239448526
14.83000 -0.0045942406263140
14.85000 -0.0045837952117490
14.87000 -0.0045733875155218
14.89000 -0.0045630173543794
14.91000 -0.0045526845457218
14.93000 -0.0045423889080182
14.95000 -0.0045321302613432
14.97000 -0.0045219084258761
14.99000 -0.0045117232236198
15.01000 -0.0045015744778606
15.03000 -0.0044914620117371
15.05000 -0.0044813856505196
15.07000 -0.0044713452208096
15.09000 -0.0044613405492224
15.11000 -0.0044513714639107
15.13000 -0.0044414377941440
15.15000 -0.0044315393698468
15.17000 -0.0044216760226257
15.19000 -0.0044118475845911
15.21000 -0.0044020538883662
15.23000 -0.0043922947686102
15.25000 -0.0043825700607069
15.27000 -0.0043728796002444
15.29000 -0.0043632232245688
15.31000 -0.0043536007720278
15.33000 -0.0043440120812329
15.35000 -0.0043344569922383
15.37000 -0.0043249353461277
15.39000 -0.0043154469844974
15.41000 -0.0043059917504068
15.43000 -0.0042965694877172
15.45000 -0.0042871800405142
15.47000 -0.0042778232543401
15.49000 -0.0042684989762528
15.51000 -0.0042592070532484
15.53000 -0.0042499473332713
15.55000 -0.0042407196656967
15.57000 -0.0042315239006156
15.59000 -0.0042223598885363
15.61000 -0.0042132274815495
15.63000 -0.0042041265320770
15.65000 -0.0041950568934257
15.67000 -0.0041860184199273
15.69000 -0.0041770109669631
15.71000 -0.0041680343902531
15.73000 -0.0041590885463131
15.75000 -0.0041501732934564
15.77000 -0.0041412884896968
15.79000 -0.0041324339943315
15.81000 -0.0041236096671032
15.83000 -0.0041148153693995
15.85000 -0.0041060509626406
15.87000 -0.0040973163090810
15.89000 -0.0040886112725077
15.91000 -0.0040799357162894
15.93000 -0.0040712895054798
15.95000 -0.0040626725056492
15.97000 -0.0040540845831821
15.99000 -0.0040455256052322
16.01000 -0.0040369954391277
16.03000 -0.0040284939540522
16.05000 -0.0040200210192371
16.07000 -0.0040115765043528
16.09000 -0.0040031602805858
16.11000 -0.0039947722191963
16.13000 -0.0039864121926249
16.15000 -0.0039780800738996
16.17000 -0.0039697757364276
16.19000 -0.0039614990549992
16.21000 -0.0039532499044437
16.23000 -0.0039450281603984
16.25000 -0.0039368336998477
16.27000 -0.0039286663998005
16.29000 -0.0039205261378925
16.31000 -0.0039124127928583
16.33000 -0.0039043262438501
16.35000 -0.0038962663709678
16.37000 -0.0038882330547530
16.39000 -0.0038802261761009
16.41000 -0.0038722456172348
16.43000 -0.0038642912607881
16.45000 -0.0038563629896400
16.47000 -0.0038484606878975
16.49000 -0.0038405842400095
16.51000 -0.0038327335309745
16.53000 -0.0038249084467317
16.55000 -0.0038171088735988
16.57000 -0.0038093346985141
16.59000 -0.0038015858093224
16.61000 -0.0037938620941617
16.63000 -0.0037861634417074
16.65000 -0.0037784897417366
16.67000 -0.0037708408844056
16.69000 -0.0037632167601035
16.71000 -0.0037556172601378
16.73000 -0.0037480422766169
16.75000 -0.0037404917018652
16.77000 -0.0037329654289359
16.79000 -0.0037254633515925
16.81000 -0.0037179853638381
16.83000 -0.0037105313605662
16.85000 -0.0037031012372131
16.87000 -0.0036956948896268
16.89000 -0.0036883122141496
16.91000 -0.0036809531081626
16.93000 -0.0036736174691150
16.95000 -0.0036663051950591
16.97000 -0.0036590161848558
16.99000 -0.0036517503377382
17.01000 -0.0036445075535042
17.03000 -0.0036372877323240
17.05000 -0.0036300907752549
17.07000 -0.0036229165835515
17.09000 -0.0036157650594377
17.11000 -0.0036086361051661
17.13000 -0.0036015296236350
17.15000 -0.0035944455184045
17.17000 -0.0035873836935076
17.19000 -0.0035803440536657
17.21000 -0.0035733265035217
17.23000 -0.0035663309488363
17.25000 -0.0035593572957840
17.27000 -0.0035524054506800
17.29000 -0.0035454753206490
17.31000 -0.0035385668131114
17.33000 -0.0035316798362925
17.35000 -0.0035248142985644
17.37000 -0.0035179701088727
17.39000 -0.0035111471769551
17.41000 -0.0035043454124067
17.43000 -0.0034975647257257
17.45000 -0.0034908050280707
17.47000 -0.0034840662306383
17.49000 -0.0034773482451981
17.51000 -0.0034706509840197
17.53000 -0.0034639743599134
17.55000 -0.0034573182862547
17.57000 -0.0034506826764993
17.59000 -0.0034440674447585
17.61000 -0.0034374725057515
17.63000 -0.0034308977743465
17.65000 -0.0034243431659842
17.67000 -0.0034178085967321
17.69000 -0.0034112939827448
17.71000 -0.0034047992408523
17.73000 -0.0033983242883152
17.75000 -0.0033918690426157
17.77000 -0.0033854334220181
17.79000 -0.0033790173448976
17.81000 -0.0033726207299494
17.83000 -0.0033662434968278
17.85000 -0.0033598855652919
17.87000 -0.0033535468551577
17.89000 -0.0033472272871974
17.91000 -0.0033409267824388
17.93000 -0.0033346452621121
17.95000 -0.0033283826481244
17.97000 -0.0033221388627090
17.99000 -0.0033159138282330
18.01000 -0.0033097074678396
18.03000 -0.0033035197049171
18.05000 -0.0032973504631475
18.07000 -0.0032911996667911
18.09000 -0.0032850672403837
18.11000 -0.0032789531087056
18.13000 -0.0032728571972148
18.15000 -0.0032667794316623
18.17000 -0.0032607197380075
18.19000 -0.0032546780426727
18.21000 -0.0032486542725777
18.23000 -0.0032426483548752
18.25000 -0.0032366602171556
18.27000 -0.0032306897873790
18.29000 -0.0032247369936840
18.31000 -0.0032188017648360
18.33000 -0.0032128840298952
18.35000 -0.0032069837182618
18.37000 -0.0032011007594349
18.39000 -0.0031952350837846
18.41000 -0.0031893866217107
18.43000 -0.0031835553037779
18.45000 -0.0031777410613009
18.47000 -0.0031719438257704
18.49000 -0.0031661635289991
18.51000 -0.0031604001030781
18.53000 -0.0031546534805893
18.55000 -0.0031489235943341
18.57000 -0.0031432103774428
18.59000 -0.0031375137636108
18.61000 -0.0031318336865787
18.63000 -0.0031261700804409
18.65000 -0.0031205228797382
18.67000 -0.0031148920193760
18.69000 -0.0031092774345635
18.71000 -0.0031036790605473
18.73000 -0.0030980968332111
18.75000 -0.0030925306888320
18.77000 -0.0030869805636183
18.79000 -0.0030814463944290
18.81000 -0.0030759281183901
18.83000 -0.0030704256726439
18.85000 -0.0030649389950343
18.87000 -0.0030594680235271
18.89000 -0.0030540126963500
18.91000 -0.0030485729522036
18.93000 -0.0030431487298405
18.95000 -0.0030377399685558
18.97000 -0.0030323466079301
18.99000 -0.0030269685874822
19.01000 -0.0030216058474076
19.03000 -0.0030162583282860
19.05000 -0.0030109259706090
19.07000 -0.0030056087153073
19.09000 -0.0030003065036503
19.11000 -0.0029950192772095
19.13000 -0.0029897469778568
19.15000 -0.0029844895475889
19.17000 -0.0029792469287929
19.19000 -0.0029740190642488
19.21000 -0.0029688058967714
19.23000 -0.0029636073695627
19.25000 -0.0029584234262859
19.27000 -0.0029532540105887
19.29000 -0.0029480990664562
19.31000 -0.0029429585383284
19.33000 -0.0029378323707190
19.35000 -0.0029327205084328
19.37000 -0.0029276228966888
19.39000 -0.0029225394807885
19.41000 -0.0029174702063493
19.43000 -0.0029124150193889
19.45000 -0.0029073738659399
19.47000 -0.0029023466924604
19.49000 -0.0028973334456203
19.51000 -0.0028923340724141
19.53000 -0.0028873485199974
19.55000 -0.0028823767357764
19.57000 -0.0028774186674792
19.59000 -0.0028724742630075
19.61000 -0.0028675434705479
19.63000 -0.0028626262385504
19.65000 -0.0028577225157626
19.67000 -0.0028528322510264
19.69000 -0.0028479553935620
19.71000 -0.0028430918926629
19.73000 -0.0028382416980844
19.75000 -0.0028334047598003
19.77000 -0.0028285810277852
19.79000 -0.0028237704523795
19.81000 -0.0028189729842745
19.83000 -0.0028141885743237
19.85000 -0.0028094171735236
19.87000 -0.0028046587331275
19.89000 -0.0027999132047926
19.91000 -0.0027951805401704
19.93000 -0.0027904606911945
19.95000 -0.0027857536102151
19.97000 -0.0027810592495290
19.99000 -0.0027763775618846
20.01000 -0.0027717085000569
20.03000 -0.0027670520171929
20.05000 -0.0027624080666865
20.07000 -0.0027577766019033
20.09000 -0.0027531575767296
20.11000 -0.0027485509450855
20.13000 -0.0027439566610391
20.15000 -0.0027393746791918
20.17000 -0.0027348049540808
20.19000 -0.0027302474404140
20.21000 -0.0027257020933393
20.23000 -0.0027211688679798
20.25000 -0.0027166477198889
20.27000 -0.0027121386047338
20.29000 -0.0027076414782521
20.31000 -0.0027031562965684
20.33000 -0.0026986830159702
20.35000 -0.0026942215928729
20.37000 -0.0026897719839509
20.39000 -0.0026853341461498
20.41000 -0.0026809080364144
20.43000 -0.0026764936120466
20.45000 -0.0026720908305957
20.47000 -0.0026676996496134
20.49000 -0.0026633200269708
20.51000 -0.0026589519207227
20.53000 -0.0026545952891094
20.55000 -0.0026502500905723
20.57000 -0.0026459162837037
20.59000 -0.0026415938272676
20.61000 -0.0026372826803381
20.63000 -0.0026329828021240
20.65000 -0.0026286941518739
20.67000 -0.0026244166891953
20.69000 -0.0026201503738617
20.71000 -0.0026158951657451
20.73000 -0.0026116510249694
20.75000 -0.0026074179118507
20.77000 -0.0026031957868642
20.79000 -0.0025989846105263
20.81000 -0.0025947843437167
20.83000 -0.0025905949475356
20.85000 -0.0025864163831057
20.87000 -0.0025822486117421
20.89000 -0.0025780915949085
20.91000 -0.0025739452944409
20.93000 -0.0025698096722120
20.95000 -0.0025656846901521
20.97000 -0.0025615703104983
20.99000 -0.0025574664957251
21.01000 -0.0025533732083235
21.03000 -0.0025492904110056
21.05000 -0.0025452180667348
21.07000 -0.0025411561384284
21.09000 -0.0025371045893994
21.11000 -0.0025330633830870
21.13000 -0.0025290324829141
21.15000 -0.0025250118526564
21.17000 -0.0025210014562334
21.19000 -0.0025170012576178
21.21000 -0.0025130112209588
21.23000 -0.0025090313107015
21.25000 -0.0025050614913969
21.27000 -0.0025011017275689
21.29000 -0.0024971519840967
21.31000 -0.0024932122260357
21.33000 -0.0024892824185182
21.35000 -0.0024853625267896
21.37000 -0.0024814525162129
21.39000 -0.0024775523525486
21.41000 -0.0024736620014800
21.43000 -0.0024697814288750
21.45000 -0.0024659106008543
21.47000 -0.0024620494835784
21.49000 -0.0024581980433705
21.51000 -0.0024543562468026
21.53000 -0.0024505240604984
21.55000 -0.0024467014512154
21.57000 -0.0024428883858814
21.59000 -0.0024390848316158
21.61000 -0.0024352907557074
21.63000 -0.0024315061254246
21.65000 -0.0024277309082857
21.67000 -0.0024239650720209
21.69000 -0.0024202085843901
21.71000 -0.0024164614132849
21.73000 -0.0024127235268677
21.75000 -0.0024089948933018
21.77000 -0.0024052754809296
21.79000 -0.0024015652582940
21.81000 -0.0023978641939861
21.83000 -0.0023941722567368
21.85000 -0.0023904894155132
21.87000 -0.0023868156393652
21.89000 -0.0023831508974205
21.91000 -0.0023794951589681
21.93000 -0.0023758483933880
21.95000 -0.0023722105703951
21.97000 -0.0023685816596535
21.99000 -0.0023649616308675
22.01000 -0.0023613504540916
22.03000 -0.0023577480994478
22.05000 -0.0023541545370840
22.07000 -0.0023505697373564
22.09000 -0.0023469936707411
22.11000 -0.0023434263078704
22.13000 -0.0023398676194364
22.15000 -0.0023363175762964
22.17000 -0.0023327761494467
22.19000 -0.0023292433099015
22.21000 -0.0023257190290123
22.23000 -0.0023222032780348
22.25000 -0.0023186960284628
22.27000 -0.0023151972518812
22.29000 -0.0023117069200010
22.31000 -0.0023082250046591
22.33000 -0.0023047514777555
22.35000 -0.0023012863114990
22.37000 -0.0022978294779367
22.39000 -0.0022943809493579
22.41000 -0.0022909406982955
22.43000 -0.0022875086972278
22.45000 -0.0022840849188685
22.47000 -0.0022806693359103
22.49000 -0.0022772619212303
22.51000 -0.0022738626479017
22.53000 -0.0022704714890079
22.55000 -0.0022670884177848
22.57000 -0.0022637134075252
22.59000 -0.0022603464317701
22.61000 -0.0022569874640146
22.63000 -0.0022536364779050
22.65000 -0.0022502934473234
22.67000 -0.0022469583460774
22.69000 -0.0022436311482065
22.71000 -0.0022403118278161
22.73000 -0.0022370003591283
22.75000 -0.0022336967165247
22.77000 -0.0022304008743785
22.79000 -0.0022271128071810
22.81000 -0.0022238324896678
22.83000 -0.0022205598966067
22.85000 -0.0022172950027984
22.87000 -0.0022140377832011
22.89000 -0.0022107882129026
22.91000 -0.0022075462670890
22.93000 -0.0022043119210604
22.95000 -0.0022010851501447
22.97000 -0.0021978659297537
22.99000 -0.0021946542355740
23.01000 -0.0021914500432877
23.03000 -0.0021882533286117
23.05000 -0.0021850640674554
23.07000 -0.0021818822357877
23.09000 -0.0021787078097144
23.11000 -0.0021755407653652
23.13000 -0.0021723810790169
23.15000 -0.0021692287271270
23.17000 -0.0021660836860663
23.19000 -0.0021629459324118
23.21000 -0.0021598154428881
23.23000 -0.0021566921942332
23.25000 -0.0021535761632500
23.27000 -0.0021504673268888
23.29000 -0.0021473656622296
23.31000 -0.0021442711464044
23.33000 -0.0021411837566227
23.35000 -0.0021381034701697
23.37000 -0.0021350302645539
23.39000 -0.0021319641172307
23.41000 -0.0021289050057153
23.43000 -0.0021258529077915
23.45000 -0.0021228078012525
23.47000 -0.0021197696639131
23.49000 -0.0021167384736841
23.51000 -0.0021137142086992
23.53000 -0.0021106968470748
23.55000 -0.0021076863670425
23.57000 -0.0021046827468399
23.59000 -0.0021016859648999
23.61000 -0.0020986959997894
23.63000 -0.0020957128299597
23.65000 -0.0020927364341245
23.67000 -0.0020897667910213
23.69000 -0.0020868038795042
23.71000 -0.0020838476784719
23.73000 -0.0020808981668879
23.75000 -0.0020779553239137
23.77000 -0.0020750191285898
23.79000 -0.0020720895602466
23.81000 -0.0020691665982303
23.83000 -0.0020662502219168
23.85000 -0.0020633404109137
23.87000 -0.0020604371446263
23.89000 -0.0020575404027677
23.91000 -0.0020546501651476
23.93000 -0.0020517664115222
23.95000 -0.0020488891218398
23.97000 -0.0020460182760640
23.99000 -0.0020431538541974
24.01000 -0.0020402958364703
24.03000 -0.0020374442030639
24.05000 -0.0020345989342729
24.07000 -0.0020317600104681
24.09000 -0.0020289274120459
24.11000 -0.0020261011196674
24.13000 -0.0020232811138458
24.15000 -0.0020204673752425
24.17000 -0.0020176598847105
24.19000 -0.0020148586230067
24.21000 -0.0020120635710491
24.23000 -0.0020092747098227
24.25000 -0.0020064920204151
24.27000 -0.0020037154839614
24.29000 -0.0020009450816084
24.31000 -0.0019981807946837
24.33000 -0.0019954226045336
24.35000 -0.0019926704925790
24.37000 -0.0019899244403367
24.39000 -0.0019871844293532
24.41000 -0.0019844504412735
24.43000 -0.0019817224578184
24.45000 -0.0019790004607970
24.47000 -0.0019762844320039
24.49000 -0.0019735743533980
24.51000 -0.0019708702070637
24.53000 -0.0019681719749265
24.55000 -0.0019654796391581
24.57000 -0.0019627931820393
24.59000 -0.0019601125857368
24.61000 -0.0019574378326962
24.63000 -0.0019547689052772
24.65000 -0.0019521057858961
24.67000 -0.0019494484572106
24.69000 -0.0019467969018080
24.71000 -0.0019441511023199
24.73000 -0.0019415110415239
24.75000 -0.0019388767022323
24.77000 -0.0019362480673090
24.79000 -0.0019336251197192
24.81000 -0.0019310078424237
24.83000 -0.0019283962186018
24.85000 -0.0019257902313684
24.87000 -0.0019231898638078
24.89000 -0.0019205950992438
24.91000 -0.0019180059211016
24.93000 -0.0019154223127036
24.95000 -0.0019128442574977
24.97000 -0.0019102717390272
24.99000 -0.0019077047408539
25.01000 -0.0019051432467077
25.03000 -0.0019025872401748
25.05000 -0.0019000367050952
25.07000 -0.0018974916253712
25.09000 -0.0018949519846980
25.11000 -0.0018924177672103
25.13000 -0.0018898889569216
25.15000 -0.0018873655377688
25.17000 -0.0018848474939967
25.19000 -0.0018823348097669
25.21000 -0.0018798274693710
25.23000 -0.0018773254571205
25.25000 -0.0018748287572955
25.27000 -0.0018723373544111
25.29000 -0.0018698512330002
25.31000 -0.0018673703775540
25.33000 -0.0018648947726753
25.35000 -0.0018624244029946
25.37000 -0.0018599592533484
25.39000 -0.0018574993084160
25.41000 -0.0018550445530468
25.43000 -0.0018525949721982
25.45000 -0.0018501505507367
25.47000 -0.0018477112737328
25.49000 -0.0018452771262064
25.51000 -0.0018428480933198
25.53000 -0.0018404241602327
25.55000 -0.0018380053120663
25.57000 -0.0018355915342771
25.59000 -0.0018331828121400
25.61000 -0.0018307791309671
25.63000 -0.0018283804763011
25.65000 -0.0018259868335924
25.67000 -0.0018235981884229
25.69000 -0.0018212145263774
25.71000 -0.0018188358331487
25.73000 -0.0018164620944118
25.75000 -0.0018140932959292
25.77000 -0.0018117294235401
25.79000 -0.0018093704631246
25.81000 -0.0018070164006448
25.83000 -0.0018046672219574
25.85000 -0.0018023229131718
25.87000 -0.0017999834603835
25.89000 -0.0017976488496538
25.91000 -0.0017953190671860
25.93000 -0.0017929940992370
25.95000 -0.0017906739320580
25.97000 -0.0017883585519930
25.99000 -0.0017860479454314
26.01000 -0.0017837420987766
26.03000 -0.0017814409985273
26.05000 -0.0017791446312054
26.07000 -0.0017768529834000
26.09000 -0.0017745660417281
26.11000 -0.0017722837928706
26.13000 -0.0017700062235067
26.15000 -0.0017677333204983
26.17000 -0.0017654650706037
26.19000 -0.0017632014606646
26.21000 -0.0017609424776617
26.23000 -0.0017586881085275
26.25000 -0.0017564383402690
26.27000 -0.0017541931599557
26.29000 -0.0017519525546762
26.31000 -0.0017497165115747
26.33000 -0.0017474850178585
26.35000 -0.0017452580608007
26.37000 -0.0017430356276798
26.39000 -0.0017408177057265
26.41000 -0.0017386042824160
26.43000 -0.0017363953452077
26.45000 -0.0017341908815375
26.47000 -0.0017319908788353
26.49000 -0.0017297953247232
26.51000 -0.0017276042069042
26.53000 -0.0017254175128797
26.55000 -0.0017232352303823
26.57000 -0.0017210573471856
26.59000 -0.0017188838510560
26.61000 -0.0017167147298011
26.63000 -0.0017145499712475
26.65000 -0.0017123895634020
26.67000 -0.0017102334941520
26.69000 -0.0017080817514998
26.71000 -0.0017059343235434
26.73000 -0.0017037911982568
26.75000 -0.0017016523638265
26.77000 -0.0016995178084356
26.79000 -0.0016973875202416
26.81000 -0.0016952614875214
26.83000 -0.0016931396985916
26.85000 -0.0016910221417124
26.87000 -0.0016889088052949
26.89000 -0.0016867996778032
26.91000 -0.0016846947475988
26.93000 -0.0016825940032431
26.95000 -0.0016804974332608
26.97000 -0.0016784050261851
26.99000 -0.0016763167706840
27.01000 -0.0016742326554222
27.03000 -0.0016721526689966
27.05000 -0.0016700768002464
27.07000 -0.0016680050379574
27.09000 -0.0016659373708462
27.11000 -0.0016638737878659
27.13000 -0.0016618142778008
27.15000 -0.0016597588296520
27.17000 -0.0016577074324272
27.19000 -0.0016556600750490
27.21000 -0.0016536167465899
27.23000 -0.0016515774361543
27.25000 -0.0016495421328890
27.27000 -0.0016475108259197
27.29000 -0.0016454835043768
27.31000 -0.0016434601575746
27.33000 -0.0016414407748305
27.35000 -0.0016394253453188
27.37000 -0.0016374138585037
27.39000 -0.0016354063037449
27.41000 -0.0016334026704016
27.43000 -0.0016314029480063
27.45000 -0.0016294071259952
27.47000 -0.0016274151939287
27.49000 -0.0016254271413490
27.51000 -0.0016234429578840
27.53000 -0.0016214626331423
27.55000 -0.0016194861568192
27.57000 -0.0016175135186294
27.59000 -0.0016155447082555
27.61000 -0.0016135797155404
27.63000 -0.0016116185302904
27.65000 -0.0016096611423146
27.67000 -0.0016077075415268
27.69000 -0.0016057577178450
27.71000 -0.0016038116611824
27.73000 -0.0016018693615738
27.75000 -0.0015999308090461
27.77000 -0.0015979959935981
27.79000 -0.0015960649053207
27.81000 -0.0015941375343944
27.83000 -0.0015922138709719
27.85000 -0.0015902939051308
27.87000 -0.0015883776272135
27.89000 -0.0015864650274619
27.91000 -0.0015845560960400
27.93000 -0.0015826508234475
27.95000 -0.0015807491999795
27.97000 -0.0015788512159582
27.99000 -0.0015769568618103
28.01000 -0.0015750661280243
28.03000 -0.0015731790050874
28.05000 -0.0015712954835454
28.07000 -0.0015694155538673
28.09000 -0.0015675392066126
28.11000 -0.0015656664325374
28.13000 -0.0015637972221522
28.15000 -0.0015619315661413
28.17000 -0.0015600694553295
28.19000 -0.0015582108802962
28.21000 -0.0015563558318392
28.23000 -0.0015545043008572
28.25000 -0.0015526562781115
28.27000 -0.0015508117544165
28.29000 -0.0015489707207454
28.31000 -0.0015471331680044
28.33000 -0.0015452990870629
28.35000 -0.0015434684689908
28.37000 -0.0015416413047508
28.39000 -0.0015398175853911
28.41000 -0.0015379973020477
28.43000 -0.0015361804457525
28.45000 -0.0015343670075702
28.47000 -0.0015325569788191
28.49000 -0.0015307503505772
28.51000 -0.0015289471140759
28.53000 -0.0015271472605772
28.55000 -0.0015253507813381
28.57000 -0.0015235576677389
28.59000 -0.0015217679110082
28.61000 -0.0015199815025150
28.63000 -0.0015181984337242
28.65000 -0.0015164186960361
28.67000 -0.0015146422808358
28.69000 -0.0015128691796956
28.71000 -0.0015110993840273
28.73000 -0.0015093328853422
28.75000 -0.0015075696752951
28.77000 -0.0015058097454486
28.79000 -0.0015040530873849
28.81000 -0.0015022996927328
28.83000 -0.0015005495532070
28.85000 -0.0014988026604672
28.87000 -0.0014970590062212
28.89000 -0.0014953185823006
28.91000 -0.0014935813804318
28.93000 -0.0014918473923788
28.95000 -0.0014901166100228
28.97000 -0.0014883890251990
28.99000 -0.0014866646297921
29.01000 -0.0014849434156929
29.03000 -0.0014832253749086
29.05000 -0.0014815104993320
29.07000 -0.0014797987809632
29.09000 -0.0014780902118499
29.11000 -0.0014763847840069
29.13000 -0.0014746824894913
29.15000 -0.0014729833203686
29.17000 -0.0014712872688283
29.19000 -0.0014695943269924
29.21000 -0.0014679044870146
29.23000 -0.0014662177410360
29.25000 -0.0014645340813338
29.27000 -0.0014628535001734
29.29000 -0.0014611759897851
29.31000 -0.0014595015424647
29.33000 -0.0014578301505183
29.35000 -0.0014561618062930
29.37000 -0.0014544965021988
29.39000 -0.0014528342305519
29.41000 -0.0014511749838536
29.43000 -0.0014495187545164
29.45000 -0.0014478655348964
29.47000 -0.0014462153176580
29.49000 -0.0014445680952038
29.51000 -0.0014429238600829
29.53000 -0.0014412826048853
29.55000 -0.0014396443221613
29.57000 -0.0014380090045493
29.59000 -0.0014363766446538
29.61000 -0.0014347472351549
29.63000 -0.0014331207687109
29.65000 -0.0014314972380133
29.67000 -0.0014298766357889
29.69000 -0.0014282589548083
29.71000 -0.0014266441878459
29.73000 -0.0014250323276678
29.75000 -0.0014234233670825
29.77000 -0.0014218172989554
29.79000 -0.0014202141161438
29.81000 -0.0014186138115472
29.83000 -0.0014170163780095
29.85000 -0.0014154218084605
29.87000 -0.0014138300959717
29.89000 -0.0014122412334122
29.91000 -0.0014106552137832
29.93000 -0.0014090720301219
29.95000 -0.0014074916754463
29.97000 -0.0014059141428490
29.99000 -0.0014043394253842
30.01000 -0.0014027675161591
30.03000 -0.0014011984083611
30.05000 -0.0013996320950207
30.07000 -0.0013980685693956
30.09000 -0.0013965078246368
30.11000 -0.0013949498539606
30.13000 -0.0013933946506754
30.15000 -0.0013918422078981
30.17000 -0.0013902925189851
30.19000 -0.0013887455772395
30.21000 -0.0013872013759645
30.23000 -0.0013856599084266
30.25000 -0.0013841211681022
30.27000 -0.0013825851483226
30.29000 -0.0013810518424474
30.31000 -0.0013795212439255
30.33000 -0.0013779933462230
30.35000 -0.0013764681427758
30.37000 -0.0013749456270527
30.39000 -0.0013734257925898
30.41000 -0.0013719086328250
30.43000 -0.0013703941414103
30.45000 -0.0013688823118668
30.47000 -0.0013673731376812
30.49000 -0.0013658666125954
30.51000 -0.0013643627302158
30.53000 -0.0013628614840821
30.55000 -0.0013613628678508
30.57000 -0.0013598668753371
30.59000 -0.0013583735001567
30.61000 -0.0013568827359909
30.63000 -0.0013553945766724
30.65000 -0.0013539090158093
30.67000 -0.0013524260472807
30.69000 -0.0013509456649376
30.71000 -0.0013494678624895
30.73000 -0.0013479926337849
30.75000 -0.0013465199726891
30.77000 -0.0013450498730743
30.79000 -0.0013435823288268
30.81000 -0.0013421173338767
30.83000 -0.0013406548821076
30.85000 -0.0013391949674496
30.87000 -0.0013377375839197
30.89000 -0.0013362827255055
30.91000 -0.0013348303861273
30.93000 -0.0013333805598767
30.95000 -0.0013319332407919
30.97000 -0.0013304884228284
30.99000 -0.0013290461001765
31.01000 -0.0013276062668844
31.03000 -0.0013261689169983
31.05000 -0.0013247340447382
31.07000 -0.0013233016441877
31.09000 -0.0013218717095101
31.11000 -0.0013204442349210
31.13000 -0.0013190192145892
31.15000 -0.0013175966427060
31.17000 -0.0013161765135370
31.19000 -0.0013147588213211
31.21000 -0.0013133435603095
31.23000 -0.0013119307248409
31.25000 -0.0013105203090909
31.27000 -0.0013091123075021
31.29000 -0.0013077067143792
31.31000 -0.0013063035240011
31.33000 -0.0013049027308358
31.35000 -0.0013035043291987
31.37000 -0.0013021083134648
31.39000 -0.0013007146781516
31.41000 -0.0012993234176935
31.43000 -0.0012979345264028
31.45000 -0.0012965479988320
31.47000 -0.0012951638295099
31.49000 -0.0012937820128550
31.51000 -0.0012924025434335
31.53000 -0.0012910254158355
31.55000 -0.0012896506244840
31.57000 -0.0012882781639869
31.59000 -0.0012869080289438
31.61000 -0.0012855402139521
31.63000 -0.0012841747136477
31.65000 -0.0012828115226450
31.67000 -0.0012814506355477
31.69000 -0.0012800920470681
31.71000 -0.0012787357518644
31.73000 -0.0012773817446369
31.75000 -0.0012760300200702
31.77000 -0.0012746805729140
31.79000 -0.0012733333979558
31.81000 -0.0012719884898022
31.83000 -0.0012706458433528
31.85000 -0.0012693054534113
31.87000 -0.0012679673146653
31.89000 -0.0012666314219738
31.91000 -0.0012652977702598
31.93000 -0.0012639663542765
31.95000 -0.0012626371688640
31.97000 -0.0012613102090039
31.99000 -0.0012599854694964
32.01000 -0.0012586629452671
32.03000 -0.0012573426312632
32.05000 -0.0012560245224041
32.07000 -0.0012547086136361
32.09000 -0.0012533948999910
32.11000 -0.0012520833763752
32.13000 -0.0012507740377620
32.15000 -0.0012494668792394
32.17000 -0.0012481618957613
32.19000 -0.0012468590824484
32.21000 -0.0012455584342848
32.23000 -0.0012442599463726
32.25000 -0.0012429636137666
32.27000 -0.0012416694315719
32.29000 -0.0012403773949557
32.31000 -0.0012390874989638
32.33000 -0.0012377997387996
32.35000 -0.0012365141095278
32.37000 -0.0012352306063752
32.39000 -0.0012339492245612
32.41000 -0.0012326699592056
32.43000 -0.0012313928055803
32.45000 -0.0012301177588755
32.47000 -0.0012288448143469
32.49000 -0.0012275739671595
32.51000 -0.0012263052126751
32.53000 -0.0012250385461954
32.55000 -0.0012237739629035
32.57000 -0.0012225114581811
32.59000 -0.0012212510273467
32.61000 -0.0012199926656498
32.63000 -0.0012187363685012
32.65000 -0.0012174821313050
32.67000 -0.0012162299493719
32.69000 -0.0012149798180822
32.71000 -0.0012137317328630
32.73000 -0.0012124856891022
32.75000 -0.0012112416822005
32.77000 -0.0012099997076586
32.79000 -0.0012087597609013
32.81000 -0.0012075218373394
32.83000 -0.0012062859325669
32.85000 -0.0012050520419906
32.87000 -0.0012038201610568
32.89000 -0.0012025902854099
32.91000 -0.0012013624105348
32.93000 -0.0012001365318598
32.95000 -0.0011989126450663
32.97000 -0.0011976907457576
32.99000 -0.0011964708293767
33.01000 -0.0011952528915749
33.03000 -0.0011940369279464
33.05000 -0.0011928229341446
33.07000 -0.0011916109057724
33.09000 -0.0011904008384158
33.11000 -0.0011891927278595
33.13000 -0.0011879865696246
33.15000 -0.0011867823594388
33.17000 -0.0011855800930659
33.19000 -0.0011843797661019
33.21000 -0.0011831813743363
33.23000 -0.0011819849134239
33.25000 -0.0011807903791525
33.27000 -0.0011795977672688
33.29000 -0.0011784070735159
33.31000 -0.0011772182936594
33.33000 -0.0011760314235244
33.35000 -0.0011748464588869
33.37000 -0.0011736633955638
33.39000 -0.0011724822293231
33.41000 -0.0011713029560543
33.43000 -0.0011701255716287
33.45000 -0.0011689500718254
33.47000 -0.0011677764525352
33.49000 -0.0011666047096723
33.51000 -0.0011654348390989
33.53000 -0.0011642668367165
33.55000 -0.0011631006984510
33.57000 -0.0011619364201711
33.59000 -0.0011607739978988
33.61000 -0.0011596134275433
33.63000 -0.0011584547050268
33.65000 -0.0011572978263851
33.67000 -0.0011561427875807
33.69000 -0.0011549895845422
33.71000 -0.0011538382133615
33.73000 -0.0011526886699898
33.75000 -0.0011515409504751
33.77000 -0.0011503950508890
33.79000 -0.0011492509672209
33.81000 -0.0011481086955073
33.83000 -0.0011469682318852
33.85000 -0.0011458295724768
33.87000 -0.0011446927132402
33.89000 -0.0011435576503267
33.91000 -0.0011424243799146
33.93000 -0.0011412928980350
33.95000 -0.0011401632008189
33.97000 -0.0011390352845602
33.99000 -0.0011379091452649
34.01000 -0.0011367847791236
34.03000 -0.0011356621823609
34.05000 -0.0011345413510672
34.07000 -0.0011334222815297
34.09000 -0.0011323049699455
34.11000 -0.0011311894125103
34.13000 -0.0011300756054537
34.15000 -0.0011289635450219
34.17000 -0.0011278532274220
34.19000 -0.0011267446489718
34.21000 -0.0011256378059627
34.23000 -0.0011245326945452
34.25000 -0.0011234293111162
34.27000 -0.0011223276519839
34.29000 -0.0011212277133696
34.31000 -0.0011201294916843
34.33000 -0.0011190329832402
34.35000 -0.0011179381843246
34.37000 -0.0011168450912909
34.39000 -0.0011157537005405
34.41000 -0.0011146640084965
34.43000 -0.0011135760113978
34.45000 -0.0011124897056735
34.47000 -0.0011114050878307
34.49000 -0.0011103221541480
34.51000 -0.0011092409011323
34.53000 -0.0011081613251642
34.55000 -0.0011070834226612
34.57000 -0.0011060071901429
34.59000 -0.0011049326240221
34.61000 -0.0011038597207037
34.63000 -0.0011027884767785
34.65000 -0.0011017188886758
34.67000 -0.0011006509528478
34.69000 -0.0010995846659252
34.71000 -0.0010985200243110
34.73000 -0.0010974570245077
34.75000 -0.0010963956631173
34.77000 -0.0010953359367166
34.79000 -0.0010942778417636
34.81000 -0.0010932213747976
34.83000 -0.0010921665325371
34.85000 -0.0010911133114349
34.87000 -0.0010900617080603
34.89000 -0.0010890117191662
34.91000 -0.0010879633412209
34.93000 -0.0010869165707944
34.95000 -0.0010858714046259
34.97000 -0.0010848278393630
34.99000 -0.0010837858715641
35.01000 -0.0010827454978898
35.03000 -0.0010817067150605
35.05000 -0.0010806695197205
35.07000 -0.0010796339084673
35.09000 -0.0010785998780842
35.11000 -0.0010775674252563
35.13000 -0.0010765365466385
35.15000 -0.0010755072389841
35.17000 -0.0010744794989977
35.19000 -0.0010734533233978
35.21000 -0.0010724287089387
35.23000 -0.0010714056524304
35.25000 -0.0010703841505074
35.27000 -0.0010693641999792
35.29000 -0.0010683457976670
35.31000 -0.0010673289403260
35.33000 -0.0010663136247226
35.35000 -0.0010652998476585
35.37000 -0.0010642876059672
35.39000 -0.0010632768964560
35.41000 -0.0010622677159530
35.43000 -0.0010612600612684
35.45000 -0.0010602539292107
35.47000 -0.0010592493167573
35.49000 -0.0010582462206658
35.51000 -0.0010572446377541
35.53000 -0.0010562445649948
35.55000 -0.0010552459992302
35.57000 -0.0010542489374034
35.59000 -0.0010532533763153
35.61000 -0.0010522593129241
35.63000 -0.0010512667441205
35.65000 -0.0010502756668887
35.67000 -0.0010492860781208
35.69000 -0.0010482979747003
35.71000 -0.0010473113536710
35.73000 -0.0010463262119219
35.75000 -0.0010453425464634
35.77000 -0.0010443603542225
35.79000 -0.0010433796321468
35.81000 -0.0010424003773262
35.83000 -0.0010414225866918
35.85000 -0.0010404462572320
35.87000 -0.0010394713859885
35.89000 -0.0010384979699482
35.91000 -0.0010375260061800
35.93000 -0.0010365554917216
35.95000 -0.0010355864234939
35.97000 -0.0010346187986661
35.99000 -0.0010336526143048
36.01000 -0.0010326878673893
36.03000 -0.0010317245550477
36.05000 -0.0010307626743544
36.07000 -0.0010298022223561
36.09000 -0.0010288431961735
36.11000 -0.0010278855929320
36.13000 -0.0010269294096955
36.15000 -0.0010259746436393
36.17000 -0.0010250212918433
36.19000 -0.0010240693514123
36.21000 -0.0010231188195134
36.23000 -0.0010221696933056
36.25000 -0.0010212219699440
36.27000 -0.0010202756466156
36.29000 -0.0010193307204100
36.31000 -0.0010183871885290
36.33000 -0.0010174450481915
36.35000 -0.0010165042965515
36.37000 -0.0010155649308595
36.39000 -0.0010146269482224
36.41000 -0.0010136903459169
36.43000 -0.0010127551211943
36.45000 -0.0010118212712098
36.47000 -0.0010108887932076
36.49000 -0.0010099576844685
36.51000 -0.0010090279422195
36.53000 -0.0010080995636753
36.55000 -0.0010071725461625
36.57000 -0.0010062468868783
36.59000 -0.0010053225831974
36.61000 -0.0010043996322925
36.63000 -0.0010034780314900
36.65000 -0.0010025577781171
36.67000 -0.0010016388694393
36.69000 -0.0010007213028038
36.71000 -0.0009998050754471
36.73000 -0.0009988901848006
36.75000 -0.0009979766281420
36.77000 -0.0009970644027838
36.79000 -0.0009961535060681
36.81000 -0.0009952439354251
36.83000 -0.0009943356881169
36.85000 -0.0009934287614887
36.87000 -0.0009925231530260
36.89000 -0.0009916188600666
36.91000 -0.0009907158799380
36.93000 -0.0009898142100586
36.95000 -0.0009889138478542
36.97000 -0.0009880147906663
36.99000 -0.0009871170359603
37.01000 -0.0009862205811159
37.03000 -0.0009853254235712
37.05000 -0.0009844315607595
37.07000 -0.0009835389901623
37.09000 -0.0009826477091242
37.11000 -0.0009817577151127
37.13000 -0.0009808690056803
37.15000 -0.0009799815781480
37.17000 -0.0009790954300992
37.19000 -0.0009782105589548
37.21000 -0.0009773269621700
37.23000 -0.0009764446372832
37.25000 -0.0009755635817964
37.27000 -0.0009746837931715
37.29000 -0.0009738052688699
37.31000 -0.0009729280064802
37.33000 -0.0009720520034676
37.35000 -0.0009711772574496
37.37000 -0.0009703037658744
37.39000 -0.0009694315262328
37.41000 -0.0009685605362147
37.43000 -0.0009676907932354
37.45000 -0.0009668222948312
37.47000 -0.0009659550387064
37.49000 -0.0009650890223577
37.51000 -0.0009642242433000
37.53000 -0.0009633606991748
37.55000 -0.0009624983876036
37.57000 -0.0009616373060765
37.59000 -0.0009607774521986
37.61000 -0.0009599188236452
37.63000 -0.0009590614180697
37.65000 -0.0009582052329532
37.67000 -0.0009573502659139
37.69000 -0.0009564965147081
37.71000 -0.0009556439768954
37.73000 -0.0009547926501134
37.75000 -0.0009539425319671
37.77000 -0.0009530936201724
37.79000 -0.0009522459123951
37.81000 -0.0009513994062318
37.83000 -0.0009505540993963
37.85000 -0.0009497099895491
37.87000 -0.0009488670742826
37.89000 -0.0009480253514369
37.91000 -0.0009471848186750
37.93000 -0.0009463454735414
37.95000 -0.0009455073138830
37.97000 -0.0009446703373809
37.99000 -0.0009438345417449
38.01000 -0.0009429999246450
38.03000 -0.0009421664838072
38.05000 -0.0009413342170800
38.07000 -0.0009405031220935
38.09000 -0.0009396731965479
38.11000 -0.0009388444383101
38.13000 -0.0009380168450472
38.15000 -0.0009371904144888
38.17000 -0.0009363651445430
38.19000 -0.0009355410328295
38.21000 -0.0009347180771910
38.23000 -0.0009338962753613
38.25000 -0.0009330756251507
38.27000 -0.0009322561244017
38.29000 -0.0009314377708369
38.31000 -0.0009306205622452
38.33000 -0.0009298044964612
38.35000 -0.0009289895713616
38.37000 -0.0009281757846567
38.39000 -0.0009273631342394
38.41000 -0.0009265516178882
38.43000 -0.0009257412334619
38.45000 -0.0009249319788011
38.47000 -0.0009241238517073
38.49000 -0.0009233168501130
38.51000 -0.0009225109718025
38.53000 -0.0009217062146338
38.55000 -0.0009209025765031
38.57000 -0.0009201000552994
38.59000 -0.0009192986487995
38.61000 -0.0009184983549239
38.63000 -0.0009176991716722
38.65000 -0.0009169010968143
38.67000 -0.0009161041282229
38.69000 -0.0009153082638412
38.71000 -0.0009145135015911
38.73000 -0.0009137198394210
38.75000 -0.0009129272751312
38.77000 -0.0009121358067024
38.79000 -0.0009113454321148
38.81000 -0.0009105561491969
38.83000 -0.0009097679559337
38.85000 -0.0009089808502393
38.87000 -0.0009081948300590
38.89000 -0.0009074098934270
38.91000 -0.0009066260381994
38.93000 -0.0009058432623560
38.95000 -0.0009050615639006
38.97000 -0.0009042809407608
38.99000 -0.0009035013909103
39.01000 -0.0009027229123322
39.03000 -0.0009019455030204
39.05000 -0.0009011691609676
39.07000 -0.0009003938841994
39.09000 -0.0008996196706351
39.11000 -0.0008988465183001
39.13000 -0.0008980744252335
39.15000 -0.0008973033894352
39.17000 -0.0008965334089324
39.19000 -0.0008957644816974
39.21000 -0.0008949966058002
39.23000 -0.0008942297793053
39.25000 -0.0008934640001753
39.27000 -0.0008926992664523
39.29000 -0.0008919355762371
39.31000 -0.0008911729276004
39.33000 -0.0008904113184706
39.35000 -0.0008896507469944
39.37000 -0.0008888912112416
39.39000 -0.0008881327093223
39.41000 -0.0008873752391840
39.43000 -0.0008866187989381
39.45000 -0.0008858633867830
39.47000 -0.0008851090006523
39.49000 -0.0008843556387117
39.51000 -0.0008836032991125
39.53000 -0.0008828519798611
39.55000 -0.0008821016790403
39.57000 -0.0008813523948591
39.59000 -0.0008806041253556
39.61000 -0.0008798568686679
39.63000 -0.0008791106229522
39.65000 -0.0008783653863163
39.67000 -0.0008776211568551
39.69000 -0.0008768779327570
39.71000 -0.0008761357120975
39.73000 -0.0008753944930469
39.75000 -0.0008746542738031
39.77000 -0.0008739150524681
39.79000 -0.0008731768272180
39.81000 -0.0008724395961688
39.83000 -0.0008717033575615
39.85000 -0.0008709681095361
39.87000 -0.0008702338501975
39.89000 -0.0008695005778117
39.91000 -0.0008687682905486
39.93000 -0.0008680369865961
39.95000 -0.0008673066641170
39.97000 -0.0008665773212976
39.99000 -0.0008658489563819
40.01000 -0.0008651215675664
40.03000 -0.0008643951530206
40.05000 -0.0008636697109511
40.07000 -0.0008629452396861
40.09000 -0.0008622217373159
40.11000 -0.0008614992020696
40.13000 -0.0008607776322822
40.15000 -0.0008600570260961
40.17000 -0.0008593373817475
40.19000 -0.0008586186975628
40.21000 -0.0008579009717263
40.23000 -0.0008571842024541
40.25000 -0.0008564683880123
40.27000 -0.0008557535267321
40.29000 -0.0008550396168322
40.31000 -0.0008543266565292
40.33000 -0.0008536146441362
40.35000 -0.0008529035779727
40.37000 -0.0008521934562258
40.39000 -0.0008514842771686
40.41000 -0.0008507760392033
40.43000 -0.0008500687405488
40.45000 -0.0008493623795371
40.47000 -0.0008486569543552
40.49000 -0.0008479524633628
40.51000 -0.0008472489049306
40.53000 -0.0008465462772968
40.55000 -0.0008458445788015
40.57000 -0.0008451438077517
40.59000 -0.0008444439624682
40.61000 -0.0008437450413081
40.63000 -0.0008430470425370
40.65000 -0.0008423499644803
40.67000 -0.0008416538055408
40.69000 -0.0008409585640653
40.71000 -0.0008402642383417
40.73000 -0.0008395708267258
40.75000 -0.0008388783275651
40.77000 -0.0008381867392353
40.79000 -0.0008374960601479
40.81000 -0.0008368062885312
40.83000 -0.0008361174228090
40.85000 -0.0008354294614157
40.87000 -0.0008347424026722
40.89000 -0.0008340562449696
40.91000 -0.0008333709866564
40.93000 -0.0008326866261670
40.95000 -0.0008320031618129
40.97000 -0.0008313205920491
40.99000 -0.0008306389153183
41.01000 -0.0008299581299005
41.03000 -0.0008292782342625
41.05000 -0.0008285992268488
41.07000 -0.0008279211059605
41.09000 -0.0008272438700972
41.11000 -0.0008265675176998
41.13000 -0.0008258920470836
41.15000 -0.0008252174567697
41.17000 -0.0008245437451393
41.19000 -0.0008238709106856
41.21000 -0.0008231989517582
41.23000 -0.0008225278667658
41.25000 -0.0008218576543001
41.27000 -0.0008211883126926
41.29000 -0.0008205198404271
41.31000 -0.0008198522359837
41.33000 -0.0008191854977874
41.35000 -0.0008185196242581
41.37000 -0.0008178546138699
41.39000 -0.0008171904652050
41.41000 -0.0008165271766065
41.43000 -0.0008158647465456
41.45000 -0.0008152031736294
41.47000 -0.0008145424561964
41.49000 -0.0008138825927453
41.51000 -0.0008132235818944
41.53000 -0.0008125654220446
41.55000 -0.0008119081116343
41.57000 -0.0008112516491995
41.59000 -0.0008105960333009
41.61000 -0.0008099412624142
41.63000 -0.0008092873349886
41.65000 -0.0008086342495909
41.67000 -0.0008079820047553
41.69000 -0.0008073305988922
41.71000 -0.0008066800306149
41.73000 -0.0008060302985096
41.75000 -0.0008053814009634
41.77000 -0.0008047333365699
41.79000 -0.0008040861039303
41.81000 -0.0008034397014022
41.83000 -0.0008027941276442
41.85000 -0.0008021493812586
41.87000 -0.0008015054606968
41.89000 -0.0008008623645358
41.91000 -0.0008002200913210
41.93000 -0.0007995786396575
41.95000 -0.0007989380080116
41.97000 -0.0007982981950517
41.99000 -0.0007976591993135
42.01000 -0.0007970210192465
42.03000 -0.0007963836536110
42.05000 -0.0007957471008874
42.07000 -0.0007951113596482
42.09000 -0.0007944764284867
42.11000 -0.0007938423059818
42.13000 -0.0007932089907550
42.15000 -0.0007925764814075
42.17000 -0.0007919447764477
42.19000 -0.0007913138745031
42.21000 -0.0007906837742782
42.23000 -0.0007900544742702
42.25000 -0.0007894259730802
42.27000 -0.0007887982693753
42.29000 -0.0007881713617837
42.31000 -0.0007875452488383
42.33000 -0.0007869199291903
42.35000 -0.0007862954014938
42.37000 -0.0007856716643810
42.39000 -0.0007850487164346
42.41000 -0.0007844265562976
42.43000 -0.0007838051826201
42.45000 -0.0007831845940220
42.47000 -0.0007825647891966
42.49000 -0.0007819457667059
42.51000 -0.0007813275252267
42.53000 -0.0007807100634583
42.55000 -0.0007800933799984
42.57000 -0.0007794774734861
42.59000 -0.0007788623426524
42.61000 -0.0007782479860970
42.63000 -0.0007776344024658
42.65000 -0.0007770215905457
42.67000 -0.0007764095488591
42.69000 -0.0007757982761434
42.71000 -0.0007751877710994
42.73000 -0.0007745780323961
42.75000 -0.0007739690586842
42.77000 -0.0007733608486050
42.79000 -0.0007727534009721
42.81000 -0.0007721467144209
42.83000 -0.0007715407875796
42.85000 -0.0007709356192078
42.87000 -0.0007703312080120
42.89000 -0.0007697275526801
42.91000 -0.0007691246518817
42.93000 -0.0007685225043707
42.95000 -0.0007679211088049
42.97000 -0.0007673204639758
42.99000 -0.0007667205685624
43.01000 -0.0007661214212082
43.03000 -0.0007655230208018
43.05000 -0.0007649253659053
43.07000 -0.0007643284552793
43.09000 -0.0007637322877080
43.11000 -0.0007631368619173
43.13000 -0.0007625421765959
43.15000 -0.0007619482305033
43.17000 -0.0007613550223938
43.19000 -0.0007607625510012
43.21000 -0.0007601708151071
43.23000 -0.0007595798133078
43.25000 -0.0007589895445418
43.27000 -0.0007584000075656
43.29000 -0.0007578112009675
43.31000 -0.0007572231235948
43.33000 -0.0007566357742228
43.35000 -0.0007560491516398
43.37000 -0.0007554632545852
43.39000 -0.0007548780818403
43.41000 -0.0007542936320924
43.43000 -0.0007537099041884
43.45000 -0.0007531268969703
43.47000 -0.0007525446091399
43.49000 -0.0007519630394449
43.51000 -0.0007513821867326
43.53000 -0.0007508020498307
43.55000 -0.0007502226274617
43.57000 -0.0007496439183681
43.59000 -0.0007490659214574
43.61000 -0.0007484886355350
43.63000 -0.0007479120592654
43.65000 -0.0007473361915682
43.67000 -0.0007467610312362
43.69000 -0.0007461865770483
43.71000 -0.0007456128278486
43.73000 -0.0007450397824042
43.75000 -0.0007444674395704
43.77000 -0.0007438957981395
43.79000 -0.0007433248569706
43.81000 -0.0007427546148540
43.83000 -0.0007421850706444
43.85000 -0.0007416162231287
43.87000 -0.0007410480711299
43.89000 -0.0007404806136366
43.91000 -0.0007399138492802
43.93000 -0.0007393477769506
43.95000 -0.0007387823955988
43.97000 -0.0007382177039162
43.99000 -0.0007376537008946
44.01000 -0.0007370903853348
44.03000 -0.0007365277559867
44.05000 -0.0007359658118202
44.07000 -0.0007354045516730
44.09000 -0.0007348439743460
44.11000 -0.0007342840787483
44.13000 -0.0007337248638000
44.15000 -0.0007331663282662
44.17000 -0.0007326084710106
44.19000 -0.0007320512909414
44.21000 -0.0007314947870194
44.23000 -0.0007309389579993
44.25000 -0.0007303838027307
44.27000 -0.0007298293202387
44.29000 -0.0007292755093126
44.31000 -0.0007287223687909
44.33000 -0.0007281698976325
44.35000 -0.0007276180947574
44.37000 -0.0007270669590571
44.39000 -0.0007265164892723
44.41000 -0.0007259666844355
44.43000 -0.0007254175434872
44.45000 -0.0007248690652172
44.47000 -0.0007243212485560
44.49000 -0.0007237740924515
44.51000 -0.0007232275957828
44.53000 -0.0007226817574205
44.55000 -0.0007221365763954
44.57000 -0.0007215920515414
44.59000 -0.0007210481817285
44.61000 -0.0007205049659433
44.63000 -0.0007199624030664
44.65000 -0.0007194204920909
44.67000 -0.0007188792319404
44.69000 -0.0007183386214499
44.71000 -0.0007177986596112
44.73000 -0.0007172593453333
44.75000 -0.0007167206775899
44.77000 -0.0007161826552982
44.79000 -0.0007156452773736
44.81000 -0.0007151085427915
44.83000 -0.0007145724504910
44.85000 -0.0007140369994069
44.87000 -0.0007135021884793
44.89000 -0.0007129680167128
44.91000 -0.0007124344830270
44.93000 -0.0007119015863110
44.95000 -0.0007113693255874
44.97000 -0.0007108376998581
44.99000 -0.0007103067079832
45.01000 -0.0007097763489679
45.03000 -0.0007092466218325
45.05000 -0.0007087175254821
45.07000 -0.0007081890589021
45.09000 -0.0007076612211269
45.11000 -0.0007071340109486
45.13000 -0.0007066074275152
45.15000 -0.0007060814698414
45.17000 -0.0007055561367196
45.19000 -0.0007050314272611
45.21000 -0.0007045073404498
45.23000 -0.0007039838752121
45.25000 -0.0007034610305808
45.27000 -0.0007029388055766
45.29000 -0.0007024171991109
45.31000 -0.0007018962102222
45.33000 -0.0007013758379218
45.35000 -0.0007008560812250
45.37000 -0.0007003369390829
45.39000 -0.0006998184105007
45.41000 -0.0006993004945482
45.43000 -0.0006987831901475
45.45000 -0.0006982664963299
45.47000 -0.0006977504121858
45.49000 -0.0006972349366337
45.51000 -0.0006967200687086
45.53000 -0.0006962058074360
45.55000 -0.0006956921519289
45.57000 -0.0006951791010752
45.59000 -0.0006946666539208
45.61000 -0.0006941548095394
45.63000 -0.0006936435669253
45.65000 -0.0006931329251583
45.67000 -0.0006926228831969
45.69000 -0.0006921134401378
45.71000 -0.0006916045949621
45.73000 -0.0006910963467383
45.75000 -0.0006905886945221
45.77000 -0.0006900816373225
45.79000 -0.0006895751741918
45.81000 -0.0006890693041716
45.83000 -0.0006885640263310
45.85000 -0.0006880593397172
45.87000 -0.0006875552433540
45.89000 -0.0006870517363298
45.91000 -0.0006865488176878
45.93000 -0.0006860464864446
45.95000 -0.0006855447416942
45.97000 -0.0006850435824829
45.99000 -0.0006845430079214
46.01000 -0.0006840430170684
46.03000 -0.0006835436089392
46.05000 -0.0006830447825547
46.07000 -0.0006825465371187
46.09000 -0.0006820488716695
46.11000 -0.0006815517851867
46.13000 -0.0006810552768650
46.15000 -0.0006805593456653
46.17000 -0.0006800639908129
46.19000 -0.0006795692112613
46.21000 -0.0006790750061172
46.23000 -0.0006785813745438
46.25000 -0.0006780883155526
46.27000 -0.0006775958282642
46.29000 -0.0006771039117180
46.31000 -0.0006766125650829
46.33000 -0.0006761217874308
46.35000 -0.0006756315778330
46.37000 -0.0006751419353657
46.39000 -0.0006746528592005
46.41000 -0.0006741643484227
46.43000 -0.0006736764020879
46.45000 -0.0006731890193020
46.47000 -0.0006727021992225
46.49000 -0.0006722159409417
46.51000 -0.0006717302435860
46.53000 -0.0006712451062577
46.55000 -0.0006707605279790
46.57000 -0.0006702765080208
46.59000 -0.0006697930454034
46.61000 -0.0006693101392572
46.63000 -0.0006688277887299
46.65000 -0.0006683459929369
46.67000 -0.0006678647510048
46.69000 -0.0006673840620108
46.71000 -0.0006669039252010
46.73000 -0.0006664243395781
46.75000 -0.0006659453043340
46.77000 -0.0006654668186140
46.79000 -0.0006649888814650
46.81000 -0.0006645114922025
46.83000 -0.0006640346498013
46.85000 -0.0006635583534395
46.87000 -0.0006630826023147
46.89000 -0.0006626073954860
46.91000 -0.0006621327322106
46.93000 -0.0006616586115588
46.95000 -0.0006611850326561
46.97000 -0.0006607119946806
46.99000 -0.0006602394968374
47.01000 -0.0006597675382468
47.03000 -0.0006592961180462
47.05000 -0.0006588252353718
47.07000 -0.0006583548894145
47.09000 -0.0006578850793610
47.11000 -0.0006574158043264
47.13000 -0.0006569470635483
47.15000 -0.0006564788560942
47.17000 -0.0006560111811766
47.19000 -0.0006555440379839
47.21000 -0.0006550774256591
47.23000 -0.0006546113433909
47.25000 -0.0006541457903240
47.27000 -0.0006536807657039
47.29000 -0.0006532162685850
47.31000 -0.0006527522982755
47.33000 -0.0006522888539487
47.35000 -0.0006518259346567
47.37000 -0.0006513635397074
47.39000 -0.0006509016682528
47.41000 -0.0006504403194350
47.43000 -0.0006499794925475
47.45000 -0.0006495191866787
47.47000 -0.0006490594010104
47.49000 -0.0006486001348443
47.51000 -0.0006481413872972
47.53000 -0.0006476831576011
47.55000 -0.0006472254449221
47.57000 -0.0006467682484340
47.59000 -0.0006463115674118
47.61000 -0.0006458554010306
47.63000 -0.0006453997484572
47.65000 -0.0006449446089587
47.67000 -0.0006444899817090
47.69000 -0.0006440358659314
47.71000 -0.0006435822607887
47.73000 -0.0006431291654931
47.75000 -0.0006426765794277
47.77000 -0.0006422245016055
47.79000 -0.0006417729312774
47.81000 -0.0006413218677468
47.83000 -0.0006408713101563
47.85000 -0.0006404212577504
47.87000 -0.0006399717098189
47.89000 -0.0006395226654547
47.91000 -0.0006390741239658
47.93000 -0.0006386260846352
47.95000 -0.0006381785464885
47.97000 -0.0006377315090153
47.99000 -0.0006372849713114
48.01000 -0.0006368389325643
48.03000 -0.0006363933921006
48.05000 -0.0006359483491355
48.07000 -0.0006355038029048
48.09000 -0.0006350597525887
48.11000 -0.0006346161975178
48.13000 -0.0006341731368865
48.15000 -0.0006337305699673
48.17000 -0.0006332884959437
48.19000 -0.0006328469141195
48.21000 -0.0006324058237532
48.23000 -0.0006319652240654
48.25000 -0.0006315251142590
48.27000 -0.0006310854937323
48.29000 -0.0006306463615884
48.31000 -0.0006302077170767
48.33000 -0.0006297695596358
48.35000 -0.0006293318883754
48.37000 -0.0006288947025531
48.39000 -0.0006284580014679
48.41000 -0.0006280217844135
48.43000 -0.0006275860505665
48.45000 -0.0006271507992746
48.47000 -0.0006267160297840
48.49000 -0.0006262817413313
48.51000 -0.0006258479332033
48.53000 -0.0006254146046824
48.55000 -0.0006249817550651
48.57000 -0.0006245493835989
48.59000 -0.0006241174895045
48.61000 -0.0006236860721123
48.63000 -0.0006232551307349
48.65000 -0.0006228246646211
48.67000 -0.0006223946730292
48.69000 -0.0006219651552815
48.71000 -0.0006215361105847
48.73000 -0.0006211075383250
48.75000 -0.0006206794377238
48.77000 -0.0006202518080552
48.79000 -0.0006198246486856
48.81000 -0.0006193979588347
48.83000 -0.0006189717378394
48.85000 -0.0006185459849677
48.87000 -0.0006181206995080
48.89000 -0.0006176958807987
48.91000 -0.0006172715281166
48.93000 -0.0006168476406548
48.95000 -0.0006164242178595
48.97000 -0.0006160012590221
48.99000 -0.0006155787633837
49.01000 -0.0006151567302683
49.03000 -0.0006147351589624
49.05000 -0.0006143140488097
49.07000 -0.0006138933990980
49.09000 -0.0006134732091080
49.11000 -0.0006130534782118
49.13000 -0.0006126342057132
49.15000 -0.0006122153908514
49.17000 -0.0006117970330346
49.19000 -0.0006113791315386
49.21000 -0.0006109616856225
49.23000 -0.0006105446947262
49.25000 -0.0006101281580659
49.27000 -0.0006097120749728
49.29000 -0.0006092964449056
49.31000 -0.0006088812669848
49.33000 -0.0006084665406685
49.35000 -0.0006080522652312
49.37000 -0.0006076384399568
49.39000 -0.0006072250643358
49.41000 -0.0006068121375428
49.43000 -0.0006063996589528
49.45000 -0.0006059876279414
49.47000 -0.0006055760437779
49.49000 -0.0006051649057877
49.51000 -0.0006047542133803
49.53000 -0.0006043439659279
49.55000 -0.0006039341625851
49.57000 -0.0006035248028045
49.59000 -0.0006031158860399
49.61000 -0.0006027074114279
49.63000 -0.0006022993784474
49.65000 -0.0006018917864057
49.67000 -0.0006014846346075
49.69000 -0.0006010779224946
49.71000 -0.0006006716493367
49.73000 -0.0006002658144705
49.75000 -0.0005998604172849
49.77000 -0.0005994554572089
49.79000 -0.0005990509334977
49.81000 -0.0005986468454820
49.83000 -0.0005982431925503
49.85000 -0.0005978399740838
49.87000 -0.0005974371894937
49.89000 -0.0005970348380130
49.91000 -0.0005966329190625
49.93000 -0.0005962314320264
49.95000 -0.0005958303762602
49.97000 -0.0005954297510741
49.99000 -0.0005950295559178
50.01000 -0.0005946297901044
50.03000 -0.0005942304529930
50.05000 -0.0005938315440182
50.07000 -0.0005934330624691
50.09000 -0.0005930350077098
50.11000 -0.0005926373793539
50.13000 -0.0005922401759483
50.15000 -0.0005918433997625
50.17000 -0.0005914470394654
50.19000 -0.0005910511344191
50.21000 -0.0005906555348779
50.23000 -0.0005904579305858
50.25000 -0.0005900635291468
