0.25000 -30.3267600456366679
0.27000 -25.4525023984682868
0.29000 -25.3856228056954798
0.31000 -21.3230110808332576
0.33000 -17.9549112170802658
0.35000 -15.1565583642207127
0.37000 -12.8322138169102029
0.39000 -10.8970280295963313
0.41000 -9.2820663367496294
0.43000 -7.9303301571374840
0.45000 -6.7953776971850628
0.47000 -5.8393176570467267
0.49000 -5.0312820872799993
0.51000 -4.3460915203447552
0.53000 -3.7631739221339360
0.55000 -3.2656797401910711
0.57000 -2.8397749467901776
0.59000 -2.4740615970923754
0.61000 -2.1591280385100760
0.63000 -1.8871662505504789
0.65000 -1.6516916320717669
0.67000 -1.4472861723595818
0.69000 -1.2694219893893273
0.71000 -1.1142919294300155
0.73000 -0.9786957679297724
0.75000 -0.8599189531608802
0.77000 -0.7556758947930657
0.79000 -0.6640119308391179
0.81000 -0.5832670149391594
0.83000 -0.5120199882010258
0.85000 -0.4490573508904537
0.87000 -0.3933305161830705
0.89000 -0.3439407327359793
0.91000 -0.3001131230844177
0.93000 -0.2611719394592094
0.95000 -0.2265333690941567
0.97000 -0.1956934067841078
0.99000 -0.1682110732383405
1.01000 -0.1436989311996475
1.03000 -0.1218206848636420
1.05000 -0.1022787273437011
1.07000 -0.0848156357777010
1.09000 -0.0692071677362132
1.11000 -0.0552468562363175
1.13000 -0.0427593543312598
1.15000 -0.0315890056064883
1.17000 -0.0215959754163927
1.19000 -0.0126577251906059
1.21000 -0.0046665869638899
1.23000 0.0024764084734693
1.25000 0.0088580065416242
1.27000 0.0145537920309459
1.29000 0.0196324388914681
1.31000 0.0241554883779332
1.33000 0.0281792553062076
1.35000 0.0317524153816209
1.37000 0.0349182254644429
1.39000 0.0377165604826165
1.41000 0.0401825503796906
1.43000 0.0423487720295721
1.45000 0.0442446896409265
1.47000 0.0458968389189726
1.49000 0.0473275329997946
1.51000 0.0485575343125294
1.53000 0.0496075753152886
1.55000 0.0504908493064356
1.57000 0.0512308181025804
1.59000 0.0518318219220812
1.61000 0.0523131930147784
1.63000 0.0526886712360712
1.65000 0.0529601355760134
1.67000 0.0531423203106266
1.69000 0.0532487817118376
1.71000 0.0532799902372890
1.73000 0.0532427285808666
1.75000 0.0531482895855505
1.77000 0.0530039367036689
1.79000 0.0528094677594571
1.81000 0.0525702362675952
1.83000 0.0522926195511512
1.85000 0.0519837996744895
1.87000 0.0516447552449210
1.89000 0.0512767723772484
1.91000 0.0508836713486449
1.93000 0.0504691987820531
1.95000 0.0500376257953535
1.97000 0.0495909903869274
1.99000 0.0491290889425890
2.01000 0.0486542468314024
2.03000 0.0481685260303108
2.05000 0.0476739306448417
2.07000 0.0471723964527021
2.09000 0.0466659505695434
2.11000 0.0461543708343837
2.13000 0.0456384558932682
2.15000 0.0451193870463704
2.17000 0.0445982312702667
2.19000 0.0440760787973985
2.21000 0.0435537203507391
2.23000 0.0430323563821791
2.25000 0.0425124032913301
2.27000 0.0419939054893565
2.29000 0.0414771999597783
2.31000 0.0409628387857084
2.33000 0.0404514134869199
2.35000 0.0399431545991882
2.37000 0.0394385682395716
2.39000 0.0389379444403273
2.41000 0.0384416815894216
2.43000 0.0379502654355990
2.45000 0.0374633181790540
2.47000 0.0369810850136173
2.49000 0.0365036655002269
2.51000 0.0360312786764373
2.53000 0.0355639304728285
2.55000 0.0351019101889917
2.57000 0.0346453092870657
2.59000 0.0341940151052031
2.61000 0.0337484753661424
2.63000 0.0333082749643873
2.65000 0.0328739434056480
2.67000 0.0324452304290360
2.69000 0.0320221379068615
2.71000 0.0316046525896188
2.73000 0.0311924541687945
2.75000 0.0307861020094197
2.77000 0.0303850764245041
2.79000 0.0299897623537900
2.81000 0.0295995470471488
2.83000 0.0292156079594041
2.85000 0.0288360227813922
2.87000 0.0284629713103700
2.89000 0.0280943878273413
2.91000 0.0277314114990763
2.93000 0.0273742184883630
2.95000 0.0270215188373502
2.97000 0.0266743640172512
2.99000 0.0263325347696006
3.01000 0.0259952487356718
3.03000 0.0256631581626564
3.05000 0.0253362143131398
3.07000 0.0250137053994792
3.09000 0.0246960318485423
3.11000 0.0243835019781100
3.13000 0.0240754119598211
3.15000 0.0237717056153960
3.17000 0.0234726915773175
3.19000 0.0231784430502110
3.21000 0.0228883712641061
3.23000 0.0226025159581524
3.25000 0.0223210805597868
3.27000 0.0220440872509530
3.29000 0.0217710680348639
3.31000 0.0215020846114934
3.33000 0.0212371803172060
3.35000 0.0209764984234380
3.37000 0.0207196089771720
3.39000 0.0204664455445587
3.41000 0.0202170722788178
3.43000 0.0199714912571420
3.45000 0.0197297803132199
3.47000 0.0194915595963518
3.49000 0.0192567516308038
3.51000 0.0190254491226963
3.53000 0.0187976624973589
3.55000 0.0185734232992230
3.57000 0.0183524683899349
3.59000 0.0181346695398918
3.61000 0.0179200685196968
3.63000 0.0177086670808541
3.65000 0.0175004720687211
3.67000 0.0172954184533142
3.69000 0.0170933404214021
3.71000 0.0168941515456267
3.73000 0.0166978821784560
3.75000 0.0165045032683257
3.77000 0.0163139881296029
3.79000 0.0161263361249155
3.81000 0.0159413666281823
3.83000 0.0157590633434630
3.85000 0.0155793857160800
3.87000 0.0154023066713654
3.89000 0.0152277931550713
3.91000 0.0150558371292698
3.93000 0.0148863740609984
3.95000 0.0147193155533056
3.97000 0.0145546559327317
3.99000 0.0143923071558906
4.01000 0.0142322870021541
4.03000 0.0140745038425781
4.05000 0.0139190488788269
4.07000 0.0137657371047003
4.09000 0.0136146939770249
4.11000 0.0134656083901919
4.13000 0.0133188122453572
4.15000 0.0131738445016798
4.17000 0.0130310901542106
4.19000 0.0128902197115040
4.21000 0.0127513216923123
4.23000 0.0126144920729413
4.25000 0.0124793890288940
4.27000 0.0123462352651151
4.29000 0.0122149481036257
4.31000 0.0120853462382807
4.33000 0.0119576029018048
4.35000 0.0118316219414940
4.37000 0.0117072549373684
4.39000 0.0115846868556715
4.41000 0.0114638115320843
4.43000 0.0113444696553678
4.45000 0.0112267752794386
4.47000 0.0111107314224555
4.49000 0.0109961678338572
4.51000 0.0108831241031789
4.53000 0.0107716486423664
4.55000 0.0106616433865764
4.57000 0.0105530641089068
4.59000 0.0104459523848043
4.61000 0.0103403033194401
4.63000 0.0102360131178265
4.65000 0.0101330636123840
4.67000 0.0100314821901114
4.69000 0.0099312762104169
4.71000 0.0098323338630693
4.73000 0.0097346440991232
4.75000 0.0096382472672407
4.77000 0.0095431383781951
4.79000 0.0094492265275322
4.81000 0.0093565113036311
4.83000 0.0092650003193373
4.85000 0.0091746850518793
4.87000 0.0090855128996419
4.89000 0.0089974638826119
4.91000 0.0089105264817399
4.93000 0.0088246985178545
4.95000 0.0087399703478016
4.97000 0.0086562895474281
4.99000 0.0085736529592366
5.01000 0.0084920477072883
5.03000 0.0084114852481945
5.05000 0.0083319449216008
5.07000 0.0082533762268561
5.09000 0.0081757719321875
5.11000 0.0080991275622858
5.13000 0.0080234464889563
5.15000 0.0079487046305247
5.17000 0.0078748629971787
5.19000 0.0078019134812368
5.21000 0.0077298517361298
5.23000 0.0076586734655895
5.25000 0.0075883799382596
5.27000 0.0075189246204199
5.29000 0.0074503013204550
5.31000 0.0073825132159965
5.33000 0.0073155254929486
5.35000 0.0072493741718321
5.37000 0.0071839792261987
5.39000 0.0071194169539978
5.41000 0.0070555510829744
5.43000 0.0069925045480430
5.45000 0.0069301358308499
5.47000 0.0068685605691202
5.49000 0.0068076972117743
5.51000 0.0067475228003253
5.53000 0.0066880886053581
5.55000 0.0066293110920097
5.57000 0.0065712346839925
5.59000 0.0065138461926029
5.61000 0.0064570992004687
5.63000 0.0064010316640275
5.65000 0.0063456087664888
5.67000 0.0062907965758460
5.69000 0.0062366416018455
5.71000 0.0061830943592969
5.73000 0.0061301472036845
5.75000 0.0060778248151157
5.77000 0.0060260888234964
5.79000 0.0059749214450545
5.81000 0.0059243391535915
5.83000 0.0058743364442747
5.85000 0.0058248785657992
5.87000 0.0057759797113486
5.89000 0.0057276475831300
5.91000 0.0056798389322319
5.93000 0.0056325569262247
5.95000 0.0055858049778241
5.97000 0.0055395691435194
5.99000 0.0054938382890168
6.01000 0.0054486110630016
6.03000 0.0054038965432007
6.05000 0.0053596681675455
6.07000 0.0053159083247128
6.09000 0.0052726279670008
6.11000 0.0052298270963059
6.13000 0.0051874828243687
6.15000 0.0051455905469150
6.17000 0.0051041553704792
6.19000 0.0050631726297596
6.21000 0.0050226271033442
6.23000 0.0049825109506643
6.25000 0.0049428249157835
6.27000 0.0049035672561488
6.29000 0.0048647182540317
6.31000 0.0048262785810130
6.33000 0.0047882472984280
6.35000 0.0047506244402311
6.37000 0.0047133947959968
6.39000 0.0046765552115466
6.41000 0.0046400996499332
6.43000 0.0046040264526798
6.45000 0.0045683320369407
6.47000 0.0045330038965334
6.49000 0.0044980381603878
6.51000 0.0044634339144376
6.53000 0.0044291940383123
6.55000 0.0043953058693573
6.57000 0.0043617656378161
6.59000 0.0043285627019003
6.61000 0.0042957049637786
6.63000 0.0042631760260812
6.65000 0.0042309883466728
6.67000 0.0041991084861331
6.69000 0.0041675711014849
6.71000 0.0041363307406311
6.73000 0.0041054283498402
6.75000 0.0040748189170566
6.77000 0.0040445244539380
6.79000 0.0040145340040402
6.81000 0.0039848326618154
6.83000 0.0039554411387111
6.85000 0.0039263301835311
6.87000 0.0038975094180637
6.89000 0.0038689780228138
6.91000 0.0038407158684320
6.93000 0.0038127431975105
6.95000 0.0037850454174167
6.97000 0.0037576125817608
6.99000 0.0037304526252201
7.01000 0.0037035535683782
7.03000 0.0036769118170442
7.05000 0.0036505369032461
7.07000 0.0036244142980734
7.09000 0.0035985369346038
7.11000 0.0035729155661278
7.13000 0.0035475373666438
7.15000 0.0035223982812992
7.17000 0.0034975052731467
7.19000 0.0034728512161274
7.21000 0.0034484269198787
7.23000 0.0034242368064594
7.25000 0.0034002770238351
7.27000 0.0033765380291761
7.29000 0.0033530238823197
7.31000 0.0033297356521848
7.33000 0.0033066636889560
7.35000 0.0032838044001076
7.37000 0.0032611608163635
7.39000 0.0032387288289154
7.41000 0.0032165030084894
7.43000 0.0031944842339658
7.45000 0.0031726720743410
7.47000 0.0031510599546140
7.49000 0.0031296442041679
7.51000 0.0031084260611614
7.53000 0.0030874045373111
7.55000 0.0030665729172363
7.57000 0.0030459303530621
7.59000 0.0030254775093610
7.61000 0.0030052109040284
7.63000 0.0029851267744664
7.65000 0.0029652232525166
7.67000 0.0029454998161776
7.69000 0.0029259556218244
7.71000 0.0029065857562923
7.73000 0.0028873894125763
7.75000 0.0028683648729070
7.77000 0.0028495101882184
7.79000 0.0028308228661005
7.81000 0.0028123000045804
7.83000 0.0027939421924812
7.85000 0.0027757476256096
7.87000 0.0027577143483828
7.89000 0.0027398361382725
7.91000 0.0027221179894262
7.93000 0.0027045507091742
7.95000 0.0026871446863475
7.97000 0.0026698820336166
7.99000 0.0026527770061006
8.01000 0.0026358126063430
8.03000 0.0026190035046167
8.05000 0.0026023348477684
8.07000 0.0025858101278485
8.09000 0.0025694296918998
8.11000 0.0025531849974271
8.13000 0.0025370856137433
8.15000 0.0025211204118687
8.17000 0.0025052907498893
8.19000 0.0024895994517731
8.21000 0.0024740375448596
8.23000 0.0024586103399814
8.25000 0.0024433128130788
8.27000 0.0024281414434263
8.29000 0.0024131010968019
8.31000 0.0023981864637664
8.33000 0.0023833957485340
8.35000 0.0023687307073444
8.37000 0.0023541864093852
8.39000 0.0023397624928853
8.41000 0.0023254607940670
8.43000 0.0023112768612193
8.45000 0.0022972087069794
8.47000 0.0022832585809135
8.49000 0.0022694222834412
8.51000 0.0022556987514545
8.53000 0.0022420900715308
8.55000 0.0022285925557290
8.57000 0.0022152038276456
8.59000 0.0022019249744145
8.61000 0.0021887541762991
8.63000 0.0021756890383577
8.65000 0.0021627307856866
8.67000 0.0021498781480981
8.69000 0.0021371277349018
8.71000 0.0021244796858816
8.73000 0.0021119344016431
8.75000 0.0020994895979370
8.77000 0.0020871434769885
8.79000 0.0020748963113863
8.81000 0.0020627470121287
8.83000 0.0020506933574166
8.85000 0.0020387350975077
8.87000 0.0020268726190834
8.89000 0.0020151035507940
8.91000 0.0020034262835968
8.93000 0.0019918410511591
8.95000 0.0019803476136553
8.97000 0.0019689438621416
8.99000 0.0019576285008200
9.01000 0.0019464016967156
9.03000 0.0019352629844309
9.05000 0.0019242098556425
9.07000 0.0019132420893119
9.09000 0.0019023599435025
9.11000 0.0018915617677693
9.13000 0.0018808468900284
9.15000 0.0018702134024195
9.17000 0.0018596627159318
9.19000 0.0018491915097900
9.21000 0.0018388020080947
9.23000 0.0018284886595399
9.25000 0.0018182574186681
9.27000 0.0018081009575735
9.29000 0.0017980241459198
9.31000 0.0017880202694715
9.33000 0.0017780940519153
9.35000 0.0017682421036650
9.37000 0.0017584636482759
9.39000 0.0017487601845952
9.41000 0.0017391271369717
9.43000 0.0017295679132582
9.45000 0.0017200794681071
9.47000 0.0017106603301895
9.49000 0.0017013127341185
9.51000 0.0016920330676041
9.53000 0.0016828231198633
9.55000 0.0016736813939743
9.57000 0.0016646055761513
9.59000 0.0016555976006515
9.61000 0.0016466554296722
9.63000 0.0016377783575045
9.65000 0.0016289669042477
9.67000 0.0016202189592404
9.69000 0.0016115345082927
9.71000 0.0016029143756931
9.73000 0.0015943559796237
9.75000 0.0015858590358038
9.77000 0.0015774243492782
9.79000 0.0015690497240720
9.81000 0.0015607352233926
9.83000 0.0015524813463778
9.85000 0.0015442861460146
9.87000 0.0015361491680077
9.89000 0.0015280709888115
9.91000 0.0015200501720751
9.93000 0.0015120859280134
9.95000 0.0015041786255848
9.97000 0.0014963272687285
9.99000 0.0014885310141317
10.01000 0.0014807901536444
10.03000 0.0014731040374911
10.05000 0.0014654715430572
10.07000 0.0014578924359757
10.09000 0.0014503667859073
10.11000 0.0014428934909152
10.13000 0.0014354722861186
10.15000 0.0014281031397491
10.17000 0.0014207849706923
10.19000 0.0014135173557102
10.21000 0.0014063001644906
10.23000 0.0013991331670263
10.25000 0.0013920153593463
10.27000 0.0013849463245154
10.29000 0.0013779259684654
10.31000 0.0013709538588744
10.33000 0.0013640293595093
10.35000 0.0013571522308221
10.37000 0.0013503222152586
10.39000 0.0013435386500329
10.41000 0.0013368006712757
10.43000 0.0013301088735001
10.45000 0.0013234622320395
10.47000 0.0013168609526668
10.49000 0.0013103030162970
10.51000 0.0013037906471114
10.53000 0.0012973207499991
10.55000 0.0012908956089665
10.57000 0.0012845119155084
10.59000 0.0012781723259895
10.61000 0.0012718741949682
10.63000 0.0012656182407182
10.65000 0.0012594038371315
10.67000 0.0012532302315291
10.69000 0.0012470986802208
10.71000 0.0012410065449754
10.73000 0.0012349550754879
10.75000 0.0012289435306206
10.77000 0.0012229711955751
10.79000 0.0012170385530700
10.81000 0.0012111441579157
10.83000 0.0012052885615636
10.85000 0.0011994715992669
10.87000 0.0011936919432076
10.89000 0.0011879502034937
10.91000 0.0011822456660379
10.93000 0.0011765778697680
10.95000 0.0011709473820426
10.97000 0.0011653528982052
10.99000 0.0011597941983101
11.01000 0.0011542718455817
11.03000 0.0011487846762314
11.05000 0.0011433326048242
11.07000 0.0011379157573357
11.09000 0.0011325332477010
11.11000 0.0011271851708469
11.13000 0.0011218714764058
11.15000 0.0011165911273543
11.17000 0.0011113443070034
11.19000 0.0011061310698206
11.21000 0.0011009505964151
11.23000 0.0010958028494526
11.25000 0.0010906877189141
11.27000 0.0010856045426991
11.29000 0.0010805532848583
11.31000 0.0010755340857597
11.33000 0.0010705461087288
11.35000 0.0010655891362372
11.37000 0.0010606633150569
11.39000 0.0010557682354028
11.41000 0.0010509034586211
11.43000 0.0010460689166067
11.45000 0.0010412644240448
11.47000 0.0010364895240844
11.49000 0.0010317441209717
11.51000 0.0010270282430347
11.53000 0.0010223412646194
11.55000 0.0010176829851368
11.57000 0.0010130534180223
11.59000 0.0010084522801112
11.61000 0.0010038792069613
11.63000 0.0009993339753715
11.65000 0.0009948166507205
11.67000 0.0009903266884731
11.69000 0.0009858640834595
11.71000 0.0009814284457257
11.73000 0.0009770199871506
11.75000 0.0009726377363962
11.77000 0.0009682823757061
11.79000 0.0009639528370861
11.81000 0.0009596500203663
11.83000 0.0009553722684028
11.85000 0.0009511208533148
11.87000 0.0009468943625342
11.89000 0.0009426936042166
11.91000 0.0009385175685477
11.93000 0.0009343665307443
11.95000 0.0009302404984623
11.97000 0.0009261384963157
11.99000 0.0009220612582894
12.01000 0.0009180078717509
12.03000 0.0009139786361859
12.05000 0.0009099732738941
12.07000 0.0009059911669525
12.09000 0.0009020329213953
12.11000 0.0008980977268466
12.13000 0.0008941855438906
12.15000 0.0008902965247520
12.17000 0.0008864299950456
12.19000 0.0008825863016901
12.21000 0.0008787649711060
12.23000 0.0008749656306486
12.25000 0.0008711886694251
12.27000 0.0008674335837411
12.29000 0.0008637001757140
12.31000 0.0008599885529600
12.33000 0.0008562981814418
12.35000 0.0008526291616866
12.37000 0.0008489814133390
12.39000 0.0008453544338496
12.41000 0.0008417483387628
12.43000 0.0008381630934908
12.45000 0.0008345982159107
12.47000 0.0008310537437962
12.49000 0.0008275295964449
12.51000 0.0008240254336285
12.53000 0.0008205412966941
12.55000 0.0008170770285539
12.57000 0.0008136322624727
12.59000 0.0008102070088907
12.61000 0.0008068013080884
12.63000 0.0008034147507662
12.65000 0.0008000472703166
12.67000 0.0007966988548741
12.69000 0.0007933691957129
12.71000 0.0007900582290789
12.73000 0.0007867659467814
12.75000 0.0007834920303772
12.77000 0.0007802363680201
12.79000 0.0007769989571251
12.81000 0.0007737796650729
12.83000 0.0007705781806770
12.85000 0.0007673945071872
12.87000 0.0007642285891213
12.89000 0.0007610801792176
12.91000 0.0007579491909307
12.93000 0.0007548355594282
12.95000 0.0007517391039461
12.97000 0.0007486596025035
12.99000 0.0007455972167736
13.01000 0.0007425515913724
13.03000 0.0007395227552207
13.05000 0.0007365103102368
13.07000 0.0007335146944414
13.09000 0.0007305351355010
13.11000 0.0007275721324694
13.13000 0.0007246249467766
13.15000 0.0007216941652130
13.17000 0.0007187789747975
13.19000 0.0007158798195414
13.21000 0.0007129963733859
13.23000 0.0007101284493482
13.25000 0.0007072761603587
13.27000 0.0007044390253729
13.29000 0.0007016174532389
13.31000 0.0006988109425583
13.33000 0.0006960194874588
13.35000 0.0006932431306465
13.37000 0.0006904815152888
13.39000 0.0006877348338909
13.41000 0.0006850027588097
13.43000 0.0006822852170162
13.45000 0.0006795823343792
13.47000 0.0006768936709958
13.49000 0.0006742193696107
13.51000 0.0006715593425307
13.53000 0.0006689133102457
13.55000 0.0006662813909943
13.57000 0.0006636633303042
13.59000 0.0006610590367525
13.61000 0.0006584686493543
13.63000 0.0006558917919723
13.65000 0.0006533284757868
13.67000 0.0006507787203569
13.69000 0.0006482422685936
13.71000 0.0006457191189183
13.73000 0.0006432092216687
13.75000 0.0006407123853055
13.77000 0.0006382286032944
13.79000 0.0006357578123268
13.81000 0.0006332997853619
13.83000 0.0006308545765898
13.85000 0.0006284221510354
13.87000 0.0006260022432803
13.89000 0.0006235948872384
13.91000 0.0006212000116153
13.93000 0.0006188174546048
13.95000 0.0006164472184187
13.97000 0.0006140892403351
13.99000 0.0006117433154745
14.01000 0.0006094094638671
14.03000 0.0006070876485461
14.05000 0.0006047776874984
14.07000 0.0006024795209426
14.09000 0.0006001931656362
14.11000 0.0005979184659338
14.13000 0.0005956553433221
14.15000 0.0005934037863025
14.17000 0.0005911636615386
14.19000 0.0005889348838120
14.21000 0.0005867174660233
14.23000 0.0005845112812080
14.25000 0.0005823162385303
14.27000 0.0005801322464517
14.29000 0.0005779593989248
14.31000 0.0005757974029721
14.33000 0.0005736463693269
14.35000 0.0005715060457546
14.37000 0.0005693766478784
14.39000 0.0005672577257371
14.41000 0.0005651496105645
14.43000 0.0005630519074884
14.45000 0.0005609647898136
14.47000 0.0005588879922371
14.49000 0.0005568216232977
14.51000 0.0005547655723461
14.53000 0.0005527196186532
14.55000 0.0005506839608939
14.57000 0.0005486583186040
14.59000 0.0005466427767791
14.61000 0.0005446371836454
14.63000 0.0005426414548578
14.65000 0.0005406557019993
14.67000 0.0005386796073555
14.69000 0.0005367133190804
14.71000 0.0005347567141907
14.73000 0.0005328096732652
14.75000 0.0005308722489904
14.77000 0.0005289442495867
14.79000 0.0005270257472737
14.81000 0.0005251166353918
14.83000 0.0005232167669435
14.85000 0.0005213262343635
14.87000 0.0005194449169410
14.89000 0.0005175727187025
14.91000 0.0005157096594239
14.93000 0.0005138556116926
14.95000 0.0005120105527114
14.97000 0.0005101744778024
14.99000 0.0005083472217621
15.01000 0.0005065288259058
15.03000 0.0005047192431761
15.05000 0.0005029183248323
15.07000 0.0005011260896497
15.09000 0.0004993425014565
15.11000 0.0004975674528617
15.13000 0.0004958009402368
15.15000 0.0004940428938750
15.17000 0.0004922932272973
15.19000 0.0004905519695632
15.21000 0.0004888190319706
15.23000 0.0004870943159438
15.25000 0.0004853778430974
15.27000 0.0004836695592763
15.29000 0.0004819693560949
15.31000 0.0004802772419031
15.33000 0.0004785931709041
15.35000 0.0004769170534157
15.37000 0.0004752488768437
15.39000 0.0004735885946455
15.41000 0.0004719361160517
15.43000 0.0004702914509040
15.45000 0.0004686545564906
15.47000 0.0004670253369564
15.49000 0.0004654037458919
15.51000 0.0004637898211428
15.53000 0.0004621834324315
15.55000 0.0004605845744613
15.57000 0.0004589931782654
15.59000 0.0004574092633680
15.61000 0.0004558326646466
15.63000 0.0004542635048330
15.65000 0.0004527015742712
15.67000 0.0004511469814019
15.69000 0.0004495995168293
15.71000 0.0004480593489634
15.73000 0.0004465262276541
15.75000 0.0004450002398978
15.77000 0.0004434813092799
15.79000 0.0004419693951154
15.81000 0.0004404644841684
15.83000 0.0004389664402688
15.85000 0.0004374753829796
15.87000 0.0004359911098412
15.89000 0.0004345136841681
15.91000 0.0004330430631155
15.93000 0.0004315791379163
15.95000 0.0004301219586923
15.97000 0.0004286713955274
15.99000 0.0004272275036521
16.01000 0.0004257901986317
16.03000 0.0004243593983184
16.05000 0.0004229351682443
16.07000 0.0004215173948629
16.09000 0.0004201060537495
16.11000 0.0004187011488042
16.13000 0.0004173025665849
16.15000 0.0004159103600120
16.17000 0.0004145244318054
16.19000 0.0004131447534575
16.21000 0.0004117713379645
16.23000 0.0004104040929407
16.25000 0.0004090429865164
16.27000 0.0004076880374063
16.29000 0.0004063391645902
16.31000 0.0004049963455427
16.33000 0.0004036595548645
16.35000 0.0004023287289145
16.37000 0.0004010038842477
16.39000 0.0003996849633319
16.41000 0.0003983719014533
16.43000 0.0003970647182693
16.45000 0.0003957633630998
16.47000 0.0003944677739373
16.49000 0.0003931779728415
16.51000 0.0003918938817066
16.53000 0.0003906154897252
16.55000 0.0003893427655422
16.57000 0.0003880756781378
16.59000 0.0003868141729638
16.61000 0.0003855582703221
16.63000 0.0003843078943474
16.65000 0.0003830630182240
16.67000 0.0003818236277067
16.69000 0.0003805897084262
16.71000 0.0003793611877961
16.73000 0.0003781380610602
16.75000 0.0003769203053665
16.77000 0.0003757078732731
16.79000 0.0003745007438159
16.81000 0.0003732989078501
16.83000 0.0003721022908866
16.85000 0.0003709109121809
16.87000 0.0003697247098321
16.89000 0.0003685436940262
16.91000 0.0003673677587800
16.93000 0.0003661969952938
16.95000 0.0003650312535893
16.97000 0.0003638706063859
16.99000 0.0003627149404497
17.01000 0.0003615643143680
17.03000 0.0003604186287644
17.05000 0.0003592779003788
17.07000 0.0003581420855916
17.09000 0.0003570111398524
17.11000 0.0003558850964417
17.13000 0.0003547638604846
17.15000 0.0003536474621306
17.17000 0.0003525358221925
17.19000 0.0003514289555571
17.21000 0.0003503268447587
17.23000 0.0003492294059551
17.25000 0.0003481366793717
17.27000 0.0003470486054265
17.29000 0.0003459651688626
17.31000 0.0003448863502397
17.33000 0.0003438120947229
17.35000 0.0003427424366802
17.37000 0.0003416772855735
17.39000 0.0003406166585474
17.41000 0.0003395605423287
17.43000 0.0003385088668054
17.45000 0.0003374616382688
17.47000 0.0003364188402103
17.49000 0.0003353804348474
17.51000 0.0003343464096267
17.53000 0.0003333167234321
17.55000 0.0003322913630915
17.57000 0.0003312703281827
17.59000 0.0003302535569929
17.61000 0.0003292410527891
17.63000 0.0003282327923956
17.65000 0.0003272287437371
17.67000 0.0003262288795555
17.69000 0.0003252332124361
17.71000 0.0003242416665601
17.73000 0.0003232542743319
17.75000 0.0003222709774187
17.77000 0.0003212917623271
17.79000 0.0003203166266142
17.81000 0.0003193455386183
17.83000 0.0003183784423108
17.85000 0.0003174153787236
17.87000 0.0003164562955345
17.89000 0.0003155011586304
17.91000 0.0003145499731863
17.93000 0.0003136027105418
17.95000 0.0003126593364969
17.97000 0.0003117198514417
17.99000 0.0003107842370722
18.01000 0.0003098524406642
18.03000 0.0003089244874118
18.05000 0.0003080003210520
18.07000 0.0003070799434382
18.09000 0.0003061633237211
18.11000 0.0003052504656276
18.13000 0.0003043413022638
18.15000 0.0003034358697004
18.17000 0.0003025341089683
18.19000 0.0003016360337430
18.21000 0.0003007415825748
18.23000 0.0002998507910862
18.25000 0.0002989635812841
18.27000 0.0002980799948306
18.29000 0.0002971999686167
18.31000 0.0002963235073173
18.33000 0.0002954505752550
18.35000 0.0002945811749047
18.37000 0.0002937152888700
18.39000 0.0002928528561290
18.41000 0.0002919939293336
18.43000 0.0002911384367991
18.45000 0.0002902863817204
18.47000 0.0002894377396148
18.49000 0.0002885925032570
18.51000 0.0002877506508706
18.53000 0.0002869121578080
18.55000 0.0002860770246475
18.57000 0.0002852452175214
18.59000 0.0002844167176601
18.61000 0.0002835915346276
18.63000 0.0002827696246801
18.65000 0.0002819509881414
18.67000 0.0002811355882410
18.69000 0.0002803234321058
18.71000 0.0002795145040655
18.73000 0.0002787087609862
18.75000 0.0002779062078986
18.77000 0.0002771068399858
18.79000 0.0002763106030582
18.81000 0.0002755175240038
18.83000 0.0002747275690996
18.85000 0.0002739407086126
18.87000 0.0002731569566864
18.89000 0.0002723762723006
18.91000 0.0002715986523385
18.93000 0.0002708240900174
18.95000 0.0002700525422612
18.97000 0.0002692840236328
18.99000 0.0002685185197919
19.01000 0.0002677559833054
19.03000 0.0002669964242665
19.05000 0.0002662398357074
19.07000 0.0002654861839454
19.09000 0.0002647354687494
19.11000 0.0002639876599264
19.13000 0.0002632427583525
19.15000 0.0002625007485454
19.17000 0.0002617616083380
19.19000 0.0002610253223058
19.21000 0.0002602918986542
19.23000 0.0002595612920402
19.25000 0.0002588335048896
19.27000 0.0002581085315733
19.29000 0.0002573863451249
19.31000 0.0002566669298568
19.33000 0.0002559502909760
19.35000 0.0002552363944213
19.37000 0.0002545252355262
19.39000 0.0002538168075977
19.41000 0.0002531110864680
19.43000 0.0002524080588695
19.45000 0.0002517077323742
19.47000 0.0002510100599827
19.49000 0.0002503150659117
19.51000 0.0002496226949305
19.53000 0.0002489329849082
19.55000 0.0002482458729148
19.57000 0.0002475613908575
19.59000 0.0002468794881172
19.61000 0.0002462001873552
19.63000 0.0002455234396464
19.65000 0.0002448492652408
19.67000 0.0002441776318206
19.69000 0.0002435085368184
19.71000 0.0002428419719885
19.73000 0.0002421779029544
19.75000 0.0002415163420123
19.77000 0.0002408572733360
19.79000 0.0002402006783464
19.81000 0.0002395465417519
19.83000 0.0002388948615259
19.85000 0.0002382456244672
19.87000 0.0002375988183284
19.89000 0.0002369544177856
19.91000 0.0002363124449248
19.93000 0.0002356728501848
19.95000 0.0002350356448413
19.97000 0.0002344008178673
19.99000 0.0002337683398188
20.01000 0.0002331382334437
20.03000 0.0002325104415830
20.05000 0.0002318849972628
20.07000 0.0002312618659131
20.09000 0.0002306410353646
20.11000 0.0002300225114317
20.13000 0.0002294062720719
20.15000 0.0002287922913508
20.17000 0.0002281805969173
20.19000 0.0002275711439720
20.21000 0.0002269639371149
20.23000 0.0002263589694620
20.25000 0.0002257562091319
20.27000 0.0002251556749377
20.29000 0.0002245573390748
20.31000 0.0002239611936154
20.33000 0.0002233672292499
20.35000 0.0002227754415576
20.37000 0.0002221858097449
20.39000 0.0002215983288621
20.41000 0.0002210130006092
20.43000 0.0002204297901588
20.45000 0.0002198487084077
20.47000 0.0002192697409724
20.49000 0.0002186928728011
20.51000 0.0002181181000428
20.53000 0.0002175454076661
20.55000 0.0002169747910537
20.57000 0.0002164062392710
20.59000 0.0002158397455499
20.61000 0.0002152752874082
20.63000 0.0002147128733606
20.65000 0.0002141524883872
20.67000 0.0002135941147100
20.69000 0.0002130377529363
20.71000 0.0002124833910934
20.73000 0.0002119310171915
20.75000 0.0002113806240635
20.77000 0.0002108322032987
20.79000 0.0002102857566289
20.81000 0.0002097412487729
20.83000 0.0002091986931573
20.85000 0.0002086580722181
20.87000 0.0002081193851168
20.89000 0.0002075826166572
20.91000 0.0002070477478500
20.93000 0.0002065147920004
20.95000 0.0002059837287370
20.97000 0.0002054545496667
20.99000 0.0002049272401020
21.01000 0.0002044018107752
21.03000 0.0002038782299177
21.05000 0.0002033565057839
21.07000 0.0002028366307989
21.09000 0.0002023185769207
21.11000 0.0002018023587992
21.13000 0.0002012879605761
21.15000 0.0002007753659884
21.17000 0.0002002645762821
21.19000 0.0001997555838622
21.21000 0.0001992483786093
21.23000 0.0001987429427136
21.25000 0.0001982392830157
21.27000 0.0001977373925855
21.29000 0.0001972372459195
21.31000 0.0001967388506824
21.33000 0.0001962421907181
21.35000 0.0001957472705802
21.37000 0.0001952540728377
21.39000 0.0001947625793483
21.41000 0.0001942728119087
21.43000 0.0001937847310772
21.45000 0.0001932983528449
21.47000 0.0001928136553053
21.49000 0.0001923306442234
21.51000 0.0001918492906350
21.53000 0.0001913696167996
21.55000 0.0001908915870918
21.57000 0.0001904152203101
21.59000 0.0001899404789759
21.61000 0.0001894673843164
21.63000 0.0001889959147140
21.65000 0.0001885260683532
21.67000 0.0001880578266924
21.69000 0.0001875912038352
21.71000 0.0001871261722224
21.73000 0.0001866627345690
21.75000 0.0001862008858095
21.77000 0.0001857406137489
21.79000 0.0001852819113933
21.81000 0.0001848247797864
21.83000 0.0001843692039143
21.85000 0.0001839151764534
21.87000 0.0001834626955592
21.89000 0.0001830117548364
21.91000 0.0001825623453366
21.93000 0.0001821144654408
21.95000 0.0001816680865983
21.97000 0.0001812232397451
21.99000 0.0001807798886225
22.01000 0.0001803380379606
22.03000 0.0001798976749078
22.05000 0.0001794588085861
22.07000 0.0001790214102191
22.09000 0.0001785854960324
22.11000 0.0001781510351682
22.13000 0.0001777180511809
22.15000 0.0001772865046030
22.17000 0.0001768564216083
22.19000 0.0001764277720040
22.21000 0.0001760005562239
22.23000 0.0001755747791888
22.25000 0.0001751504146985
22.27000 0.0001747274791866
22.29000 0.0001743059436400
22.31000 0.0001738858245471
22.33000 0.0001734670978300
22.35000 0.0001730497603576
22.37000 0.0001726338267593
22.39000 0.0001722192602792
22.41000 0.0001718060750668
22.43000 0.0001713942593667
22.45000 0.0001709838038863
22.47000 0.0001705747178747
22.49000 0.0001701669747068
22.51000 0.0001697605823796
22.53000 0.0001693555300771
22.55000 0.0001689518146162
22.57000 0.0001685494320965
22.59000 0.0001681483641011
22.61000 0.0001677486309755
22.63000 0.0001673501979441
22.65000 0.0001669530781736
22.67000 0.0001665572628515
22.69000 0.0001661627399881
22.71000 0.0001657695137668
22.73000 0.0001653775686071
22.75000 0.0001649869051506
22.77000 0.0001645975219808
22.79000 0.0001642094084898
22.81000 0.0001638225531186
22.83000 0.0001634369628898
22.85000 0.0001630526265915
22.87000 0.0001626695407571
22.89000 0.0001622876958570
22.91000 0.0001619070914896
22.93000 0.0001615277168965
22.95000 0.0001611495793810
22.97000 0.0001607726625325
22.99000 0.0001603969579667
23.01000 0.0001600224727669
23.03000 0.0001596491957008
23.05000 0.0001592771202199
23.07000 0.0001589062457689
23.09000 0.0001585365602888
23.11000 0.0001581680722854
23.13000 0.0001578007590627
23.15000 0.0001574346265131
23.17000 0.0001570696747724
23.19000 0.0001567058848309
23.21000 0.0001563432613985
23.23000 0.0001559817973106
23.25000 0.0001556214930474
23.27000 0.0001552623341353
23.29000 0.0001549043223293
23.31000 0.0001545474501037
23.33000 0.0001541917172357
23.35000 0.0001538371157573
23.37000 0.0001534836335457
23.39000 0.0001531312859877
23.41000 0.0001527800509571
23.43000 0.0001524299265224
23.45000 0.0001520809122125
23.47000 0.0001517330057664
23.49000 0.0001513861995657
23.51000 0.0001510404811523
23.53000 0.0001506958628138
23.55000 0.0001503523216519
23.57000 0.0001500098783762
23.59000 0.0001496684944065
23.61000 0.0001493281958590
23.63000 0.0001489889647158
23.65000 0.0001486507959260
23.67000 0.0001483136906257
23.69000 0.0001479776368483
23.71000 0.0001476426415674
23.73000 0.0001473086907374
23.75000 0.0001469757809353
23.77000 0.0001466439238963
23.79000 0.0001463130826045
23.81000 0.0001459832907249
23.83000 0.0001456545108801
23.85000 0.0001453267605590
23.87000 0.0001450000373792
23.89000 0.0001446743168812
23.91000 0.0001443496136308
23.93000 0.0001440259162107
23.95000 0.0001437032189511
23.97000 0.0001433815250788
23.99000 0.0001430608266023
24.01000 0.0001427411110954
24.03000 0.0001424223936992
24.05000 0.0001421046490000
24.07000 0.0001417878947383
24.09000 0.0001414721090449
24.11000 0.0001411572908676
24.13000 0.0001408434523465
24.15000 0.0001405305677642
24.17000 0.0001402186455256
24.19000 0.0001399076839364
24.21000 0.0001395976702232
24.23000 0.0001392886100528
24.25000 0.0001389804879399
24.27000 0.0001386733144548
24.29000 0.0001383670766563
24.31000 0.0001380617712313
24.33000 0.0001377573986509
24.35000 0.0001374539509384
24.37000 0.0001371514269978
24.39000 0.0001368498242418
24.41000 0.0001365491360059
24.43000 0.0001362493611829
24.45000 0.0001359504925158
24.47000 0.0001356525372240
24.49000 0.0001353554729758
24.51000 0.0001350593106537
24.53000 0.0001347640517091
24.55000 0.0001344696729227
24.57000 0.0001341761871777
24.59000 0.0001338835896690
24.61000 0.0001335918612567
24.63000 0.0001333010269961
24.65000 0.0001330110559484
24.67000 0.0001327219576111
24.69000 0.0001324337272774
24.71000 0.0001321463651988
24.73000 0.0001318598576739
24.75000 0.0001315742142668
24.77000 0.0001312894201399
24.79000 0.0001310054806621
24.81000 0.0001307223892269
24.83000 0.0001304401335787
24.85000 0.0001301587304487
24.87000 0.0001298781647421
24.89000 0.0001295984299679
24.91000 0.0001293195229692
24.93000 0.0001290414547208
24.95000 0.0001287642030963
24.97000 0.0001284877808634
24.99000 0.0001282121722881
25.01000 0.0001279373787553
25.03000 0.0001276634094647
25.05000 0.0001273902329197
25.07000 0.0001271178747565
25.09000 0.0001268463252606
25.11000 0.0001265755566824
25.13000 0.0001263056057082
25.15000 0.0001260364412287
25.17000 0.0001257680677802
25.19000 0.0001255004861579
25.21000 0.0001252336842069
25.23000 0.0001249676716217
25.25000 0.0001247024401998
25.27000 0.0001244379772518
25.29000 0.0001241742928967
25.31000 0.0001239113800629
25.33000 0.0001236492358329
25.35000 0.0001233878589695
25.37000 0.0001231272330158
25.39000 0.0001228673865341
25.41000 0.0001226082759712
25.43000 0.0001223499347640
25.45000 0.0001220923359866
25.47000 0.0001218354890962
25.49000 0.0001215793873014
25.51000 0.0001213240250422
25.53000 0.0001210694073640
25.55000 0.0001208155309679
25.57000 0.0001205623704689
25.59000 0.0001203099654681
25.61000 0.0001200582726204
25.63000 0.0001198073150034
25.65000 0.0001195570760824
25.67000 0.0001193075608996
25.69000 0.0001190587629295
25.71000 0.0001188106791625
25.73000 0.0001185633131806
25.75000 0.0001183166531849
25.77000 0.0001180707034631
25.79000 0.0001178254552490
25.81000 0.0001175809102455
25.83000 0.0001173370744520
25.85000 0.0001170939200057
25.87000 0.0001168514747781
25.89000 0.0001166097131818
25.91000 0.0001163686482158
25.93000 0.0001161282612086
25.95000 0.0001158885705599
25.97000 0.0001156495494509
25.99000 0.0001154112199819
26.01000 0.0001151735580229
26.03000 0.0001149365792009
26.05000 0.0001147002648705
26.07000 0.0001144646271980
26.09000 0.0001142296509841
26.11000 0.0001139953455618
26.13000 0.0001137617005603
26.15000 0.0001135287104979
26.17000 0.0001132963885787
26.19000 0.0001130647139947
26.21000 0.0001128336951245
26.23000 0.0001126033265762
26.25000 0.0001123736071007
26.27000 0.0001121445318061
26.29000 0.0001119161032048
26.31000 0.0001116883135948
26.33000 0.0001114611642277
26.35000 0.0001112346475346
26.37000 0.0001110087707029
26.39000 0.0001107835292802
26.41000 0.0001105589063037
26.43000 0.0001103349192277
26.45000 0.0001101115524136
26.47000 0.0001098888211155
26.49000 0.0001096666928651
26.51000 0.0001094451928391
26.53000 0.0001092243120601
26.55000 0.0001090040396458
26.57000 0.0001087843819365
26.59000 0.0001085653326353
26.61000 0.0001083468941359
26.63000 0.0001081290613933
26.65000 0.0001079118238112
26.67000 0.0001076952011655
26.69000 0.0001074791634251
26.71000 0.0001072637321123
26.73000 0.0001070488952111
26.75000 0.0001068346463639
26.77000 0.0001066209912604
26.79000 0.0001064079259543
26.81000 0.0001061954435413
26.83000 0.0001059835470427
26.85000 0.0001057722375369
26.87000 0.0001055615004465
26.89000 0.0001053513454281
26.91000 0.0001051417705475
26.93000 0.0001049327605883
26.95000 0.0001047243330827
26.97000 0.0001045164689864
26.99000 0.0001043091756054
27.01000 0.0001041024453475
27.03000 0.0001038962905119
27.05000 0.0001036906779999
27.07000 0.0001034856446745
27.09000 0.0001032811588654
27.11000 0.0001030772323428
27.13000 0.0001028738660230
27.15000 0.0001026710405554
27.17000 0.0001024687739954
27.19000 0.0001022670549633
27.21000 0.0001020658817619
27.23000 0.0001018652523501
27.25000 0.0001016651647647
27.27000 0.0001014656225562
27.29000 0.0001012666209857
27.31000 0.0001010681483874
27.33000 0.0001008702158403
27.35000 0.0001006728234515
27.37000 0.0001004759466166
27.39000 0.0001002796177953
27.41000 0.0001000838040222
27.43000 0.0000998885233671
27.45000 0.0000996937648638
27.47000 0.0000994995288245
27.49000 0.0000993058156482
27.51000 0.0000991126173436
27.53000 0.0000989199427723
27.55000 0.0000987277753329
27.57000 0.0000985361294902
27.59000 0.0000983449927137
27.61000 0.0000981543636618
27.63000 0.0000979642461018
27.65000 0.0000977746355986
27.67000 0.0000975855272399
27.69000 0.0000973969249089
27.71000 0.0000972088245402
27.73000 0.0000970212194467
27.75000 0.0000968341165586
27.77000 0.0000966475108248
27.79000 0.0000964613988223
27.81000 0.0000962757758903
27.83000 0.0000960906487597
27.85000 0.0000959060161871
27.87000 0.0000957218567922
27.89000 0.0000955381999583
27.91000 0.0000953550219051
27.93000 0.0000951723180386
27.95000 0.0000949901092969
27.97000 0.0000948083726370
27.99000 0.0000946271214771
28.01000 0.0000944463363535
28.03000 0.0000942660362471
28.05000 0.0000940861972099
28.07000 0.0000939068491920
28.09000 0.0000937279536825
28.11000 0.0000935495324868
28.13000 0.0000933715836709
28.15000 0.0000931940942357
28.17000 0.0000930170650024
28.19000 0.0000928405151368
28.21000 0.0000926644066543
28.23000 0.0000924887683685
28.25000 0.0000923135826317
28.27000 0.0000921388623066
28.29000 0.0000919645805978
28.31000 0.0000917907693662
28.33000 0.0000916173994135
28.35000 0.0000914444829234
28.37000 0.0000912720156774
28.39000 0.0000910999943566
28.41000 0.0000909284146213
28.43000 0.0000907572891637
28.45000 0.0000905866018424
28.47000 0.0000904163472970
28.49000 0.0000902465500536
28.51000 0.0000900771729255
28.53000 0.0000899082497514
28.55000 0.0000897397462446
28.57000 0.0000895716864829
28.59000 0.0000894040584794
28.61000 0.0000892368621040
28.63000 0.0000890700886311
28.65000 0.0000889037517967
28.67000 0.0000887378387553
28.69000 0.0000885723466301
28.71000 0.0000884072909093
28.73000 0.0000882426473645
28.75000 0.0000880784275549
28.77000 0.0000879146271927
28.79000 0.0000877512488541
28.81000 0.0000875882855336
28.83000 0.0000874257364795
28.85000 0.0000872636065549
28.87000 0.0000871018862910
28.89000 0.0000869405745920
28.91000 0.0000867796808458
28.93000 0.0000866191922384
28.95000 0.0000864591113489
28.97000 0.0000862994386832
28.99000 0.0000861401694708
29.01000 0.0000859813072765
29.03000 0.0000858228385118
29.05000 0.0000856647858725
29.07000 0.0000855071173820
29.09000 0.0000853498604199
29.11000 0.0000851929900786
29.13000 0.0000850365275331
29.15000 0.0000848804499661
29.17000 0.0000847247695757
29.19000 0.0000845694794228
29.21000 0.0000844145837635
29.23000 0.0000842600786019
29.25000 0.0000841059560972
29.27000 0.0000839522246108
29.29000 0.0000837988784613
29.31000 0.0000836459176026
29.33000 0.0000834933407944
29.35000 0.0000833411451396
29.37000 0.0000831893281171
29.39000 0.0000830378993431
29.41000 0.0000828868336582
29.43000 0.0000827361634325
29.45000 0.0000825858602251
29.47000 0.0000824359265572
29.49000 0.0000822863809672
29.51000 0.0000821371929441
29.53000 0.0000819883888241
29.55000 0.0000818399450350
29.57000 0.0000816918776924
29.59000 0.0000815441729129
29.61000 0.0000813968381325
29.63000 0.0000812498671757
29.65000 0.0000811032631650
29.67000 0.0000809570195777
29.69000 0.0000808111387038
29.71000 0.0000806656177734
29.73000 0.0000805204599004
29.75000 0.0000803756581199
29.77000 0.0000802312140914
29.79000 0.0000800871263577
29.81000 0.0000799433928431
29.83000 0.0000798000197895
29.85000 0.0000796569931399
29.87000 0.0000795143148662
29.89000 0.0000793719994518
29.91000 0.0000792300215323
29.93000 0.0000790884027192
29.95000 0.0000789471225473
29.97000 0.0000788061949783
29.99000 0.0000786656088938
30.01000 0.0000785253705940
30.03000 0.0000783854669526
30.05000 0.0000782459235179
30.07000 0.0000781066958969
30.09000 0.0000779678365071
30.11000 0.0000778292871629
30.13000 0.0000776910983478
30.15000 0.0000775532349971
30.17000 0.0000774157120802
30.19000 0.0000772785182547
30.21000 0.0000771416651304
30.23000 0.0000770051433166
30.25000 0.0000768689445372
30.27000 0.0000767330887010
30.29000 0.0000765975535488
30.31000 0.0000764623531490
30.33000 0.0000763274717157
30.35000 0.0000761929274028
30.37000 0.0000760586989122
30.39000 0.0000759248017755
30.41000 0.0000757912278973
30.43000 0.0000756579674836
30.45000 0.0000755250408943
30.47000 0.0000753924302025
30.49000 0.0000752601316510
30.51000 0.0000751281599692
30.53000 0.0000749965062159
30.55000 0.0000748651687547
30.57000 0.0000747341355366
30.59000 0.0000746034350890
30.61000 0.0000744730331975
30.63000 0.0000743429514737
30.65000 0.0000742131861245
30.67000 0.0000740837180997
30.69000 0.0000739545683734
30.71000 0.0000738257277995
30.73000 0.0000736971938047
30.75000 0.0000735689668285
30.77000 0.0000734410455742
30.79000 0.0000733134297975
30.81000 0.0000731861161156
30.83000 0.0000730591113273
30.85000 0.0000729324044256
30.87000 0.0000728059986590
30.89000 0.0000726798931846
30.91000 0.0000725540940637
30.93000 0.0000724285807082
30.95000 0.0000723033778596
30.97000 0.0000721784672655
30.99000 0.0000720538474430
31.01000 0.0000719295312071
31.03000 0.0000718055058006
31.05000 0.0000716817692833
31.07000 0.0000715583344330
31.09000 0.0000714351816618
31.11000 0.0000713123257711
31.13000 0.0000711897557411
31.15000 0.0000710674804841
31.17000 0.0000709454844192
31.19000 0.0000708237850383
31.21000 0.0000707023635066
31.23000 0.0000705812314873
31.25000 0.0000704603901498
31.27000 0.0000703398160956
31.29000 0.0000702195436953
31.31000 0.0000700995405270
31.33000 0.0000699798231515
31.35000 0.0000698603873477
31.37000 0.0000697412319402
31.39000 0.0000696223457633
31.41000 0.0000695037470980
31.43000 0.0000693854276436
31.45000 0.0000692673751950
31.47000 0.0000691496033466
31.49000 0.0000690321075404
31.51000 0.0000689148798560
31.53000 0.0000687979260728
31.55000 0.0000686812541504
31.57000 0.0000685648405615
31.59000 0.0000684487087511
31.61000 0.0000683328351600
31.63000 0.0000682172401423
31.65000 0.0000681019049920
31.67000 0.0000679868489544
31.69000 0.0000678720434441
31.71000 0.0000677575211318
31.73000 0.0000676432458570
31.75000 0.0000675292545811
31.77000 0.0000674155046862
31.79000 0.0000673020356488
31.81000 0.0000671888225482
31.83000 0.0000670758657370
31.85000 0.0000669631724072
31.87000 0.0000668507451349
31.89000 0.0000667385665279
31.91000 0.0000666266483810
31.93000 0.0000665149929175
31.95000 0.0000664035904533
31.97000 0.0000662924386074
31.99000 0.0000661815545118
32.01000 0.0000660709105526
32.03000 0.0000659605320999
32.05000 0.0000658503959174
32.07000 0.0000657405225251
32.09000 0.0000656308842516
32.11000 0.0000655215191449
32.13000 0.0000654123832776
32.15000 0.0000653035107832
32.17000 0.0000651948779641
32.19000 0.0000650864949219
32.21000 0.0000649783623956
32.23000 0.0000648704699492
32.25000 0.0000647628314113
32.27000 0.0000646554284836
32.29000 0.0000645482741750
32.31000 0.0000644413652460
32.33000 0.0000643346920254
32.35000 0.0000642282750972
32.37000 0.0000641220800704
32.39000 0.0000640161417842
32.41000 0.0000639104333706
32.43000 0.0000638049691438
32.45000 0.0000636997410115
32.47000 0.0000635947518994
32.49000 0.0000634900057123
32.51000 0.0000633854819023
32.53000 0.0000632812058975
32.55000 0.0000631771620320
32.57000 0.0000630733492359
32.59000 0.0000629697735838
32.61000 0.0000628664344959
32.63000 0.0000627633187783
32.65000 0.0000626604397492
32.67000 0.0000625577920773
32.69000 0.0000624553751020
32.71000 0.0000623531851889
32.73000 0.0000622512291296
32.75000 0.0000621494987100
32.77000 0.0000620479935444
32.79000 0.0000619467202592
32.81000 0.0000618456729709
32.83000 0.0000617448423177
32.85000 0.0000616442530962
32.87000 0.0000615438769088
32.89000 0.0000614437252972
32.91000 0.0000613438000107
32.93000 0.0000612441037959
32.95000 0.0000611446122871
32.97000 0.0000610453562338
32.99000 0.0000609463183176
33.01000 0.0000608474985082
33.03000 0.0000607489006365
33.05000 0.0000606505161183
33.07000 0.0000605523576997
33.09000 0.0000604544134949
33.11000 0.0000603566790803
33.13000 0.0000602591801732
33.15000 0.0000601618739173
33.17000 0.0000600647997616
33.19000 0.0000599679320032
33.21000 0.0000598712805115
33.23000 0.0000597748459888
33.25000 0.0000596786165841
33.27000 0.0000595826072306
33.29000 0.0000594868032828
33.31000 0.0000593912172668
33.33000 0.0000592958313830
33.35000 0.0000592006672662
33.37000 0.0000591057001230
33.39000 0.0000590109583319
33.41000 0.0000589164030438
33.43000 0.0000588220744798
33.45000 0.0000587279401484
33.47000 0.0000586340229509
33.49000 0.0000585402977395
33.51000 0.0000584467937893
33.53000 0.0000583534784425
33.55000 0.0000582603823258
33.57000 0.0000581674790452
33.59000 0.0000580747822011
33.61000 0.0000579822872643
33.63000 0.0000578899975757
33.65000 0.0000577979001725
33.67000 0.0000577060140543
33.69000 0.0000576143226732
33.71000 0.0000575228289336
33.73000 0.0000574315411981
33.75000 0.0000573404431011
33.77000 0.0000572495487952
33.79000 0.0000571588509611
33.81000 0.0000570683526592
33.83000 0.0000569780419967
33.85000 0.0000568879321775
33.87000 0.0000567980236946
33.89000 0.0000567082996707
33.91000 0.0000566187743940
33.93000 0.0000565294457728
33.95000 0.0000564403071342
33.97000 0.0000563513515697
33.99000 0.0000562626097968
34.01000 0.0000561740359306
34.03000 0.0000560856726484
34.05000 0.0000559974879501
34.07000 0.0000559094974571
34.09000 0.0000558216926257
34.11000 0.0000557340823261
34.13000 0.0000556466546684
34.15000 0.0000555594199741
34.17000 0.0000554723707984
34.19000 0.0000553855051766
34.21000 0.0000552988274283
34.23000 0.0000552123446152
34.25000 0.0000551260290324
34.27000 0.0000550399154450
34.29000 0.0000549539761584
34.31000 0.0000548682230538
34.33000 0.0000547826521834
34.35000 0.0000546972697531
34.37000 0.0000546120636401
34.39000 0.0000545270413659
34.41000 0.0000544421940140
34.43000 0.0000543575457042
34.45000 0.0000542730560479
34.47000 0.0000541887588230
34.49000 0.0000541046388825
34.51000 0.0000540206927165
34.53000 0.0000539369339094
34.55000 0.0000538533455749
34.57000 0.0000537699360341
34.59000 0.0000536867058405
34.61000 0.0000536036547802
34.63000 0.0000535207673637
34.65000 0.0000534380723121
34.67000 0.0000533555388991
34.69000 0.0000532731830307
34.71000 0.0000531910075144
34.73000 0.0000531090012795
34.75000 0.0000530271663978
34.77000 0.0000529455029659
34.79000 0.0000528640210773
34.81000 0.0000527827032675
34.83000 0.0000527015519925
34.85000 0.0000526205867913
34.87000 0.0000525397781416
34.89000 0.0000524591403101
34.91000 0.0000523786826831
34.93000 0.0000522983874393
34.95000 0.0000522182573541
34.97000 0.0000521382973919
34.99000 0.0000520585103439
35.01000 0.0000519788845660
35.03000 0.0000518994262685
35.05000 0.0000518201358459
35.07000 0.0000517410165523
35.09000 0.0000516620493376
35.11000 0.0000515832612258
35.13000 0.0000515046277632
35.15000 0.0000514261650972
35.17000 0.0000513478608707
35.19000 0.0000512697261454
35.21000 0.0000511917465420
35.23000 0.0000511139320366
35.25000 0.0000510362870079
35.27000 0.0000509587923696
35.29000 0.0000508814657768
35.31000 0.0000508042952542
35.33000 0.0000507272917595
35.35000 0.0000506504410693
35.37000 0.0000505737546286
35.39000 0.0000504972229671
35.41000 0.0000504208538607
35.43000 0.0000503446410240
35.45000 0.0000502685902987
35.47000 0.0000501926817947
35.49000 0.0000501169537843
35.51000 0.0000500413628764
35.53000 0.0000499659391712
35.55000 0.0000498906629623
35.57000 0.0000498155461427
35.59000 0.0000497405882267
35.61000 0.0000496657766866
35.63000 0.0000495911289868
35.65000 0.0000495166200375
35.67000 0.0000494422825684
35.69000 0.0000493680843702
35.71000 0.0000492940442299
35.73000 0.0000492201557709
35.75000 0.0000491464155931
35.77000 0.0000490728338303
35.79000 0.0000489993982946
35.81000 0.0000489261091638
35.83000 0.0000488529793485
35.85000 0.0000487799913714
35.87000 0.0000487071579741
35.89000 0.0000486344705741
35.91000 0.0000485619310245
35.93000 0.0000484895401551
35.95000 0.0000484173065153
35.97000 0.0000483452007073
35.99000 0.0000482732603572
36.01000 0.0000482014552794
36.03000 0.0000481298032115
36.05000 0.0000480582906283
36.07000 0.0000479869332624
36.09000 0.0000479157089960
36.11000 0.0000478446394974
36.13000 0.0000477737078601
36.15000 0.0000477029219612
36.17000 0.0000476322817257
36.19000 0.0000475617850558
36.21000 0.0000474914284822
36.23000 0.0000474212159832
36.25000 0.0000473511437612
36.27000 0.0000472812131649
36.29000 0.0000472114307674
36.31000 0.0000471417805964
36.33000 0.0000470722767377
36.35000 0.0000470029103630
36.37000 0.0000469336826535
36.39000 0.0000468646039019
36.41000 0.0000467956495992
36.43000 0.0000467268461800
36.45000 0.0000466581752806
36.47000 0.0000465896477026
36.49000 0.0000465212493282
36.51000 0.0000464529986771
36.53000 0.0000463848781910
36.55000 0.0000463168961705
36.57000 0.0000462490544632
36.59000 0.0000461813369013
36.61000 0.0000461137759763
36.63000 0.0000460463265896
36.65000 0.0000459790333772
36.67000 0.0000459118566761
36.69000 0.0000458448296527
36.71000 0.0000457779277520
36.73000 0.0000457111594410
36.75000 0.0000456445287889
36.77000 0.0000455780291503
36.79000 0.0000455116640887
36.81000 0.0000454454227751
36.83000 0.0000453793301113
36.85000 0.0000453133539849
36.87000 0.0000452475143739
36.89000 0.0000451818037266
36.91000 0.0000451162306848
36.93000 0.0000450507787715
36.95000 0.0000449854636600
36.97000 0.0000449202764829
36.99000 0.0000448552158712
37.01000 0.0000447902899579
37.03000 0.0000447254858120
37.05000 0.0000446608164701
37.07000 0.0000445962651443
37.09000 0.0000445318598128
37.11000 0.0000444675620241
37.13000 0.0000444034031057
37.15000 0.0000443393706039
37.17000 0.0000442754555675
37.19000 0.0000442116800302
37.21000 0.0000441480190946
37.23000 0.0000440844903637
37.25000 0.0000440210793685
37.27000 0.0000439578041675
37.29000 0.0000438946463364
37.31000 0.0000438316135572
37.33000 0.0000437687078276
37.35000 0.0000437059150243
37.37000 0.0000436432632510
37.39000 0.0000435807205399
37.41000 0.0000435183024454
37.43000 0.0000434560160035
37.45000 0.0000433938439204
37.47000 0.0000433317892317
37.49000 0.0000432698662505
37.51000 0.0000432080592890
37.53000 0.0000431463731395
37.55000 0.0000430848046722
37.57000 0.0000430233680438
37.59000 0.0000429620392545
37.61000 0.0000429008357354
37.63000 0.0000428397424855
37.65000 0.0000427787890253
37.67000 0.0000427179339066
37.69000 0.0000426572067585
37.71000 0.0000425965942987
37.73000 0.0000425361037625
37.75000 0.0000424757300282
37.77000 0.0000424154689294
37.79000 0.0000423553286368
37.81000 0.0000422953068691
37.83000 0.0000422353961917
37.85000 0.0000421756083240
37.87000 0.0000421159367204
37.89000 0.0000420563672791
37.91000 0.0000419969289611
37.93000 0.0000419376027510
37.95000 0.0000418783823042
37.97000 0.0000418192870148
37.99000 0.0000417602959027
38.01000 0.0000417014330142
38.03000 0.0000416426690165
38.05000 0.0000415840231910
38.07000 0.0000415254945360
38.09000 0.0000414670781060
38.11000 0.0000414087648314
38.13000 0.0000413505802718
38.15000 0.0000412924933959
38.17000 0.0000412345205507
38.19000 0.0000411766690536
38.21000 0.0000411189135345
38.23000 0.0000410612877062
38.25000 0.0000410037514807
38.27000 0.0000409463422485
38.29000 0.0000408890326965
38.31000 0.0000408318445563
38.33000 0.0000407747517304
38.35000 0.0000407177769944
38.37000 0.0000406609112569
38.39000 0.0000406041488352
38.41000 0.0000405475042344
38.43000 0.0000404909563777
38.45000 0.0000404345278859
38.47000 0.0000403781989947
38.49000 0.0000403219787218
38.51000 0.0000402658701607
38.53000 0.0000402098642721
38.55000 0.0000401539664684
38.57000 0.0000400981721828
38.59000 0.0000400424952311
38.61000 0.0000399869093147
38.63000 0.0000399314341402
38.65000 0.0000398760693765
38.67000 0.0000398208070366
38.69000 0.0000397656483971
38.71000 0.0000397105938222
38.73000 0.0000396556412144
38.75000 0.0000396008047462
38.77000 0.0000395460550764
38.79000 0.0000394914214741
38.81000 0.0000394368873105
38.83000 0.0000393824563470
38.85000 0.0000393281301593
38.87000 0.0000392739044541
38.89000 0.0000392197763126
38.91000 0.0000391657634001
38.93000 0.0000391118377110
38.95000 0.0000390580250174
38.97000 0.0000390043058572
38.99000 0.0000389506959802
39.01000 0.0000388971785467
39.03000 0.0000388437693570
39.05000 0.0000387904524936
39.07000 0.0000387372414498
39.09000 0.0000386841315187
39.11000 0.0000386311183765
39.13000 0.0000385782048942
39.15000 0.0000385253914606
39.17000 0.0000384726756066
39.19000 0.0000384200640833
39.21000 0.0000383675418331
39.23000 0.0000383151244557
39.25000 0.0000382628048834
39.27000 0.0000382105833620
39.29000 0.0000381584542754
39.31000 0.0000381064263260
39.33000 0.0000380545023849
39.35000 0.0000380026612551
39.37000 0.0000379509299073
39.39000 0.0000378992788209
39.41000 0.0000378477508578
39.43000 0.0000377962890572
39.45000 0.0000377449431721
39.47000 0.0000376936854068
39.49000 0.0000376425241831
39.51000 0.0000375914521299
39.53000 0.0000375404889770
39.55000 0.0000374896083361
39.57000 0.0000374388258893
39.59000 0.0000373881400030
39.61000 0.0000373375442297
39.63000 0.0000372870431074
39.65000 0.0000372366362845
39.67000 0.0000371863251606
39.69000 0.0000371361005185
39.71000 0.0000370859807563
39.73000 0.0000370359394382
39.75000 0.0000369860005990
39.77000 0.0000369361481996
39.79000 0.0000368863923795
39.81000 0.0000368367274054
39.83000 0.0000367871487916
39.85000 0.0000367376693650
39.87000 0.0000366882791566
39.89000 0.0000366389745988
39.91000 0.0000365897668573
39.93000 0.0000365406436706
39.95000 0.0000364916193067
39.97000 0.0000364426773495
39.99000 0.0000363938292191
40.01000 0.0000363450675285
40.03000 0.0000362964019561
40.05000 0.0000362478192384
40.07000 0.0000361993228304
40.09000 0.0000361509289778
40.11000 0.0000361026098253
40.13000 0.0000360543841556
40.15000 0.0000360062491411
40.17000 0.0000359581998740
40.19000 0.0000359102335975
40.21000 0.0000358623649035
40.23000 0.0000358145767311
40.25000 0.0000357668815095
40.27000 0.0000357192612207
40.29000 0.0000356717435133
40.31000 0.0000356243009354
40.33000 0.0000355769524951
40.35000 0.0000355296787390
40.37000 0.0000354825103313
40.39000 0.0000354354090139
40.41000 0.0000353884021204
40.43000 0.0000353414774616
40.45000 0.0000352946385341
40.47000 0.0000352478934524
40.49000 0.0000352012195275
40.51000 0.0000351546381357
40.53000 0.0000351081391765
40.55000 0.0000350617244671
40.57000 0.0000350153945003
40.59000 0.0000349691476788
40.61000 0.0000349229826727
40.63000 0.0000348769083564
40.65000 0.0000348309107367
40.67000 0.0000347849970283
40.69000 0.0000347391646974
40.71000 0.0000346934214314
40.73000 0.0000346477538630
40.75000 0.0000346021757456
40.77000 0.0000345566706905
40.79000 0.0000345112525001
40.81000 0.0000344659224771
40.83000 0.0000344206628564
40.85000 0.0000343754902928
40.87000 0.0000343303975641
40.89000 0.0000342853863370
40.91000 0.0000342404581612
40.93000 0.0000341956045786
40.95000 0.0000341508438542
40.97000 0.0000341061456334
40.99000 0.0000340615414664
41.01000 0.0000340170133020
41.03000 0.0000339725635673
41.05000 0.0000339281916754
41.07000 0.0000338839099371
41.09000 0.0000338396894389
41.11000 0.0000337955640426
41.13000 0.0000337515101660
41.15000 0.0000337075345211
41.17000 0.0000336636413392
41.19000 0.0000336198175838
41.21000 0.0000335760882827
41.23000 0.0000335324231070
41.25000 0.0000334888370189
41.27000 0.0000334453364844
41.29000 0.0000334019027686
41.31000 0.0000333585546483
41.33000 0.0000333152780970
41.35000 0.0000332720875504
41.37000 0.0000332289634003
41.39000 0.0000331859165177
41.41000 0.0000331429560388
41.43000 0.0000331000620590
41.45000 0.0000330572430323
41.47000 0.0000330145127975
41.49000 0.0000329718441742
41.51000 0.0000329292540356
41.53000 0.0000328867438461
41.55000 0.0000328443094221
41.57000 0.0000328019461723
41.59000 0.0000327596563201
41.61000 0.0000327174451478
41.63000 0.0000326753094908
41.65000 0.0000326332425694
41.67000 0.0000325912539274
41.69000 0.0000325493441734
41.71000 0.0000325074954917
41.73000 0.0000324657280978
41.75000 0.0000324240384773
41.77000 0.0000323824127727
41.79000 0.0000323408643240
41.81000 0.0000322993999804
41.83000 0.0000322579875919
41.85000 0.0000322166636467
41.87000 0.0000321754044993
41.89000 0.0000321342236443
41.91000 0.0000320931096426
41.93000 0.0000320520691730
41.95000 0.0000320111068006
41.97000 0.0000319702013430
41.99000 0.0000319293850402
42.01000 0.0000318886325043
42.03000 0.0000318479433870
42.05000 0.0000318073409393
42.07000 0.0000317667947344
42.09000 0.0000317263331911
42.11000 0.0000316859288706
42.13000 0.0000316456055414
42.15000 0.0000316053414704
42.17000 0.0000315651660221
42.19000 0.0000315250395276
42.21000 0.0000314849952013
42.23000 0.0000314450172801
42.25000 0.0000314051129402
42.27000 0.0000313652690279
42.29000 0.0000313255021546
42.31000 0.0000312858037538
42.33000 0.0000312461722714
42.35000 0.0000312066087554
42.37000 0.0000311671142020
42.39000 0.0000311276918058
42.41000 0.0000310883332228
42.43000 0.0000310490459573
42.45000 0.0000310098249032
42.47000 0.0000309706693798
42.49000 0.0000309315907754
42.51000 0.0000308925680610
42.53000 0.0000308536203429
42.55000 0.0000308147369672
42.57000 0.0000307759250535
42.59000 0.0000307371698522
42.61000 0.0000306984969375
42.63000 0.0000306598766557
42.65000 0.0000306213271984
42.67000 0.0000305828522157
42.69000 0.0000305444302157
42.71000 0.0000305060852115
42.73000 0.0000304677963154
42.75000 0.0000304295860616
42.77000 0.0000303914320836
42.79000 0.0000303533424610
42.81000 0.0000303153239288
42.83000 0.0000302773706902
42.85000 0.0000302394772778
42.87000 0.0000302016532327
42.89000 0.0000301638909307
42.91000 0.0000301261994214
42.93000 0.0000300885626310
42.95000 0.0000300510042458
42.97000 0.0000300134896074
42.99000 0.0000299760627908
43.01000 0.0000299386823998
43.03000 0.0000299013697743
43.05000 0.0000298641303455
43.07000 0.0000298269424928
43.09000 0.0000297898252637
43.11000 0.0000297527646487
43.13000 0.0000297157778809
43.15000 0.0000296788417612
43.17000 0.0000296419796275
43.19000 0.0000296051699504
43.21000 0.0000295684307262
43.23000 0.0000295317585476
43.25000 0.0000294951283825
43.27000 0.0000294585805923
43.29000 0.0000294220891371
43.31000 0.0000293856582860
43.33000 0.0000293492890176
43.35000 0.0000293129797273
43.37000 0.0000292767360268
43.39000 0.0000292405491588
43.41000 0.0000292044353573
43.43000 0.0000291683648444
43.45000 0.0000291323676250
43.47000 0.0000290964258344
43.49000 0.0000290605534168
43.51000 0.0000290247276488
43.53000 0.0000289889730247
43.55000 0.0000289532741908
43.57000 0.0000289176445434
43.59000 0.0000288820565106
43.61000 0.0000288465464724
43.63000 0.0000288110898116
43.65000 0.0000287756899024
43.67000 0.0000287403534059
43.69000 0.0000287050751542
43.71000 0.0000286698549623
43.73000 0.0000286346991286
43.75000 0.0000285995942004
43.77000 0.0000285645584891
43.79000 0.0000285295683851
43.81000 0.0000284946529566
43.83000 0.0000284597780123
43.85000 0.0000284249832815
43.87000 0.0000283902254830
43.89000 0.0000283555346897
43.91000 0.0000283209103998
43.93000 0.0000282863315670
43.95000 0.0000282518140074
43.97000 0.0000282173630700
43.99000 0.0000281829489766
44.01000 0.0000281486171409
44.03000 0.0000281143265425
44.05000 0.0000280800997399
44.07000 0.0000280459248635
44.09000 0.0000280118170167
44.11000 0.0000279777518817
44.13000 0.0000279437529958
44.15000 0.0000279098098813
44.17000 0.0000278759248078
44.19000 0.0000278420910025
44.21000 0.0000278083112570
44.23000 0.0000277746002933
44.25000 0.0000277409350786
44.27000 0.0000277073238933
44.29000 0.0000276737782820
44.31000 0.0000276402827406
44.33000 0.0000276068421075
44.35000 0.0000275734547535
44.37000 0.0000275401253625
44.39000 0.0000275068614934
44.41000 0.0000274736310973
44.43000 0.0000274404735450
44.45000 0.0000274073624733
44.47000 0.0000273743125245
44.49000 0.0000273413071740
44.51000 0.0000273083689516
44.53000 0.0000272754757380
44.55000 0.0000272426362776
44.57000 0.0000272098584289
44.59000 0.0000271771315131
44.61000 0.0000271444561663
44.63000 0.0000271118401196
44.65000 0.0000270792664681
44.67000 0.0000270467580551
44.69000 0.0000270142995589
44.71000 0.0000269818932836
44.73000 0.0000269495431902
44.75000 0.0000269172401353
44.77000 0.0000268849980227
44.79000 0.0000268528030324
44.81000 0.0000268206639493
44.83000 0.0000267885749362
44.85000 0.0000267565422769
44.87000 0.0000267245589287
44.89000 0.0000266926266839
44.91000 0.0000266607510143
44.93000 0.0000266289288825
44.95000 0.0000265971518623
44.97000 0.0000265654302925
44.99000 0.0000265337656375
45.01000 0.0000265021441627
45.03000 0.0000264705782843
45.05000 0.0000264390652788
45.07000 0.0000264076010596
45.09000 0.0000263761859894
45.11000 0.0000263448393988
45.13000 0.0000263135122878
45.15000 0.0000262822646401
45.17000 0.0000262510553182
45.19000 0.0000262198989358
45.21000 0.0000261887909781
45.23000 0.0000261577409848
45.25000 0.0000261267303697
45.27000 0.0000260957788914
45.29000 0.0000260648758320
45.31000 0.0000260340212814
45.33000 0.0000260032170189
45.35000 0.0000259724613142
45.37000 0.0000259417612160
45.39000 0.0000259111049139
45.41000 0.0000258804990589
45.43000 0.0000258499491214
45.45000 0.0000258194404673
45.47000 0.0000257889826941
45.49000 0.0000257585806446
45.51000 0.0000257282199249
45.53000 0.0000256979150257
45.55000 0.0000256676446287
45.57000 0.0000256374487915
45.59000 0.0000256072744216
45.61000 0.0000255771719516
45.63000 0.0000255470973456
45.65000 0.0000255170878004
45.67000 0.0000254871160837
45.69000 0.0000254571981493
45.71000 0.0000254273272403
45.73000 0.0000253975030329
45.75000 0.0000253677267791
45.77000 0.0000253380011489
45.79000 0.0000253083198915
45.81000 0.0000252786899616
45.83000 0.0000252491020684
45.85000 0.0000252195673474
45.87000 0.0000251900766450
45.89000 0.0000251606337082
45.91000 0.0000251312386078
45.93000 0.0000251018933475
45.95000 0.0000250725895630
45.97000 0.0000250433390865
45.99000 0.0000250141249034
46.01000 0.0000249849685805
46.03000 0.0000249558523470
46.05000 0.0000249267930718
46.07000 0.0000248977584354
46.09000 0.0000248687947362
46.11000 0.0000248398606502
46.13000 0.0000248109797825
46.15000 0.0000247821471431
46.17000 0.0000247533464877
46.19000 0.0000247246162245
46.21000 0.0000246959053323
46.23000 0.0000246672600141
46.25000 0.0000246386465773
46.27000 0.0000246100900798
46.29000 0.0000245815716523
46.31000 0.0000245530994856
46.33000 0.0000245246734639
46.35000 0.0000244962939473
46.37000 0.0000244679598428
46.39000 0.0000244396642478
46.41000 0.0000244114213233
46.43000 0.0000243832195956
46.45000 0.0000243550661048
46.47000 0.0000243269493178
46.49000 0.0000242988861194
46.51000 0.0000242708569706
46.53000 0.0000242428837190
46.55000 0.0000242149506768
46.57000 0.0000241870530245
46.59000 0.0000241592159949
46.61000 0.0000241314057163
46.63000 0.0000241036543618
46.65000 0.0000240759322823
46.67000 0.0000240482684562
46.69000 0.0000240206375927
46.71000 0.0000239930512972
46.73000 0.0000239655179252
46.75000 0.0000239380136749
46.77000 0.0000239105659809
46.79000 0.0000238831551367
46.81000 0.0000238557791360
46.83000 0.0000238284679849
46.85000 0.0000238011750601
46.87000 0.0000237739449683
46.89000 0.0000237467444406
46.91000 0.0000237195906840
46.93000 0.0000236924817612
46.95000 0.0000236654153479
46.97000 0.0000236383889213
46.99000 0.0000236114026609
47.01000 0.0000235844635907
47.03000 0.0000235575635677
47.05000 0.0000235307106554
47.07000 0.0000235038919230
47.09000 0.0000234771206425
47.11000 0.0000234503893864
47.13000 0.0000234236959256
47.15000 0.0000233970562282
47.17000 0.0000233704423507
47.19000 0.0000233438839425
47.21000 0.0000233173553541
47.23000 0.0000232908784837
47.25000 0.0000232644347464
47.27000 0.0000232380347907
47.29000 0.0000232116832034
47.31000 0.0000231853545911
47.33000 0.0000231590856359
47.35000 0.0000231328497460
47.37000 0.0000231066521776
47.39000 0.0000230805002902
47.41000 0.0000230543876466
47.43000 0.0000230283083921
47.45000 0.0000230022852993
47.47000 0.0000229762876505
47.49000 0.0000229503360587
47.51000 0.0000229244251663
47.53000 0.0000228985513349
47.55000 0.0000228727233638
47.57000 0.0000228469316715
47.59000 0.0000228211773524
47.61000 0.0000227954676301
47.63000 0.0000227697960327
47.65000 0.0000227441605697
47.67000 0.0000227185709235
47.69000 0.0000226930136603
47.71000 0.0000226675070540
47.73000 0.0000226420281251
47.75000 0.0000226165860692
47.77000 0.0000225912025299
47.79000 0.0000225658363422
47.81000 0.0000225405236692
47.83000 0.0000225152417196
47.85000 0.0000224900049755
47.87000 0.0000224647953610
47.89000 0.0000224396470531
47.91000 0.0000224145080072
47.93000 0.0000223894325692
47.95000 0.0000223643871362
47.97000 0.0000223393672788
47.99000 0.0000223144097630
48.01000 0.0000222894707986
48.03000 0.0000222645820227
48.05000 0.0000222397209083
48.07000 0.0000222149088303
48.09000 0.0000221901286538
48.11000 0.0000221653849991
48.13000 0.0000221406843409
48.15000 0.0000221160142124
48.17000 0.0000220913940627
48.19000 0.0000220667945462
48.21000 0.0000220422485328
48.23000 0.0000220177266740
48.25000 0.0000219932593780
48.27000 0.0000219688003567
48.29000 0.0000219444202639
48.31000 0.0000219200360655
48.33000 0.0000218957150429
48.35000 0.0000218714172901
48.37000 0.0000218471708389
48.39000 0.0000218229436446
48.41000 0.0000217987684081
48.43000 0.0000217746219579
48.45000 0.0000217505134115
48.47000 0.0000217264419780
48.49000 0.0000217024092924
48.51000 0.0000216784094871
48.53000 0.0000216544484875
48.55000 0.0000216305194531
48.57000 0.0000216066335338
48.59000 0.0000215827816166
48.61000 0.0000215589633515
48.63000 0.0000215351805746
48.65000 0.0000215114369330
48.67000 0.0000214877280509
48.69000 0.0000214640530407
48.71000 0.0000214404220231
48.73000 0.0000214168102581
48.75000 0.0000213932558850
48.77000 0.0000213697164232
48.79000 0.0000213462267928
48.81000 0.0000213227639842
48.83000 0.0000212993415714
48.85000 0.0000212759514954
48.87000 0.0000212526001095
48.89000 0.0000212292768391
48.91000 0.0000212059977911
48.93000 0.0000211827534029
48.95000 0.0000211595319738
48.97000 0.0000211363579518
48.99000 0.0000211132116434
49.01000 0.0000210901057743
49.03000 0.0000210670303685
49.05000 0.0000210439907586
49.07000 0.0000210209863188
49.09000 0.0000209980180827
49.11000 0.0000209750773289
49.13000 0.0000209521786581
49.15000 0.0000209293127432
49.17000 0.0000209064748716
49.19000 0.0000208836807136
49.21000 0.0000208609159330
49.23000 0.0000208381799605
49.25000 0.0000208154916480
49.27000 0.0000207928225896
49.29000 0.0000207701908638
49.31000 0.0000207476061592
49.33000 0.0000207250313439
49.35000 0.0000207025181850
49.37000 0.0000206800140048
49.39000 0.0000206575545052
49.41000 0.0000206351301411
49.43000 0.0000206127341758
49.45000 0.0000205903729180
49.47000 0.0000205680490290
49.49000 0.0000205457550264
49.51000 0.0000205234910779
49.53000 0.0000205012607484
49.55000 0.0000204790783680
49.57000 0.0000204569045080
49.59000 0.0000204347785597
49.61000 0.0000204126874460
49.63000 0.0000203906162383
49.65000 0.0000203685935739
49.67000 0.0000203465912160
49.69000 0.0000203246259608
49.71000 0.0000203026953467
49.73000 0.0000202807963927
49.75000 0.0000202589271212
49.77000 0.0000202370864265
49.79000 0.0000202152902418
49.81000 0.0000201935164871
49.83000 0.0000201717818548
49.85000 0.0000201500698578
49.87000 0.0000201283952208
49.89000 0.0000201067578501
49.91000 0.0000200851422993
49.93000 0.0000200635666833
49.95000 0.0000200420155616
49.97000 0.0000200205079020
49.99000 0.0000199990132860
50.01000 0.0000199775733456
50.03000 0.0000199561427077
50.05000 0.0000199347605075
50.07000 0.0000199133996113
50.09000 0.0000198920804698
50.11000 0.0000198707638682
50.13000 0.0000198495698350
50.15000 0.0000198280985135
50.17000 0.0000198077697546
50.19000 0.0000197833618642
50.21000 0.0000197742823866
50.23000 0.0000197711196720
50.25000 0.0000197200719469
