0.25000 -2006.3877831863471783
0.27000 -1733.6635122329466867
0.29000 -1429.5455548062050184
0.31000 -1738.8957933116059849
0.33000 -1419.1894996626783723
0.35000 -1182.4775994996248301
0.37000 -969.6935258182832058
0.39000 -798.0433621888998914
0.41000 -655.8711323334983945
0.43000 -540.1710317055539008
0.45000 -445.7641903645934462
0.47000 -368.8717910449215083
0.49000 -306.1491826219601649
0.51000 -254.9038479062367628
0.53000 -212.9280345600920441
0.55000 -178.4637715480004942
0.57000 -150.0635252861075060
0.59000 -126.6137326248519628
0.61000 -107.1531584328697164
0.63000 -90.9944635040654930
0.65000 -77.4871983161284987
0.67000 -66.2021933805120000
0.69000 -56.7088482357365038
0.71000 -48.7326374559726787
0.73000 -41.9594864816894031
0.75000 -36.2645783595858902
0.77000 -31.3865602079068324
0.79000 -27.2475102792990604
0.81000 -23.7015794448079262
0.83000 -20.6762228854388397
0.85000 -18.0584226778732209
0.87000 -15.8167939136079827
0.89000 -13.8845236307671076
0.91000 -12.1969715430556942
0.93000 -10.7399721333926550
0.95000 -9.4832783835198864
0.97000 -8.3828131449091110
0.99000 -7.4149528839333652
1.01000 -6.5764892967732731
1.03000 -5.8324708039509776
1.05000 -5.1903575974792302
1.07000 -4.6324591205261045
1.09000 -4.1142416021498303
1.11000 -3.6778272307265900
1.13000 -3.2895044632663688
1.15000 -2.9397487128629556
1.17000 -2.6339018615456626
1.19000 -2.3658314537179188
1.21000 -2.1178722799802818
1.23000 -1.9012157404541912
1.25000 -1.7130301918286130
1.27000 -1.5413837242452453
1.29000 -1.3878465975984227
1.31000 -1.2466796094299608
1.33000 -1.1253867168020681
1.35000 -1.0176230608172077
1.37000 -0.9177459953449431
1.39000 -0.8302938274996434
1.41000 -0.7487793152877177
1.43000 -0.6751325280079935
1.45000 -0.6085973905389785
1.47000 -0.5532937672840059
1.49000 -0.5016129696217935
1.51000 -0.4486546166989255
1.53000 -0.4184382049188252
1.55000 -0.3551272926190693
1.57000 -0.3497960585537493
1.59000 -0.2981080702314324
1.61000 -0.2626970745100987
1.63000 -0.2621691601080908
1.65000 -0.2229783002336006
1.67000 -0.1870289049789771
1.69000 -0.1891554517186034
1.71000 -0.1719999951493856
1.73000 -0.1421883011794763
1.75000 -0.1234630518191319
1.77000 -0.1262059947289747
1.79000 -0.1121605501761917
1.81000 -0.0960462663105825
1.83000 -0.0769067066974660
1.85000 -0.0755701300148015
1.87000 -0.0728009624806347
1.89000 -0.0628193988725749
1.91000 -0.0534940222905271
1.93000 -0.0423283359173484
1.95000 -0.0372556949411000
1.97000 -0.0385868218164924
1.99000 -0.0323338512793018
2.01000 -0.0271841174570575
2.03000 -0.0221724558852054
2.05000 -0.0173343875711773
2.07000 -0.0118880958896450
2.09000 -0.0129946021535747
2.11000 -0.0109167141761531
2.13000 -0.0078699415618592
2.15000 -0.0052168993662042
2.17000 -0.0024424837731056
2.19000 -0.0005745127753161
2.21000 0.0026271601792175
2.23000 0.0036001151712539
2.25000 0.0035881591101128
2.27000 0.0044382852138850
2.29000 0.0058551750832062
2.31000 0.0074007114672647
2.33000 0.0078736288322556
2.35000 0.0092156389001434
2.37000 0.0098890465261015
2.39000 0.0108960057411863
2.41000 0.0122633852725484
2.43000 0.0110727272836786
2.45000 0.0118028638367481
2.47000 0.0120164484265772
2.49000 0.0126152489496323
2.51000 0.0125507973805505
2.53000 0.0133541914216588
2.55000 0.0135810837113374
2.57000 0.0131788535524350
2.59000 0.0145231937008957
2.61000 0.0131984543086383
2.63000 0.0147980874082299
2.65000 0.0140106721363553
2.67000 0.0140544928704337
2.69000 0.0140629723144325
2.71000 0.0130757064897846
2.73000 0.0147883309764563
2.75000 0.0131778493210148
2.77000 0.0144274570878141
2.79000 0.0124726752074681
2.81000 0.0161780990802958
2.83000 0.0102352973319064
2.85000 0.0170093497157501
2.87000 0.0106568051836768
2.89000 0.0141707088771592
2.91000 0.0147034544262237
2.93000 0.0108475387815739
2.95000 0.0140684395267635
2.97000 0.0134120182552581
2.99000 0.0111171467864768
3.01000 0.0131047044743537
3.03000 0.0129799705705924
3.05000 0.0108979091954324
3.07000 0.0121037598346807
3.09000 0.0130333103106247
3.11000 0.0109914395871972
3.13000 0.0108895416989219
3.15000 0.0117759611090174
3.17000 0.0120276080183464
3.19000 0.0103352993987190
3.21000 0.0105069243236389
3.23000 0.0110856671643271
3.25000 0.0111889710459797
3.27000 0.0098463474642226
3.29000 0.0100856130738625
3.31000 0.0101866512331831
3.33000 0.0106532851406234
3.35000 0.0094212268195171
3.37000 0.0092880518091458
3.39000 0.0094840516227472
3.41000 0.0094732369518291
3.43000 0.0097527682689040
3.45000 0.0086747435623646
3.47000 0.0084987430865972
3.49000 0.0087760251033890
3.51000 0.0087904663293818
3.53000 0.0089196232575898
3.55000 0.0081880164685503
3.57000 0.0078585202003175
3.59000 0.0079994944117886
3.61000 0.0079994059987154
3.63000 0.0080302210483015
3.65000 0.0078714696797692
3.67000 0.0074245514250504
3.69000 0.0072016565165015
3.71000 0.0073078656552076
3.73000 0.0072261928790266
3.75000 0.0071569247923897
3.77000 0.0071878650890108
3.79000 0.0066792308952198
3.81000 0.0066677724973319
3.83000 0.0065619434076273
3.85000 0.0064971016703238
3.87000 0.0064101235315121
3.89000 0.0064038359106252
3.91000 0.0062364076287384
3.93000 0.0059978110730311
3.95000 0.0060097531985603
3.97000 0.0057602711952172
3.99000 0.0058378686433602
4.01000 0.0055641353214712
4.03000 0.0058643948493605
4.05000 0.0053104794288846
4.07000 0.0057389586427999
4.09000 0.0047927535493560
4.11000 0.0058484040527107
4.13000 0.0044369276771169
4.15000 0.0056467408584652
4.17000 0.0046431356733971
4.19000 0.0049300770930960
4.21000 0.0052425234870849
4.23000 0.0042242481503492
4.25000 0.0049223572266832
4.27000 0.0046834209253832
4.29000 0.0041543173415204
4.31000 0.0046908287150427
4.33000 0.0044144929899070
4.35000 0.0039794478476352
4.37000 0.0045460203020968
4.39000 0.0042415227580195
4.41000 0.0037868188619561
4.43000 0.0041373583378745
4.45000 0.0041560315663473
4.47000 0.0036651581653927
4.49000 0.0037973423306266
4.51000 0.0039460320138777
4.53000 0.0036666136273011
4.55000 0.0035495889792273
4.57000 0.0036773140377662
4.59000 0.0036738585842503
4.61000 0.0033824635511474
4.63000 0.0033428698466749
4.65000 0.0034246064317678
4.67000 0.0034589685571814
4.69000 0.0031418428044402
4.71000 0.0031216539769785
4.73000 0.0032407857936586
4.75000 0.0032347134808671
4.77000 0.0029773324141761
4.79000 0.0029892776332955
4.81000 0.0030138668470625
4.83000 0.0029970100475415
4.85000 0.0028523682547854
4.87000 0.0028058187717672
4.89000 0.0027773518727903
4.91000 0.0027753162615274
4.93000 0.0027566613632994
4.95000 0.0026102014357802
4.97000 0.0026114039460938
4.99000 0.0025744746323201
5.01000 0.0026128135245662
5.03000 0.0025605443402151
5.05000 0.0024216485587647
5.07000 0.0024098936966347
5.09000 0.0023986911993716
5.11000 0.0024132512250104
5.13000 0.0023506714514713
5.15000 0.0022451616954466
5.17000 0.0022292283759680
5.19000 0.0022193119737779
5.21000 0.0022082584314372
5.23000 0.0022198815702312
5.25000 0.0020887701001708
5.27000 0.0020783077805027
5.29000 0.0020938689150596
5.31000 0.0019900264885038
5.33000 0.0021092163605962
5.35000 0.0018667031173129
5.37000 0.0021149855882844
5.39000 0.0017000502279078
5.41000 0.0020897321488985
5.43000 0.0016538410398115
5.45000 0.0020152943550067
5.47000 0.0017706776149484
5.49000 0.0017100112124913
5.51000 0.0018722576729709
5.53000 0.0016210632662605
5.55000 0.0017619784682214
5.57000 0.0017253955787259
5.59000 0.0015899369205467
5.61000 0.0017106312026616
5.63000 0.0016113473402801
5.65000 0.0015135088494989
5.67000 0.0016587550777381
5.69000 0.0015125888678154
5.71000 0.0014947223435831
5.73000 0.0015725446697127
5.75000 0.0014626430564398
5.77000 0.0014154500488361
5.79000 0.0014665577201719
5.81000 0.0014538578385163
5.83000 0.0013537721002081
5.85000 0.0013987417994688
5.87000 0.0014254487925673
5.89000 0.0013009944973182
5.91000 0.0013162356621299
5.93000 0.0013281879936156
5.95000 0.0012898664775163
5.97000 0.0012605600591131
5.99000 0.0012575125547346
6.01000 0.0012879105767971
6.03000 0.0012138380867573
6.05000 0.0011662579466979
6.07000 0.0012005904950763
6.09000 0.0012027165721684
6.11000 0.0011383854507200
6.13000 0.0011281558442063
6.15000 0.0011445050058142
6.17000 0.0011330076633842
6.19000 0.0010917422926341
6.21000 0.0010718498715904
6.23000 0.0010758401114419
6.25000 0.0010739414565974
6.27000 0.0010182195653759
6.29000 0.0010233667790497
6.31000 0.0010209895718224
6.33000 0.0010236446239265
6.35000 0.0009810903247217
6.37000 0.0009754716999433
6.39000 0.0009593262526956
6.41000 0.0009563096842191
6.43000 0.0009484705555673
6.45000 0.0009142066733266
6.47000 0.0009053381886763
6.49000 0.0009031882591363
6.51000 0.0009135673699016
6.53000 0.0008779351956071
6.55000 0.0008707629813957
6.57000 0.0008402654729419
6.59000 0.0008668095176819
6.61000 0.0008176280254698
6.63000 0.0008602603294069
6.65000 0.0007587927971138
6.67000 0.0008687568026078
6.69000 0.0007290007428736
6.71000 0.0008585470875899
6.73000 0.0007217699239207
6.75000 0.0007925991171257
6.77000 0.0007606974656664
6.79000 0.0007170326543164
6.81000 0.0007826125742831
6.83000 0.0006951714955998
6.85000 0.0007271139708849
6.87000 0.0007265212736973
6.89000 0.0006665200220450
6.91000 0.0007294133757644
6.93000 0.0006865900787726
6.95000 0.0006593541395742
6.97000 0.0006854375284952
6.99000 0.0006508299107977
7.01000 0.0006411079421971
7.03000 0.0006711485533994
7.05000 0.0006295140624057
7.07000 0.0006101122789851
7.09000 0.0006438821119799
7.11000 0.0006064990234570
7.13000 0.0005958869682410
7.15000 0.0006176004152536
7.17000 0.0005977551786884
7.19000 0.0005720968837553
7.21000 0.0005868374362838
7.23000 0.0005767765027161
7.25000 0.0005496452540795
7.27000 0.0005626211013280
7.29000 0.0005666679799010
7.31000 0.0005396364489522
7.33000 0.0005305146368502
7.35000 0.0005404719496023
7.37000 0.0005292349024300
7.39000 0.0005143256480433
7.41000 0.0005178467897549
7.43000 0.0005176156089396
7.45000 0.0004995946654059
7.47000 0.0004900396350279
7.49000 0.0004944225873623
7.51000 0.0004925264478669
7.53000 0.0004737619729393
7.55000 0.0004723500525901
7.57000 0.0004750260081121
7.59000 0.0004656726682502
7.61000 0.0004558383763046
7.63000 0.0004512594580415
7.65000 0.0004503009944090
7.67000 0.0004487893563720
7.69000 0.0004351453514647
7.71000 0.0004339216197006
7.73000 0.0004295682733135
7.75000 0.0004247425038998
7.77000 0.0004184454865941
7.79000 0.0004105578435091
7.81000 0.0004130139806546
7.83000 0.0004082135092916
7.85000 0.0004038651357785
7.87000 0.0003858668592982
7.89000 0.0004023417305340
7.91000 0.0003741512597429
7.93000 0.0004076146538357
7.95000 0.0003533523878589
7.97000 0.0003989261467459
7.99000 0.0003465973746434
8.01000 0.0003929543033558
8.03000 0.0003482058102503
8.05000 0.0003602969196141
8.07000 0.0003621227738967
8.09000 0.0003364593037051
8.11000 0.0003666226176813
8.13000 0.0003334459444670
8.15000 0.0003385816511418
8.17000 0.0003478347528988
8.19000 0.0003211851502353
8.21000 0.0003384193388486
8.23000 0.0003239454711423
8.25000 0.0003139975548091
8.27000 0.0003292364355682
8.29000 0.0003137335877201
8.31000 0.0003091994253227
8.33000 0.0003152817127742
8.35000 0.0003010939587933
8.37000 0.0003005836609708
8.39000 0.0003066108131278
8.41000 0.0002939991421610
8.43000 0.0002887362224313
8.45000 0.0002961344132875
8.47000 0.0002840475829084
8.49000 0.0002813833656819
8.51000 0.0002881073562592
8.53000 0.0002777023113780
8.55000 0.0002713691539998
8.57000 0.0002751683140604
8.59000 0.0002702316669045
8.61000 0.0002635401445683
8.63000 0.0002676411176017
8.65000 0.0002644043548920
8.67000 0.0002549523381764
8.69000 0.0002558525151001
8.71000 0.0002573813558115
8.73000 0.0002511203051059
8.75000 0.0002463488036249
8.77000 0.0002476203848449
8.79000 0.0002448604397946
8.81000 0.0002387662983994
8.83000 0.0002383824040941
8.85000 0.0002399290546333
8.87000 0.0002333995265576
8.89000 0.0002291705598438
8.91000 0.0002301705122794
8.93000 0.0002298176984365
8.95000 0.0002240750409295
8.97000 0.0002207119614387
8.99000 0.0002215123628505
9.01000 0.0002205749182841
9.03000 0.0002135691507902
9.05000 0.0002133168063486
9.07000 0.0002143754213498
9.09000 0.0002097871066679
9.11000 0.0002084188435262
9.13000 0.0002029477569795
9.15000 0.0002077479970460
9.17000 0.0001978498672765
9.19000 0.0002054581331457
9.21000 0.0001885632275322
9.23000 0.0002073751471469
9.25000 0.0001850498920763
9.27000 0.0002009266306576
9.29000 0.0001805165681286
9.31000 0.0001954373873384
9.33000 0.0001852731798998
9.35000 0.0001833657647018
9.37000 0.0001884473769161
9.39000 0.0001747583559345
9.41000 0.0001856022858552
9.43000 0.0001766974587480
9.45000 0.0001726551193681
9.47000 0.0001797924945498
9.49000 0.0001689656227433
9.51000 0.0001748336429334
9.53000 0.0001706886368358
9.55000 0.0001640676599209
9.57000 0.0001702495204999
9.59000 0.0001643065313435
9.61000 0.0001625441390281
9.63000 0.0001644761872995
9.65000 0.0001584174920873
9.67000 0.0001586017775446
9.69000 0.0001613669267653
9.71000 0.0001539604959725
9.73000 0.0001534447626831
9.75000 0.0001561397712513
9.77000 0.0001497813447345
9.79000 0.0001502353507802
9.81000 0.0001519740352081
9.83000 0.0001464415105383
9.85000 0.0001453785876404
9.87000 0.0001473363965554
9.89000 0.0001433015164864
9.91000 0.0001412340152237
9.93000 0.0001425828783745
9.95000 0.0001398395577575
9.97000 0.0001375628199315
9.99000 0.0001386456921493
10.01000 0.0001369456631428
10.03000 0.0001338983900608
10.05000 0.0001334158478139
10.07000 0.0001338387733973
10.09000 0.0001307491152384
10.11000 0.0001301874117769
10.13000 0.0001303226912959
10.15000 0.0001273348324930
10.17000 0.0001263264666485
10.19000 0.0001260827090880
10.21000 0.0001256176297241
10.23000 0.0001228748584362
10.25000 0.0001218710028728
10.27000 0.0001217554413772
10.29000 0.0001206512898847
10.31000 0.0001189576504431
10.33000 0.0001184300053858
10.35000 0.0001178567081891
10.37000 0.0001161509545951
10.39000 0.0001137258111757
10.41000 0.0001157118382592
10.43000 0.0001127135711154
10.45000 0.0001137420886643
10.47000 0.0001076838560451
10.49000 0.0001147598220156
10.51000 0.0001053424708575
10.53000 0.0001127625770536
10.55000 0.0001026768369402
10.57000 0.0001111016082374
10.59000 0.0001031210707103
10.61000 0.0001056457872572
10.63000 0.0001038917505266
10.65000 0.0001016826669161
10.67000 0.0001057636038933
10.69000 0.0000979135031156
10.71000 0.0001019760086559
10.73000 0.0000998155984949
10.75000 0.0000978316964477
10.77000 0.0000995393582374
10.79000 0.0000952923359434
10.81000 0.0000971158194372
10.83000 0.0000967779386722
10.85000 0.0000929477559734
10.87000 0.0000950020010576
10.89000 0.0000929642503024
10.91000 0.0000916890406192
10.93000 0.0000935811757946
10.95000 0.0000898292146686
10.97000 0.0000893274892712
10.99000 0.0000911542109155
11.01000 0.0000877834697294
11.03000 0.0000877066648475
11.05000 0.0000882255784633
11.07000 0.0000856833412092
11.09000 0.0000861074088189
11.11000 0.0000861203903330
11.13000 0.0000831585812942
11.15000 0.0000838402264280
11.17000 0.0000841063474653
11.19000 0.0000817813409585
11.21000 0.0000818272966746
11.23000 0.0000816327329807
11.25000 0.0000797790219303
11.27000 0.0000797679486122
11.29000 0.0000803122470148
11.31000 0.0000779516063966
11.33000 0.0000774453562622
11.35000 0.0000779735506486
11.37000 0.0000768615061643
11.39000 0.0000756924615578
11.41000 0.0000756065638337
11.43000 0.0000751697893745
11.45000 0.0000739192705888
11.47000 0.0000737235215006
11.49000 0.0000739230580684
11.51000 0.0000721775648508
11.53000 0.0000717085389910
11.55000 0.0000718332656089
11.57000 0.0000710891704299
11.59000 0.0000701343497167
11.61000 0.0000695570481999
11.63000 0.0000698666385163
11.65000 0.0000683207107786
11.67000 0.0000684496007329
11.69000 0.0000673280730936
11.71000 0.0000681338810602
11.73000 0.0000652567120711
11.75000 0.0000674973387368
11.77000 0.0000642517723054
11.79000 0.0000672069893950
11.81000 0.0000621975995013
11.83000 0.0000662637768730
11.85000 0.0000619651899236
11.87000 0.0000646163967240
11.89000 0.0000616008112575
11.91000 0.0000625395279545
11.93000 0.0000626731739423
11.95000 0.0000598004718660
11.97000 0.0000621718099456
11.99000 0.0000594366280730
12.01000 0.0000604702052320
12.03000 0.0000597364461138
12.05000 0.0000579393448728
12.07000 0.0000598830736156
12.09000 0.0000575038136321
12.11000 0.0000574956315197
12.13000 0.0000580438764182
12.15000 0.0000560599165469
12.17000 0.0000572247399929
12.19000 0.0000558892342128
12.21000 0.0000548482411109
12.23000 0.0000560952037136
12.25000 0.0000546406236229
12.27000 0.0000541445216209
12.29000 0.0000545669412433
12.31000 0.0000530256394349
12.33000 0.0000534097072125
12.35000 0.0000532488549781
12.37000 0.0000518176358303
12.39000 0.0000522358776604
12.41000 0.0000521987545780
12.43000 0.0000508326164726
12.45000 0.0000510319506560
12.47000 0.0000508546040926
12.49000 0.0000498985112489
12.51000 0.0000500979466245
12.53000 0.0000497066363764
12.55000 0.0000486892210577
12.57000 0.0000487763764564
12.59000 0.0000489578429880
12.61000 0.0000478006956933
12.63000 0.0000476819538714
12.65000 0.0000477113863464
12.67000 0.0000468491275866
12.69000 0.0000467230710140
12.71000 0.0000467628684618
12.73000 0.0000458805013657
12.75000 0.0000456139177355
12.77000 0.0000456521683882
12.79000 0.0000453267776322
12.81000 0.0000444663837001
12.83000 0.0000445365966328
12.85000 0.0000444221916196
12.87000 0.0000437446230859
12.89000 0.0000435488739977
12.91000 0.0000434127271169
12.93000 0.0000429444096025
12.95000 0.0000423221498356
12.97000 0.0000428730835556
12.99000 0.0000418425277066
13.01000 0.0000420361517585
13.03000 0.0000408472734803
13.05000 0.0000422661760915
13.07000 0.0000399439017742
13.09000 0.0000415815385596
13.11000 0.0000393361703164
13.13000 0.0000412298378309
13.15000 0.0000387774881649
13.17000 0.0000402089096972
13.19000 0.0000392532360782
13.21000 0.0000387570617960
13.23000 0.0000391809125653
13.25000 0.0000377430291881
13.27000 0.0000390548270807
13.29000 0.0000375745441705
13.31000 0.0000376300264097
13.33000 0.0000378104376512
13.35000 0.0000367666111676
13.37000 0.0000374185491619
13.39000 0.0000364753077279
13.41000 0.0000363019654846
13.43000 0.0000367407204197
13.45000 0.0000354545530666
13.47000 0.0000359411285455
13.49000 0.0000357187948200
13.51000 0.0000349224266403
13.53000 0.0000353434006598
13.55000 0.0000346187199278
13.57000 0.0000343808315151
13.59000 0.0000348495682543
13.61000 0.0000337621279313
13.63000 0.0000338502229719
13.65000 0.0000339484516887
13.67000 0.0000332171500953
13.69000 0.0000332630046192
13.71000 0.0000331545844020
13.73000 0.0000326218363665
13.75000 0.0000326454430618
13.77000 0.0000325047714439
13.79000 0.0000318628514776
13.81000 0.0000320609279865
13.83000 0.0000319966853938
13.85000 0.0000312449574315
13.87000 0.0000313954736051
13.89000 0.0000312170572956
13.91000 0.0000307686891012
13.93000 0.0000308136184392
13.95000 0.0000306684509963
13.97000 0.0000300953417280
13.99000 0.0000301930066597
14.01000 0.0000301152187678
14.03000 0.0000296146643088
14.05000 0.0000294727639285
14.07000 0.0000295568980171
14.09000 0.0000291254867446
14.11000 0.0000289304460018
14.13000 0.0000289339299048
14.15000 0.0000285721244118
14.17000 0.0000283511495530
14.19000 0.0000284229671049
14.21000 0.0000280781040779
14.23000 0.0000278528791466
14.25000 0.0000275986554212
14.27000 0.0000279235546722
14.29000 0.0000270648810076
14.31000 0.0000274605858885
14.33000 0.0000267023960813
14.35000 0.0000274197765188
14.37000 0.0000260650731323
14.39000 0.0000271317545976
14.41000 0.0000259411705080
14.43000 0.0000265309331217
14.45000 0.0000257405641940
14.47000 0.0000261081087305
14.49000 0.0000258128877069
14.51000 0.0000251745672919
14.53000 0.0000258160824893
14.55000 0.0000249817961456
14.57000 0.0000252887988328
14.59000 0.0000248595848767
14.61000 0.0000246293870715
14.63000 0.0000250088578319
14.65000 0.0000240710518647
14.67000 0.0000245589717544
14.69000 0.0000242082684917
14.71000 0.0000238819814619
14.73000 0.0000240797833062
14.75000 0.0000235205662817
14.77000 0.0000237714940325
14.79000 0.0000234825613815
14.81000 0.0000230692924254
14.83000 0.0000233742279004
14.85000 0.0000230350750049
14.87000 0.0000227785383148
14.89000 0.0000228710135321
14.91000 0.0000225117812123
14.93000 0.0000224691503829
14.95000 0.0000224860639368
14.97000 0.0000220124699718
14.99000 0.0000221653135661
15.01000 0.0000220498243506
15.03000 0.0000216328257391
15.05000 0.0000217171766681
15.07000 0.0000216297032368
15.09000 0.0000213315910075
15.11000 0.0000213500802685
15.13000 0.0000211673126943
15.15000 0.0000209297567703
15.17000 0.0000210415596983
15.19000 0.0000208021244906
15.21000 0.0000205333001759
15.23000 0.0000206201953660
15.25000 0.0000204818656248
15.27000 0.0000201823222486
15.29000 0.0000202313137308
15.31000 0.0000201155498508
15.33000 0.0000198715176258
15.35000 0.0000198574229976
15.37000 0.0000197427144077
15.39000 0.0000194914830803
15.41000 0.0000195422960222
15.43000 0.0000194359719291
15.45000 0.0000191779462681
15.47000 0.0000190569059375
15.49000 0.0000191929082581
15.51000 0.0000188209401767
15.53000 0.0000188352227333
15.55000 0.0000186410493523
15.57000 0.0000187318187581
15.59000 0.0000182448963345
15.61000 0.0000186498386179
15.63000 0.0000180232854104
15.65000 0.0000183931573676
15.67000 0.0000177617758464
15.69000 0.0000183083004775
15.71000 0.0000175629187119
15.73000 0.0000178583421199
15.75000 0.0000176378587661
15.77000 0.0000175376206613
15.79000 0.0000175267930956
15.81000 0.0000171265490216
15.83000 0.0000175180616541
15.85000 0.0000169186135009
15.87000 0.0000171356852319
15.89000 0.0000170229571180
15.91000 0.0000167145232840
15.93000 0.0000168939081474
15.95000 0.0000165107077316
15.97000 0.0000167011514572
15.99000 0.0000164667324914
16.01000 0.0000162377345366
16.03000 0.0000164540111860
16.05000 0.0000161272326512
16.07000 0.0000160757402760
16.09000 0.0000161093505433
16.11000 0.0000157804903404
16.13000 0.0000159638939799
16.15000 0.0000156848926208
16.17000 0.0000156176142620
16.19000 0.0000156740650551
16.21000 0.0000154161839544
16.23000 0.0000153380057497
16.25000 0.0000154099823180
16.27000 0.0000151810566433
16.29000 0.0000151337854285
16.31000 0.0000150773635475
16.33000 0.0000148977473876
16.35000 0.0000149658063719
16.37000 0.0000148107510053
16.39000 0.0000146337802986
16.41000 0.0000147084167762
16.43000 0.0000145712290613
16.45000 0.0000144017465777
16.47000 0.0000144854903535
16.49000 0.0000142640673578
16.51000 0.0000142511581240
16.53000 0.0000141699007851
16.55000 0.0000140950763792
16.57000 0.0000139432013389
16.59000 0.0000140219866968
16.61000 0.0000138093674227
16.63000 0.0000137471631301
16.65000 0.0000137144057684
16.67000 0.0000136869104013
16.69000 0.0000134849163086
16.71000 0.0000134871280810
16.73000 0.0000134323541873
16.75000 0.0000133051555884
16.77000 0.0000132551521842
16.79000 0.0000132439921298
16.81000 0.0000130322691296
16.83000 0.0000131083656661
16.85000 0.0000129303252133
16.87000 0.0000129850268269
16.89000 0.0000126702178841
16.91000 0.0000129674049276
16.93000 0.0000125192824857
16.95000 0.0000127649482419
16.97000 0.0000124265036918
16.99000 0.0000126241031517
17.01000 0.0000123322792950
17.03000 0.0000124033740454
17.05000 0.0000122845310313
17.07000 0.0000121608307914
17.09000 0.0000122767103196
17.11000 0.0000119987497947
17.13000 0.0000121111743319
17.15000 0.0000118806729501
17.17000 0.0000119389162908
17.19000 0.0000118996826282
17.21000 0.0000116595246189
17.23000 0.0000117965966856
17.25000 0.0000116248590615
17.27000 0.0000115948338893
17.29000 0.0000115505406166
17.31000 0.0000113934614058
17.33000 0.0000115138801271
17.35000 0.0000112495950055
17.37000 0.0000113146471359
17.39000 0.0000112865157035
17.41000 0.0000110887861393
17.43000 0.0000111216446932
17.45000 0.0000110800691538
17.47000 0.0000109783709901
17.49000 0.0000109550823274
17.51000 0.0000108424264937
17.53000 0.0000108129506506
17.55000 0.0000108240095128
17.57000 0.0000106484121289
17.59000 0.0000106722067526
17.61000 0.0000106108987337
17.63000 0.0000105279789516
17.65000 0.0000104551350216
17.67000 0.0000105069309734
17.69000 0.0000102855802579
17.71000 0.0000103992913817
17.73000 0.0000102313846053
17.75000 0.0000102023568991
17.77000 0.0000102037157658
17.79000 0.0000101234125249
17.81000 0.0000099632686360
17.83000 0.0000100973916728
17.85000 0.0000099481620858
17.87000 0.0000098586937225
17.89000 0.0000098838761250
17.91000 0.0000098084301098
17.93000 0.0000097150730747
17.95000 0.0000097263343213
17.97000 0.0000096824024493
17.99000 0.0000095314959629
18.01000 0.0000096209209581
18.03000 0.0000094584641045
18.05000 0.0000094765919649
18.07000 0.0000093890173414
18.09000 0.0000094151538417
18.11000 0.0000092197661542
18.13000 0.0000093417894947
18.15000 0.0000091685195316
18.17000 0.0000092249125005
18.19000 0.0000090450795002
18.21000 0.0000091667992641
18.23000 0.0000089347510871
18.25000 0.0000090750902163
18.27000 0.0000088899807654
18.29000 0.0000089183145822
18.31000 0.0000088173536759
18.33000 0.0000088330529234
18.35000 0.0000087928796189
18.37000 0.0000086148969902
18.39000 0.0000087857094285
18.41000 0.0000085733214509
18.43000 0.0000085974196512
18.45000 0.0000085287535136
18.47000 0.0000085174055309
18.49000 0.0000084593501185
18.51000 0.0000083938498513
18.53000 0.0000084051833780
18.55000 0.0000083120142713
18.57000 0.0000082640202551
18.59000 0.0000083009987772
18.61000 0.0000081755204458
18.63000 0.0000081895572499
18.65000 0.0000080842306229
18.67000 0.0000081137064660
18.69000 0.0000080741114026
18.71000 0.0000079539384338
18.73000 0.0000079761573503
18.75000 0.0000079708230756
18.77000 0.0000078141341777
18.79000 0.0000079039783977
18.81000 0.0000078102888740
18.83000 0.0000077285978543
18.85000 0.0000077795987245
18.87000 0.0000076630253069
18.89000 0.0000076612905834
18.91000 0.0000076498703205
18.93000 0.0000075272687389
18.95000 0.0000075773733353
18.97000 0.0000075427222338
18.99000 0.0000074089750538
19.01000 0.0000074468209377
19.03000 0.0000074305000810
19.05000 0.0000073371864140
19.07000 0.0000073453974384
19.09000 0.0000072614368222
19.11000 0.0000072704284722
19.13000 0.0000072305442883
19.15000 0.0000071731104852
19.17000 0.0000071321999232
19.19000 0.0000071651885813
19.21000 0.0000070342747830
19.23000 0.0000070504510794
19.25000 0.0000070385537676
19.27000 0.0000069655363653
19.29000 0.0000069249149239
19.31000 0.0000069475819773
19.33000 0.0000068506253910
19.35000 0.0000068439900737
19.37000 0.0000068300689178
19.39000 0.0000067654938365
19.41000 0.0000067298452690
19.43000 0.0000067612003959
19.45000 0.0000066249378668
19.47000 0.0000067078431929
19.49000 0.0000065439118245
19.51000 0.0000066677566246
19.53000 0.0000064805221374
19.55000 0.0000065881472731
19.57000 0.0000064369950342
19.59000 0.0000065156791999
19.61000 0.0000063710321740
19.63000 0.0000064416787876
19.65000 0.0000063476712312
19.67000 0.0000063471074461
19.69000 0.0000063304396447
19.71000 0.0000062323121201
19.73000 0.0000062749284935
19.75000 0.0000062321097357
19.77000 0.0000061826701166
19.79000 0.0000061445495682
19.81000 0.0000061434075419
19.83000 0.0000061079179908
19.85000 0.0000060787312683
19.87000 0.0000060070727328
19.89000 0.0000060816802983
19.91000 0.0000059351973567
19.93000 0.0000059771053847
19.95000 0.0000059496100176
19.97000 0.0000058642037985
19.99000 0.0000059424542833
20.01000 0.0000057721188940
20.03000 0.0000058797440296
20.05000 0.0000057788843155
20.07000 0.0000057491048959
20.09000 0.0000057720321578
20.11000 0.0000057125745107
20.13000 0.0000056379669452
20.15000 0.0000057275365006
20.17000 0.0000055952927476
20.19000 0.0000056175405762
20.21000 0.0000056022171855
20.23000 0.0000055104069456
20.25000 0.0000055725823261
20.27000 0.0000054923369093
20.29000 0.0000054761027888
20.31000 0.0000054522358850
20.33000 0.0000054447042939
20.35000 0.0000053866777936
20.37000 0.0000053767031336
20.39000 0.0000053876318915
20.41000 0.0000052868733696
20.43000 0.0000053260925762
20.45000 0.0000052852542944
20.47000 0.0000052460350878
20.49000 0.0000052401659401
20.51000 0.0000051991830979
20.53000 0.0000051905239366
20.55000 0.0000051609469013
20.57000 0.0000051478497391
20.59000 0.0000050838384428
20.61000 0.0000051138636150
20.63000 0.0000050733144537
20.65000 0.0000050253493496
20.67000 0.0000050314208818
20.69000 0.0000050002681394
20.71000 0.0000049689708366
20.73000 0.0000049520428267
20.75000 0.0000049294335974
20.77000 0.0000049410128766
20.79000 0.0000048389822242
20.81000 0.0000048849379403
20.83000 0.0000048332720927
20.85000 0.0000048371318525
20.87000 0.0000047974211409
20.89000 0.0000047439772018
20.91000 0.0000047875910412
20.93000 0.0000047296368211
20.95000 0.0000047115378728
20.97000 0.0000046705550307
20.99000 0.0000047074901847
21.01000 0.0000046144511823
21.03000 0.0000046453292601
21.05000 0.0000046259437253
21.07000 0.0000045462187256
21.09000 0.0000045947331588
21.11000 0.0000045493845959
21.13000 0.0000045070862551
21.15000 0.0000045131433313
21.17000 0.0000044935843241
21.19000 0.0000044683440975
21.21000 0.0000044194248955
21.23000 0.0000044428725745
21.25000 0.0000044254530596
21.27000 0.0000043535632275
21.29000 0.0000043816657478
21.31000 0.0000043347125657
21.33000 0.0000043534186672
21.35000 0.0000043061040844
21.37000 0.0000042539322759
21.39000 0.0000043251860427
21.41000 0.0000042075862470
21.43000 0.0000042613048507
21.45000 0.0000041978862516
21.47000 0.0000042219989079
21.49000 0.0000041349157894
21.51000 0.0000042087282733
21.53000 0.0000041016235547
21.55000 0.0000041655770268
21.57000 0.0000040547281967
21.59000 0.0000041231630378
21.61000 0.0000040593830380
21.63000 0.0000040613056899
21.65000 0.0000040072690536
21.67000 0.0000040536006265
21.69000 0.0000039734708579
21.71000 0.0000039865101960
21.73000 0.0000039728926167
21.75000 0.0000039404099197
21.77000 0.0000039230915970
21.79000 0.0000039290908490
21.81000 0.0000038876454139
21.83000 0.0000038704571955
21.85000 0.0000038670744847
21.87000 0.0000038507247159
21.89000 0.0000038273493171
21.91000 0.0000038279998384
21.93000 0.0000037428538278
21.95000 0.0000038412993851
21.97000 0.0000037320840862
21.99000 0.0000037533055367
22.01000 0.0000037150548841
22.03000 0.0000037472484606
22.05000 0.0000036626084110
22.07000 0.0000037173678487
22.09000 0.0000036239819016
22.11000 0.0000037018420736
22.13000 0.0000035831580758
22.15000 0.0000036676391091
22.17000 0.0000035782141139
22.19000 0.0000035831436198
22.21000 0.0000036027315390
22.23000 0.0000035245677904
22.25000 0.0000035790959317
22.27000 0.0000034927500706
22.29000 0.0000035478130850
22.31000 0.0000034775712402
22.33000 0.0000034703865938
22.35000 0.0000035183083299
22.37000 0.0000034093387835
22.39000 0.0000034567545585
22.41000 0.0000034229852749
22.43000 0.0000033974703837
22.45000 0.0000034287098623
22.47000 0.0000033513701074
22.49000 0.0000033807592142
22.51000 0.0000033487969342
22.53000 0.0000033422772651
22.55000 0.0000033343987293
22.57000 0.0000032806367576
22.59000 0.0000033453997674
22.61000 0.0000032423282809
22.63000 0.0000032863758011
22.65000 0.0000032610199263
22.67000 0.0000032286817895
22.69000 0.0000032442220207
22.71000 0.0000031997697316
22.73000 0.0000032038752438
22.75000 0.0000032018658558
22.77000 0.0000031739801759
22.79000 0.0000031423070164
22.81000 0.0000031656679593
22.83000 0.0000031332575423
22.85000 0.0000031264632087
22.87000 0.0000031005869168
22.89000 0.0000031025240247
22.91000 0.0000030719350674
22.93000 0.0000030968717174
22.95000 0.0000030502221119
22.97000 0.0000030282055798
22.99000 0.0000030506702488
23.01000 0.0000030192862099
23.03000 0.0000030032978419
23.05000 0.0000030049891973
23.07000 0.0000029696442065
23.09000 0.0000029985851765
23.11000 0.0000029326367723
23.13000 0.0000029520078511
23.15000 0.0000029548990569
23.17000 0.0000029002841795
23.19000 0.0000029187156164
23.21000 0.0000028971616772
23.23000 0.0000029028573526
23.25000 0.0000028609204126
23.27000 0.0000028695217498
23.29000 0.0000028486617000
23.31000 0.0000028488062603
23.33000 0.0000028288424843
23.35000 0.0000027932372850
23.37000 0.0000028420552948
23.39000 0.0000027786511518
23.41000 0.0000027754997374
23.43000 0.0000027759623304
23.45000 0.0000027713653132
23.47000 0.0000027509967683
23.49000 0.0000027156662336
23.51000 0.0000027558250820
23.53000 0.0000026866674394
23.55000 0.0000027540180784
23.57000 0.0000026377771495
23.59000 0.0000027202343387
23.61000 0.0000026672240805
23.63000 0.0000026553123126
23.65000 0.0000026616006852
23.67000 0.0000026254172447
23.69000 0.0000026497611975
23.71000 0.0000026100215739
23.73000 0.0000026005673309
23.75000 0.0000026389914559
23.77000 0.0000025282293620
23.79000 0.0000026354063607
23.81000 0.0000025205676666
23.83000 0.0000025764980427
23.85000 0.0000025714239765
23.87000 0.0000024996208807
23.89000 0.0000025476871770
23.91000 0.0000025136721408
23.93000 0.0000024991871998
23.95000 0.0000025107375669
23.97000 0.0000024893426441
23.99000 0.0000024529857312
24.01000 0.0000025009508353
24.03000 0.0000024243627939
24.05000 0.0000024822881019
24.07000 0.0000024174528120
24.09000 0.0000024155590722
24.11000 0.0000024554143441
24.13000 0.0000023797370324
24.15000 0.0000024072757676
24.17000 0.0000024036473043
24.19000 0.0000023664808539
24.21000 0.0000023873409037
24.23000 0.0000023410237869
24.25000 0.0000023755736961
24.27000 0.0000023371351151
24.29000 0.0000023304997978
24.31000 0.0000023327549383
24.33000 0.0000023110708948
24.35000 0.0000023096542040
24.37000 0.0000023033080073
24.39000 0.0000022853825314
24.41000 0.0000022843850654
24.43000 0.0000022629323184
24.45000 0.0000022883460173
24.47000 0.0000022221952288
24.49000 0.0000022553284471
24.51000 0.0000022622095169
24.53000 0.0000021941794446
24.55000 0.0000022351622867
24.57000 0.0000022222819649
24.59000 0.0000021656576995
24.61000 0.0000022437202559
24.63000 0.0000021516931755
24.65000 0.0000021834964392
24.67000 0.0000021691849705
24.69000 0.0000021726110494
24.71000 0.0000021328714258
24.73000 0.0000021642410086
24.75000 0.0000021200055600
24.77000 0.0000021392176225
24.79000 0.0000021210753061
24.81000 0.0000020846027451
24.83000 0.0000021366010812
24.85000 0.0000020927704014
24.87000 0.0000020765073688
24.89000 0.0000020671976862
24.91000 0.0000021020656280
24.93000 0.0000020358281033
24.95000 0.0000020782999164
24.97000 0.0000020313033663
24.99000 0.0000020361605920
25.01000 0.0000020672265982
25.03000 0.0000019725540645
25.05000 0.0000020517875593
25.07000 0.0000020241476319
25.09000 0.0000019419506512
25.11000 0.0000020548233254
25.13000 0.0000019611338016
25.15000 0.0000019782641960
25.17000 0.0000019820516756
25.19000 0.0000019457236748
25.21000 0.0000019772089059
25.23000 0.0000019535588425
25.25000 0.0000019176211545
25.27000 0.0000019497135388
25.29000 0.0000019271187655
25.31000 0.0000019215387383
25.33000 0.0000019206713766
25.35000 0.0000018701475553
25.37000 0.0000019599628633
25.39000 0.0000018274878139
25.41000 0.0000019331902977
25.43000 0.0000018501114992
25.45000 0.0000018824496360
25.47000 0.0000018626882444
25.49000 0.0000018473937657
25.51000 0.0000018631652933
25.53000 0.0000018564287838
25.55000 0.0000017790890289
25.57000 0.0000019016472425
25.59000 0.0000017702853072
25.61000 0.0000018438809507
25.63000 0.0000017934004976
25.65000 0.0000018108055564
25.67000 0.0000017928656245
25.69000 0.0000017842209192
25.71000 0.0000017969711367
25.73000 0.0000017628115403
25.75000 0.0000017774265855
25.77000 0.0000017518827824
25.79000 0.0000017576218259
25.81000 0.0000017781060189
25.83000 0.0000016948826601
25.85000 0.0000017817489382
25.87000 0.0000017029202123
25.89000 0.0000017465340516
25.91000 0.0000016890135124
25.93000 0.0000017483121432
25.95000 0.0000016659416902
25.97000 0.0000017368051441
25.99000 0.0000016628625560
26.01000 0.0000017122443509
26.03000 0.0000016569644962
26.05000 0.0000016960535985
26.07000 0.0000016496642015
26.09000 0.0000016799784943
26.11000 0.0000016498665859
26.13000 0.0000016344853711
26.15000 0.0000016759308062
26.17000 0.0000016132783766
26.19000 0.0000016413519849
26.21000 0.0000016250744963
26.23000 0.0000016236722615
26.25000 0.0000016091294963
26.27000 0.0000016184247229
26.29000 0.0000015961046142
26.31000 0.0000016022628826
26.33000 0.0000015793789887
26.35000 0.0000016015689932
26.37000 0.0000015904812189
26.39000 0.0000015408247594
26.41000 0.0000015942108744
26.43000 0.0000015465059788
26.45000 0.0000015959889660
26.47000 0.0000014984252265
26.49000 0.0000015758661737
26.51000 0.0000015485009108
26.53000 0.0000015185480188
26.55000 0.0000015386129870
26.57000 0.0000015201092699
26.59000 0.0000015289129916
26.61000 0.0000015152375882
26.63000 0.0000014830729237
26.65000 0.0000015453061284
26.67000 0.0000014537560970
26.69000 0.0000015215259608
26.71000 0.0000014846486309
26.73000 0.0000014680964777
26.75000 0.0000014858195692
26.77000 0.0000014742981141
26.79000 0.0000014555631006
26.81000 0.0000014649306074
26.83000 0.0000014699179374
26.85000 0.0000014269257072
26.87000 0.0000014568785992
26.89000 0.0000014523249501
26.91000 0.0000014066438986
26.93000 0.0000014618225611
26.95000 0.0000014043743020
26.97000 0.0000014284435903
26.99000 0.0000014047067907
27.01000 0.0000014455595286
27.03000 0.0000013441793974
27.05000 0.0000014592349320
27.07000 0.0000013617434726
27.09000 0.0000014001531416
27.11000 0.0000014039550772
27.13000 0.0000013461743294
27.15000 0.0000014022637218
27.17000 0.0000013674680601
27.19000 0.0000013643889259
27.21000 0.0000013592136675
27.23000 0.0000013535613602
27.25000 0.0000013646202224
27.27000 0.0000013526361744
27.29000 0.0000013181151772
27.31000 0.0000013521591254
27.33000 0.0000013542986177
27.35000 0.0000012793007394
27.37000 0.0000013803772940
27.39000 0.0000012792718274
27.41000 0.0000013370959432
27.43000 0.0000013037169723
27.45000 0.0000013060299370
27.47000 0.0000013086898463
27.49000 0.0000012844326297
27.51000 0.0000013134025117
27.53000 0.0000012630521629
27.55000 0.0000013088488626
27.57000 0.0000012711475391
27.59000 0.0000012685888220
27.61000 0.0000012802692934
27.63000 0.0000012675479879
27.65000 0.0000012545520178
27.67000 0.0000012665649779
27.69000 0.0000012555928519
27.71000 0.0000012358025483
27.73000 0.0000012575010477
27.75000 0.0000012425390578
27.77000 0.0000012345882418
27.79000 0.0000012206237178
27.81000 0.0000012408766144
27.83000 0.0000012398791484
27.85000 0.0000011741764968
27.87000 0.0000012654374076
27.89000 0.0000011935620316
27.91000 0.0000011812310389
27.93000 0.0000012451700550
27.95000 0.0000011745089854
27.97000 0.0000012191492029
27.99000 0.0000011594747153
28.01000 0.0000012195828838
28.03000 0.0000011446283736
28.05000 0.0000012385347377
28.07000 0.0000011218023038
28.09000 0.0000011892107669
28.11000 0.0000011829513064
28.13000 0.0000011459005041
28.15000 0.0000011477942439
28.17000 0.0000012077289400
28.19000 0.0000010929625260
28.21000 0.0000011825320815
28.23000 0.0000011267896338
28.25000 0.0000011694927434
28.27000 0.0000010868187137
28.29000 0.0000011859870724
28.31000 0.0000010963886049
28.33000 0.0000011362583328
28.35000 0.0000011230021542
28.37000 0.0000011149356901
28.39000 0.0000011013470228
28.41000 0.0000011404361252
28.43000 0.0000010934251190
28.45000 0.0000010768440537
28.47000 0.0000011532586229
28.49000 0.0000010390704501
28.51000 0.0000011460306084
28.53000 0.0000010398510756
28.55000 0.0000011154561071
28.57000 0.0000010773211027
28.59000 0.0000010804869730
28.61000 0.0000010534397428
28.63000 0.0000010963886049
28.65000 0.0000010576898154
28.67000 0.0000010495944391
28.69000 0.0000010975884553
28.71000 0.0000010247445253
28.73000 0.0000010620699921
28.75000 0.0000010476862433
28.77000 0.0000010567212614
28.79000 0.0000010362804365
28.81000 0.0000010349215697
28.83000 0.0000010505629931
28.85000 0.0000010228941536
28.87000 0.0000010199017556
28.89000 0.0000010486114292
28.91000 0.0000010106209850
28.93000 0.0000010197861074
28.95000 0.0000010214340947
28.97000 0.0000010076430431
28.99000 0.0000010201330521
29.01000 0.0000009776178709
29.03000 0.0000010488860937
29.05000 0.0000009510043216
29.07000 0.0000010368586776
29.09000 0.0000009592731702
29.11000 0.0000010265659850
29.13000 0.0000009569312935
29.15000 0.0000009962372362
29.17000 0.0000009736135509
29.19000 0.0000009880984919
29.21000 0.0000009770107177
29.23000 0.0000009540400877
29.25000 0.0000009798730114
29.27000 0.0000009624534965
29.29000 0.0000009635087866
29.31000 0.0000009601694440
29.33000 0.0000009526089408
29.35000 0.0000009445713887
29.37000 0.0000009760710758
29.39000 0.0000008980952556
29.41000 0.0000009980153278
29.43000 0.0000009123055320
29.45000 0.0000009210514296
29.47000 0.0000009784274085
29.49000 0.0000008844487642
29.51000 0.0000009674986506
29.53000 0.0000008949727533
29.55000 0.0000009461615519
29.57000 0.0000009032994260
29.59000 0.0000009271374178
29.61000 0.0000009085325085
29.63000 0.0000009190275855
29.65000 0.0000008998588911
29.67000 0.0000009073182021
29.69000 0.0000008994252102
29.71000 0.0000009093998702
29.73000 0.0000008891180616
29.75000 0.0000008945824405
29.77000 0.0000008911274496
29.79000 0.0000008837476468
29.81000 0.0000009049835534
29.83000 0.0000008624756002
29.85000 0.0000008691181455
29.87000 0.0000009137655910
29.89000 0.0000008363969239
29.91000 0.0000009043185760
29.93000 0.0000008407265046
29.95000 0.0000008853088980
29.97000 0.0000008510264253
29.99000 0.0000008718286509
30.01000 0.0000008306072843
30.03000 0.0000009114309423
30.05000 0.0000007741781753
30.07000 0.0000009377842831
30.09000 0.0000007579295987
30.11000 0.0000009148497931
30.13000 0.0000008060175791
30.15000 0.0000008553054098
30.17000 0.0000008187822526
30.19000 0.0000008551897616
30.21000 0.0000008279762871
30.23000 0.0000008032347935
30.25000 0.0000008641019035
30.27000 0.0000007959561829
30.29000 0.0000008416010944
30.31000 0.0000007917133384
30.33000 0.0000008488580209
30.35000 0.0000007835023140
30.37000 0.0000008322552716
30.39000 0.0000008086413483
30.41000 0.0000007789052967
30.43000 0.0000008410517653
30.45000 0.0000007871741453
30.47000 0.0000007769898729
30.49000 0.0000008214132499
30.51000 0.0000007930866612
30.53000 0.0000007919735469
30.55000 0.0000007535421939
30.57000 0.0000008418251628
30.59000 0.0000007372647053
30.61000 0.0000008044490999
30.63000 0.0000007930866612
30.65000 0.0000007368310244
30.67000 0.0000008003580437
30.69000 0.0000007721976993
30.71000 0.0000007661189391
30.73000 0.0000007675428580
30.75000 0.0000007644564958
30.77000 0.0000007639649908
30.79000 0.0000007535277379
30.81000 0.0000007750166250
30.83000 0.0000007421436151
30.85000 0.0000007529422687
30.87000 0.0000007499209587
30.89000 0.0000007697257183
30.91000 0.0000007070082367
30.93000 0.0000007831698253
30.95000 0.0000007281863191
30.97000 0.0000007248325204
30.99000 0.0000007631771372
31.01000 0.0000007249048005
31.03000 0.0000007195994379
31.05000 0.0000007588620126
31.07000 0.0000006999103265
31.09000 0.0000007463141794
31.11000 0.0000007120750748
31.13000 0.0000007407413803
31.15000 0.0000006929063804
31.17000 0.0000007477525543
31.19000 0.0000006897115980
31.21000 0.0000007259384066
31.23000 0.0000007311859451
31.25000 0.0000006589058003
31.27000 0.0000007650491930
31.29000 0.0000006652303130
31.31000 0.0000007176551020
31.33000 0.0000007036472099
31.35000 0.0000007023461673
31.37000 0.0000006678107141
31.39000 0.0000007233146374
31.41000 0.0000006984574955
31.43000 0.0000006630763646
31.45000 0.0000007045001157
31.47000 0.0000006907524321
31.49000 0.0000006679335904
31.51000 0.0000006847820921
31.53000 0.0000007098416184
31.55000 0.0000006382481349
31.57000 0.0000007118293223
31.59000 0.0000006385878516
31.61000 0.0000007029605486
31.63000 0.0000006436546897
31.65000 0.0000007051506370
31.67000 0.0000006169977723
31.69000 0.0000007181321510
31.71000 0.0000006066255715
31.73000 0.0000007218545784
31.75000 0.0000005901167865
31.77000 0.0000007124437036
31.79000 0.0000006361953788
31.81000 0.0000006388046920
31.83000 0.0000006602646670
31.85000 0.0000006681142907
31.87000 0.0000006165640914
31.89000 0.0000006521042387
31.91000 0.0000006585227155
31.93000 0.0000006315260814
31.95000 0.0000006230837605
31.97000 0.0000006768168202
31.99000 0.0000005919165621
32.01000 0.0000006716126498
32.03000 0.0000005991228925
32.05000 0.0000006638859023
32.07000 0.0000005775255852
32.09000 0.0000006955156936
32.11000 0.0000005604602430
32.13000 0.0000006675432776
32.15000 0.0000005938247579
32.17000 0.0000006256352496
32.19000 0.0000006279482143
32.21000 0.0000005963617910
32.23000 0.0000006402647509
32.25000 0.0000005837489057
32.27000 0.0000006236620017
32.29000 0.0000006146631236
32.31000 0.0000005842042706
32.33000 0.0000006496539418
32.35000 0.0000005436478813
32.37000 0.0000006512368769
32.39000 0.0000005685556193
32.41000 0.0000006139403222
32.43000 0.0000005881724506
32.45000 0.0000005976122375
32.47000 0.0000006105431554
32.49000 0.0000005485123351
32.51000 0.0000006260400184
32.53000 0.0000005783568069
32.55000 0.0000005763691029
32.57000 0.0000005942295267
32.59000 0.0000005932465167
32.61000 0.0000005537454176
32.63000 0.0000005945692434
32.65000 0.0000005777351976
32.67000 0.0000005769473441
32.69000 0.0000005662426546
32.71000 0.0000005867485317
32.73000 0.0000005632068885
32.75000 0.0000005616600934
32.77000 0.0000005817901138
32.79000 0.0000005653102407
32.81000 0.0000005360006420
32.83000 0.0000006117936019
32.85000 0.0000005256067572
32.87000 0.0000005625635952
32.89000 0.0000005657583776
32.91000 0.0000005766726795
32.93000 0.0000005028601956
32.95000 0.0000005965352633
32.97000 0.0000005430262721
32.99000 0.0000005443851388
33.01000 0.0000005568679198
33.03000 0.0000005296905854
33.05000 0.0000005691483164
33.07000 0.0000005337527295
33.09000 0.0000005193472966
33.11000 0.0000006000263943
33.13000 0.0000004687873353
33.15000 0.0000005906082914
33.17000 0.0000005108326956
33.19000 0.0000005413421447
33.21000 0.0000005445802952
33.23000 0.0000005083390306
33.25000 0.0000005547862517
33.27000 0.0000005093003565
33.29000 0.0000005491628564
33.31000 0.0000004940058779
33.33000 0.0000005617034615
33.35000 0.0000004845588629
33.37000 0.0000005739115780
33.39000 0.0000004538759415
33.41000 0.0000005786820675
33.43000 0.0000004769549917
33.45000 0.0000005501241823
33.47000 0.0000004714689287
33.49000 0.0000005629539080
33.51000 0.0000004615810049
33.53000 0.0000005575979493
33.55000 0.0000004761382261
33.57000 0.0000005184004268
33.59000 0.0000005036914173
33.61000 0.0000005151116802
33.63000 0.0000004748950076
33.65000 0.0000005337816416
33.67000 0.0000004835903090
33.69000 0.0000004934637768
33.71000 0.0000005186823193
33.73000 0.0000004692499283
33.75000 0.0000005126107872
33.77000 0.0000004895534209
33.79000 0.0000005009592278
33.81000 0.0000004645734029
33.83000 0.0000005042046063
33.85000 0.0000005061128021
33.87000 0.0000004562250462
33.89000 0.0000004996870973
33.91000 0.0000004932324803
33.93000 0.0000004748082714
33.95000 0.0000004519894297
33.97000 0.0000005470595042
33.99000 0.0000004055132966
34.01000 0.0000005388051116
34.03000 0.0000004392319841
34.05000 0.0000004892715284
34.07000 0.0000004616894251
34.09000 0.0000004893727206
34.11000 0.0000004528278794
34.13000 0.0000004850865080
34.15000 0.0000004625423308
34.17000 0.0000004577140172
34.19000 0.0000004696330130
34.21000 0.0000004931746562
34.23000 0.0000004082165740
34.25000 0.0000005151333642
34.27000 0.0000004294958486
34.29000 0.0000004683175144
34.31000 0.0000004541361500
34.33000 0.0000004743601345
34.35000 0.0000004376056809
34.37000 0.0000004622242982
34.39000 0.0000004324665626
34.41000 0.0000005081872423
34.43000 0.0000003848050351
34.45000 0.0000004885920950
34.47000 0.0000004415810888
34.49000 0.0000004318088132
34.51000 0.0000004734710887
34.53000 0.0000004223907104
34.55000 0.0000004483103703
34.57000 0.0000004484838427
34.59000 0.0000004501679700
34.61000 0.0000004022896021
34.63000 0.0000004903918706
34.65000 0.0000003961602458
34.67000 0.0000004457444252
34.69000 0.0000004532254202
34.71000 0.0000004206776709
34.73000 0.0000004287296791
34.75000 0.0000004268142552
34.77000 0.0000004582561182
34.79000 0.0000004065758147
34.81000 0.0000004134207444
34.83000 0.0000004735289128
34.85000 0.0000003837063769
34.87000 0.0000004280574737
34.89000 0.0000004549312316
34.91000 0.0000004025208986
34.93000 0.0000004127846791
34.95000 0.0000004260553137
34.97000 0.0000004344325825
34.99000 0.0000004004898265
35.01000 0.0000004197958532
35.03000 0.0000004194633645
35.05000 0.0000004315413767
35.07000 0.0000003729655473
35.09000 0.0000004559792937
35.11000 0.0000003807428909
35.13000 0.0000004312088880
35.15000 0.0000003927703070
35.17000 0.0000004274286365
35.19000 0.0000003837208329
35.21000 0.0000004136375848
35.23000 0.0000004276382489
35.25000 0.0000003701032536
35.27000 0.0000004248916034
35.29000 0.0000003867927390
35.31000 0.0000004216679089
35.33000 0.0000003775842486
35.35000 0.0000004137387770
35.37000 0.0000003838437091
35.39000 0.0000004083683623
35.41000 0.0000003886647948
35.43000 0.0000004090839357
35.45000 0.0000003462291218
35.47000 0.0000004646095430
35.49000 0.0000003313538680
35.51000 0.0000004258673853
35.53000 0.0000003638582491
35.55000 0.0000004002440740
35.57000 0.0000003996080087
35.59000 0.0000003606128706
35.61000 0.0000004160517417
35.63000 0.0000003375555044
35.65000 0.0000004387621632
35.67000 0.0000003400130293
35.69000 0.0000003992466080
35.71000 0.0000003788852912
35.73000 0.0000003682311978
35.75000 0.0000003994779045
35.77000 0.0000003634390242
35.79000 0.0000003639594413
35.81000 0.0000004033665763
35.83000 0.0000003496913407
35.85000 0.0000003896622608
35.87000 0.0000003636847767
35.89000 0.0000003695683805
35.91000 0.0000003712235958
35.93000 0.0000003989358034
35.95000 0.0000003086362184
35.97000 0.0000004241615739
35.99000 0.0000003307683988
36.01000 0.0000003874071203
36.03000 0.0000003442847859
36.05000 0.0000003940207535
36.07000 0.0000003256437365
36.09000 0.0000003930377436
36.11000 0.0000003407358308
36.13000 0.0000003654556403
36.15000 0.0000003642485619
36.17000 0.0000003590082514
36.19000 0.0000003487155587
36.21000 0.0000003609453592
36.23000 0.0000003500166014
36.25000 0.0000003533198040
36.27000 0.0000003738690491
36.29000 0.0000003251594595
36.31000 0.0000003690262794
36.33000 0.0000003421597496
36.35000 0.0000003450654114
36.37000 0.0000003779745614
36.39000 0.0000003031067874
36.41000 0.0000003844508623
36.43000 0.0000003273206359
36.45000 0.0000003618416330
36.47000 0.0000003182277937
36.49000 0.0000003752712840
36.51000 0.0000003213069278
36.53000 0.0000003469446952
36.55000 0.0000003533993121
36.57000 0.0000003028754909
36.59000 0.0000004041110617
36.61000 0.0000002645236460
36.63000 0.0000004034966805
36.65000 0.0000002799048609
36.67000 0.0000003835979566
36.69000 0.0000003075014202
36.71000 0.0000003347004387
36.73000 0.0000003462652618
36.75000 0.0000003257304727
36.77000 0.0000003385240583
36.79000 0.0000003037500806
36.81000 0.0000003803814902
36.83000 0.0000002826081383
36.85000 0.0000003450726394
36.87000 0.0000003195505203
36.89000 0.0000003473422360
36.91000 0.0000002974906201
36.93000 0.0000003458894051
36.95000 0.0000003186759306
36.97000 0.0000003149824152
36.99000 0.0000003398540130
37.01000 0.0000003001433014
37.03000 0.0000003412707038
37.05000 0.0000002877472566
37.07000 0.0000003758422971
37.09000 0.0000002572956316
37.11000 0.0000003542883579
37.13000 0.0000003151414315
37.15000 0.0000002887447226
37.17000 0.0000003557917849
37.19000 0.0000002799482290
37.21000 0.0000003356617646
37.23000 0.0000002890193871
37.25000 0.0000003453400760
37.27000 0.0000002895253481
37.29000 0.0000003137681087
37.31000 0.0000003202877778
37.33000 0.0000002755680522
37.35000 0.0000003626005746
37.37000 0.0000002648850468
37.39000 0.0000003129224310
37.41000 0.0000003337897088
37.43000 0.0000002821744574
37.45000 0.0000002914985961
37.47000 0.0000003341294255
37.49000 0.0000002867136505
37.51000 0.0000003031356994
37.53000 0.0000002917371206
37.55000 0.0000003355894844
37.57000 0.0000002630708151
37.59000 0.0000003179675851
37.61000 0.0000002691857154
37.63000 0.0000003610682355
37.65000 0.0000002348237345
37.67000 0.0000003260846454
37.69000 0.0000002836562004
37.71000 0.0000003070749673
37.73000 0.0000002917443486
37.75000 0.0000002796085123
37.77000 0.0000003035115562
37.79000 0.0000002965292942
37.81000 0.0000002745199901
37.83000 0.0000003102119256
37.85000 0.0000002916214723
37.87000 0.0000002482967535
37.89000 0.0000003361243575
37.91000 0.0000002778521048
37.93000 0.0000002605771501
37.95000 0.0000003195288363
37.97000 0.0000002534430998
37.99000 0.0000003291420955
38.01000 0.0000002394496638
38.03000 0.0000002985892783
38.05000 0.0000002938115607
38.07000 0.0000002808300467
38.09000 0.0000002525179140
38.11000 0.0000003304359101
38.13000 0.0000002369776828
38.15000 0.0000002863377938
38.17000 0.0000003088096908
38.19000 0.0000002305086099
38.21000 0.0000003358786050
38.23000 0.0000002114411077
38.25000 0.0000003276169845
38.27000 0.0000002421601692
38.29000 0.0000003117659487
38.31000 0.0000002302122613
38.33000 0.0000003003529138
38.35000 0.0000002719251329
38.37000 0.0000002543899697
38.39000 0.0000003000059691
38.41000 0.0000002348092785
38.43000 0.0000003046897225
38.45000 0.0000002443502576
38.47000 0.0000002728936868
38.49000 0.0000002815311641
38.51000 0.0000002545345300
38.53000 0.0000002714697680
38.55000 0.0000002560885531
38.57000 0.0000002994855521
38.59000 0.0000002202303733
38.61000 0.0000002802373495
38.63000 0.0000002772738636
38.65000 0.0000002549103868
38.67000 0.0000002594568079
38.69000 0.0000002603169416
38.71000 0.0000002526407902
38.73000 0.0000002974472520
38.75000 0.0000002078632405
38.77000 0.0000002974544800
38.79000 0.0000002456223882
38.81000 0.0000002585388501
38.83000 0.0000002632515155
38.85000 0.0000002511156792
38.87000 0.0000002405844621
38.89000 0.0000002956041083
38.91000 0.0000002096196480
38.93000 0.0000002898072407
38.95000 0.0000002288678506
38.97000 0.0000002782641016
38.99000 0.0000002257236643
39.01000 0.0000002759511369
39.03000 0.0000002258826806
39.05000 0.0000002677039724
39.07000 0.0000002528359466
39.09000 0.0000002404760419
39.11000 0.0000002493592717
39.13000 0.0000002503928777
39.15000 0.0000002423553256
39.17000 0.0000002640610531
39.19000 0.0000002182715814
39.21000 0.0000002656512163
39.23000 0.0000002438442966
39.25000 0.0000002457814045
39.27000 0.0000002286799222
39.29000 0.0000002536816243
39.31000 0.0000002635550921
39.33000 0.0000001997028122
39.35000 0.0000002826731904
39.37000 0.0000001897209242
39.39000 0.0000003236632605
39.41000 0.0000001486224338
39.43000 0.0000003019358490
39.45000 0.0000002147443103
39.47000 0.0000002434756679
39.49000 0.0000002188642786
39.51000 0.0000002796012843
39.53000 0.0000001998473724
39.55000 0.0000002481160532
39.57000 0.0000002423191856
39.59000 0.0000002233384195
39.61000 0.0000002375992921
39.63000 0.0000002360741810
39.65000 0.0000002406350582
39.67000 0.0000002117952804
39.69000 0.0000002694097838
39.71000 0.0000001878633244
39.73000 0.0000002626443623
39.75000 0.0000002118675605
39.77000 0.0000002445092739
39.79000 0.0000002268512346
39.81000 0.0000002134504957
39.83000 0.0000002512457834
39.85000 0.0000002220301489
39.87000 0.0000002110652509
39.89000 0.0000002459621049
39.91000 0.0000002070970710
39.93000 0.0000002519179888
39.95000 0.0000002015820959
39.97000 0.0000002372378914
39.99000 0.0000002135589159
40.01000 0.0000002438442966
40.03000 0.0000002043576535
40.05000 0.0000002133782156
40.07000 0.0000002637141084
40.09000 0.0000001788644464
40.11000 0.0000002370644190
40.13000 0.0000002275306679
40.15000 0.0000002136817922
40.17000 0.0000002047696503
40.19000 0.0000002492942195
40.21000 0.0000001965803099
40.23000 0.0000002369632268
40.25000 0.0000001797318081
40.27000 0.0000002651741673
40.29000 0.0000001803389614
40.31000 0.0000002409169507
40.33000 0.0000001788355343
40.35000 0.0000002745633582
40.37000 0.0000001567322661
40.39000 0.0000002421457132
40.41000 0.0000002028469985
40.43000 0.0000002133854436
40.45000 0.0000002393629276
40.47000 0.0000001707184741
40.49000 0.0000002363127055
40.51000 0.0000002043287414
40.53000 0.0000002106171140
40.55000 0.0000002123879776
40.57000 0.0000002078993806
40.59000 0.0000002028686825
40.61000 0.0000002304146457
40.63000 0.0000001883114613
40.65000 0.0000002110146548
40.67000 0.0000002021241970
40.69000 0.0000002262585374
40.71000 0.0000001846902261
40.73000 0.0000002284486258
40.75000 0.0000001778236123
40.77000 0.0000002192112232
40.79000 0.0000002241335011
40.81000 0.0000001701546889
40.83000 0.0000002213001194
40.85000 0.0000001980475968
40.87000 0.0000002038589205
40.89000 0.0000002089040746
40.91000 0.0000001822543852
40.93000 0.0000002398978007
40.95000 0.0000001467937461
40.97000 0.0000002429769349
40.99000 0.0000001875091517
41.01000 0.0000001966525900
41.03000 0.0000001928578824
41.05000 0.0000002323517536
41.07000 0.0000001431580549
41.09000 0.0000002468222386
41.11000 0.0000001740867288
41.13000 0.0000001957707723
41.15000 0.0000002088173384
41.17000 0.0000001678417243
41.19000 0.0000002450441470
41.21000 0.0000001529014184
41.23000 0.0000001992185352
41.25000 0.0000002181703892
41.27000 0.0000001608666903
41.29000 0.0000002189365587
41.31000 0.0000001743830774
41.33000 0.0000002203893896
41.35000 0.0000001611052148
41.37000 0.0000001935156318
41.39000 0.0000002208086144
41.41000 0.0000001612786872
41.43000 0.0000001870465588
41.45000 0.0000002288533946
41.47000 0.0000001467070100
41.49000 0.0000001987487142
41.51000 0.0000002010255388
41.53000 0.0000001894101195
41.55000 0.0000001764936577
41.57000 0.0000001827025221
41.59000 0.0000001981271050
41.61000 0.0000001894318036
41.63000 0.0000001691066268
41.65000 0.0000001969489386
41.67000 0.0000002000858969
41.69000 0.0000001462227330
41.71000 0.0000002071115270
41.73000 0.0000001962116812
41.75000 0.0000001552216110
41.77000 0.0000001943179414
41.79000 0.0000002164067536
41.81000 0.0000001186117177
41.83000 0.0000002303857336
41.85000 0.0000001562552171
41.87000 0.0000001990089228
41.89000 0.0000001639964206
41.91000 0.0000001840252487
41.93000 0.0000001994136916
41.95000 0.0000001336315318
41.97000 0.0000002319108447
41.99000 0.0000001555974678
42.01000 0.0000001544554415
42.03000 0.0000002255501919
42.05000 0.0000001313836193
42.07000 0.0000002202376013
42.09000 0.0000001353301152
42.11000 0.0000002093811236
42.13000 0.0000001404909175
42.15000 0.0000002322650174
42.17000 0.0000001109644783
42.19000 0.0000002130674109
42.21000 0.0000001629049904
42.23000 0.0000001865478258
42.25000 0.0000001466419578
42.27000 0.0000001963128734
42.29000 0.0000001704293535
42.31000 0.0000001667430661
42.33000 0.0000001699233925
42.35000 0.0000001719038685
42.37000 0.0000001823483494
42.39000 0.0000001573538753
42.41000 0.0000001805124337
42.43000 0.0000001650950788
42.45000 0.0000001617991042
42.47000 0.0000001976645121
42.49000 0.0000001330243785
42.51000 0.0000001922001331
42.53000 0.0000001581128168
42.55000 0.0000001818568444
42.57000 0.0000001356192357
42.59000 0.0000002142455773
42.61000 0.0000001238953963
42.63000 0.0000001790090067
42.65000 0.0000001900678689
42.67000 0.0000001256156637
42.69000 0.0000001995221118
42.71000 0.0000001336748999
42.73000 0.0000002037071322
42.75000 0.0000001356047797
42.77000 0.0000001609534265
42.79000 0.0000001799920167
42.81000 0.0000001629122184
42.83000 0.0000001473069352
42.85000 0.0000001763201853
42.87000 0.0000001517160240
42.89000 0.0000001811123589
42.91000 0.0000001303861533
42.93000 0.0000002052322432
42.95000 0.0000000970794625
42.97000 0.0000002335082359
42.99000 0.0000001056085196
43.01000 0.0000001719616926
43.03000 0.0000001872850833
43.05000 0.0000001222040409
43.07000 0.0000001817628802
43.09000 0.0000001369997865
43.11000 0.0000001907689863
43.13000 0.0000001191393627
43.15000 0.0000001917736803
43.17000 0.0000001246398817
43.19000 0.0000001795872479
43.21000 0.0000001709497705
43.23000 0.0000000947159018
43.25000 0.0000002169488547
43.27000 0.0000001359589524
43.29000 0.0000001521280208
43.31000 0.0000001543036532
43.33000 0.0000001485646097
43.35000 0.0000001662804732
43.37000 0.0000001381345848
43.39000 0.0000001895908199
43.41000 0.0000000989009222
43.43000 0.0000001905738299
43.45000 0.0000001341085807
43.47000 0.0000001790957429
43.49000 0.0000001091502467
43.51000 0.0000001840035647
43.53000 0.0000001352000109
43.55000 0.0000001793342673
43.57000 0.0000000936678397
43.59000 0.0000002050876829
43.61000 0.0000001289477784
43.63000 0.0000001411052987
43.65000 0.0000001606498499
43.67000 0.0000001446397978
43.69000 0.0000001441049248
43.71000 0.0000001636422479
43.73000 0.0000001220377965
43.75000 0.0000001794282315
43.77000 0.0000001056446597
43.79000 0.0000001965369418
43.81000 0.0000000895840115
43.83000 0.0000002136167400
43.85000 0.0000000808092019
43.87000 0.0000001720556568
43.89000 0.0000001699667606
43.91000 0.0000001077841520
43.93000 0.0000001552216110
43.95000 0.0000001719183245
43.97000 0.0000000801369966
43.99000 0.0000002196521321
44.01000 0.0000000931329666
44.03000 0.0000001646324859
44.05000 0.0000001260638006
44.07000 0.0000001739277125
44.09000 0.0000000990382544
44.11000 0.0000001708196663
44.13000 0.0000001376792199
44.15000 0.0000001467431500
44.17000 0.0000001265408496
44.19000 0.0000001334074633
44.21000 0.0000001782934333
44.23000 0.0000001089117222
44.25000 0.0000001344193853
44.27000 0.0000001682537211
44.29000 0.0000001220377965
44.31000 0.0000001384092493
44.33000 0.0000001321570168
44.35000 0.0000001445892017
44.37000 0.0000001702775652
44.39000 0.0000000721283565
44.41000 0.0000001924675697
44.43000 0.0000001101838528
44.45000 0.0000001573105072
44.47000 0.0000001054133632
44.49000 0.0000001748384423
44.51000 0.0000001075167154
44.53000 0.0000001343109651
44.55000 0.0000001572815952
44.57000 0.0000001250374225
44.59000 0.0000001279647684
44.61000 0.0000001521424769
44.63000 0.0000000995297594
44.65000 0.0000001691210829
44.67000 0.0000001220016565
44.69000 0.0000001299669284
44.71000 0.0000001428038821
44.73000 0.0000001138629122
44.75000 0.0000001570213866
44.77000 0.0000001143616452
44.79000 0.0000001421822729
44.81000 0.0000001235123115
44.83000 0.0000001432014229
44.85000 0.0000001222257249
44.87000 0.0000001273142471
44.89000 0.0000001432375630
44.91000 0.0000001346289978
44.93000 0.0000001097935400
44.95000 0.0000001399994125
44.97000 0.0000001449072344
44.99000 0.0000001038954802
45.01000 0.0000001413727353
45.03000 0.0000001323810853
45.05000 0.0000001212571710
45.07000 0.0000001203103011
45.09000 0.0000001816761440
45.11000 0.0000000314780031
45.13000 0.0000002150478869
45.15000 0.0000000871192586
45.17000 0.0000001347157339
45.19000 0.0000001188646982
45.21000 0.0000001497644601
45.23000 0.0000000924463052
45.25000 0.0000001527857701
45.27000 0.0000001192333269
45.29000 0.0000001211270667
45.31000 0.0000001260348885
45.33000 0.0000001202524770
45.35000 0.0000001420955367
45.37000 0.0000001064397413
45.39000 0.0000001263167811
45.41000 0.0000001427099180
45.43000 0.0000000993562871
45.45000 0.0000001277840680
45.47000 0.0000001425147616
45.49000 0.0000000987419059
45.51000 0.0000001450084266
45.53000 0.0000000769783542
45.55000 0.0000002014881317
45.57000 0.0000000375133952
45.59000 0.0000001942601173
45.61000 0.0000000570434903
45.63000 0.0000001728796504
45.65000 0.0000000882106888
45.67000 0.0000001380044805
45.69000 0.0000001167252059
45.71000 0.0000001165083655
45.73000 0.0000001201585128
45.75000 0.0000001280731886
45.77000 0.0000001089406343
45.79000 0.0000001306463618
45.81000 0.0000001021824407
45.83000 0.0000001362625290
45.85000 0.0000001076829598
45.87000 0.0000001194357113
45.89000 0.0000001190598546
45.91000 0.0000001259192403
45.93000 0.0000001005416815
45.95000 0.0000001381418128
45.97000 0.0000000845244014
45.99000 0.0000001514052194
46.01000 0.0000000950411624
46.03000 0.0000001501475449
46.05000 0.0000000489119740
46.07000 0.0000001914411916
46.09000 0.0000000640908044
46.11000 0.0000001372166269
46.13000 0.0000001225726696
46.15000 0.0000000711959427
46.17000 0.0000001907183902
46.19000 0.0000000330247982
46.21000 0.0000001763707814
46.23000 0.0000000705020533
46.25000 0.0000001489332384
46.27000 0.0000000908272300
46.29000 0.0000001164433133
46.31000 0.0000001154819874
46.33000 0.0000001167324339
46.35000 0.0000001143399611
46.37000 0.0000000927354258
46.39000 0.0000001362263890
46.41000 0.0000000999345282
46.43000 0.0000001233966633
46.45000 0.0000000874662033
46.47000 0.0000001396669239
46.49000 0.0000000787636738
46.51000 0.0000001459480684
46.53000 0.0000000984744693
46.55000 0.0000000839244762
46.57000 0.0000001611485829
46.59000 0.0000000565881254
46.61000 0.0000001567105820
46.63000 0.0000000642931888
46.65000 0.0000001546072298
46.67000 0.0000000763278329
46.69000 0.0000001119836284
46.71000 0.0000001375129755
46.73000 0.0000000645967654
46.75000 0.0000001493090952
46.77000 0.0000000889479462
46.79000 0.0000000818066679
46.81000 0.0000001742529732
46.83000 0.0000000309359020
46.85000 0.0000001696704120
46.87000 0.0000000659845442
46.89000 0.0000001201079167
46.91000 0.0000001122727490
46.93000 0.0000001059626923
46.95000 0.0000000990527105
46.97000 0.0000000993996552
46.99000 0.0000001202813890
47.01000 0.0000000949544263
47.03000 0.0000001207512100
47.05000 0.0000000810260424
47.07000 0.0000001219438323
47.09000 0.0000000989298342
47.11000 0.0000000913259630
47.13000 0.0000001416618559
47.15000 0.0000000555906594
47.17000 0.0000001472563391
47.19000 0.0000000669747822
47.21000 0.0000001353373432
47.23000 0.0000000784817813
47.25000 0.0000001103934652
47.27000 0.0000001256301197
47.29000 0.0000000469604101
47.31000 0.0000001593054392
47.33000 0.0000000778890841
47.35000 0.0000000951351266
47.37000 0.0000001167830300
47.39000 0.0000000976360196
47.41000 0.0000000786769377
47.43000 0.0000001490344306
47.45000 0.0000000552581707
47.47000 0.0000001195152195
47.49000 0.0000001011777467
47.51000 0.0000000907188098
47.53000 0.0000001177660400
47.55000 0.0000000890997345
47.57000 0.0000000929161262
47.59000 0.0000001140869806
47.61000 0.0000000946797617
47.63000 0.0000000887600179
47.65000 0.0000001179033723
47.67000 0.0000000758001879
47.69000 0.0000001329448704
47.71000 0.0000000637655438
47.73000 0.0000000904947413
47.75000 0.0000001561323409
47.77000 0.0000000311744265
47.79000 0.0000001428978463
47.81000 0.0000000711381185
47.83000 0.0000001174624634
47.85000 0.0000000597323117
47.87000 0.0000001667719782
47.89000 0.0000000056595353
47.91000 0.0000001732265951
47.93000 0.0000000702779848
47.95000 0.0000000572964708
47.97000 0.0000001691066268
47.99000 0.0000000340367202
48.01000 0.0000001339640204
48.03000 0.0000000621464685
48.05000 0.0000001287526220
48.07000 0.0000000764507092
48.09000 0.0000000911163506
48.11000 0.0000001110078464
48.13000 0.0000000714922913
48.15000 0.0000001329376424
48.17000 0.0000000416984156
48.19000 0.0000001437579801
48.21000 0.0000000513550429
48.23000 0.0000001479646845
48.25000 0.0000000024141568
48.27000 0.0000002217338003
48.29000 -0.0000000338487918
48.31000 0.0000001745926898
48.33000 0.0000000484132410
48.35000 0.0000001378888323
48.37000 0.0000000375350792
48.39000 0.0000001386694579
48.41000 0.0000000673217269
48.43000 0.0000000957495079
48.45000 0.0000000924896733
48.47000 0.0000000980263324
48.49000 0.0000000804405732
48.51000 0.0000000991611307
48.53000 0.0000000768627060
48.55000 0.0000001111162667
48.57000 0.0000000837076357
48.59000 0.0000000835269354
48.61000 0.0000000885504054
48.63000 0.0000000993996552
48.65000 0.0000000858832681
48.67000 0.0000000829703783
48.69000 0.0000001150338505
48.71000 0.0000000379976721
48.73000 0.0000001564648295
48.75000 0.0000000247920897
48.77000 0.0000001336387598
48.79000 0.0000000616766476
48.81000 0.0000001043147050
48.83000 0.0000000785468334
48.85000 0.0000000995731275
48.87000 0.0000000658544400
48.89000 0.0000001148459221
48.91000 0.0000000867434018
48.93000 0.0000000517092156
48.95000 0.0000001255722956
48.97000 0.0000000640763484
48.99000 0.0000001043797572
49.01000 0.0000000735811874
49.03000 0.0000000900176924
49.05000 0.0000000873939231
49.07000 0.0000000919909403
49.09000 0.0000000648931140
49.11000 0.0000001087021098
49.13000 0.0000000812139707
49.15000 0.0000000667434857
49.17000 0.0000001139641044
49.19000 0.0000000708706820
49.21000 0.0000000685938574
49.23000 0.0000001266348137
49.25000 0.0000000403106368
49.27000 0.0000000947520419
49.29000 0.0000001249940545
49.31000 0.0000000104517089
49.33000 0.0000001712461191
49.35000 0.0000000082905326
49.37000 0.0000001191465907
49.39000 0.0000000875384834
49.41000 0.0000000688106979
49.43000 0.0000000872638189
49.45000 0.0000000954314752
49.47000 0.0000000735739594
49.49000 0.0000000740871485
49.51000 0.0000000827029417
49.53000 0.0000001281671528
49.55000 0.0000000082254805
49.57000 0.0000001281310127
49.59000 0.0000000871843107
49.61000 0.0000000426163734
49.63000 0.0000001303283291
49.65000 0.0000000436788915
49.67000 0.0000000959808043
49.69000 0.0000000869168742
49.71000 0.0000000788648660
49.73000 0.0000000739859563
49.75000 0.0000000686010855
49.77000 0.0000001177154439
49.79000 0.0000000502780687
49.81000 0.0000001031582227
49.83000 0.0000000517887238
49.85000 0.0000000959446643
49.87000 0.0000000958145600
49.89000 0.0000000490709903
49.91000 0.0000001046616497
49.93000 0.0000000563062328
49.95000 0.0000001166818378
49.97000 0.0000000212865027
49.99000 0.0000001505089456
50.01000 0.0000000099023798
50.03000 0.0000001313763912
50.05000 0.0000000463677129
50.07000 0.0000001127642540
50.09000 -0.0000000163353127
50.11000 0.0000003793912522
50.13000 -0.0000009471084218
50.15000 0.0000037797022456
50.17000 -0.0000136204343521
50.19000 0.0000510568367099
50.21000 -0.0000067755263206
50.23000 0.0000255856100195
50.25000 -0.0000948817847207
