0.25000 -0.0000000000000029
0.27000 0.0785239355288249
0.29000 0.1449171670393979
0.31000 0.2011293975905837
0.33000 0.2487893081959397
0.35000 0.2892481937070662
0.37000 0.3236286216867944
0.39000 0.3528631494694363
0.41000 0.3777281583454378
0.43000 0.3988715372676215
0.45000 0.4168355341593957
0.47000 0.4320753973335132
0.49000 0.4449745834373345
0.51000 0.4558571490284900
0.53000 0.4649978585315647
0.55000 0.4726304426118288
0.57000 0.4789543616870677
0.59000 0.4841403588676808
0.61000 0.4883350342731509
0.63000 0.4916646223872880
0.65000 0.4942381247827529
0.67000 0.4961499124107820
0.69000 0.4974818988473296
0.71000 0.4983053569978972
0.73000 0.4986824458852950
0.75000 0.4986674946355584
0.77000 0.4983080904151755
0.79000 0.4976459957180506
0.81000 0.4967179316121902
0.83000 0.4955562435288027
0.85000 0.4941894708404779
0.87000 0.4926428336039258
0.89000 0.4909386525814019
0.91000 0.4890967095811790
0.93000 0.4871345581962744
0.95000 0.4850677943943306
0.97000 0.4829102904479240
0.99000 0.4806743970677281
1.01000 0.4783711201115081
1.03000 0.4760102756762853
1.05000 0.4736006249808067
1.07000 0.4711499934080950
1.09000 0.4686653737056256
1.11000 0.4661530161155137
1.13000 0.4636185106332973
1.15000 0.4610668574591960
1.17000 0.4585025293915992
1.19000 0.4559295277338631
1.21000 0.4533514313896702
1.23000 0.4507714401061361
1.25000 0.4481924139757101
1.27000 0.4456169081674647
1.29000 0.4430472032852393
1.31000 0.4404853328433669
1.33000 0.4379331079337366
1.35000 0.4353921396909282
1.37000 0.4328638588259136
1.39000 0.4303495329893604
1.41000 0.4278502826912431
1.43000 0.4253670954124522
1.45000 0.4229008386239708
1.47000 0.4204522715747555
1.49000 0.4180220558746782
1.51000 0.4156107644964560
1.53000 0.4132188901166662
1.55000 0.4108468532283779
1.57000 0.4084950078611631
1.59000 0.4061636502208050
1.61000 0.4038530213084750
1.63000 0.4015633141164539
1.65000 0.3992946789542571
1.67000 0.3970472248673611
1.69000 0.3948210251540859
1.71000 0.3926161224587097
1.73000 0.3904325294880829
1.75000 0.3882702316929099
1.77000 0.3861291915321526
1.79000 0.3840093512877527
1.81000 0.3819106333417608
1.83000 0.3798329422118778
1.85000 0.3777761670750274
1.87000 0.3757401844506782
1.89000 0.3737248587698774
1.91000 0.3717300429610753
1.93000 0.3697555799092971
1.95000 0.3678013039613816
1.97000 0.3658670425563654
1.99000 0.3639526170442592
2.01000 0.3620578427361371
2.03000 0.3601825297639564
2.05000 0.3583264839061817
2.07000 0.3564895073892029
2.09000 0.3546713996618672
2.11000 0.3528719581457639
2.13000 0.3510909782345369
2.15000 0.3493282536003393
2.17000 0.3475835766513903
2.19000 0.3458567389610694
2.21000 0.3441475316961962
2.23000 0.3424557459507330
2.25000 0.3407811731938796
2.27000 0.3391236054475198
2.29000 0.3374828353236636
2.31000 0.3358586561580126
2.33000 0.3342508622249249
2.35000 0.3326592489633443
2.37000 0.3310836130855633
2.39000 0.3295237527673949
2.41000 0.3279794677724523
2.43000 0.3264505596097469
2.45000 0.3249368317035058
2.47000 0.3234380892814376
2.49000 0.3219541394540656
2.51000 0.3204847912602031
2.53000 0.3190298557463752
2.55000 0.3175891459818751
2.57000 0.3161624771616616
2.59000 0.3147496666432263
2.61000 0.3133505339208200
2.63000 0.3119649007685366
2.65000 0.3105925911201873
2.67000 0.3092334312369634
2.69000 0.3078872496332149
2.71000 0.3065538770709365
2.73000 0.3052331465478110
2.75000 0.3039248931989260
2.77000 0.3026289544702452
2.79000 0.3013451699605356
2.81000 0.3000733815293828
2.83000 0.2988134331197554
2.85000 0.2975651711071019
2.87000 0.2963284437123500
2.89000 0.2951031016618972
2.91000 0.2938889975514429
2.93000 0.2926859861950967
2.95000 0.2914939246810692
2.97000 0.2903126719566529
2.99000 0.2891420891540546
3.01000 0.2879820395200165
3.03000 0.2868323881571073
3.05000 0.2856930022275119
3.07000 0.2845637509339988
3.09000 0.2834445052836194
3.11000 0.2823351382151140
3.13000 0.2812355246968375
3.15000 0.2801455414903959
3.17000 0.2790650671220082
3.19000 0.2779939819875840
3.21000 0.2769321683710252
3.23000 0.2758795102439784
3.25000 0.2748358932701666
3.27000 0.2738012048755316
3.29000 0.2727753342494518
3.31000 0.2717581721851641
3.33000 0.2707496110908408
3.35000 0.2697495450080941
3.37000 0.2687578696519302
3.39000 0.2677744822639175
3.41000 0.2667992815803463
3.43000 0.2658321678521931
3.45000 0.2648730428485110
3.47000 0.2639218098739727
3.49000 0.2629783736374731
3.51000 0.2620426402183094
3.53000 0.2611145170959806
3.55000 0.2601939131562176
3.57000 0.2592807386955533
3.59000 0.2583749053278687
3.61000 0.2574763259345287
3.63000 0.2565849146752434
3.65000 0.2557005869894826
3.67000 0.2548232595970228
3.69000 0.2539528504713225
3.71000 0.2530892787783792
3.73000 0.2522324648432497
3.75000 0.2513823301573396
3.77000 0.2505387973682291
3.79000 0.2497017902694080
3.81000 0.2488712337948143
3.83000 0.2480470539557156
3.85000 0.2472291778295056
3.87000 0.2464175335441928
3.89000 0.2456120502671155
3.91000 0.2448126581924151
3.93000 0.2440192885356114
3.95000 0.2432318735087654
3.97000 0.2424503462879364
3.99000 0.2416746410067332
4.01000 0.2409046927257955
4.03000 0.2401404374346032
4.05000 0.2393818120219690
4.07000 0.2386287543009593
4.09000 0.2378812029495150
4.11000 0.2371390975422609
4.13000 0.2364023784530136
4.15000 0.2356709869513988
4.17000 0.2349448650598546
4.19000 0.2342239556680572
4.21000 0.2335082024299050
4.23000 0.2327975497884227
4.25000 0.2320919430025513
4.27000 0.2313913280366121
4.29000 0.2306956516267734
4.31000 0.2300048612531384
4.33000 0.2293189050793563
4.35000 0.2286377320053668
4.37000 0.2279612916346916
4.39000 0.2272895342253059
4.41000 0.2266224107469594
4.43000 0.2259598728449645
4.45000 0.2253018727855004
4.47000 0.2246483634907689
4.49000 0.2239992985384222
4.51000 0.2233546321039017
4.53000 0.2227143189709600
4.55000 0.2220783145466007
4.57000 0.2214465748273335
4.59000 0.2208190563825158
4.61000 0.2201957163671778
4.63000 0.2195765125186590
4.65000 0.2189614031201955
4.67000 0.2183503469927210
4.69000 0.2177433035036992
4.71000 0.2171402325675125
4.73000 0.2165410946067545
4.75000 0.2159458505466212
4.77000 0.2153544618281281
4.79000 0.2147668904050911
4.81000 0.2141830987125832
4.83000 0.2136030496646944
4.85000 0.2130267066566877
4.87000 0.2124540335608779
4.89000 0.2118849947076926
4.91000 0.2113195548771368
4.93000 0.2107576792941319
4.95000 0.2101993336270983
4.97000 0.2096444839832257
4.99000 0.2090930968899676
5.01000 0.2085451392923225
5.03000 0.2080005785484424
5.05000 0.2074593824326632
5.07000 0.2069215191273394
5.09000 0.2063869572046677
5.11000 0.2058556656227814
5.13000 0.2053276137239631
5.15000 0.2048027712350124
5.17000 0.2042811082579935
5.19000 0.2037625952559248
5.21000 0.2032472030488426
5.23000 0.2027349028119096
5.25000 0.2022256660737474
5.27000 0.2017194647155908
5.29000 0.2012162709550395
5.31000 0.2007160573427778
5.33000 0.2002187967626275
5.35000 0.1997244624203117
5.37000 0.1992330278532004
5.39000 0.1987444669050912
5.41000 0.1982587537475231
5.43000 0.1977758628371475
5.45000 0.1972957689517277
5.47000 0.1968184471466667
5.49000 0.1963438727896846
5.51000 0.1958720215347168
5.53000 0.1954028693132534
5.55000 0.1949363923493968
5.57000 0.1944725671332244
5.59000 0.1940113704337813
5.61000 0.1935527792943828
5.63000 0.1930967710171531
5.65000 0.1926433231740803
5.67000 0.1921924135950479
5.69000 0.1917440203563435
5.71000 0.1912981217946274
5.73000 0.1908546964907312
5.75000 0.1904137232664003
5.77000 0.1899751811915867
5.79000 0.1895390495713374
5.81000 0.1891053079391178
5.83000 0.1886739360618136
5.85000 0.1882449139373589
5.87000 0.1878182217829490
5.89000 0.1873938400391993
5.91000 0.1869717493720348
5.93000 0.1865519306580031
5.95000 0.1861343649843699
5.97000 0.1857190336499371
5.99000 0.1853059181600197
6.01000 0.1848950002222262
6.03000 0.1844862617458661
6.05000 0.1840796848443485
6.07000 0.1836752518257833
6.09000 0.1832729451865058
6.11000 0.1828727476143447
6.13000 0.1824746419882835
6.15000 0.1820786113704430
6.17000 0.1816846390040345
6.19000 0.1812927083148300
6.21000 0.1809028029092684
6.23000 0.1805149065688817
6.25000 0.1801290032472053
6.27000 0.1797450770697343
6.29000 0.1793631123328334
6.31000 0.1789830934968779
6.33000 0.1786050051859675
6.35000 0.1782288321875563
6.37000 0.1778545594520542
6.39000 0.1774821720874682
6.41000 0.1771116553577773
6.43000 0.1767429946806865
6.45000 0.1763761756267826
6.47000 0.1760111839179225
6.49000 0.1756480054227100
6.51000 0.1752866261548185
6.53000 0.1749270322726032
6.55000 0.1745692100797446
6.57000 0.1742131460208194
6.59000 0.1738588266794321
6.61000 0.1735062387745814
6.63000 0.1731553691627344
6.65000 0.1728062048325784
6.67000 0.1724587329081649
6.69000 0.1721129406383942
6.71000 0.1717688154071457
6.73000 0.1714263447192775
6.75000 0.1710855162126562
6.77000 0.1707463176440318
6.79000 0.1704087368953137
6.81000 0.1700727619699107
6.83000 0.1697383809877922
6.85000 0.1694055821915648
6.87000 0.1690743539370619
6.89000 0.1687446846959306
6.91000 0.1684165630550709
6.93000 0.1680899777101320
6.95000 0.1677649174716436
6.97000 0.1674413712601938
6.99000 0.1671193281028294
7.01000 0.1667987771352308
7.03000 0.1664797075976650
7.05000 0.1661621088336666
7.07000 0.1658459702928566
7.09000 0.1655312815259804
7.11000 0.1652180321823593
7.13000 0.1649062120130892
7.15000 0.1645958108667616
7.17000 0.1642868186879170
7.19000 0.1639792255191417
7.21000 0.1636730214985422
7.23000 0.1633681968564984
7.25000 0.1630647419168422
7.27000 0.1627626470953861
7.29000 0.1624619028966300
7.31000 0.1621624999149323
7.33000 0.1618644288347181
7.35000 0.1615676804270843
7.37000 0.1612722455483845
7.39000 0.1609781151410613
7.41000 0.1606852802321564
7.43000 0.1603937319313534
7.45000 0.1601034614311167
7.47000 0.1598144600063845
7.49000 0.1595267190121916
7.51000 0.1592402298822619
7.53000 0.1589549841292975
7.55000 0.1586709733444915
7.57000 0.1583881891951581
7.59000 0.1581066234242803
7.61000 0.1578262678506132
7.63000 0.1575471143673948
7.65000 0.1572691549409100
7.67000 0.1569923816097278
7.69000 0.1567167864844378
7.71000 0.1564423617472165
7.73000 0.1561690996500802
7.75000 0.1558969925144350
7.77000 0.1556260327303993
7.79000 0.1553562127560172
7.81000 0.1550875251162715
7.83000 0.1548199624020240
7.85000 0.1545535172700937
7.87000 0.1542881824425813
7.89000 0.1540239507060013
7.91000 0.1537608149091827
7.93000 0.1534987679646291
7.95000 0.1532378028456748
7.97000 0.1529779125894416
7.99000 0.1527190902912113
8.01000 0.1524613291085372
8.03000 0.1522046222560195
8.05000 0.1519489630096239
8.07000 0.1516943447019593
8.09000 0.1514407607231364
8.11000 0.1511882045207536
8.13000 0.1509366695971688
8.15000 0.1506861495123291
8.17000 0.1504366378801757
8.19000 0.1501881283689087
8.21000 0.1499406147017660
8.23000 0.1496940906541091
8.25000 0.1494485500549141
8.27000 0.1492039867850683
8.29000 0.1489603947761449
8.31000 0.1487177680118580
8.33000 0.1484761005262951
8.35000 0.1482353864032062
8.37000 0.1479956197764352
8.39000 0.1477567948282456
8.41000 0.1475189057891128
8.43000 0.1472819469382287
8.45000 0.1470459126019578
8.47000 0.1468107971530898
8.49000 0.1465765950114554
8.51000 0.1463433006425003
8.53000 0.1461109085568612
8.55000 0.1458794133109590
8.57000 0.1456488095057133
8.59000 0.1454190917856547
8.61000 0.1451902548391865
8.63000 0.1449622933979189
8.65000 0.1447352022358238
8.67000 0.1445089761695586
8.69000 0.1442836100579682
8.71000 0.1440590988008846
8.73000 0.1438354373390946
8.75000 0.1436126206544157
8.77000 0.1433906437688701
8.79000 0.1431695017440108
8.81000 0.1429491896809356
8.83000 0.1427297027198580
8.85000 0.1425110360393047
8.87000 0.1422931848559766
8.89000 0.1420761444248116
8.91000 0.1418599100381313
8.93000 0.1416444770250312
8.95000 0.1414298407514070
8.97000 0.1412159966198197
8.99000 0.1410029400687270
9.01000 0.1407906665719850
9.03000 0.1405791716388535
9.05000 0.1403684508137737
9.07000 0.1401584996754828
9.09000 0.1399493138368773
9.11000 0.1397408889450500
9.13000 0.1395332206807041
9.15000 0.1393263047578343
9.17000 0.1391201369230755
9.19000 0.1389147129560638
9.21000 0.1387100286683635
9.23000 0.1385060799040292
9.25000 0.1383028625378675
9.27000 0.1381003724771913
9.29000 0.1378986056595290
9.31000 0.1376975580539805
9.33000 0.1374972256591113
9.35000 0.1372976045043438
9.37000 0.1370986906488725
9.39000 0.1369004801813473
9.41000 0.1367029692202602
9.43000 0.1365061539124748
9.45000 0.1363100304342173
9.47000 0.1361145949900655
9.49000 0.1359198438124179
9.51000 0.1357257731621398
9.53000 0.1355323793274055
9.55000 0.1353396586241914
9.57000 0.1351476073957413
9.59000 0.1349562220117744
9.61000 0.1347654988690440
9.63000 0.1345754343906582
9.65000 0.1343860250257969
9.67000 0.1341972672498190
9.69000 0.1340091575635430
9.71000 0.1338216924932067
9.73000 0.1336348685906837
9.75000 0.1334486824326034
9.77000 0.1332631306202060
9.79000 0.1330782097795554
9.81000 0.1328939165607995
9.83000 0.1327102476381483
9.85000 0.1325271997099949
9.87000 0.1323447694982429
9.89000 0.1321629537481136
9.91000 0.1319817492282933
9.93000 0.1318011527304303
9.95000 0.1316211610688334
9.97000 0.1314417710805520
9.99000 0.1312629796250174
10.01000 0.1310847835837327
10.03000 0.1309071798603332
10.05000 0.1307301653803382
10.07000 0.1305537370907407
10.09000 0.1303778919598969
10.11000 0.1302026269775144
10.13000 0.1300279391542651
10.15000 0.1298538255216632
10.17000 0.1296802831320180
10.19000 0.1295073090580469
10.21000 0.1293349003926986
10.23000 0.1291630542490874
10.25000 0.1289917677603840
10.27000 0.1288210380794509
10.29000 0.1286508623786695
10.31000 0.1284812378498832
10.33000 0.1283121617042284
10.35000 0.1281436311718963
10.37000 0.1279756435020260
10.39000 0.1278081959625899
10.41000 0.1276412858401365
10.43000 0.1274749104394876
10.45000 0.1273090670838956
10.47000 0.1271437531147039
10.49000 0.1269789658913471
10.51000 0.1268147027907045
10.53000 0.1266509612077477
10.55000 0.1264877385545711
10.57000 0.1263250322610322
10.59000 0.1261628397737184
10.61000 0.1260011585567241
10.63000 0.1258399860908108
10.65000 0.1256793198735787
10.67000 0.1255191574192456
10.69000 0.1253594962583985
10.71000 0.1252003339383457
10.73000 0.1250416680222623
10.75000 0.1248834960895398
10.77000 0.1247258157355391
10.79000 0.1245686245713357
10.81000 0.1244119202238327
10.83000 0.1242557003352847
10.85000 0.1240999625634464
10.87000 0.1239447045814957
10.89000 0.1237899240775832
10.91000 0.1236356187549928
10.93000 0.1234817863318958
10.95000 0.1233284245411861
10.97000 0.1231755311306318
10.99000 0.1230231038624314
11.01000 0.1228711405131181
11.03000 0.1227196388737181
11.05000 0.1225685967493590
11.07000 0.1224180119592138
11.09000 0.1222678823365182
11.11000 0.1221182057282692
11.13000 0.1219689799952323
11.15000 0.1218202030119003
11.17000 0.1216718726661366
11.19000 0.1215239868592132
11.21000 0.1213765435058115
11.23000 0.1212295405337391
11.25000 0.1210829758838925
11.27000 0.1209368475102000
11.29000 0.1207911533793889
11.31000 0.1206458914709583
11.33000 0.1205010597772040
11.35000 0.1203566563029276
11.37000 0.1202126790653428
11.39000 0.1200691260941086
11.41000 0.1199259954311795
11.43000 0.1197832851306414
11.45000 0.1196409932586711
11.47000 0.1194991178934575
11.49000 0.1193576571250372
11.51000 0.1192166090552478
11.53000 0.1190759717977200
11.55000 0.1189357434776552
11.57000 0.1187959222317408
11.59000 0.1186565062081411
11.61000 0.1185174935663893
11.63000 0.1183788824772490
11.65000 0.1182406711226276
11.67000 0.1181028576955799
11.69000 0.1179654404001186
11.71000 0.1178284174511909
11.73000 0.1176917870745449
11.75000 0.1175555475067709
11.77000 0.1174196969949842
11.79000 0.1172842337970125
11.81000 0.1171491561810610
11.83000 0.1170144624259593
11.85000 0.1168801508206373
11.87000 0.1167462196644920
11.89000 0.1166126672669457
11.91000 0.1164794919476680
11.93000 0.1163466920362503
11.95000 0.1162142658722764
11.97000 0.1160822118053065
11.99000 0.1159505281945570
12.01000 0.1158192134091086
12.03000 0.1156882658276126
12.05000 0.1155576838383661
12.07000 0.1154274658392071
12.09000 0.1152976102373071
12.11000 0.1151681154493458
12.13000 0.1150389799012426
12.15000 0.1149102020281274
12.17000 0.1147817802743738
12.19000 0.1146537130933778
12.21000 0.1145259989476480
12.23000 0.1143986363086414
12.25000 0.1142716236566311
12.27000 0.1141449594808184
12.29000 0.1140186422791624
12.31000 0.1138926705583016
12.33000 0.1137670428335717
12.35000 0.1136417576288256
12.37000 0.1135168134764524
12.39000 0.1133922089173381
12.41000 0.1132679425006933
12.43000 0.1131440127840779
12.45000 0.1130204183333799
12.47000 0.1128971577226483
12.49000 0.1127742295340911
12.51000 0.1126516323580395
12.53000 0.1125293647928284
12.55000 0.1124074254447978
12.57000 0.1122858129282295
12.59000 0.1121645258652168
12.61000 0.1120435628856583
12.63000 0.1119229226272619
12.65000 0.1118026037354018
12.67000 0.1116826048630847
12.69000 0.1115629246709354
12.71000 0.1114435618270875
12.73000 0.1113245150071533
12.75000 0.1112057828942105
12.77000 0.1110873641786887
12.79000 0.1109692575583220
12.81000 0.1108514617381418
12.83000 0.1107339754304219
12.85000 0.1106167973545679
12.87000 0.1104999262371082
12.89000 0.1103833608116680
12.91000 0.1102670998188803
12.93000 0.1101511420063472
12.95000 0.1100354861286104
12.97000 0.1099201309470812
12.99000 0.1098050752299624
13.01000 0.1096903177522897
13.03000 0.1095758572958123
13.05000 0.1094616926489852
13.07000 0.1093478226068406
13.09000 0.1092342459711117
13.11000 0.1091209615499862
13.13000 0.1090079681582437
13.15000 0.1088952646170238
13.17000 0.1087828497539924
13.19000 0.1086707224030838
13.21000 0.1085588814046268
13.23000 0.1084473256052373
13.25000 0.1083360538577474
13.27000 0.1082250650212288
13.29000 0.1081143579608370
13.31000 0.1080039315479297
13.33000 0.1078937846599013
13.35000 0.1077839161801704
13.37000 0.1076743249981842
13.39000 0.1075650100093009
13.41000 0.1074559701148386
13.43000 0.1073472042219647
13.45000 0.1072387112436649
13.47000 0.1071304900987742
13.49000 0.1070225397118301
13.51000 0.1069148590131092
13.53000 0.1068074469385927
13.55000 0.1067003024298699
13.57000 0.1065934244341658
13.59000 0.1064868119042533
13.61000 0.1063804637984179
13.63000 0.1062743790804941
13.65000 0.1061685567197384
13.67000 0.1060629956908245
13.69000 0.1059576949738428
13.71000 0.1058526535542118
13.73000 0.1057478704226698
13.75000 0.1056433445752522
13.77000 0.1055390750132238
13.79000 0.1054350607430694
13.81000 0.1053313007764660
13.83000 0.1052277941302038
13.85000 0.1051245398261978
13.87000 0.1050215368914702
13.89000 0.1049187843580581
13.91000 0.1048162812630166
13.93000 0.1047140266483908
13.95000 0.1046120195611574
13.97000 0.1045102590532196
13.99000 0.1044087441813803
14.01000 0.1043074740072694
14.03000 0.1042064475973450
14.05000 0.1041056640228754
14.07000 0.1040051223598742
14.09000 0.1039048216890746
14.11000 0.1038047610959300
14.13000 0.1037049396705578
14.15000 0.1036053565077082
14.17000 0.1035060107067544
14.19000 0.1034069013716435
14.21000 0.1033080276108646
14.23000 0.1032093885374466
14.25000 0.1031109832689125
14.27000 0.1030128109272425
14.29000 0.1029148706388417
14.31000 0.1028171615345631
14.33000 0.1027196827496104
14.35000 0.1026224334235633
14.37000 0.1025254127002973
14.39000 0.1024286197280414
14.41000 0.1023320536592344
14.43000 0.1022357136506200
14.45000 0.1021395988631204
14.47000 0.1020437084618816
14.49000 0.1019480416161868
14.51000 0.1018525974994850
14.53000 0.1017573752893496
14.55000 0.1016623741674039
14.57000 0.1015675933193771
14.59000 0.1014730319350140
14.61000 0.1013786892080933
14.63000 0.1012845643363753
14.65000 0.1011906565215709
14.67000 0.1010969649693702
14.69000 0.1010034888893388
14.71000 0.1009102274949578
14.73000 0.1008171800035816
14.75000 0.1007243456363948
14.77000 0.1006317236184223
14.79000 0.1005393131784658
14.81000 0.1004471135491211
14.83000 0.1003551239667393
14.85000 0.1002633436713749
14.87000 0.1001717719068116
14.89000 0.1000804079205192
14.91000 0.0999892509636186
14.93000 0.0998983002908824
14.95000 0.0998075551606906
14.97000 0.0997170148350189
14.99000 0.0996266785794328
15.01000 0.0995365456630305
15.03000 0.0994466153584521
15.05000 0.0993568869418602
15.07000 0.0992673596928876
15.09000 0.0991780328946389
15.11000 0.0990889058336756
15.13000 0.0989999777999779
15.15000 0.0989112480869385
15.17000 0.0988227159913362
15.19000 0.0987343808133048
15.21000 0.0986462418563386
15.23000 0.0985582984272594
15.25000 0.0984705498361813
15.27000 0.0983829953965132
15.29000 0.0982956344249385
15.31000 0.0982084662413757
15.33000 0.0981214901689777
15.35000 0.0980347055341133
15.37000 0.0979481116663348
15.39000 0.0978617078983702
15.41000 0.0977754935661038
15.43000 0.0976894680085441
15.45000 0.0976036305678237
15.47000 0.0975179805891819
15.49000 0.0974325174209293
15.51000 0.0973472404144302
15.53000 0.0972621489241111
15.55000 0.0971772423074158
15.57000 0.0970925199247993
15.59000 0.0970079811397030
15.61000 0.0969236253185566
15.63000 0.0968394518307234
15.65000 0.0967554600485336
15.67000 0.0966716493472176
15.69000 0.0965880191049324
15.71000 0.0965045687026964
15.73000 0.0964212975244356
15.75000 0.0963382049569032
15.77000 0.0962552903897022
15.79000 0.0961725532152587
15.81000 0.0960899928288065
15.83000 0.0960076086283774
15.85000 0.0959254000147566
15.87000 0.0958433663915157
15.89000 0.0957615071649468
15.91000 0.0956798217440782
15.93000 0.0955983095406584
15.95000 0.0955169699691183
15.97000 0.0954358024465826
15.99000 0.0953548063928271
16.01000 0.0952739812302927
16.03000 0.0951933263840548
16.05000 0.0951128412817949
16.07000 0.0950325253538178
16.09000 0.0949523780330130
16.11000 0.0948723987548440
16.13000 0.0947925869573457
16.15000 0.0947129420810861
16.17000 0.0946334635691801
16.19000 0.0945541508672551
16.21000 0.0944750034234401
16.23000 0.0943960206883660
16.25000 0.0943172021151339
16.27000 0.0942385471593014
16.29000 0.0941600552788866
16.31000 0.0940817259343393
16.33000 0.0940035585885311
16.35000 0.0939255527067439
16.37000 0.0938477077566475
16.39000 0.0937700232083021
16.41000 0.0936924985341376
16.43000 0.0936151332089295
16.45000 0.0935379267098030
16.47000 0.0934608785162141
16.49000 0.0933839881099274
16.51000 0.0933072549750204
16.53000 0.0932306785978560
16.55000 0.0931542584670764
16.57000 0.0930779940735908
16.59000 0.0930018849105627
16.61000 0.0929259304733904
16.63000 0.0928501302597105
16.65000 0.0927744837693717
16.67000 0.0926989905044231
16.69000 0.0926236499691077
16.71000 0.0925484616698558
16.73000 0.0924734251152589
16.75000 0.0923985398160653
16.77000 0.0923238052851714
16.79000 0.0922492210376035
16.81000 0.0921747865905095
16.83000 0.0921005014631528
16.85000 0.0920263651768869
16.87000 0.0919523772551586
16.89000 0.0918785372234868
16.91000 0.0918048446094624
16.93000 0.0917312989427134
16.95000 0.0916578997549304
16.97000 0.0915846465798182
16.99000 0.0915115389531150
17.01000 0.0914385764125557
17.03000 0.0913657584978870
17.05000 0.0912930847508349
17.07000 0.0912205547151068
17.09000 0.0911481679363754
17.11000 0.0910759239622630
17.13000 0.0910038223423498
17.15000 0.0909318626281417
17.17000 0.0908600443730774
17.19000 0.0907883671325009
17.21000 0.0907168304636651
17.23000 0.0906454339257231
17.25000 0.0905741770797004
17.27000 0.0905030594885047
17.29000 0.0904320807169057
17.31000 0.0903612403315280
17.33000 0.0902905379008428
17.35000 0.0902199729951484
17.37000 0.0901495451865792
17.39000 0.0900792540490750
17.41000 0.0900090991583844
17.43000 0.0899390800920589
17.45000 0.0898691964294283
17.47000 0.0897994477516007
17.49000 0.0897298336414556
17.51000 0.0896603536836304
17.53000 0.0895910074645138
17.55000 0.0895217945722307
17.57000 0.0894527145966369
17.59000 0.0893837671293167
17.61000 0.0893149517635614
17.63000 0.0892462680943687
17.65000 0.0891777157184333
17.67000 0.0891092942341350
17.69000 0.0890410032415282
17.71000 0.0889728423423441
17.73000 0.0889048111399648
17.75000 0.0888369092394318
17.77000 0.0887691362474259
17.79000 0.0887014917722608
17.81000 0.0886339754238813
17.83000 0.0885665868138505
17.85000 0.0884993255553308
17.87000 0.0884321912630953
17.89000 0.0883651835535096
17.91000 0.0882983020445191
17.93000 0.0882315463556485
17.95000 0.0881649161079919
17.97000 0.0880984109241995
17.99000 0.0880320304284766
18.01000 0.0879657742465760
18.03000 0.0878996420057795
18.05000 0.0878336333349043
18.07000 0.0877677478642838
18.09000 0.0877019852257661
18.11000 0.0876363450527030
18.13000 0.0875708269799496
18.15000 0.0875054306438412
18.17000 0.0874401556822033
18.19000 0.0873750017343316
18.21000 0.0873099684409944
18.23000 0.0872450554444121
18.25000 0.0871802623882658
18.27000 0.0871155889176726
18.29000 0.0870510346791962
18.31000 0.0869865993208259
18.33000 0.0869222824919763
18.35000 0.0868580838434745
18.37000 0.0867940030275597
18.39000 0.0867300396978758
18.41000 0.0866661935094509
18.43000 0.0866024641187124
18.45000 0.0865388511834631
18.47000 0.0864753543628804
18.49000 0.0864119733175069
18.51000 0.0863487077092476
18.53000 0.0862855572013606
18.55000 0.0862225214584487
18.57000 0.0861596001464576
18.59000 0.0860967929326638
18.61000 0.0860340994856675
18.63000 0.0859715194753942
18.65000 0.0859090525730799
18.67000 0.0858466984512688
18.69000 0.0857844567838010
18.71000 0.0857223272458137
18.73000 0.0856603095137342
18.75000 0.0855984032652655
18.77000 0.0855366081793859
18.79000 0.0854749239363469
18.81000 0.0854133502176543
18.83000 0.0853518867060754
18.85000 0.0852905330856274
18.87000 0.0852292890415664
18.89000 0.0851681542603903
18.91000 0.0851071284298253
18.93000 0.0850462112388231
18.95000 0.0849854023775575
18.97000 0.0849247015374097
18.99000 0.0848641084109718
19.01000 0.0848036226920409
19.03000 0.0847432440756025
19.05000 0.0846829722578328
19.07000 0.0846228069360953
19.09000 0.0845627478089292
19.11000 0.0845027945760475
19.13000 0.0844429469383267
19.15000 0.0843832045978056
19.17000 0.0843235672576796
19.19000 0.0842640346222921
19.21000 0.0842046063971288
19.23000 0.0841452822888190
19.25000 0.0840860620051199
19.27000 0.0840269452549166
19.29000 0.0839679317482189
19.31000 0.0839090211961515
19.33000 0.0838502133109486
19.35000 0.0837915078059536
19.37000 0.0837329043956075
19.39000 0.0836744027954467
19.41000 0.0836160027220992
19.43000 0.0835577038932761
19.45000 0.0834995060277665
19.47000 0.0834414088454385
19.49000 0.0833834120672235
19.51000 0.0833255154151225
19.53000 0.0832677186121881
19.55000 0.0832100213825343
19.57000 0.0831524234513173
19.59000 0.0830949245447427
19.61000 0.0830375243900500
19.63000 0.0829802227155174
19.65000 0.0829230192504464
19.67000 0.0828659137251662
19.69000 0.0828089058710233
19.71000 0.0827519954203795
19.73000 0.0826951821066078
19.75000 0.0826384656640808
19.77000 0.0825818458281736
19.79000 0.0825253223352582
19.81000 0.0824688949226962
19.83000 0.0824125633288327
19.85000 0.0823563272929953
19.87000 0.0823001865554887
19.89000 0.0822441408575897
19.91000 0.0821881899415386
19.93000 0.0821323335505449
19.95000 0.0820765714287708
19.97000 0.0820209033213339
19.99000 0.0819653289743026
20.01000 0.0819098481346861
20.03000 0.0818544605504403
20.05000 0.0817991659704492
20.07000 0.0817439641445342
20.09000 0.0816888548234423
20.11000 0.0816338377588413
20.13000 0.0815789127033211
20.15000 0.0815240794103851
20.17000 0.0814693376344416
20.19000 0.0814146871308118
20.21000 0.0813601276557144
20.23000 0.0813056589662664
20.25000 0.0812512808204799
20.27000 0.0811969929772512
20.29000 0.0811427951963657
20.31000 0.0810886872384889
20.33000 0.0810346688651622
20.35000 0.0809807398387998
20.37000 0.0809268999226859
20.39000 0.0808731488809675
20.41000 0.0808194864786524
20.43000 0.0807659124816083
20.45000 0.0807124266565511
20.47000 0.0806590287710477
20.49000 0.0806057185935107
20.51000 0.0805524958931927
20.53000 0.0804993604401840
20.55000 0.0804463120054076
20.57000 0.0803933503606165
20.59000 0.0803404752783896
20.61000 0.0802876865321289
20.63000 0.0802349838960512
20.65000 0.0801823671451905
20.67000 0.0801298360553922
20.69000 0.0800773904033069
20.71000 0.0800250299663894
20.73000 0.0799727545228946
20.75000 0.0799205638518728
20.77000 0.0798684577331663
20.79000 0.0798164359474069
20.81000 0.0797644982760148
20.83000 0.0797126445011873
20.85000 0.0796608744059015
20.87000 0.0796091877739091
20.89000 0.0795575843897346
20.91000 0.0795060640386702
20.93000 0.0794546265067686
20.95000 0.0794032715808470
20.97000 0.0793519990484796
20.99000 0.0793008086979944
21.01000 0.0792497003184679
21.03000 0.0791986736997273
21.05000 0.0791477286323406
21.07000 0.0790968649076178
21.09000 0.0790460823176082
21.11000 0.0789953806550904
21.13000 0.0789447597135768
21.15000 0.0788942192873075
21.17000 0.0788437591712449
21.19000 0.0787933791610726
21.21000 0.0787430790531935
21.23000 0.0786928586447248
21.25000 0.0786427177334924
21.27000 0.0785926561180321
21.29000 0.0785426735975870
21.31000 0.0784927699720987
21.33000 0.0784429450422085
21.35000 0.0783931986092525
21.37000 0.0783435304752622
21.39000 0.0782939404429579
21.41000 0.0782444283157428
21.43000 0.0781949938977087
21.45000 0.0781456369936238
21.47000 0.0780963574089361
21.49000 0.0780471549497666
21.51000 0.0779980294229103
21.53000 0.0779489806358260
21.55000 0.0779000083966433
21.57000 0.0778511125141508
21.59000 0.0778022927978008
21.61000 0.0777535490576971
21.63000 0.0777048811046014
21.65000 0.0776562887499256
21.67000 0.0776077718057307
21.69000 0.0775593300847204
21.71000 0.0775109634002447
21.73000 0.0774626715662910
21.75000 0.0774144543974842
21.77000 0.0773663117090841
21.79000 0.0773182433169820
21.81000 0.0772702490376967
21.83000 0.0772223286883752
21.85000 0.0771744820867870
21.87000 0.0771267090513208
21.89000 0.0770790094009842
21.91000 0.0770313829554005
21.93000 0.0769838295348060
21.95000 0.0769363489600478
21.97000 0.0768889410525751
21.99000 0.0768416056344483
22.01000 0.0767943425283269
22.03000 0.0767471515574704
22.05000 0.0767000325457336
22.07000 0.0766529853175693
22.09000 0.0766060096980184
22.11000 0.0765591055127146
22.13000 0.0765122725878739
22.15000 0.0764655107503017
22.17000 0.0764188198273800
22.19000 0.0763721996470748
22.21000 0.0763256500379263
22.23000 0.0762791708290481
22.25000 0.0762327618501287
22.27000 0.0761864229314228
22.29000 0.0761401539037553
22.31000 0.0760939545985124
22.33000 0.0760478248476458
22.35000 0.0760017644836646
22.37000 0.0759557733396343
22.39000 0.0759098512491804
22.41000 0.0758639980464765
22.43000 0.0758182135662484
22.45000 0.0757724976437693
22.47000 0.0757268501148574
22.49000 0.0756812708158775
22.51000 0.0756357595837325
22.53000 0.0755903162558651
22.55000 0.0755449406702543
22.57000 0.0754996326654137
22.59000 0.0754543920803899
22.61000 0.0754092187547561
22.63000 0.0753641125286181
22.65000 0.0753190732426031
22.67000 0.0752741007378628
22.69000 0.0752291948560707
22.71000 0.0751843554394178
22.73000 0.0751395823306132
22.75000 0.0750948753728788
22.77000 0.0750502344099491
22.79000 0.0750056592860704
22.81000 0.0749611498459972
22.83000 0.0749167059349873
22.85000 0.0748723273988044
22.87000 0.0748280140837138
22.89000 0.0747837658364809
22.91000 0.0747395825043677
22.93000 0.0746954639351321
22.95000 0.0746514099770244
22.97000 0.0746074204787892
22.99000 0.0745634952896595
23.01000 0.0745196342593536
23.03000 0.0744758372380771
23.05000 0.0744321040765189
23.07000 0.0743884346258488
23.09000 0.0743448287377167
23.11000 0.0743012862642486
23.13000 0.0742578070580486
23.15000 0.0742143909721916
23.17000 0.0741710378602245
23.19000 0.0741277475761661
23.21000 0.0740845199745004
23.23000 0.0740413549101780
23.25000 0.0739982522386131
23.27000 0.0739552118156837
23.29000 0.0739122334977262
23.31000 0.0738693171415355
23.33000 0.0738264626043629
23.35000 0.0737836697439149
23.37000 0.0737409384183506
23.39000 0.0736982684862774
23.41000 0.0736556598067557
23.43000 0.0736131122392915
23.45000 0.0735706256438348
23.47000 0.0735281998807799
23.49000 0.0734858348109640
23.51000 0.0734435302956642
23.53000 0.0734012861965935
23.55000 0.0733591023759039
23.57000 0.0733169786961794
23.59000 0.0732749150204418
23.61000 0.0732329112121380
23.63000 0.0731909671351481
23.65000 0.0731490826537795
23.67000 0.0731072576327648
23.69000 0.0730654919372614
23.71000 0.0730237854328480
23.73000 0.0729821379855260
23.75000 0.0729405494617151
23.77000 0.0728990197282516
23.79000 0.0728575486523916
23.81000 0.0728161361017995
23.83000 0.0727747819445575
23.85000 0.0727334860491542
23.87000 0.0726922482844893
23.89000 0.0726510685198728
23.91000 0.0726099466250170
23.93000 0.0725688824700401
23.95000 0.0725278759254631
23.97000 0.0724869268622071
23.99000 0.0724460351515943
24.01000 0.0724052006653449
24.03000 0.0723644232755732
24.05000 0.0723237028547915
24.07000 0.0722830392759023
24.09000 0.0722424324122034
24.11000 0.0722018821373803
24.13000 0.0721613883255062
24.15000 0.0721209508510448
24.17000 0.0720805695888427
24.19000 0.0720402444141308
24.21000 0.0719999752025240
24.23000 0.0719597618300172
24.25000 0.0719196041729856
24.27000 0.0718795021081808
24.29000 0.0718394555127330
24.31000 0.0717994642641469
24.33000 0.0717595282403004
24.35000 0.0717196473194442
24.37000 0.0716798213801991
24.39000 0.0716400503015556
24.41000 0.0716003339628722
24.43000 0.0715606722438737
24.45000 0.0715210650246499
24.47000 0.0714815121856535
24.49000 0.0714420136077017
24.51000 0.0714025691719692
24.53000 0.0713631787599910
24.55000 0.0713238422536629
24.57000 0.0712845595352337
24.59000 0.0712453304873090
24.61000 0.0712061549928492
24.63000 0.0711670329351636
24.65000 0.0711279641979176
24.67000 0.0710889486651231
24.69000 0.0710499862211406
24.71000 0.0710110767506779
24.73000 0.0709722201387898
24.75000 0.0709334162708735
24.77000 0.0708946650326713
24.79000 0.0708559663102656
24.81000 0.0708173199900804
24.83000 0.0707787259588788
24.85000 0.0707401841037591
24.87000 0.0707016943121594
24.89000 0.0706632564718533
24.91000 0.0706248704709469
24.93000 0.0705865361978775
24.95000 0.0705482535414174
24.97000 0.0705100223906660
24.99000 0.0704718426350542
25.01000 0.0704337141643384
25.03000 0.0703956368686016
25.05000 0.0703576106382550
25.07000 0.0703196353640288
25.09000 0.0702817109369795
25.11000 0.0702438372484864
25.13000 0.0702060141902431
25.15000 0.0701682416542684
25.17000 0.0701305195328965
25.19000 0.0700928477187781
25.21000 0.0700552261048803
25.23000 0.0700176545844823
25.25000 0.0699801330511791
25.27000 0.0699426613988775
25.29000 0.0699052395217928
25.31000 0.0698678673144510
25.33000 0.0698305446716868
25.35000 0.0697932714886425
25.37000 0.0697560476607669
25.39000 0.0697188730838103
25.41000 0.0696817476538331
25.43000 0.0696446712671917
25.45000 0.0696076438205491
25.47000 0.0695706652108658
25.49000 0.0695337353354031
25.51000 0.0694968540917200
25.53000 0.0694600213776717
25.55000 0.0694232370914109
25.57000 0.0693865011313866
25.59000 0.0693498133963355
25.61000 0.0693131737852944
25.63000 0.0692765821975868
25.65000 0.0692400385328292
25.67000 0.0692035426909261
25.69000 0.0691670945720713
25.71000 0.0691306940767456
25.73000 0.0690943411057154
25.75000 0.0690580355600340
25.77000 0.0690217773410375
25.79000 0.0689855663503458
25.81000 0.0689494024898597
25.83000 0.0689132856617612
25.85000 0.0688772157685154
25.87000 0.0688411927128610
25.89000 0.0688052163978195
25.91000 0.0687692867266864
25.93000 0.0687334036030353
25.95000 0.0686975669307117
25.97000 0.0686617766138388
25.99000 0.0686260325568086
26.01000 0.0685903346642887
26.03000 0.0685546828412148
26.05000 0.0685190769927947
26.07000 0.0684835170245031
26.09000 0.0684480028420845
26.11000 0.0684125343515485
26.13000 0.0683771114591729
26.15000 0.0683417340714993
26.17000 0.0683064020953321
26.19000 0.0682711154377420
26.21000 0.0682358740060593
26.23000 0.0682006777078763
26.25000 0.0681655264510456
26.27000 0.0681304201436792
26.29000 0.0680953586941471
26.31000 0.0680603420110776
26.33000 0.0680253700033548
26.35000 0.0679904425801188
26.37000 0.0679555596507632
26.39000 0.0679207211249370
26.41000 0.0678859269125432
26.43000 0.0678511769237330
26.45000 0.0678164710689113
26.47000 0.0677818092587316
26.49000 0.0677471914041005
26.51000 0.0677126174161675
26.53000 0.0676780872063322
26.55000 0.0676436006862420
26.57000 0.0676091577677882
26.59000 0.0675747583631075
26.61000 0.0675404023845801
26.63000 0.0675060897448306
26.65000 0.0674718203567256
26.67000 0.0674375941333705
26.69000 0.0674034109881154
26.71000 0.0673692708345459
26.73000 0.0673351735864890
26.75000 0.0673011191580099
26.77000 0.0672671074634091
26.79000 0.0672331384172244
26.81000 0.0671992119342295
26.83000 0.0671653279294316
26.85000 0.0671314863180721
26.87000 0.0670976870156267
26.89000 0.0670639299378008
26.91000 0.0670302150005325
26.93000 0.0669965421199912
26.95000 0.0669629112125736
26.97000 0.0669293221949080
26.99000 0.0668957749838490
27.01000 0.0668622694964791
27.03000 0.0668288056501063
27.05000 0.0667953833622680
27.07000 0.0667620025507201
27.09000 0.0667286631334484
27.11000 0.0666953650286588
27.13000 0.0666621081547808
27.15000 0.0666288924304673
27.17000 0.0665957177745886
27.19000 0.0665625841062378
27.21000 0.0665294913447272
27.23000 0.0664964394095873
27.25000 0.0664634282205665
27.27000 0.0664304576976298
27.29000 0.0663975277609601
27.31000 0.0663646383309564
27.33000 0.0663317893282301
27.35000 0.0662989806736081
27.37000 0.0662662122881328
27.39000 0.0662334840930542
27.41000 0.0662007960098401
27.43000 0.0661681479601652
27.45000 0.0661355398659172
27.47000 0.0661029716491925
27.49000 0.0660704432322967
27.51000 0.0660379545377444
27.53000 0.0660055054882564
27.55000 0.0659730960067626
27.57000 0.0659407260163961
27.59000 0.0659083954404985
27.61000 0.0658761042026149
27.63000 0.0658438522264937
27.65000 0.0658116394360880
27.67000 0.0657794657555532
27.69000 0.0657473311092462
27.71000 0.0657152354217259
27.73000 0.0656831786177519
27.75000 0.0656511606222824
27.77000 0.0656191813604761
27.79000 0.0655872407576906
27.81000 0.0655553387394809
27.83000 0.0655234752315981
27.85000 0.0654916501599913
27.87000 0.0654598634508068
27.89000 0.0654281150303817
27.91000 0.0653964048252526
27.93000 0.0653647327621480
27.95000 0.0653330987679871
27.97000 0.0653015027698858
27.99000 0.0652699446951496
28.01000 0.0652384244712776
28.03000 0.0652069420259562
28.05000 0.0651754972870649
28.07000 0.0651440901826686
28.09000 0.0651127206410272
28.11000 0.0650813885905830
28.13000 0.0650500939599676
28.15000 0.0650188366780010
28.17000 0.0649876166736875
28.19000 0.0649564338762158
28.21000 0.0649252882149650
28.23000 0.0648941796194925
28.25000 0.0648631080195425
28.27000 0.0648320733450409
28.29000 0.0648010755260990
28.31000 0.0647701144930049
28.33000 0.0647391901762333
28.35000 0.0647083025064367
28.37000 0.0646774514144481
28.39000 0.0646466368312807
28.41000 0.0646158586881257
28.43000 0.0645851169163517
28.45000 0.0645544114475080
28.47000 0.0645237422133196
28.49000 0.0644931091456851
28.51000 0.0644625121766848
28.53000 0.0644319512385687
28.55000 0.0644014262637666
28.57000 0.0643709371848777
28.59000 0.0643404839346778
28.61000 0.0643100664461157
28.63000 0.0642796846523125
28.65000 0.0642493384865594
28.67000 0.0642190278823210
28.69000 0.0641887527732323
28.71000 0.0641585130930966
28.73000 0.0641283087758912
28.75000 0.0640981397557588
28.77000 0.0640680059670114
28.79000 0.0640379073441289
28.81000 0.0640078438217598
28.83000 0.0639778153347188
28.85000 0.0639478218179862
28.87000 0.0639178632067100
28.89000 0.0638879394362020
28.91000 0.0638580504419376
28.93000 0.0638281961595591
28.95000 0.0637983765248712
28.97000 0.0637685914738413
28.99000 0.0637388409426004
29.01000 0.0637091248674408
29.03000 0.0636794431848173
29.05000 0.0636497958313430
29.07000 0.0636201827437960
29.09000 0.0635906038591095
29.11000 0.0635610591143801
29.13000 0.0635315484468603
29.15000 0.0635020717939644
29.17000 0.0634726290932617
29.19000 0.0634432202824799
29.21000 0.0634138452995030
29.23000 0.0633845040823725
29.25000 0.0633551965692863
29.27000 0.0633259226985956
29.29000 0.0632966824088075
29.31000 0.0632674756385837
29.33000 0.0632383023267397
29.35000 0.0632091624122448
29.37000 0.0631800558342205
29.39000 0.0631509825319404
29.41000 0.0631219424448322
29.43000 0.0630929355124705
29.45000 0.0630639616745865
29.47000 0.0630350208710590
29.49000 0.0630061130419149
29.51000 0.0629772381273352
29.53000 0.0629483960676454
29.55000 0.0629195868033232
29.57000 0.0628908102749916
29.59000 0.0628620664234231
29.61000 0.0628333551895361
29.63000 0.0628046765143965
29.65000 0.0627760303392160
29.67000 0.0627474166053528
29.69000 0.0627188352543095
29.71000 0.0626902862277336
29.73000 0.0626617694674170
29.75000 0.0626332849152963
29.77000 0.0626048325134507
29.79000 0.0625764122041026
29.81000 0.0625480239296168
29.83000 0.0625196676325002
29.85000 0.0624913432554031
29.87000 0.0624630507411149
29.89000 0.0624347900325646
29.91000 0.0624065610728255
29.93000 0.0623783638051068
29.95000 0.0623501981727606
29.97000 0.0623220641192751
29.99000 0.0622939615882791
30.01000 0.0622658905235381
30.03000 0.0622378508689566
30.05000 0.0622098425685738
30.07000 0.0621818655665711
30.09000 0.0621539198072588
30.11000 0.0621260052350917
30.13000 0.0620981217946512
30.15000 0.0620702694306611
30.17000 0.0620424480879763
30.19000 0.0620146577115873
30.21000 0.0619868982466169
30.23000 0.0619591696383236
30.25000 0.0619314718320985
30.27000 0.0619038047734625
30.29000 0.0618761684080728
30.31000 0.0618485626817156
30.33000 0.0618209875403103
30.35000 0.0617934429299049
30.37000 0.0617659287966811
30.39000 0.0617384450869478
30.41000 0.0617109917471460
30.43000 0.0616835687238459
30.45000 0.0616561759637438
30.47000 0.0616288134136686
30.49000 0.0616014810205760
30.51000 0.0615741787315468
30.53000 0.0615469064937923
30.55000 0.0615196642546508
30.57000 0.0614924519615870
30.59000 0.0614652695621883
30.61000 0.0614381170041738
30.63000 0.0614109942353832
30.65000 0.0613839012037837
30.67000 0.0613568378574686
30.69000 0.0613298041446513
30.71000 0.0613028000136717
30.73000 0.0612758254129934
30.75000 0.0612488802912029
30.77000 0.0612219645970093
30.79000 0.0611950782792441
30.81000 0.0611682212868609
30.83000 0.0611413935689345
30.85000 0.0611145950746625
30.87000 0.0610878257533623
30.89000 0.0610610855544716
30.91000 0.0610343744275484
30.93000 0.0610076923222724
30.95000 0.0609810391884389
30.97000 0.0609544149759664
30.99000 0.0609278196348905
31.01000 0.0609012531153636
31.03000 0.0608747153676589
31.05000 0.0608482063421662
31.07000 0.0608217259893913
31.09000 0.0607952742599595
31.11000 0.0607688511046103
31.13000 0.0607424564742009
31.15000 0.0607160903197037
31.17000 0.0606897525922080
31.19000 0.0606634432429158
31.21000 0.0606371622231470
31.23000 0.0606109094843333
31.25000 0.0605846849780217
31.27000 0.0605584886558753
31.29000 0.0605323204696652
31.31000 0.0605061803712817
31.33000 0.0604800683127239
31.35000 0.0604539842461047
31.37000 0.0604279281236498
31.39000 0.0604018998976967
31.41000 0.0603758995206914
31.43000 0.0603499269451943
31.45000 0.0603239821238772
31.47000 0.0602980650095195
31.49000 0.0602721755550122
31.51000 0.0602463137133570
31.53000 0.0602204794376629
31.55000 0.0601946726811485
31.57000 0.0601688933971445
31.59000 0.0601431415390860
31.61000 0.0601174170605197
31.63000 0.0600917199150966
31.65000 0.0600660500565784
31.67000 0.0600404074388314
31.69000 0.0600147920158324
31.71000 0.0599892037416601
31.73000 0.0599636425705047
31.75000 0.0599381084566569
31.77000 0.0599126013545191
31.79000 0.0598871212185924
31.81000 0.0598616680034886
31.83000 0.0598362416639224
31.85000 0.0598108421547112
31.87000 0.0597854694307778
31.89000 0.0597601234471508
31.91000 0.0597348041589591
31.93000 0.0597095115214355
31.95000 0.0596842454899175
31.97000 0.0596590060198441
31.99000 0.0596337930667549
32.01000 0.0596086065862957
32.03000 0.0595834465342094
32.05000 0.0595583128663441
32.07000 0.0595332055386459
32.09000 0.0595081245071646
32.11000 0.0594830697280460
32.13000 0.0594580411575428
32.15000 0.0594330387520017
32.17000 0.0594080624678729
32.19000 0.0593831122617035
32.21000 0.0593581880901405
32.23000 0.0593332899099305
32.25000 0.0593084176779169
32.27000 0.0592835713510437
32.29000 0.0592587508863502
32.31000 0.0592339562409745
32.33000 0.0592091873721529
32.35000 0.0591844442372165
32.37000 0.0591597267935976
32.39000 0.0591350349988193
32.41000 0.0591103688105054
32.43000 0.0590857281863729
32.45000 0.0590611130842360
32.47000 0.0590365234620034
32.49000 0.0590119592776797
32.51000 0.0589874204893657
32.53000 0.0589629070552527
32.55000 0.0589384189336298
32.57000 0.0589139560828795
32.59000 0.0588895184614767
32.61000 0.0588651060279912
32.63000 0.0588407187410871
32.65000 0.0588163565595183
32.67000 0.0587920194421331
32.69000 0.0587677073478724
32.71000 0.0587434202357693
32.73000 0.0587191580649481
32.75000 0.0586949207946261
32.77000 0.0586707083841111
32.79000 0.0586465207928012
32.81000 0.0586223579801869
32.83000 0.0585982199058492
32.85000 0.0585741065294563
32.87000 0.0585500178107718
32.89000 0.0585259537096455
32.91000 0.0585019141860169
32.93000 0.0584778991999159
32.95000 0.0584539087114634
32.97000 0.0584299426808635
32.99000 0.0584060010684134
33.01000 0.0583820838344979
33.03000 0.0583581909395892
33.05000 0.0583343223442479
33.07000 0.0583104780091206
33.09000 0.0582866578949435
33.11000 0.0582628619625388
33.13000 0.0582390901728134
33.15000 0.0582153424867668
33.17000 0.0581916188654773
33.19000 0.0581679192701146
33.21000 0.0581442436619319
33.23000 0.0581205920022687
33.25000 0.0580969642525507
33.27000 0.0580733603742867
33.29000 0.0580497803290724
33.31000 0.0580262240785867
33.33000 0.0580026915845946
33.35000 0.0579791828089424
33.37000 0.0579556977135637
33.39000 0.0579322362604725
33.41000 0.0579087984117710
33.43000 0.0578853841296381
33.45000 0.0578619933763416
33.47000 0.0578386261142283
33.49000 0.0578152823057307
33.51000 0.0577919619133595
33.53000 0.0577686648997121
33.55000 0.0577453912274634
33.57000 0.0577221408593741
33.59000 0.0576989137582832
33.61000 0.0576757098871120
33.63000 0.0576525292088625
33.65000 0.0576293716866185
33.67000 0.0576062372835415
33.69000 0.0575831259628767
33.71000 0.0575600376879475
33.73000 0.0575369724221568
33.75000 0.0575139301289889
33.77000 0.0574909107720050
33.79000 0.0574679143148472
33.81000 0.0574449407212363
33.83000 0.0574219899549729
33.85000 0.0573990619799330
33.87000 0.0573761567600726
33.89000 0.0573532742594278
33.91000 0.0573304144421096
33.93000 0.0573075772723076
33.95000 0.0572847627142903
33.97000 0.0572619707324020
33.99000 0.0572392012910613
34.01000 0.0572164543547704
34.03000 0.0571937298881006
34.05000 0.0571710278557060
34.07000 0.0571483482223130
34.09000 0.0571256909527251
34.11000 0.0571030560118208
34.13000 0.0570804433645555
34.15000 0.0570578529759585
34.17000 0.0570352848111357
34.19000 0.0570127388352673
34.21000 0.0569902150136073
34.23000 0.0569677133114847
34.25000 0.0569452336943056
34.27000 0.0569227761275448
34.29000 0.0569003405767560
34.31000 0.0568779270075639
34.33000 0.0568555353856670
34.35000 0.0568331656768373
34.37000 0.0568108178469214
34.39000 0.0567884918618371
34.41000 0.0567661876875752
34.43000 0.0567439052901975
34.45000 0.0567216446358434
34.47000 0.0566994056907182
34.49000 0.0566771884211023
34.51000 0.0566549927933479
34.53000 0.0566328187738767
34.55000 0.0566106663291848
34.57000 0.0565885354258371
34.59000 0.0565664260304698
34.61000 0.0565443381097907
34.63000 0.0565222716305791
34.65000 0.0565002265596807
34.67000 0.0564782028640168
34.69000 0.0564562005105743
34.71000 0.0564342194664110
34.73000 0.0564122596986563
34.75000 0.0563903211745079
34.77000 0.0563684038612318
34.79000 0.0563465077261629
34.81000 0.0563246327367079
34.83000 0.0563027788603398
34.85000 0.0562809460645986
34.87000 0.0562591343170974
34.89000 0.0562373435855132
34.91000 0.0562155738375910
34.93000 0.0561938250411474
34.95000 0.0561720971640643
34.97000 0.0561503901742897
34.99000 0.0561287040398399
35.01000 0.0561070387287996
35.03000 0.0560853942093187
35.05000 0.0560637704496140
35.07000 0.0560421674179692
35.09000 0.0560205850827362
35.11000 0.0559990234123288
35.13000 0.0559774823752311
35.15000 0.0559559619399902
35.17000 0.0559344620752207
35.19000 0.0559129827496010
35.21000 0.0558915239318771
35.23000 0.0558700855908573
35.25000 0.0558486676954159
35.27000 0.0558272702144943
35.29000 0.0558058931170953
35.31000 0.0557845363722878
35.33000 0.0557631999492040
35.35000 0.0557418838170420
35.37000 0.0557205879450618
35.39000 0.0556993123025887
35.41000 0.0556780568590102
35.43000 0.0556568215837785
35.45000 0.0556356064464085
35.47000 0.0556144114164795
35.49000 0.0555932364636291
35.51000 0.0555720815575649
35.53000 0.0555509466680513
35.55000 0.0555298317649184
35.57000 0.0555087368180560
35.59000 0.0554876617974172
35.61000 0.0554666066730187
35.63000 0.0554455714149363
35.65000 0.0554245559933102
35.67000 0.0554035603783377
35.69000 0.0553825845402829
35.71000 0.0553616284494671
35.73000 0.0553406920762741
35.75000 0.0553197753911484
35.77000 0.0552988783645941
35.79000 0.0552780009671783
35.81000 0.0552571431695267
35.83000 0.0552363049423239
35.85000 0.0552154862563178
35.87000 0.0551946870823132
35.89000 0.0551739073911768
35.91000 0.0551531471538335
35.93000 0.0551324063412676
35.95000 0.0551116849245229
35.97000 0.0550909828747053
35.99000 0.0550703001629733
36.01000 0.0550496367605500
36.03000 0.0550289926387139
36.05000 0.0550083677688038
36.07000 0.0549877621222150
36.09000 0.0549671756704041
36.11000 0.0549466083848818
36.13000 0.0549260602372200
36.15000 0.0549055311990462
36.17000 0.0548850212420460
36.19000 0.0548645303379633
36.21000 0.0548440584585993
36.23000 0.0548236055758115
36.25000 0.0548031716615148
36.27000 0.0547827566876803
36.29000 0.0547623606263359
36.31000 0.0547419834495684
36.33000 0.0547216251295179
36.35000 0.0547012856383827
36.37000 0.0546809649484162
36.39000 0.0546606630319278
36.41000 0.0546403798612851
36.43000 0.0546201154089073
36.45000 0.0545998696472724
36.47000 0.0545796425489123
36.49000 0.0545594340864157
36.51000 0.0545392442324236
36.53000 0.0545190729596355
36.55000 0.0544989202408032
36.57000 0.0544787860487340
36.59000 0.0544586703562908
36.61000 0.0544385731363875
36.63000 0.0544184943619984
36.65000 0.0543984340061450
36.67000 0.0543783920419091
36.69000 0.0543583684424206
36.71000 0.0543383631808682
36.73000 0.0543183762304914
36.75000 0.0542984075645829
36.77000 0.0542784571564904
36.79000 0.0542585249796139
36.81000 0.0542386110074073
36.83000 0.0542187152133746
36.85000 0.0541988375710780
36.87000 0.0541789780541274
36.89000 0.0541591366361869
36.91000 0.0541393132909725
36.93000 0.0541195079922544
36.95000 0.0540997207138523
36.97000 0.0540799514296400
36.99000 0.0540602001135425
37.01000 0.0540404667395358
37.03000 0.0540207512816492
37.05000 0.0540010537139614
37.07000 0.0539813740106042
37.09000 0.0539617121457577
37.11000 0.0539420680936590
37.13000 0.0539224418285895
37.15000 0.0539028333248856
37.17000 0.0538832425569338
37.19000 0.0538636694991689
37.21000 0.0538441141260798
37.23000 0.0538245764122028
37.25000 0.0538050563321259
37.27000 0.0537855538604852
37.29000 0.0537660689719701
37.31000 0.0537466016413177
37.33000 0.0537271518433149
37.35000 0.0537077195527992
37.37000 0.0536883047446540
37.39000 0.0536689073938178
37.41000 0.0536495274752740
37.43000 0.0536301649640555
37.45000 0.0536108198352473
37.47000 0.0535914920639806
37.49000 0.0535721816254339
37.51000 0.0535528884948376
37.53000 0.0535336126474690
37.55000 0.0535143540586537
37.57000 0.0534951127037645
37.59000 0.0534758885582262
37.61000 0.0534566815975077
37.63000 0.0534374917971273
37.65000 0.0534183191326484
37.67000 0.0533991635796886
37.69000 0.0533800251139065
37.71000 0.0533609037110109
37.73000 0.0533417993467571
37.75000 0.0533227119969487
37.77000 0.0533036416374361
37.79000 0.0532845882441151
37.81000 0.0532655517929295
37.83000 0.0532465322598704
37.85000 0.0532275296209738
37.87000 0.0532085438523243
37.89000 0.0531895749300531
37.91000 0.0531706228303331
37.93000 0.0531516875293884
37.95000 0.0531327690034884
37.97000 0.0531138672289453
37.99000 0.0530949821821207
38.01000 0.0530761138394186
38.03000 0.0530572621772931
38.05000 0.0530384271722390
38.07000 0.0530196088007982
38.09000 0.0530008070395589
38.11000 0.0529820218651544
38.13000 0.0529632532542600
38.15000 0.0529445011836010
38.17000 0.0529257656299432
38.19000 0.0529070465700976
38.21000 0.0528883439809229
38.23000 0.0528696578393178
38.25000 0.0528509881222310
38.27000 0.0528323348066488
38.29000 0.0528136978696070
38.31000 0.0527950772881821
38.33000 0.0527764730394984
38.35000 0.0527578851007192
38.37000 0.0527393134490545
38.39000 0.0527207580617578
38.41000 0.0527022189161244
38.43000 0.0526836959894961
38.45000 0.0526651892592542
38.47000 0.0526466987028269
38.49000 0.0526282242976827
38.51000 0.0526097660213337
38.53000 0.0525913238513363
38.55000 0.0525728977652881
38.57000 0.0525544877408301
38.59000 0.0525360937556447
38.61000 0.0525177157874605
38.63000 0.0524993538140437
38.65000 0.0524810078132043
38.67000 0.0524626777627960
38.69000 0.0524443636407140
38.71000 0.0524260654248948
38.73000 0.0524077830933166
38.75000 0.0523895166239986
38.77000 0.0523712659950056
38.79000 0.0523530311844383
38.81000 0.0523348121704431
38.83000 0.0523166089312061
38.85000 0.0522984214449552
38.87000 0.0522802496899597
38.89000 0.0522620936445293
38.91000 0.0522439532870132
38.93000 0.0522258285958055
38.95000 0.0522077195493364
38.97000 0.0521896261260806
38.99000 0.0521715483045507
39.01000 0.0521534860633024
39.03000 0.0521354393809290
39.05000 0.0521174082360665
39.07000 0.0520993926073885
39.09000 0.0520813924736104
39.11000 0.0520634078134882
39.13000 0.0520454386058166
39.15000 0.0520274848294304
39.17000 0.0520095464632040
39.19000 0.0519916234860512
39.21000 0.0519737158769272
39.23000 0.0519558236148233
39.25000 0.0519379466787725
39.27000 0.0519200850478468
39.29000 0.0519022387011577
39.31000 0.0518844076178536
39.33000 0.0518665917771235
39.35000 0.0518487911581971
39.37000 0.0518310057403388
39.39000 0.0518132355028553
39.41000 0.0517954804250873
39.43000 0.0517777404864220
39.45000 0.0517600156662760
39.47000 0.0517423059441103
39.49000 0.0517246112994220
39.51000 0.0517069317117464
39.53000 0.0516892671606551
39.55000 0.0516716176257623
39.57000 0.0516539830867160
39.59000 0.0516363635232033
39.61000 0.0516187589149497
39.63000 0.0516011692417168
39.65000 0.0515835944833044
39.67000 0.0515660346195496
39.69000 0.0515484896303278
39.71000 0.0515309594955497
39.73000 0.0515134441951665
39.75000 0.0514959437091625
39.77000 0.0514784580175616
39.79000 0.0514609871004232
39.81000 0.0514435309378448
39.83000 0.0514260895099603
39.85000 0.0514086627969385
39.87000 0.0513912507789875
39.89000 0.0513738534363510
39.91000 0.0513564707493075
39.93000 0.0513391026981736
39.95000 0.0513217492633005
39.97000 0.0513044104250779
39.99000 0.0512870861639293
40.01000 0.0512697764603153
40.03000 0.0512524812947314
40.05000 0.0512352006477112
40.07000 0.0512179344998215
40.09000 0.0512006828316643
40.11000 0.0511834456238813
40.13000 0.0511662228571453
40.15000 0.0511490145121660
40.17000 0.0511318205696891
40.19000 0.0511146410104951
40.21000 0.0510974758153976
40.23000 0.0510803249652489
40.25000 0.0510631884409339
40.27000 0.0510460662233741
40.29000 0.0510289582935221
40.31000 0.0510118646323700
40.33000 0.0509947852209415
40.35000 0.0509777200402965
40.37000 0.0509606690715264
40.39000 0.0509436322957628
40.41000 0.0509266096941658
40.43000 0.0509096012479325
40.45000 0.0508926069382930
40.47000 0.0508756267465120
40.49000 0.0508586606538909
40.51000 0.0508417086417605
40.53000 0.0508247706914883
40.55000 0.0508078467844744
40.57000 0.0507909369021532
40.59000 0.0507740410259926
40.61000 0.0507571591374937
40.63000 0.0507402912181909
40.65000 0.0507234372496541
40.67000 0.0507065972134843
40.69000 0.0506897710913161
40.71000 0.0506729588648166
40.73000 0.0506561605156884
40.75000 0.0506393760256645
40.77000 0.0506226053765135
40.79000 0.0506058485500337
40.81000 0.0505891055280577
40.83000 0.0505723762924531
40.85000 0.0505556608251165
40.87000 0.0505389591079788
40.89000 0.0505222711230027
40.91000 0.0505055968521840
40.93000 0.0504889362775510
40.95000 0.0504722893811630
40.97000 0.0504556561451146
40.99000 0.0504390365515276
41.01000 0.0504224305825597
41.03000 0.0504058382203997
41.05000 0.0503892594472678
41.07000 0.0503726942454154
41.09000 0.0503561425971292
41.11000 0.0503396044847218
41.13000 0.0503230798905425
41.15000 0.0503065687969699
41.17000 0.0502900711864138
41.19000 0.0502735870413166
41.21000 0.0502571163441495
41.23000 0.0502406590774199
41.25000 0.0502242152236622
41.27000 0.0502077847654421
41.29000 0.0501913676853589
41.31000 0.0501749639660395
41.33000 0.0501585735901445
41.35000 0.0501421965403635
41.37000 0.0501258327994199
41.39000 0.0501094823500641
41.41000 0.0500931451750778
41.43000 0.0500768212572762
41.45000 0.0500605105795019
41.47000 0.0500442131246276
41.49000 0.0500279288755607
41.51000 0.0500116578152340
41.53000 0.0499953999266116
41.55000 0.0499791551926892
41.57000 0.0499629235964930
41.59000 0.0499467051210777
41.61000 0.0499304997495276
41.63000 0.0499143074649580
41.65000 0.0498981282505145
41.67000 0.0498819620893707
41.69000 0.0498658089647310
41.71000 0.0498496688598311
41.73000 0.0498335417579321
41.75000 0.0498174276423268
41.77000 0.0498013264963392
41.79000 0.0497852383033192
41.81000 0.0497691630466477
41.83000 0.0497531007097380
41.85000 0.0497370512760262
41.87000 0.0497210147289821
41.89000 0.0497049910521023
41.91000 0.0496889802289143
41.93000 0.0496729822429726
41.95000 0.0496569970778611
41.97000 0.0496410247171943
41.99000 0.0496250651446109
42.01000 0.0496091183437837
42.03000 0.0495931842984117
42.05000 0.0495772629922198
42.07000 0.0495613544089663
42.09000 0.0495454585324334
42.11000 0.0495295753464358
42.13000 0.0495137048348123
42.15000 0.0494978469814331
42.17000 0.0494820017701933
42.19000 0.0494661691850217
42.21000 0.0494503492098685
42.23000 0.0494345418287157
42.25000 0.0494187470255722
42.27000 0.0494029647844760
42.29000 0.0493871950894898
42.31000 0.0493714379247069
42.33000 0.0493556932742477
42.35000 0.0493399611222596
42.37000 0.0493242414529174
42.39000 0.0493085342504232
42.41000 0.0492928394990079
42.43000 0.0492771571829283
42.45000 0.0492614872864692
42.47000 0.0492458297939423
42.49000 0.0492301846896857
42.51000 0.0492145519580673
42.53000 0.0491989315834786
42.55000 0.0491833235503402
42.57000 0.0491677278430990
42.59000 0.0491521444462297
42.61000 0.0491365733442310
42.63000 0.0491210145216329
42.65000 0.0491054679629878
42.67000 0.0490899336528760
42.69000 0.0490744115759070
42.71000 0.0490589017167125
42.73000 0.0490434040599541
42.75000 0.0490279185903167
42.77000 0.0490124452925157
42.79000 0.0489969841512897
42.81000 0.0489815351514030
42.83000 0.0489660982776480
42.85000 0.0489506735148433
42.87000 0.0489352608478319
42.89000 0.0489198602614838
42.91000 0.0489044717406944
42.93000 0.0488890952703867
42.95000 0.0488737308355065
42.97000 0.0488583784210296
42.99000 0.0488430380119514
43.01000 0.0488277095932999
43.03000 0.0488123931501236
43.05000 0.0487970886674976
43.07000 0.0487817961305256
43.09000 0.0487665155243328
43.11000 0.0487512468340721
43.13000 0.0487359900449196
43.15000 0.0487207451420801
43.17000 0.0487055121107796
43.19000 0.0486902909362728
43.21000 0.0486750816038364
43.23000 0.0486598840987743
43.25000 0.0486446984064173
43.27000 0.0486295245121142
43.29000 0.0486143624012453
43.31000 0.0485992120592140
43.33000 0.0485840734714481
43.35000 0.0485689466233999
43.37000 0.0485538315005457
43.39000 0.0485387280883878
43.41000 0.0485236363724520
43.43000 0.0485085563382918
43.45000 0.0484934879714800
43.47000 0.0484784312576171
43.49000 0.0484633861823267
43.51000 0.0484483527312594
43.53000 0.0484333308900854
43.55000 0.0484183206445026
43.57000 0.0484033219802317
43.59000 0.0483883348830201
43.61000 0.0483733593386335
43.63000 0.0483583953328675
43.65000 0.0483434428515392
43.67000 0.0483285018804890
43.69000 0.0483135724055821
43.71000 0.0482986544127072
43.73000 0.0482837478877764
43.75000 0.0482688528167270
43.77000 0.0482539691855175
43.79000 0.0482390969801330
43.81000 0.0482242361865783
43.83000 0.0482093867908862
43.85000 0.0481945487791078
43.87000 0.0481797221373242
43.89000 0.0481649068516329
43.91000 0.0481501029081576
43.93000 0.0481353102930481
43.95000 0.0481205289924732
43.97000 0.0481057589926261
43.99000 0.0480910002797257
44.01000 0.0480762528400073
44.03000 0.0480615166597374
44.05000 0.0480467917252001
44.07000 0.0480320780227044
44.09000 0.0480173755385809
44.11000 0.0480026842591857
44.13000 0.0479880041708934
44.15000 0.0479733352601042
44.17000 0.0479586775132409
44.19000 0.0479440309167492
44.21000 0.0479293954570957
44.23000 0.0479147711207690
44.25000 0.0479001578942840
44.27000 0.0478855557641748
44.29000 0.0478709647169973
44.31000 0.0478563847393328
44.33000 0.0478418158177833
44.35000 0.0478272579389723
44.37000 0.0478127110895452
44.39000 0.0477981752561704
44.41000 0.0477836504255414
44.43000 0.0477691365843672
44.45000 0.0477546337193840
44.47000 0.0477401418173477
44.49000 0.0477256608650381
44.51000 0.0477111908492534
44.53000 0.0476967317568179
44.55000 0.0476822835745745
44.57000 0.0476678462893876
44.59000 0.0476534198881458
44.61000 0.0476390043577584
44.63000 0.0476245996851553
44.65000 0.0476102058572898
44.67000 0.0475958228611329
44.69000 0.0475814506836810
44.71000 0.0475670893119506
44.73000 0.0475527387329794
44.75000 0.0475383989338271
44.77000 0.0475240699015728
44.79000 0.0475097516233193
44.81000 0.0474954440861889
44.83000 0.0474811472773258
44.85000 0.0474668611838945
44.87000 0.0474525857930818
44.89000 0.0474383210920943
44.91000 0.0474240670681594
44.93000 0.0474098237085267
44.95000 0.0473955910004670
44.97000 0.0473813689312700
44.99000 0.0473671574882469
45.01000 0.0473529566587316
45.03000 0.0473387664300757
45.05000 0.0473245867896530
45.07000 0.0473104177248580
45.09000 0.0472962592231050
45.11000 0.0472821112718286
45.13000 0.0472679738584889
45.15000 0.0472538469705565
45.17000 0.0472397305955313
45.19000 0.0472256247209300
45.21000 0.0472115293342899
45.23000 0.0471974444231681
45.25000 0.0471833699751441
45.27000 0.0471693059778141
45.29000 0.0471552524187973
45.31000 0.0471412092857325
45.33000 0.0471271765662779
45.35000 0.0471131542481116
45.37000 0.0470991423189318
45.39000 0.0470851407664579
45.41000 0.0470711495784277
45.43000 0.0470571687425989
45.45000 0.0470431982467512
45.47000 0.0470292380786813
45.49000 0.0470152882262064
45.51000 0.0470013486771651
45.53000 0.0469874194194136
45.55000 0.0469735004408294
45.57000 0.0469595917293053
45.59000 0.0469456932727617
45.61000 0.0469318050591301
45.63000 0.0469179270763683
45.65000 0.0469040593124475
45.67000 0.0468902017553632
45.69000 0.0468763543931270
45.71000 0.0468625172137717
45.73000 0.0468486902053488
45.75000 0.0468348733559288
45.77000 0.0468210666536011
45.79000 0.0468072700864754
45.81000 0.0467934836426794
45.83000 0.0467797073103607
45.85000 0.0467659410776846
45.87000 0.0467521849328370
45.89000 0.0467384388640216
45.91000 0.0467247028594613
45.93000 0.0467109769073980
45.95000 0.0466972609960936
45.97000 0.0466835551138266
45.99000 0.0466698592488966
46.01000 0.0466561733896184
46.03000 0.0466424975243290
46.05000 0.0466288316413824
46.07000 0.0466151757291540
46.09000 0.0466015297760311
46.11000 0.0465878937704273
46.13000 0.0465742677007694
46.15000 0.0465606515555050
46.17000 0.0465470453231007
46.19000 0.0465334489920371
46.21000 0.0465198625508208
46.23000 0.0465062859879687
46.25000 0.0464927192920217
46.27000 0.0464791624515353
46.29000 0.0464656154550861
46.31000 0.0464520782912672
46.33000 0.0464385509486896
46.35000 0.0464250334159829
46.37000 0.0464115256817953
46.39000 0.0463980277347930
46.41000 0.0463845395636581
46.43000 0.0463710611570931
46.45000 0.0463575925038176
46.47000 0.0463441335925697
46.49000 0.0463306844121033
46.51000 0.0463172449511926
46.53000 0.0463038151986264
46.55000 0.0462903951432151
46.57000 0.0462769847737853
46.59000 0.0462635840791786
46.61000 0.0462501930482593
46.63000 0.0462368116699042
46.65000 0.0462234399330119
46.67000 0.0462100778264943
46.69000 0.0461967253392853
46.71000 0.0461833824603328
46.73000 0.0461700491786026
46.75000 0.0461567254830806
46.77000 0.0461434113627658
46.79000 0.0461301068066787
46.81000 0.0461168118038548
46.83000 0.0461035263433447
46.85000 0.0460902504142225
46.87000 0.0460769840055723
46.89000 0.0460637271065011
46.91000 0.0460504797061293
46.93000 0.0460372417935952
46.95000 0.0460240133580552
46.97000 0.0460107943886827
46.99000 0.0459975848746672
47.01000 0.0459843848052142
47.03000 0.0459711941695480
47.05000 0.0459580129569088
47.07000 0.0459448411565551
47.09000 0.0459316787577596
47.11000 0.0459185257498137
47.13000 0.0459053821220249
47.15000 0.0458922478637162
47.17000 0.0458791229642309
47.19000 0.0458660074129244
47.21000 0.0458529011991724
47.23000 0.0458398043123643
47.25000 0.0458267167419087
47.27000 0.0458136384772285
47.29000 0.0458005695077637
47.31000 0.0457875098229731
47.33000 0.0457744594123262
47.35000 0.0457614182653148
47.37000 0.0457483863714445
47.39000 0.0457353637202365
47.41000 0.0457223503012300
47.43000 0.0457093461039797
47.45000 0.0456963511180546
47.47000 0.0456833653330445
47.49000 0.0456703887385509
47.51000 0.0456574213241932
47.53000 0.0456444630796067
47.55000 0.0456315139944423
47.57000 0.0456185740583685
47.59000 0.0456056432610686
47.61000 0.0455927215922411
47.63000 0.0455798090416019
47.65000 0.0455669055988824
47.67000 0.0455540112538286
47.69000 0.0455411259962042
47.71000 0.0455282498157870
47.73000 0.0455153827023736
47.75000 0.0455025246457727
47.77000 0.0454896756358080
47.79000 0.0454768356623251
47.81000 0.0454640047151784
47.83000 0.0454511827842423
47.85000 0.0454383698594042
47.87000 0.0454255659305692
47.89000 0.0454127709876542
47.91000 0.0453999850205986
47.93000 0.0453872080193480
47.95000 0.0453744399738716
47.97000 0.0453616808741509
47.99000 0.0453489307101791
48.01000 0.0453361894719720
48.03000 0.0453234571495547
48.05000 0.0453107337329713
48.07000 0.0452980192122778
48.09000 0.0452853135775489
48.11000 0.0452726168188727
48.13000 0.0452599289263519
48.15000 0.0452472498901059
48.17000 0.0452345797002671
48.19000 0.0452219183469868
48.21000 0.0452092658204260
48.23000 0.0451966221107655
48.25000 0.0451839872081974
48.27000 0.0451713611029335
48.29000 0.0451587437851921
48.31000 0.0451461352452189
48.33000 0.0451335354732621
48.35000 0.0451209444595922
48.37000 0.0451083621944908
48.39000 0.0450957886682585
48.41000 0.0450832238712053
48.43000 0.0450706677936605
48.45000 0.0450581204259657
48.47000 0.0450455817584775
48.49000 0.0450330517815674
48.51000 0.0450205304856221
48.53000 0.0450080178610418
48.55000 0.0449955138982421
48.57000 0.0449830185876516
48.59000 0.0449705319197156
48.61000 0.0449580538848934
48.63000 0.0449455844736577
48.65000 0.0449331236764956
48.67000 0.0449206714839094
48.69000 0.0449082278864155
48.71000 0.0448957928745443
48.73000 0.0448833664388427
48.75000 0.0448709485698669
48.77000 0.0448585392581941
48.79000 0.0448461384944094
48.81000 0.0448337462691165
48.83000 0.0448213625729304
48.85000 0.0448089873964821
48.87000 0.0447966207304156
48.89000 0.0447842625653901
48.91000 0.0447719128920768
48.93000 0.0447595717011638
48.95000 0.0447472389833530
48.97000 0.0447349147293564
48.99000 0.0447225989299040
49.01000 0.0447102915757376
49.03000 0.0446979926576145
49.05000 0.0446857021663048
49.07000 0.0446734200925925
49.09000 0.0446611464272760
49.11000 0.0446488811611676
49.13000 0.0446366242850916
49.15000 0.0446243757898881
49.17000 0.0446121356664107
49.19000 0.0445999039055246
49.21000 0.0445876804981118
49.23000 0.0445754654350664
49.25000 0.0445632587072944
49.27000 0.0445510603057199
49.29000 0.0445388702212756
49.31000 0.0445266884449091
49.33000 0.0445145149675856
49.35000 0.0445023497802765
49.37000 0.0444901928739751
49.39000 0.0444780442396807
49.41000 0.0444659038684094
49.43000 0.0444537717511910
49.45000 0.0444416478790675
49.47000 0.0444295322430943
49.49000 0.0444174248343418
49.51000 0.0444053256438923
49.53000 0.0443932346628404
49.55000 0.0443811518822942
49.57000 0.0443690772933799
49.59000 0.0443570108872288
49.61000 0.0443449526549904
49.63000 0.0443329025878276
49.65000 0.0443208606769129
49.67000 0.0443088269134363
49.69000 0.0442968012885975
49.71000 0.0442847837936102
49.73000 0.0442727744197020
49.75000 0.0442607731581134
49.77000 0.0442487800000967
49.79000 0.0442367949369159
49.81000 0.0442248179598521
49.83000 0.0442128490601961
49.85000 0.0442008882292536
49.87000 0.0441889354583404
49.89000 0.0441769907387864
49.91000 0.0441650540619363
49.93000 0.0441531254191445
49.95000 0.0441412048017802
49.97000 0.0441292922012234
49.99000 0.0441173876088704
50.01000 0.0441054910161244
50.03000 0.0440936024144082
50.05000 0.0440817217951505
50.07000 0.0440698491497979
50.09000 0.0440579844698064
50.11000 0.0440461277466474
50.13000 0.0440342789717971
50.15000 0.0440224381367689
50.17000 0.0440106052330059
50.19000 0.0439987802522604
50.21000 0.0439869631852008
50.23000 0.0439751540265891
50.25000 0.0439633527560062
