0.25000 3.04063908
0.27000 2.96438567
0.29000 2.89654511
0.31000 2.83559701
0.33000 2.78037757
0.35000 2.72998049
0.37000 2.68368904
0.39000 2.64092854
0.41000 2.60123243
0.43000 2.56421755
0.45000 2.52956606
0.47000 2.49701172
0.49000 2.46632966
0.51000 2.43732838
0.53000 2.40984364
0.55000 2.38373361
0.57000 2.35887507
0.59000 2.33516032
0.61000 2.31249473
0.63000 2.29079478
0.65000 2.26998633
0.67000 2.25000335
0.69000 2.23078678
0.71000 2.21228357
0.73000 2.19444593
0.75000 2.17723062
0.77000 2.16059846
0.79000 2.14451378
0.81000 2.12894405
0.83000 2.11385950
0.85000 2.09923287
0.87000 2.08503906
0.89000 2.07125497
0.91000 2.05785928
0.93000 2.04483227
0.95000 2.03215564
0.97000 2.01981241
0.99000 2.00778681
1.01000 1.99606411
1.03000 1.98463060
1.05000 1.97347342
1.07000 1.96258059
1.09000 1.95194084
1.11000 1.94154361
1.13000 1.93137897
1.15000 1.92143758
1.17000 1.91171064
1.19000 1.90218985
1.21000 1.89286739
1.23000 1.88373584
1.25000 1.87478821
1.27000 1.86601785
1.29000 1.85741848
1.31000 1.84898413
1.33000 1.84070915
1.35000 1.83258813
1.37000 1.82461597
1.39000 1.81678778
1.41000 1.80909893
1.43000 1.80154498
1.45000 1.79412170
1.47000 1.78682506
1.49000 1.77965122
1.51000 1.77259647
1.53000 1.76565731
1.55000 1.75883034
1.57000 1.75211234
1.59000 1.74550022
1.61000 1.73899099
1.63000 1.73258181
1.65000 1.72626995
1.67000 1.72005276
1.69000 1.71392773
1.71000 1.70789243
1.73000 1.70194452
1.75000 1.69608175
1.77000 1.69030195
1.79000 1.68460305
1.81000 1.67898302
1.83000 1.67343993
1.85000 1.66797191
1.87000 1.66257715
1.89000 1.65725392
1.91000 1.65200052
1.93000 1.64681535
1.95000 1.64169682
1.97000 1.63664341
1.99000 1.63165366
2.01000 1.62672614
2.03000 1.62185949
2.05000 1.61705237
2.07000 1.61230348
2.09000 1.60761158
2.11000 1.60297547
2.13000 1.59839395
2.15000 1.59386591
2.17000 1.58939022
2.19000 1.58496583
2.21000 1.58059169
2.23000 1.57626679
2.25000 1.57199015
2.27000 1.56776082
2.29000 1.56357787
2.31000 1.55944041
2.33000 1.55534756
2.35000 1.55129847
2.37000 1.54729231
2.39000 1.54332829
2.41000 1.53940561
2.43000 1.53552351
2.45000 1.53168126
2.47000 1.52787813
2.49000 1.52411342
2.51000 1.52038644
2.53000 1.51669653
2.55000 1.51304304
2.57000 1.50942532
2.59000 1.50584277
2.61000 1.50229478
2.63000 1.49878076
2.65000 1.49530014
2.67000 1.49185236
2.69000 1.48843687
2.71000 1.48505314
2.73000 1.48170065
2.75000 1.47837889
2.77000 1.47508736
2.79000 1.47182558
2.81000 1.46859307
2.83000 1.46538938
2.85000 1.46221404
2.87000 1.45906663
2.89000 1.45594669
2.91000 1.45285382
2.93000 1.44978760
2.95000 1.44674762
2.97000 1.44373349
2.99000 1.44074482
3.01000 1.43778123
3.03000 1.43484236
3.05000 1.43192783
3.07000 1.42903730
3.09000 1.42617042
3.11000 1.42332684
3.13000 1.42050624
3.15000 1.41770828
3.17000 1.41493264
3.19000 1.41217902
3.21000 1.40944711
3.23000 1.40673660
3.25000 1.40404720
3.27000 1.40137862
3.29000 1.39873057
3.31000 1.39610279
3.33000 1.39349499
3.35000 1.39090691
3.37000 1.38833828
3.39000 1.38578886
3.41000 1.38325838
3.43000 1.38074660
3.45000 1.37825328
3.47000 1.37577818
3.49000 1.37332106
3.51000 1.37088170
3.53000 1.36845986
3.55000 1.36605533
3.57000 1.36366790
3.59000 1.36129734
3.61000 1.35894344
3.63000 1.35660601
3.65000 1.35428483
3.67000 1.35197972
3.69000 1.34969047
3.71000 1.34741689
3.73000 1.34515880
3.75000 1.34291601
3.77000 1.34068833
3.79000 1.33847560
3.81000 1.33627762
3.83000 1.33409424
3.85000 1.33192527
3.87000 1.32977055
3.89000 1.32762992
3.91000 1.32550322
3.93000 1.32339029
3.95000 1.32129096
3.97000 1.31920509
3.99000 1.31713252
4.01000 1.31507311
4.03000 1.31302671
4.05000 1.31099317
4.07000 1.30897236
4.09000 1.30696413
4.11000 1.30496834
4.13000 1.30298487
4.15000 1.30101357
4.17000 1.29905431
4.19000 1.29710698
4.21000 1.29517143
4.23000 1.29324754
4.25000 1.29133520
4.27000 1.28943427
4.29000 1.28754464
4.31000 1.28566620
4.33000 1.28379881
4.35000 1.28194238
4.37000 1.28009679
4.39000 1.27826193
4.41000 1.27643768
4.43000 1.27462394
4.45000 1.27282061
4.47000 1.27102757
4.49000 1.26924473
4.51000 1.26747198
4.53000 1.26570923
4.55000 1.26395637
4.57000 1.26221331
4.59000 1.26047995
4.61000 1.25875620
4.63000 1.25704195
4.65000 1.25533714
4.67000 1.25364165
4.69000 1.25195540
4.71000 1.25027830
4.73000 1.24861027
4.75000 1.24695121
4.77000 1.24530105
4.79000 1.24365970
4.81000 1.24202708
4.83000 1.24040311
4.85000 1.23878770
4.87000 1.23718078
4.89000 1.23558227
4.91000 1.23399209
4.93000 1.23241016
4.95000 1.23083642
4.97000 1.22927078
4.99000 1.22771318
5.01000 1.22616353
5.03000 1.22462178
5.05000 1.22308784
5.07000 1.22156165
5.09000 1.22004314
5.11000 1.21853225
5.13000 1.21702890
5.15000 1.21553303
5.17000 1.21404458
5.19000 1.21256347
5.21000 1.21108965
5.23000 1.20962306
5.25000 1.20816363
5.27000 1.20671129
5.29000 1.20526600
5.31000 1.20382769
5.33000 1.20239629
5.35000 1.20097176
5.37000 1.19955404
5.39000 1.19814306
5.41000 1.19673877
5.43000 1.19534112
5.45000 1.19395005
5.47000 1.19256550
5.49000 1.19118743
5.51000 1.18981577
5.53000 1.18845049
5.55000 1.18709152
5.57000 1.18573881
5.59000 1.18439232
5.61000 1.18305199
5.63000 1.18171777
5.65000 1.18038962
5.67000 1.17906749
5.69000 1.17775132
5.71000 1.17644108
5.73000 1.17513671
5.75000 1.17383817
5.77000 1.17254541
5.79000 1.17125839
5.81000 1.16997706
5.83000 1.16870139
5.85000 1.16743132
5.87000 1.16616681
5.89000 1.16490782
5.91000 1.16365431
5.93000 1.16240623
5.95000 1.16116355
5.97000 1.15992622
5.99000 1.15869420
6.01000 1.15746746
6.03000 1.15624595
6.05000 1.15502964
6.07000 1.15381848
6.09000 1.15261243
6.11000 1.15141147
6.13000 1.15021555
6.15000 1.14902463
6.17000 1.14783868
6.19000 1.14665767
6.21000 1.14548155
6.23000 1.14431029
6.25000 1.14314385
6.27000 1.14198220
6.29000 1.14082531
6.31000 1.13967314
6.33000 1.13852566
6.35000 1.13738284
6.37000 1.13624463
6.39000 1.13511102
6.41000 1.13398195
6.43000 1.13285742
6.45000 1.13173737
6.47000 1.13062179
6.49000 1.12951063
6.51000 1.12840388
6.53000 1.12730149
6.55000 1.12620344
6.57000 1.12510970
6.59000 1.12402024
6.61000 1.12293502
6.63000 1.12185403
6.65000 1.12077723
6.67000 1.11970459
6.69000 1.11863608
6.71000 1.11757169
6.73000 1.11651137
6.75000 1.11545510
6.77000 1.11440286
6.79000 1.11335461
6.81000 1.11231034
6.83000 1.11127001
6.85000 1.11023360
6.87000 1.10920108
6.89000 1.10817243
6.91000 1.10714762
6.93000 1.10612662
6.95000 1.10510942
6.97000 1.10409599
6.99000 1.10308630
7.01000 1.10208032
7.03000 1.10107804
7.05000 1.10007943
7.07000 1.09908447
7.09000 1.09809313
7.11000 1.09710539
7.13000 1.09612123
7.15000 1.09514063
7.17000 1.09416355
7.19000 1.09318999
7.21000 1.09221992
7.23000 1.09125331
7.25000 1.09029014
7.27000 1.08933040
7.29000 1.08837406
7.31000 1.08742110
7.33000 1.08647150
7.35000 1.08552523
7.37000 1.08458229
7.39000 1.08364264
7.41000 1.08270627
7.43000 1.08177316
7.45000 1.08084329
7.47000 1.07991663
7.49000 1.07899317
7.51000 1.07807290
7.53000 1.07715578
7.55000 1.07624180
7.57000 1.07533094
7.59000 1.07442319
7.61000 1.07351852
7.63000 1.07261692
7.65000 1.07171837
7.67000 1.07082285
7.69000 1.06993034
7.71000 1.06904082
7.73000 1.06815428
7.75000 1.06727070
7.77000 1.06639006
7.79000 1.06551235
7.81000 1.06463755
7.83000 1.06376563
7.85000 1.06289659
7.87000 1.06203041
7.89000 1.06116707
7.91000 1.06030656
7.93000 1.05944885
7.95000 1.05859394
7.97000 1.05774180
7.99000 1.05689242
8.01000 1.05604579
8.03000 1.05520189
8.05000 1.05436070
8.07000 1.05352221
8.09000 1.05268641
8.11000 1.05185327
8.13000 1.05102279
8.15000 1.05019495
8.17000 1.04936973
8.19000 1.04854712
8.21000 1.04772711
8.23000 1.04690967
8.25000 1.04609481
8.27000 1.04528250
8.29000 1.04447272
8.31000 1.04366547
8.33000 1.04286073
8.35000 1.04205849
8.37000 1.04125873
8.39000 1.04046144
8.41000 1.03966661
8.43000 1.03887422
8.45000 1.03808426
8.47000 1.03729672
8.49000 1.03651158
8.51000 1.03572884
8.53000 1.03494847
8.55000 1.03417047
8.57000 1.03339482
8.59000 1.03262152
8.61000 1.03185054
8.63000 1.03108188
8.65000 1.03031552
8.67000 1.02955146
8.69000 1.02878967
8.71000 1.02803015
8.73000 1.02727289
8.75000 1.02651788
8.77000 1.02576509
8.79000 1.02501453
8.81000 1.02426618
8.83000 1.02352002
8.85000 1.02277606
8.87000 1.02203427
8.89000 1.02129464
8.91000 1.02055717
8.93000 1.01982184
8.95000 1.01908864
8.97000 1.01835756
8.99000 1.01762859
9.01000 1.01690172
9.03000 1.01617694
9.05000 1.01545424
9.07000 1.01473361
9.09000 1.01401503
9.11000 1.01329851
9.13000 1.01258401
9.15000 1.01187155
9.17000 1.01116110
9.19000 1.01045266
9.21000 1.00974622
9.23000 1.00904176
9.25000 1.00833928
9.27000 1.00763877
9.29000 1.00694021
9.31000 1.00624361
9.33000 1.00554894
9.35000 1.00485620
9.37000 1.00416538
9.39000 1.00347648
9.41000 1.00278947
9.43000 1.00210435
9.45000 1.00142112
9.47000 1.00073977
9.49000 1.00006027
9.51000 0.99938264
9.53000 0.99870685
9.55000 0.99803289
9.57000 0.99736077
9.59000 0.99669047
9.61000 0.99602198
9.63000 0.99535530
9.65000 0.99469041
9.67000 0.99402730
9.69000 0.99336598
9.71000 0.99270642
9.73000 0.99204863
9.75000 0.99139259
9.77000 0.99073829
9.79000 0.99008573
9.81000 0.98943490
9.83000 0.98878579
9.85000 0.98813840
9.87000 0.98749270
9.89000 0.98684871
9.91000 0.98620640
9.93000 0.98556578
9.95000 0.98492683
9.97000 0.98428955
9.99000 0.98365392
10.01000 0.98301995
10.03000 0.98238762
10.05000 0.98175692
10.07000 0.98112786
10.09000 0.98050041
10.11000 0.97987458
10.13000 0.97925035
10.15000 0.97862773
10.17000 0.97800670
10.19000 0.97738725
10.21000 0.97676938
10.23000 0.97615308
10.25000 0.97553834
10.27000 0.97492516
10.29000 0.97431354
10.31000 0.97370345
10.33000 0.97309490
10.35000 0.97248788
10.37000 0.97188239
10.39000 0.97127841
10.41000 0.97067594
10.43000 0.97007497
10.45000 0.96947550
10.47000 0.96887752
10.49000 0.96828102
10.51000 0.96768600
10.53000 0.96709245
10.55000 0.96650036
10.57000 0.96590973
10.59000 0.96532055
10.61000 0.96473282
10.63000 0.96414653
10.65000 0.96356167
10.67000 0.96297823
10.69000 0.96239622
10.71000 0.96181562
10.73000 0.96123643
10.75000 0.96065864
10.77000 0.96008225
10.79000 0.95950725
10.81000 0.95893364
10.83000 0.95836140
10.85000 0.95779054
10.87000 0.95722104
10.89000 0.95665291
10.91000 0.95608613
10.93000 0.95552070
10.95000 0.95495661
10.97000 0.95439387
10.99000 0.95383246
11.01000 0.95327238
11.03000 0.95271362
11.05000 0.95215617
11.07000 0.95160004
11.09000 0.95104521
11.11000 0.95049169
11.13000 0.94993946
11.15000 0.94938852
11.17000 0.94883886
11.19000 0.94829049
11.21000 0.94774338
11.23000 0.94719755
11.25000 0.94665298
11.27000 0.94610967
11.29000 0.94556762
11.31000 0.94502681
11.33000 0.94448725
11.35000 0.94394892
11.37000 0.94341183
11.39000 0.94287597
11.41000 0.94234133
11.43000 0.94180791
11.45000 0.94127571
11.47000 0.94074471
11.49000 0.94021492
11.51000 0.93968632
11.53000 0.93915893
11.55000 0.93863272
11.57000 0.93810770
11.59000 0.93758385
11.61000 0.93706119
11.63000 0.93653969
11.65000 0.93601937
11.67000 0.93550020
11.69000 0.93498219
11.71000 0.93446534
11.73000 0.93394963
11.75000 0.93343507
11.77000 0.93292165
11.79000 0.93240936
11.81000 0.93189821
11.83000 0.93138818
11.85000 0.93087927
11.87000 0.93037148
11.89000 0.92986481
11.91000 0.92935924
11.93000 0.92885478
11.95000 0.92835142
11.97000 0.92784916
11.99000 0.92734799
12.01000 0.92684790
12.03000 0.92634890
12.05000 0.92585099
12.07000 0.92535414
12.09000 0.92485837
12.11000 0.92436367
12.13000 0.92387003
12.15000 0.92337745
12.17000 0.92288592
12.19000 0.92239545
12.21000 0.92190603
12.23000 0.92141765
12.25000 0.92093031
12.27000 0.92044400
12.29000 0.91995873
12.31000 0.91947449
12.33000 0.91899127
12.35000 0.91850907
12.37000 0.91802789
12.39000 0.91754772
12.41000 0.91706856
12.43000 0.91659041
12.45000 0.91611326
12.47000 0.91563711
12.49000 0.91516195
12.51000 0.91468778
12.53000 0.91421460
12.55000 0.91374241
12.57000 0.91327120
12.59000 0.91280096
12.61000 0.91233169
12.63000 0.91186340
12.65000 0.91139607
12.67000 0.91092971
12.69000 0.91046430
12.71000 0.90999985
12.73000 0.90953635
12.75000 0.90907380
12.77000 0.90861220
12.79000 0.90815154
12.81000 0.90769181
12.83000 0.90723302
12.85000 0.90677517
12.87000 0.90631824
12.89000 0.90586224
12.91000 0.90540716
12.93000 0.90495300
12.95000 0.90449976
12.97000 0.90404742
12.99000 0.90359600
13.01000 0.90314548
13.03000 0.90269587
13.05000 0.90224715
13.07000 0.90179934
13.09000 0.90135241
13.11000 0.90090638
13.13000 0.90046123
13.15000 0.90001696
13.17000 0.89957358
13.19000 0.89913108
13.21000 0.89868945
13.23000 0.89824869
13.25000 0.89780880
13.27000 0.89736978
13.29000 0.89693162
13.31000 0.89649431
13.33000 0.89605787
13.35000 0.89562228
13.37000 0.89518754
13.39000 0.89475365
13.41000 0.89432060
13.43000 0.89388840
13.45000 0.89345704
13.47000 0.89302651
13.49000 0.89259682
13.51000 0.89216795
13.53000 0.89173992
13.55000 0.89131271
13.57000 0.89088632
13.59000 0.89046076
13.61000 0.89003600
13.63000 0.88961207
13.65000 0.88918894
13.67000 0.88876663
13.69000 0.88834512
13.71000 0.88792441
13.73000 0.88750451
13.75000 0.88708540
13.77000 0.88666709
13.79000 0.88624957
13.81000 0.88583284
13.83000 0.88541690
13.85000 0.88500174
13.87000 0.88458736
13.89000 0.88417377
13.91000 0.88376095
13.93000 0.88334891
13.95000 0.88293764
13.97000 0.88252713
13.99000 0.88211740
14.01000 0.88170843
14.03000 0.88130022
14.05000 0.88089277
14.07000 0.88048608
14.09000 0.88008014
14.11000 0.87967496
14.13000 0.87927052
14.15000 0.87886683
14.17000 0.87846389
14.19000 0.87806168
14.21000 0.87766022
14.23000 0.87725950
14.25000 0.87685951
14.27000 0.87646025
14.29000 0.87606173
14.31000 0.87566393
14.33000 0.87526686
14.35000 0.87487051
14.37000 0.87447488
14.39000 0.87407998
14.41000 0.87368578
14.43000 0.87329231
14.45000 0.87289954
14.47000 0.87250749
14.49000 0.87211614
14.51000 0.87172550
14.53000 0.87133556
14.55000 0.87094632
14.57000 0.87055778
14.59000 0.87016994
14.61000 0.86978279
14.63000 0.86939633
14.65000 0.86901056
14.67000 0.86862548
14.69000 0.86824109
14.71000 0.86785738
14.73000 0.86747435
14.75000 0.86709200
14.77000 0.86671033
14.79000 0.86632933
14.81000 0.86594901
14.83000 0.86556935
14.85000 0.86519037
14.87000 0.86481205
14.89000 0.86443440
14.91000 0.86405741
14.93000 0.86368108
14.95000 0.86330540
14.97000 0.86293039
14.99000 0.86255603
15.01000 0.86218232
15.03000 0.86180926
15.05000 0.86143685
15.07000 0.86106509
15.09000 0.86069397
15.11000 0.86032350
15.13000 0.85995366
15.15000 0.85958447
15.17000 0.85921591
15.19000 0.85884799
15.21000 0.85848069
15.23000 0.85811403
15.25000 0.85774800
15.27000 0.85738260
15.29000 0.85701782
15.31000 0.85665367
15.33000 0.85629013
15.35000 0.85592722
15.37000 0.85556493
15.39000 0.85520325
15.41000 0.85484218
15.43000 0.85448173
15.45000 0.85412189
15.47000 0.85376266
15.49000 0.85340403
15.51000 0.85304601
15.53000 0.85268859
15.55000 0.85233178
15.57000 0.85197556
15.59000 0.85161994
15.61000 0.85126492
15.63000 0.85091049
15.65000 0.85055666
15.67000 0.85020342
15.69000 0.84985076
15.71000 0.84949870
15.73000 0.84914722
15.75000 0.84879632
15.77000 0.84844601
15.79000 0.84809628
15.81000 0.84774712
15.83000 0.84739855
15.85000 0.84705055
15.87000 0.84670312
15.89000 0.84635627
15.91000 0.84600999
15.93000 0.84566427
15.95000 0.84531913
15.97000 0.84497455
15.99000 0.84463053
16.01000 0.84428708
16.03000 0.84394419
16.05000 0.84360186
16.07000 0.84326008
16.09000 0.84291886
16.11000 0.84257820
16.13000 0.84223809
16.15000 0.84189853
16.17000 0.84155952
16.19000 0.84122106
16.21000 0.84088314
16.23000 0.84054578
16.25000 0.84020895
16.27000 0.83987267
16.29000 0.83953693
16.31000 0.83920172
16.33000 0.83886706
16.35000 0.83853293
16.37000 0.83819933
16.39000 0.83786627
16.41000 0.83753374
16.43000 0.83720174
16.45000 0.83687027
16.47000 0.83653933
16.49000 0.83620891
16.51000 0.83587901
16.53000 0.83554964
16.55000 0.83522079
16.57000 0.83489246
16.59000 0.83456465
16.61000 0.83423736
16.63000 0.83391058
16.65000 0.83358431
16.67000 0.83325856
16.69000 0.83293332
16.71000 0.83260859
16.73000 0.83228437
16.75000 0.83196065
16.77000 0.83163744
16.79000 0.83131474
16.81000 0.83099254
16.83000 0.83067084
16.85000 0.83034964
16.87000 0.83002893
16.89000 0.82970873
16.91000 0.82938902
16.93000 0.82906981
16.95000 0.82875109
16.97000 0.82843286
16.99000 0.82811513
17.01000 0.82779788
17.03000 0.82748112
17.05000 0.82716485
17.07000 0.82684906
17.09000 0.82653376
17.11000 0.82621894
17.13000 0.82590461
17.15000 0.82559075
17.17000 0.82527737
17.19000 0.82496447
17.21000 0.82465205
17.23000 0.82434010
17.25000 0.82402862
17.27000 0.82371762
17.29000 0.82340709
17.31000 0.82309703
17.33000 0.82278744
17.35000 0.82247832
17.37000 0.82216966
17.39000 0.82186147
17.41000 0.82155374
17.43000 0.82124648
17.45000 0.82093967
17.47000 0.82063333
17.49000 0.82032744
17.51000 0.82002202
17.53000 0.81971705
17.55000 0.81941254
17.57000 0.81910848
17.59000 0.81880487
17.61000 0.81850172
17.63000 0.81819901
17.65000 0.81789676
17.67000 0.81759495
17.69000 0.81729359
17.71000 0.81699268
17.73000 0.81669222
17.75000 0.81639219
17.77000 0.81609261
17.79000 0.81579347
17.81000 0.81549477
17.83000 0.81519651
17.85000 0.81489869
17.87000 0.81460131
17.89000 0.81430436
17.91000 0.81400785
17.93000 0.81371177
17.95000 0.81341612
17.97000 0.81312090
17.99000 0.81282612
18.01000 0.81253176
18.03000 0.81223783
18.05000 0.81194433
18.07000 0.81165125
18.09000 0.81135860
18.11000 0.81106638
18.13000 0.81077457
18.15000 0.81048319
18.17000 0.81019223
18.19000 0.80990168
18.21000 0.80961156
18.23000 0.80932185
18.25000 0.80903256
18.27000 0.80874369
18.29000 0.80845523
18.31000 0.80816718
18.33000 0.80787954
18.35000 0.80759232
18.37000 0.80730551
18.39000 0.80701910
18.41000 0.80673310
18.43000 0.80644751
18.45000 0.80616233
18.47000 0.80587755
18.49000 0.80559317
18.51000 0.80530920
18.53000 0.80502563
18.55000 0.80474246
18.57000 0.80445969
18.59000 0.80417732
18.61000 0.80389535
18.63000 0.80361378
18.65000 0.80333260
18.67000 0.80305181
18.69000 0.80277142
18.71000 0.80249143
18.73000 0.80221182
18.75000 0.80193261
18.77000 0.80165379
18.79000 0.80137535
18.81000 0.80109731
18.83000 0.80081965
18.85000 0.80054238
18.87000 0.80026549
18.89000 0.79998899
18.91000 0.79971287
18.93000 0.79943714
18.95000 0.79916178
18.97000 0.79888681
18.99000 0.79861222
19.01000 0.79833801
19.03000 0.79806417
19.05000 0.79779071
19.07000 0.79751763
19.09000 0.79724492
19.11000 0.79697259
19.13000 0.79670063
19.15000 0.79642905
19.17000 0.79615783
19.19000 0.79588699
19.21000 0.79561652
19.23000 0.79534641
19.25000 0.79507668
19.27000 0.79480731
19.29000 0.79453831
19.31000 0.79426967
19.33000 0.79400140
19.35000 0.79373349
19.37000 0.79346595
19.39000 0.79319876
19.41000 0.79293194
19.43000 0.79266548
19.45000 0.79239938
19.47000 0.79213364
19.49000 0.79186825
19.51000 0.79160322
19.53000 0.79133855
19.55000 0.79107423
19.57000 0.79081027
19.59000 0.79054666
19.61000 0.79028341
19.63000 0.79002051
19.65000 0.78975795
19.67000 0.78949575
19.69000 0.78923390
19.71000 0.78897240
19.73000 0.78871124
19.75000 0.78845043
19.77000 0.78818997
19.79000 0.78792985
19.81000 0.78767008
19.83000 0.78741065
19.85000 0.78715157
19.87000 0.78689282
19.89000 0.78663442
19.91000 0.78637636
19.93000 0.78611864
19.95000 0.78586126
19.97000 0.78560422
19.99000 0.78534751
20.01000 0.78509114
20.03000 0.78483511
20.05000 0.78457941
20.07000 0.78432405
20.09000 0.78406902
20.11000 0.78381432
20.13000 0.78355996
20.15000 0.78330593
20.17000 0.78305222
20.19000 0.78279885
20.21000 0.78254581
20.23000 0.78229309
20.25000 0.78204071
20.27000 0.78178865
20.29000 0.78153691
20.31000 0.78128551
20.33000 0.78103442
20.35000 0.78078366
20.37000 0.78053323
20.39000 0.78028311
20.41000 0.78003332
20.43000 0.77978385
20.45000 0.77953470
20.47000 0.77928587
20.49000 0.77903736
20.51000 0.77878916
20.53000 0.77854129
20.55000 0.77829373
20.57000 0.77804648
20.59000 0.77779956
20.61000 0.77755294
20.63000 0.77730664
20.65000 0.77706066
20.67000 0.77681498
20.69000 0.77656962
20.71000 0.77632457
20.73000 0.77607983
20.75000 0.77583540
20.77000 0.77559128
20.79000 0.77534747
20.81000 0.77510396
20.83000 0.77486076
20.85000 0.77461787
20.87000 0.77437528
20.89000 0.77413300
20.91000 0.77389103
20.93000 0.77364935
20.95000 0.77340798
20.97000 0.77316691
20.99000 0.77292615
21.01000 0.77268568
21.03000 0.77244552
21.05000 0.77220565
21.07000 0.77196609
21.09000 0.77172682
21.11000 0.77148785
21.13000 0.77124918
21.15000 0.77101080
21.17000 0.77077272
21.19000 0.77053493
21.21000 0.77029744
21.23000 0.77006025
21.25000 0.76982334
21.27000 0.76958673
21.29000 0.76935041
21.31000 0.76911438
21.33000 0.76887865
21.35000 0.76864320
21.37000 0.76840804
21.39000 0.76817317
21.41000 0.76793859
21.43000 0.76770430
21.45000 0.76747029
21.47000 0.76723657
21.49000 0.76700314
21.51000 0.76676999
21.53000 0.76653713
21.55000 0.76630455
21.57000 0.76607225
21.59000 0.76584024
21.61000 0.76560850
21.63000 0.76537705
21.65000 0.76514588
21.67000 0.76491499
21.69000 0.76468438
21.71000 0.76445405
21.73000 0.76422400
21.75000 0.76399423
21.77000 0.76376473
21.79000 0.76353551
21.81000 0.76330657
21.83000 0.76307790
21.85000 0.76284950
21.87000 0.76262139
21.89000 0.76239354
21.91000 0.76216597
21.93000 0.76193867
21.95000 0.76171164
21.97000 0.76148489
21.99000 0.76125840
22.01000 0.76103219
22.03000 0.76080624
22.05000 0.76058057
22.07000 0.76035516
22.09000 0.76013003
22.11000 0.75990515
22.13000 0.75968055
22.15000 0.75945621
22.17000 0.75923214
22.19000 0.75900834
22.21000 0.75878480
22.23000 0.75856152
22.25000 0.75833851
22.27000 0.75811576
22.29000 0.75789327
22.31000 0.75767105
22.33000 0.75744909
22.35000 0.75722738
22.37000 0.75700594
22.39000 0.75678476
22.41000 0.75656384
22.43000 0.75634317
22.45000 0.75612277
22.47000 0.75590262
22.49000 0.75568273
22.51000 0.75546310
22.53000 0.75524372
22.55000 0.75502460
22.57000 0.75480574
22.59000 0.75458713
22.61000 0.75436877
22.63000 0.75415067
22.65000 0.75393282
22.67000 0.75371522
22.69000 0.75349787
22.71000 0.75328078
22.73000 0.75306394
22.75000 0.75284734
22.77000 0.75263100
22.79000 0.75241491
22.81000 0.75219907
22.83000 0.75198347
22.85000 0.75176812
22.87000 0.75155302
22.89000 0.75133817
22.91000 0.75112357
22.93000 0.75090921
22.95000 0.75069509
22.97000 0.75048122
22.99000 0.75026760
23.01000 0.75005422
23.03000 0.74984108
23.05000 0.74962819
23.07000 0.74941554
23.09000 0.74920313
23.11000 0.74899096
23.13000 0.74877903
23.15000 0.74856735
23.17000 0.74835590
23.19000 0.74814470
23.21000 0.74793373
23.23000 0.74772301
23.25000 0.74751252
23.27000 0.74730227
23.29000 0.74709225
23.31000 0.74688247
23.33000 0.74667293
23.35000 0.74646363
23.37000 0.74625456
23.39000 0.74604573
23.41000 0.74583713
23.43000 0.74562876
23.45000 0.74542063
23.47000 0.74521273
23.49000 0.74500507
23.51000 0.74479763
23.53000 0.74459043
23.55000 0.74438346
23.57000 0.74417672
23.59000 0.74397021
23.61000 0.74376394
23.63000 0.74355789
23.65000 0.74335207
23.67000 0.74314647
23.69000 0.74294111
23.71000 0.74273598
23.73000 0.74253107
23.75000 0.74232639
23.77000 0.74212193
23.79000 0.74191770
23.81000 0.74171370
23.83000 0.74150992
23.85000 0.74130637
23.87000 0.74110304
23.89000 0.74089994
23.91000 0.74069706
23.93000 0.74049440
23.95000 0.74029196
23.97000 0.74008975
23.99000 0.73988775
24.01000 0.73968598
24.03000 0.73948443
24.05000 0.73928310
24.07000 0.73908199
24.09000 0.73888110
24.11000 0.73868043
24.13000 0.73847998
24.15000 0.73827975
24.17000 0.73807973
24.19000 0.73787993
24.21000 0.73768035
24.23000 0.73748099
24.25000 0.73728184
24.27000 0.73708291
24.29000 0.73688419
24.31000 0.73668569
24.33000 0.73648740
24.35000 0.73628933
24.37000 0.73609147
24.39000 0.73589382
24.41000 0.73569639
24.43000 0.73549917
24.45000 0.73530216
24.47000 0.73510536
24.49000 0.73490878
24.51000 0.73471241
24.53000 0.73451624
24.55000 0.73432029
24.57000 0.73412455
24.59000 0.73392901
24.61000 0.73373369
24.63000 0.73353857
24.65000 0.73334366
24.67000 0.73314896
24.69000 0.73295447
24.71000 0.73276018
24.73000 0.73256611
24.75000 0.73237223
24.77000 0.73217857
24.79000 0.73198511
24.81000 0.73179185
24.83000 0.73159880
24.85000 0.73140595
24.87000 0.73121331
24.89000 0.73102087
24.91000 0.73082863
24.93000 0.73063660
24.95000 0.73044477
24.97000 0.73025314
24.99000 0.73006172
25.01000 0.72987049
25.03000 0.72967947
25.05000 0.72948864
25.07000 0.72929802
25.09000 0.72910760
25.11000 0.72891737
25.13000 0.72872735
25.15000 0.72853752
25.17000 0.72834790
25.19000 0.72815847
25.21000 0.72796924
25.23000 0.72778020
25.25000 0.72759136
25.27000 0.72740272
25.29000 0.72721428
25.31000 0.72702603
25.33000 0.72683798
25.35000 0.72665012
25.37000 0.72646246
25.39000 0.72627499
25.41000 0.72608772
25.43000 0.72590064
25.45000 0.72571375
25.47000 0.72552706
25.49000 0.72534056
25.51000 0.72515425
25.53000 0.72496813
25.55000 0.72478221
25.57000 0.72459647
25.59000 0.72441093
25.61000 0.72422558
25.63000 0.72404042
25.65000 0.72385545
25.67000 0.72367067
25.69000 0.72348608
25.71000 0.72330167
25.73000 0.72311746
25.75000 0.72293343
25.77000 0.72274959
25.79000 0.72256594
25.81000 0.72238248
25.83000 0.72219920
25.85000 0.72201611
25.87000 0.72183321
25.89000 0.72165049
25.91000 0.72146796
25.93000 0.72128561
25.95000 0.72110345
25.97000 0.72092147
25.99000 0.72073968
26.01000 0.72055807
26.03000 0.72037665
26.05000 0.72019540
26.07000 0.72001434
26.09000 0.71983347
26.11000 0.71965277
26.13000 0.71947226
26.15000 0.71929193
26.17000 0.71911178
26.19000 0.71893182
26.21000 0.71875203
26.23000 0.71857242
26.25000 0.71839300
26.27000 0.71821375
26.29000 0.71803468
26.31000 0.71785579
26.33000 0.71767708
26.35000 0.71749855
26.37000 0.71732020
26.39000 0.71714203
26.41000 0.71696403
26.43000 0.71678621
26.45000 0.71660857
26.47000 0.71643110
26.49000 0.71625381
26.51000 0.71607670
26.53000 0.71589976
26.55000 0.71572300
26.57000 0.71554641
26.59000 0.71537000
26.61000 0.71519376
26.63000 0.71501770
26.65000 0.71484181
26.67000 0.71466609
26.69000 0.71449055
26.71000 0.71431518
26.73000 0.71413998
26.75000 0.71396496
26.77000 0.71379011
26.79000 0.71361543
26.81000 0.71344092
26.83000 0.71326658
26.85000 0.71309241
26.87000 0.71291842
26.89000 0.71274459
26.91000 0.71257094
26.93000 0.71239745
26.95000 0.71222413
26.97000 0.71205099
26.99000 0.71187801
27.01000 0.71170520
27.03000 0.71153256
27.05000 0.71136008
27.07000 0.71118778
27.09000 0.71101564
27.11000 0.71084367
27.13000 0.71067187
27.15000 0.71050023
27.17000 0.71032876
27.19000 0.71015745
27.21000 0.70998632
27.23000 0.70981534
27.25000 0.70964453
27.27000 0.70947389
27.29000 0.70930341
27.31000 0.70913310
27.33000 0.70896295
27.35000 0.70879296
27.37000 0.70862314
27.39000 0.70845348
27.41000 0.70828398
27.43000 0.70811465
27.45000 0.70794548
27.47000 0.70777647
27.49000 0.70760762
27.51000 0.70743893
27.53000 0.70727041
27.55000 0.70710205
27.57000 0.70693384
27.59000 0.70676580
27.61000 0.70659792
27.63000 0.70643020
27.65000 0.70626264
27.67000 0.70609524
27.69000 0.70592799
27.71000 0.70576091
27.73000 0.70559398
27.75000 0.70542722
27.77000 0.70526061
27.79000 0.70509416
27.81000 0.70492786
27.83000 0.70476173
27.85000 0.70459575
27.87000 0.70442993
27.89000 0.70426426
27.91000 0.70409875
27.93000 0.70393340
27.95000 0.70376820
27.97000 0.70360316
27.99000 0.70343828
28.01000 0.70327354
28.03000 0.70310897
28.05000 0.70294455
28.07000 0.70278028
28.09000 0.70261617
28.11000 0.70245221
28.13000 0.70228840
28.15000 0.70212475
28.17000 0.70196125
28.19000 0.70179790
28.21000 0.70163470
28.23000 0.70147166
28.25000 0.70130877
28.27000 0.70114603
28.29000 0.70098345
28.31000 0.70082101
28.33000 0.70065873
28.35000 0.70049659
28.37000 0.70033461
28.39000 0.70017278
28.41000 0.70001109
28.43000 0.69984956
28.45000 0.69968818
28.47000 0.69952694
28.49000 0.69936586
28.51000 0.69920492
28.53000 0.69904413
28.55000 0.69888349
28.57000 0.69872300
28.59000 0.69856266
28.61000 0.69840246
28.63000 0.69824241
28.65000 0.69808251
28.67000 0.69792276
28.69000 0.69776315
28.71000 0.69760369
28.73000 0.69744437
28.75000 0.69728521
28.77000 0.69712618
28.79000 0.69696731
28.81000 0.69680857
28.83000 0.69664999
28.85000 0.69649154
28.87000 0.69633325
28.89000 0.69617509
28.91000 0.69601708
28.93000 0.69585922
28.95000 0.69570150
28.97000 0.69554392
28.99000 0.69538648
29.01000 0.69522919
29.03000 0.69507204
29.05000 0.69491503
29.07000 0.69475817
29.09000 0.69460145
29.11000 0.69444487
29.13000 0.69428843
29.15000 0.69413213
29.17000 0.69397597
29.19000 0.69381996
29.21000 0.69366408
29.23000 0.69350835
29.25000 0.69335275
29.27000 0.69319730
29.29000 0.69304199
29.31000 0.69288681
29.33000 0.69273178
29.35000 0.69257688
29.37000 0.69242212
29.39000 0.69226750
29.41000 0.69211302
29.43000 0.69195868
29.45000 0.69180448
29.47000 0.69165042
29.49000 0.69149649
29.51000 0.69134270
29.53000 0.69118904
29.55000 0.69103553
29.57000 0.69088215
29.59000 0.69072891
29.61000 0.69057580
29.63000 0.69042283
29.65000 0.69027000
29.67000 0.69011730
29.69000 0.68996473
29.71000 0.68981231
29.73000 0.68966001
29.75000 0.68950786
29.77000 0.68935583
29.79000 0.68920395
29.81000 0.68905219
29.83000 0.68890057
29.85000 0.68874909
29.87000 0.68859773
29.89000 0.68844651
29.91000 0.68829543
29.93000 0.68814448
29.95000 0.68799366
29.97000 0.68784297
29.99000 0.68769241
30.01000 0.68754199
30.03000 0.68739170
30.05000 0.68724154
30.07000 0.68709151
30.09000 0.68694162
30.11000 0.68679185
30.13000 0.68664222
30.15000 0.68649272
30.17000 0.68634334
30.19000 0.68619410
30.21000 0.68604499
30.23000 0.68589601
30.25000 0.68574716
30.27000 0.68559844
30.29000 0.68544984
30.31000 0.68530138
30.33000 0.68515304
30.35000 0.68500484
30.37000 0.68485676
30.39000 0.68470881
30.41000 0.68456099
30.43000 0.68441330
30.45000 0.68426574
30.47000 0.68411830
30.49000 0.68397099
30.51000 0.68382381
30.53000 0.68367675
30.55000 0.68352982
30.57000 0.68338302
30.59000 0.68323635
30.61000 0.68308980
30.63000 0.68294337
30.65000 0.68279708
30.67000 0.68265091
30.69000 0.68250486
30.71000 0.68235894
30.73000 0.68221315
30.75000 0.68206748
30.77000 0.68192193
30.79000 0.68177651
30.81000 0.68163121
30.83000 0.68148604
30.85000 0.68134099
30.87000 0.68119607
30.89000 0.68105127
30.91000 0.68090659
30.93000 0.68076204
30.95000 0.68061761
30.97000 0.68047330
30.99000 0.68032912
31.01000 0.68018505
31.03000 0.68004111
31.05000 0.67989730
31.07000 0.67975360
31.09000 0.67961003
31.11000 0.67946657
31.13000 0.67932324
31.15000 0.67918003
31.17000 0.67903695
31.19000 0.67889398
31.21000 0.67875113
31.23000 0.67860841
31.25000 0.67846580
31.27000 0.67832332
31.29000 0.67818095
31.31000 0.67803870
31.33000 0.67789658
31.35000 0.67775457
31.37000 0.67761269
31.39000 0.67747092
31.41000 0.67732927
31.43000 0.67718774
31.45000 0.67704633
31.47000 0.67690504
31.49000 0.67676386
31.51000 0.67662280
31.53000 0.67648187
31.55000 0.67634105
31.57000 0.67620034
31.59000 0.67605976
31.61000 0.67591929
31.63000 0.67577894
31.65000 0.67563870
31.67000 0.67549859
31.69000 0.67535858
31.71000 0.67521870
31.73000 0.67507893
31.75000 0.67493928
31.77000 0.67479974
31.79000 0.67466032
31.81000 0.67452102
31.83000 0.67438183
31.85000 0.67424275
31.87000 0.67410379
31.89000 0.67396495
31.91000 0.67382622
31.93000 0.67368760
31.95000 0.67354910
31.97000 0.67341072
31.99000 0.67327244
32.01000 0.67313428
32.03000 0.67299624
32.05000 0.67285831
32.07000 0.67272049
32.09000 0.67258279
32.11000 0.67244519
32.13000 0.67230772
32.15000 0.67217035
32.17000 0.67203310
32.19000 0.67189596
32.21000 0.67175893
32.23000 0.67162201
32.25000 0.67148521
32.27000 0.67134851
32.29000 0.67121193
32.31000 0.67107546
32.33000 0.67093910
32.35000 0.67080286
32.37000 0.67066672
32.39000 0.67053069
32.41000 0.67039478
32.43000 0.67025898
32.45000 0.67012328
32.47000 0.66998770
32.49000 0.66985222
32.51000 0.66971686
32.53000 0.66958161
32.55000 0.66944646
32.57000 0.66931143
32.59000 0.66917650
32.61000 0.66904169
32.63000 0.66890698
32.65000 0.66877238
32.67000 0.66863789
32.69000 0.66850351
32.71000 0.66836923
32.73000 0.66823507
32.75000 0.66810101
32.77000 0.66796706
32.79000 0.66783322
32.81000 0.66769949
32.83000 0.66756586
32.85000 0.66743234
32.87000 0.66729893
32.89000 0.66716562
32.91000 0.66703243
32.93000 0.66689933
32.95000 0.66676635
32.97000 0.66663347
32.99000 0.66650070
33.01000 0.66636803
33.03000 0.66623547
33.05000 0.66610302
33.07000 0.66597067
33.09000 0.66583842
33.11000 0.66570629
33.13000 0.66557425
33.15000 0.66544232
33.17000 0.66531050
33.19000 0.66517878
33.21000 0.66504717
33.23000 0.66491566
33.25000 0.66478426
33.27000 0.66465295
33.29000 0.66452176
33.31000 0.66439067
33.33000 0.66425968
33.35000 0.66412879
33.37000 0.66399801
33.39000 0.66386733
33.41000 0.66373675
33.43000 0.66360628
33.45000 0.66347591
33.47000 0.66334565
33.49000 0.66321548
33.51000 0.66308542
33.53000 0.66295546
33.55000 0.66282560
33.57000 0.66269585
33.59000 0.66256619
33.61000 0.66243664
33.63000 0.66230719
33.65000 0.66217784
33.67000 0.66204860
33.69000 0.66191945
33.71000 0.66179041
33.73000 0.66166146
33.75000 0.66153262
33.77000 0.66140388
33.79000 0.66127523
33.81000 0.66114669
33.83000 0.66101825
33.85000 0.66088991
33.87000 0.66076167
33.89000 0.66063353
33.91000 0.66050548
33.93000 0.66037754
33.95000 0.66024970
33.97000 0.66012195
33.99000 0.65999431
34.01000 0.65986676
34.03000 0.65973932
34.05000 0.65961197
34.07000 0.65948472
34.09000 0.65935757
34.11000 0.65923052
34.13000 0.65910356
34.15000 0.65897671
34.17000 0.65884995
34.19000 0.65872329
34.21000 0.65859672
34.23000 0.65847026
34.25000 0.65834389
34.27000 0.65821762
34.29000 0.65809145
34.31000 0.65796537
34.33000 0.65783939
34.35000 0.65771351
34.37000 0.65758772
34.39000 0.65746203
34.41000 0.65733644
34.43000 0.65721094
34.45000 0.65708554
34.47000 0.65696023
34.49000 0.65683503
34.51000 0.65670991
34.53000 0.65658489
34.55000 0.65645997
34.57000 0.65633514
34.59000 0.65621041
34.61000 0.65608578
34.63000 0.65596123
34.65000 0.65583679
34.67000 0.65571243
34.69000 0.65558818
34.71000 0.65546401
34.73000 0.65533995
34.75000 0.65521597
34.77000 0.65509209
34.79000 0.65496830
34.81000 0.65484461
34.83000 0.65472101
34.85000 0.65459751
34.87000 0.65447409
34.89000 0.65435077
34.91000 0.65422755
34.93000 0.65410442
34.95000 0.65398138
34.97000 0.65385843
34.99000 0.65373558
35.01000 0.65361281
35.03000 0.65349015
35.05000 0.65336757
35.07000 0.65324508
35.09000 0.65312269
35.11000 0.65300039
35.13000 0.65287818
35.15000 0.65275607
35.17000 0.65263404
35.19000 0.65251211
35.21000 0.65239027
35.23000 0.65226851
35.25000 0.65214685
35.27000 0.65202529
35.29000 0.65190381
35.31000 0.65178242
35.33000 0.65166112
35.35000 0.65153992
35.37000 0.65141880
35.39000 0.65129778
35.41000 0.65117684
35.43000 0.65105600
35.45000 0.65093524
35.47000 0.65081458
35.49000 0.65069400
35.51000 0.65057352
35.53000 0.65045312
35.55000 0.65033281
35.57000 0.65021260
35.59000 0.65009247
35.61000 0.64997243
35.63000 0.64985248
35.65000 0.64973261
35.67000 0.64961284
35.69000 0.64949316
35.71000 0.64937356
35.73000 0.64925405
35.75000 0.64913463
35.77000 0.64901530
35.79000 0.64889606
35.81000 0.64877690
35.83000 0.64865783
35.85000 0.64853885
35.87000 0.64841996
35.89000 0.64830116
35.91000 0.64818244
35.93000 0.64806381
35.95000 0.64794526
35.97000 0.64782681
35.99000 0.64770844
36.01000 0.64759015
36.03000 0.64747196
36.05000 0.64735385
36.07000 0.64723582
36.09000 0.64711789
36.11000 0.64700004
36.13000 0.64688227
36.15000 0.64676459
36.17000 0.64664700
36.19000 0.64652949
36.21000 0.64641207
36.23000 0.64629473
36.25000 0.64617748
36.27000 0.64606032
36.29000 0.64594324
36.31000 0.64582624
36.33000 0.64570933
36.35000 0.64559251
36.37000 0.64547577
36.39000 0.64535911
36.41000 0.64524254
36.43000 0.64512605
36.45000 0.64500965
36.47000 0.64489333
36.49000 0.64477710
36.51000 0.64466095
36.53000 0.64454488
36.55000 0.64442890
36.57000 0.64431300
36.59000 0.64419718
36.61000 0.64408145
36.63000 0.64396581
36.65000 0.64385024
36.67000 0.64373476
36.69000 0.64361936
36.71000 0.64350404
36.73000 0.64338881
36.75000 0.64327366
36.77000 0.64315859
36.79000 0.64304361
36.81000 0.64292871
36.83000 0.64281389
36.85000 0.64269915
36.87000 0.64258449
36.89000 0.64246992
36.91000 0.64235543
36.93000 0.64224102
36.95000 0.64212669
36.97000 0.64201244
36.99000 0.64189828
37.01000 0.64178420
37.03000 0.64167019
37.05000 0.64155627
37.07000 0.64144243
37.09000 0.64132867
37.11000 0.64121500
37.13000 0.64110140
37.15000 0.64098788
37.17000 0.64087445
37.19000 0.64076109
37.21000 0.64064782
37.23000 0.64053462
37.25000 0.64042151
37.27000 0.64030848
37.29000 0.64019552
37.31000 0.64008265
37.33000 0.63996985
37.35000 0.63985714
37.37000 0.63974450
37.39000 0.63963195
37.41000 0.63951947
37.43000 0.63940707
37.45000 0.63929476
37.47000 0.63918252
37.49000 0.63907036
37.51000 0.63895828
37.53000 0.63884628
37.55000 0.63873435
37.57000 0.63862251
37.59000 0.63851074
37.61000 0.63839906
37.63000 0.63828745
37.65000 0.63817592
37.67000 0.63806446
37.69000 0.63795309
37.71000 0.63784179
37.73000 0.63773058
37.75000 0.63761943
37.77000 0.63750837
37.79000 0.63739739
37.81000 0.63728648
37.83000 0.63717565
37.85000 0.63706489
37.87000 0.63695422
37.89000 0.63684362
37.91000 0.63673310
37.93000 0.63662265
37.95000 0.63651228
37.97000 0.63640199
37.99000 0.63629178
38.01000 0.63618164
38.03000 0.63607158
38.05000 0.63596159
38.07000 0.63585168
38.09000 0.63574185
38.11000 0.63563209
38.13000 0.63552241
38.15000 0.63541281
38.17000 0.63530328
38.19000 0.63519382
38.21000 0.63508445
38.23000 0.63497514
38.25000 0.63486592
38.27000 0.63475677
38.29000 0.63464769
38.31000 0.63453869
38.33000 0.63442976
38.35000 0.63432091
38.37000 0.63421213
38.39000 0.63410343
38.41000 0.63399481
38.43000 0.63388626
38.45000 0.63377778
38.47000 0.63366937
38.49000 0.63356105
38.51000 0.63345279
38.53000 0.63334461
38.55000 0.63323651
38.57000 0.63312847
38.59000 0.63302052
38.61000 0.63291263
38.63000 0.63280482
38.65000 0.63269708
38.67000 0.63258942
38.69000 0.63248183
38.71000 0.63237431
38.73000 0.63226687
38.75000 0.63215950
38.77000 0.63205220
38.79000 0.63194498
38.81000 0.63183783
38.83000 0.63173075
38.85000 0.63162375
38.87000 0.63151681
38.89000 0.63140995
38.91000 0.63130317
38.93000 0.63119645
38.95000 0.63108981
38.97000 0.63098324
38.99000 0.63087674
39.01000 0.63077031
39.03000 0.63066396
39.05000 0.63055768
39.07000 0.63045147
39.09000 0.63034533
39.11000 0.63023926
39.13000 0.63013327
39.15000 0.63002734
39.17000 0.62992149
39.19000 0.62981571
39.21000 0.62971000
39.23000 0.62960436
39.25000 0.62949879
39.27000 0.62939330
39.29000 0.62928787
39.31000 0.62918252
39.33000 0.62907723
39.35000 0.62897202
39.37000 0.62886687
39.39000 0.62876180
39.41000 0.62865680
39.43000 0.62855187
39.45000 0.62844701
39.47000 0.62834221
39.49000 0.62823749
39.51000 0.62813284
39.53000 0.62802826
39.55000 0.62792375
39.57000 0.62781931
39.59000 0.62771494
39.61000 0.62761063
39.63000 0.62750640
39.65000 0.62740224
39.67000 0.62729814
39.69000 0.62719412
39.71000 0.62709016
39.73000 0.62698627
39.75000 0.62688246
39.77000 0.62677871
39.79000 0.62667503
39.81000 0.62657142
39.83000 0.62646787
39.85000 0.62636440
39.87000 0.62626099
39.89000 0.62615766
39.91000 0.62605439
39.93000 0.62595119
39.95000 0.62584806
39.97000 0.62574499
39.99000 0.62564200
40.01000 0.62553907
40.03000 0.62543621
40.05000 0.62533342
40.07000 0.62523069
40.09000 0.62512804
40.11000 0.62502545
40.13000 0.62492293
40.15000 0.62482047
40.17000 0.62471809
40.19000 0.62461577
40.21000 0.62451351
40.23000 0.62441133
40.25000 0.62430921
40.27000 0.62420716
40.29000 0.62410518
40.31000 0.62400326
40.33000 0.62390141
40.35000 0.62379962
40.37000 0.62369791
40.39000 0.62359626
40.41000 0.62349467
40.43000 0.62339315
40.45000 0.62329170
40.47000 0.62319032
40.49000 0.62308900
40.51000 0.62298774
40.53000 0.62288656
40.55000 0.62278544
40.57000 0.62268438
40.59000 0.62258339
40.61000 0.62248247
40.63000 0.62238161
40.65000 0.62228081
40.67000 0.62218009
40.69000 0.62207942
40.71000 0.62197883
40.73000 0.62187830
40.75000 0.62177783
40.77000 0.62167743
40.79000 0.62157709
40.81000 0.62147682
40.83000 0.62137661
40.85000 0.62127647
40.87000 0.62117639
40.89000 0.62107638
40.91000 0.62097643
40.93000 0.62087655
40.95000 0.62077673
40.97000 0.62067698
40.99000 0.62057729
41.01000 0.62047766
41.03000 0.62037810
41.05000 0.62027860
41.07000 0.62017917
41.09000 0.62007980
41.11000 0.61998049
41.13000 0.61988125
41.15000 0.61978207
41.17000 0.61968296
41.19000 0.61958390
41.21000 0.61948492
41.23000 0.61938599
41.25000 0.61928713
41.27000 0.61918833
41.29000 0.61908960
41.31000 0.61899093
41.33000 0.61889232
41.35000 0.61879377
41.37000 0.61869529
41.39000 0.61859687
41.41000 0.61849851
41.43000 0.61840022
41.45000 0.61830199
41.47000 0.61820382
41.49000 0.61810571
41.51000 0.61800767
41.53000 0.61790969
41.55000 0.61781177
41.57000 0.61771391
41.59000 0.61761612
41.61000 0.61751838
41.63000 0.61742071
41.65000 0.61732310
41.67000 0.61722556
41.69000 0.61712807
41.71000 0.61703065
41.73000 0.61693329
41.75000 0.61683599
41.77000 0.61673875
41.79000 0.61664157
41.81000 0.61654445
41.83000 0.61644740
41.85000 0.61635041
41.87000 0.61625347
41.89000 0.61615660
41.91000 0.61605979
41.93000 0.61596304
41.95000 0.61586636
41.97000 0.61576973
41.99000 0.61567316
42.01000 0.61557666
42.03000 0.61548021
42.05000 0.61538383
42.07000 0.61528750
42.09000 0.61519124
42.11000 0.61509504
42.13000 0.61499890
42.15000 0.61490281
42.17000 0.61480679
42.19000 0.61471083
42.21000 0.61461493
42.23000 0.61451909
42.25000 0.61442330
42.27000 0.61432758
42.29000 0.61423192
42.31000 0.61413632
42.33000 0.61404077
42.35000 0.61394529
42.37000 0.61384987
42.39000 0.61375450
42.41000 0.61365920
42.43000 0.61356395
42.45000 0.61346877
42.47000 0.61337364
42.49000 0.61327857
42.51000 0.61318356
42.53000 0.61308861
42.55000 0.61299372
42.57000 0.61289889
42.59000 0.61280412
42.61000 0.61270940
42.63000 0.61261475
42.65000 0.61252015
42.67000 0.61242561
42.69000 0.61233113
42.71000 0.61223671
42.73000 0.61214235
42.75000 0.61204804
42.77000 0.61195379
42.79000 0.61185961
42.81000 0.61176548
42.83000 0.61167140
42.85000 0.61157739
42.87000 0.61148343
42.89000 0.61138953
42.91000 0.61129569
42.93000 0.61120191
42.95000 0.61110819
42.97000 0.61101452
42.99000 0.61092091
43.01000 0.61082736
43.03000 0.61073386
43.05000 0.61064042
43.07000 0.61054704
43.09000 0.61045372
43.11000 0.61036046
43.13000 0.61026725
43.15000 0.61017410
43.17000 0.61008100
43.19000 0.60998796
43.21000 0.60989498
43.23000 0.60980206
43.25000 0.60970919
43.27000 0.60961638
43.29000 0.60952363
43.31000 0.60943093
43.33000 0.60933829
43.35000 0.60924571
43.37000 0.60915318
43.39000 0.60906071
43.41000 0.60896829
43.43000 0.60887593
43.45000 0.60878363
43.47000 0.60869138
43.49000 0.60859919
43.51000 0.60850706
43.53000 0.60841498
43.55000 0.60832296
43.57000 0.60823099
43.59000 0.60813908
43.61000 0.60804722
43.63000 0.60795542
43.65000 0.60786368
43.67000 0.60777199
43.69000 0.60768036
43.71000 0.60758878
43.73000 0.60749726
43.75000 0.60740579
43.77000 0.60731438
43.79000 0.60722302
43.81000 0.60713172
43.83000 0.60704047
43.85000 0.60694928
43.87000 0.60685814
43.89000 0.60676706
43.91000 0.60667604
43.93000 0.60658506
43.95000 0.60649415
43.97000 0.60640328
43.99000 0.60631247
44.01000 0.60622172
44.03000 0.60613102
44.05000 0.60604038
44.07000 0.60594978
44.09000 0.60585925
44.11000 0.60576877
44.13000 0.60567834
44.15000 0.60558796
44.17000 0.60549764
44.19000 0.60540738
44.21000 0.60531717
44.23000 0.60522701
44.25000 0.60513690
44.27000 0.60504685
44.29000 0.60495686
44.31000 0.60486692
44.33000 0.60477703
44.35000 0.60468719
44.37000 0.60459741
44.39000 0.60450768
44.41000 0.60441800
44.43000 0.60432838
44.45000 0.60423881
44.47000 0.60414930
44.49000 0.60405984
44.51000 0.60397043
44.53000 0.60388107
44.55000 0.60379177
44.57000 0.60370252
44.59000 0.60361332
44.61000 0.60352418
44.63000 0.60343508
44.65000 0.60334604
44.67000 0.60325706
44.69000 0.60316813
44.71000 0.60307924
44.73000 0.60299042
44.75000 0.60290164
44.77000 0.60281292
44.79000 0.60272424
44.81000 0.60263563
44.83000 0.60254706
44.85000 0.60245854
44.87000 0.60237008
44.89000 0.60228167
44.91000 0.60219331
44.93000 0.60210501
44.95000 0.60201675
44.97000 0.60192855
44.99000 0.60184040
45.01000 0.60175230
45.03000 0.60166425
45.05000 0.60157626
45.07000 0.60148831
45.09000 0.60140042
45.11000 0.60131258
45.13000 0.60122479
45.15000 0.60113705
45.17000 0.60104937
45.19000 0.60096173
45.21000 0.60087415
45.23000 0.60078661
45.25000 0.60069913
45.27000 0.60061170
45.29000 0.60052432
45.31000 0.60043699
45.33000 0.60034971
45.35000 0.60026249
45.37000 0.60017531
45.39000 0.60008818
45.41000 0.60000111
45.43000 0.59991409
45.45000 0.59982711
45.47000 0.59974019
45.49000 0.59965332
45.51000 0.59956649
45.53000 0.59947972
45.55000 0.59939300
45.57000 0.59930633
45.59000 0.59921971
45.61000 0.59913314
45.63000 0.59904662
45.65000 0.59896015
45.67000 0.59887373
45.69000 0.59878736
45.71000 0.59870104
45.73000 0.59861477
45.75000 0.59852855
45.77000 0.59844238
45.79000 0.59835626
45.81000 0.59827018
45.83000 0.59818416
45.85000 0.59809819
45.87000 0.59801227
45.89000 0.59792639
45.91000 0.59784057
45.93000 0.59775480
45.95000 0.59766907
45.97000 0.59758340
45.99000 0.59749777
46.01000 0.59741219
46.03000 0.59732667
46.05000 0.59724119
46.07000 0.59715576
46.09000 0.59707038
46.11000 0.59698504
46.13000 0.59689976
46.15000 0.59681453
46.17000 0.59672934
46.19000 0.59664420
46.21000 0.59655912
46.23000 0.59647408
46.25000 0.59638909
46.27000 0.59630414
46.29000 0.59621925
46.31000 0.59613441
46.33000 0.59604961
46.35000 0.59596486
46.37000 0.59588016
46.39000 0.59579551
46.41000 0.59571091
46.43000 0.59562635
46.45000 0.59554184
46.47000 0.59545738
46.49000 0.59537297
46.51000 0.59528861
46.53000 0.59520429
46.55000 0.59512003
46.57000 0.59503581
46.59000 0.59495163
46.61000 0.59486751
46.63000 0.59478343
46.65000 0.59469941
46.67000 0.59461542
46.69000 0.59453149
46.71000 0.59444761
46.73000 0.59436377
46.75000 0.59427998
46.77000 0.59419623
46.79000 0.59411253
46.81000 0.59402889
46.83000 0.59394528
46.85000 0.59386173
46.87000 0.59377822
46.89000 0.59369476
46.91000 0.59361135
46.93000 0.59352798
46.95000 0.59344466
46.97000 0.59336139
46.99000 0.59327816
47.01000 0.59319498
47.03000 0.59311185
47.05000 0.59302876
47.07000 0.59294573
47.09000 0.59286273
47.11000 0.59277979
47.13000 0.59269689
47.15000 0.59261404
47.17000 0.59253123
47.19000 0.59244847
47.21000 0.59236576
47.23000 0.59228309
47.25000 0.59220047
47.27000 0.59211789
47.29000 0.59203536
47.31000 0.59195288
47.33000 0.59187044
47.35000 0.59178805
47.37000 0.59170571
47.39000 0.59162341
47.41000 0.59154116
47.43000 0.59145895
47.45000 0.59137679
47.47000 0.59129468
47.49000 0.59121261
47.51000 0.59113058
47.53000 0.59104860
47.55000 0.59096667
47.57000 0.59088478
47.59000 0.59080294
47.61000 0.59072115
47.63000 0.59063939
47.65000 0.59055769
47.67000 0.59047603
47.69000 0.59039441
47.71000 0.59031284
47.73000 0.59023132
47.75000 0.59014984
47.77000 0.59006841
47.79000 0.58998702
47.81000 0.58990567
47.83000 0.58982437
47.85000 0.58974312
47.87000 0.58966191
47.89000 0.58958075
47.91000 0.58949963
47.93000 0.58941855
47.95000 0.58933752
47.97000 0.58925654
47.99000 0.58917559
48.01000 0.58909470
48.03000 0.58901385
48.05000 0.58893304
48.07000 0.58885228
48.09000 0.58877156
48.11000 0.58869088
48.13000 0.58861025
48.15000 0.58852967
48.17000 0.58844913
48.19000 0.58836863
48.21000 0.58828818
48.23000 0.58820777
48.25000 0.58812740
48.27000 0.58804708
48.29000 0.58796680
48.31000 0.58788657
48.33000 0.58780638
48.35000 0.58772624
48.37000 0.58764614
48.39000 0.58756608
48.41000 0.58748607
48.43000 0.58740609
48.45000 0.58732617
48.47000 0.58724629
48.49000 0.58716645
48.51000 0.58708665
48.53000 0.58700690
48.55000 0.58692719
48.57000 0.58684752
48.59000 0.58676790
48.61000 0.58668832
48.63000 0.58660879
48.65000 0.58652929
48.67000 0.58644985
48.69000 0.58637044
48.71000 0.58629108
48.73000 0.58621176
48.75000 0.58613248
48.77000 0.58605325
48.79000 0.58597405
48.81000 0.58589491
48.83000 0.58581580
48.85000 0.58573674
48.87000 0.58565772
48.89000 0.58557874
48.91000 0.58549981
48.93000 0.58542092
48.95000 0.58534207
48.97000 0.58526326
48.99000 0.58518450
49.01000 0.58510578
49.03000 0.58502710
49.05000 0.58494846
49.07000 0.58486987
49.09000 0.58479132
49.11000 0.58471281
49.13000 0.58463434
49.15000 0.58455591
49.17000 0.58447753
49.19000 0.58439919
49.21000 0.58432089
49.23000 0.58424264
49.25000 0.58416442
49.27000 0.58408625
49.29000 0.58400812
49.31000 0.58393003
49.33000 0.58385198
49.35000 0.58377398
49.37000 0.58369602
49.39000 0.58361809
49.41000 0.58354021
49.43000 0.58346238
49.45000 0.58338458
49.47000 0.58330683
49.49000 0.58322911
49.51000 0.58315144
49.53000 0.58307381
49.55000 0.58299622
49.57000 0.58291867
49.59000 0.58284117
49.61000 0.58276370
49.63000 0.58268628
49.65000 0.58260890
49.67000 0.58253156
49.69000 0.58245426
49.71000 0.58237700
49.73000 0.58229978
49.75000 0.58222260
49.77000 0.58214547
49.79000 0.58206837
49.81000 0.58199132
49.83000 0.58191431
49.85000 0.58183733
49.87000 0.58176040
49.89000 0.58168351
49.91000 0.58160666
49.93000 0.58152985
49.95000 0.58145309
49.97000 0.58137636
49.99000 0.58129967
50.01000 0.58122302
50.03000 0.58114642
50.05000 0.58106985
50.07000 0.58099333
50.09000 0.58091684
50.11000 0.58084040
50.13000 0.58076399
50.15000 0.58068763
50.17000 0.58061131
50.19000 0.58053502
50.21000 0.58045878
50.23000 0.58038258
50.25000 0.58030642
