0.25000 3.04063908
0.27000 2.96440089
0.29000 2.89655565
0.31000 2.83560808
0.33000 2.78038757
0.35000 2.72998927
0.37000 2.68369577
0.39000 2.64093230
0.41000 2.60123206
0.43000 2.56421183
0.45000 2.52955364
0.47000 2.49699126
0.49000 2.46629977
0.51000 2.43728772
0.53000 2.40979092
0.55000 2.38366759
0.57000 2.35879460
0.59000 2.33506432
0.61000 2.31238224
0.63000 2.29066488
0.65000 2.26983825
0.67000 2.24983638
0.69000 2.23060030
0.71000 2.21207705
0.73000 2.19421891
0.75000 2.17698274
0.77000 2.16032942
0.79000 2.14422334
0.81000 2.12863203
0.83000 2.11352581
0.85000 2.09887742
0.87000 2.08466186
0.89000 2.07085605
0.91000 2.05743871
0.93000 2.04439014
0.95000 2.03169210
0.97000 2.01932764
0.99000 2.00728100
1.01000 1.99553748
1.03000 1.98408338
1.05000 1.97290588
1.07000 1.96199299
1.09000 1.95133346
1.11000 1.94091676
1.13000 1.93073295
1.15000 1.92077271
1.17000 1.91102725
1.19000 1.90148827
1.21000 1.89214794
1.23000 1.88299886
1.25000 1.87403403
1.27000 1.86524682
1.29000 1.85663094
1.31000 1.84818042
1.33000 1.83988959
1.35000 1.83175308
1.37000 1.82376575
1.39000 1.81592273
1.41000 1.80821937
1.43000 1.80065124
1.45000 1.79321411
1.47000 1.78590394
1.49000 1.77871687
1.51000 1.77164921
1.53000 1.76469744
1.55000 1.75785817
1.57000 1.75112816
1.59000 1.74450432
1.61000 1.73798366
1.63000 1.73156334
1.65000 1.72524060
1.67000 1.71901282
1.69000 1.71287745
1.71000 1.70683208
1.73000 1.70087435
1.75000 1.69500202
1.77000 1.68921290
1.79000 1.68350492
1.81000 1.67787605
1.83000 1.67232435
1.85000 1.66684794
1.87000 1.66144502
1.89000 1.65611384
1.91000 1.65085272
1.93000 1.64566002
1.95000 1.64053416
1.97000 1.63547363
1.99000 1.63047695
2.01000 1.62554269
2.03000 1.62066949
2.05000 1.61585599
2.07000 1.61110090
2.09000 1.60640298
2.11000 1.60176101
2.13000 1.59717381
2.15000 1.59264023
2.17000 1.58815918
2.19000 1.58372957
2.21000 1.57935036
2.23000 1.57502054
2.25000 1.57073912
2.27000 1.56650516
2.29000 1.56231771
2.31000 1.55817588
2.33000 1.55407880
2.35000 1.55002560
2.37000 1.54601546
2.39000 1.54204757
2.41000 1.53812114
2.43000 1.53423542
2.45000 1.53038966
2.47000 1.52658312
2.49000 1.52281512
2.51000 1.51908495
2.53000 1.51539195
2.55000 1.51173547
2.57000 1.50811486
2.59000 1.50452952
2.61000 1.50097883
2.63000 1.49746220
2.65000 1.49397906
2.67000 1.49052885
2.69000 1.48711101
2.71000 1.48372502
2.73000 1.48037034
2.75000 1.47704647
2.77000 1.47375292
2.79000 1.47048919
2.81000 1.46725480
2.83000 1.46404930
2.85000 1.46087224
2.87000 1.45772315
2.89000 1.45460162
2.91000 1.45150722
2.93000 1.44843953
2.95000 1.44539814
2.97000 1.44238267
2.99000 1.43939271
3.01000 1.43642790
3.03000 1.43348786
3.05000 1.43057222
3.07000 1.42768063
3.09000 1.42481274
3.11000 1.42196821
3.13000 1.41914671
3.15000 1.41634790
3.17000 1.41357146
3.19000 1.41081709
3.21000 1.40808447
3.23000 1.40537329
3.25000 1.40268328
3.27000 1.40001412
3.29000 1.39736555
3.31000 1.39473727
3.33000 1.39212903
3.35000 1.38954054
3.37000 1.38697155
3.39000 1.38442179
3.41000 1.38189102
3.43000 1.37937899
3.45000 1.37688545
3.47000 1.37441016
3.49000 1.37195289
3.51000 1.36951341
3.53000 1.36709150
3.55000 1.36468692
3.57000 1.36229946
3.59000 1.35992892
3.61000 1.35757507
3.63000 1.35523771
3.65000 1.35291664
3.67000 1.35061166
3.69000 1.34832257
3.71000 1.34604918
3.73000 1.34379130
3.75000 1.34154875
3.77000 1.33932135
3.79000 1.33710890
3.81000 1.33491125
3.83000 1.33272821
3.85000 1.33055961
3.87000 1.32840528
3.89000 1.32626507
3.91000 1.32413881
3.93000 1.32202633
3.95000 1.31992749
3.97000 1.31784213
3.99000 1.31577009
4.01000 1.31371123
4.03000 1.31166540
4.05000 1.30963245
4.07000 1.30761224
4.09000 1.30560464
4.11000 1.30360951
4.13000 1.30162670
4.15000 1.29965609
4.17000 1.29769754
4.19000 1.29575092
4.21000 1.29381612
4.23000 1.29189299
4.25000 1.28998142
4.27000 1.28808129
4.29000 1.28619248
4.31000 1.28431486
4.33000 1.28244832
4.35000 1.28059275
4.37000 1.27874804
4.39000 1.27691407
4.41000 1.27509073
4.43000 1.27327791
4.45000 1.27147552
4.47000 1.26968344
4.49000 1.26790157
4.51000 1.26612980
4.53000 1.26436805
4.55000 1.26261620
4.57000 1.26087417
4.59000 1.25914185
4.61000 1.25741915
4.63000 1.25570598
4.65000 1.25400224
4.67000 1.25230785
4.69000 1.25062270
4.71000 1.24894673
4.73000 1.24727983
4.75000 1.24562193
4.77000 1.24397293
4.79000 1.24233275
4.81000 1.24070132
4.83000 1.23907854
4.85000 1.23746434
4.87000 1.23585864
4.89000 1.23426136
4.91000 1.23267243
4.93000 1.23109176
4.95000 1.22951929
4.97000 1.22795493
4.99000 1.22639862
5.01000 1.22485027
5.03000 1.22330983
5.05000 1.22177722
5.07000 1.22025237
5.09000 1.21873521
5.11000 1.21722568
5.13000 1.21572370
5.15000 1.21422921
5.17000 1.21274215
5.19000 1.21126244
5.21000 1.20979004
5.23000 1.20832487
5.25000 1.20686687
5.27000 1.20541598
5.29000 1.20397214
5.31000 1.20253529
5.33000 1.20110537
5.35000 1.19968232
5.37000 1.19826609
5.39000 1.19685662
5.41000 1.19545384
5.43000 1.19405772
5.45000 1.19266818
5.47000 1.19128518
5.49000 1.18990866
5.51000 1.18853857
5.53000 1.18717485
5.55000 1.18581746
5.57000 1.18446635
5.59000 1.18312145
5.61000 1.18178273
5.63000 1.18045014
5.65000 1.17912361
5.67000 1.17780312
5.69000 1.17648860
5.71000 1.17518001
5.73000 1.17387730
5.75000 1.17258044
5.77000 1.17128936
5.79000 1.17000403
5.81000 1.16872441
5.83000 1.16745044
5.85000 1.16618209
5.87000 1.16491930
5.89000 1.16366205
5.91000 1.16241028
5.93000 1.16116395
5.95000 1.15992303
5.97000 1.15868747
5.99000 1.15745723
6.01000 1.15623228
6.03000 1.15501256
6.05000 1.15379805
6.07000 1.15258870
6.09000 1.15138447
6.11000 1.15018534
6.13000 1.14899125
6.15000 1.14780217
6.17000 1.14661808
6.19000 1.14543892
6.21000 1.14426466
6.23000 1.14309528
6.25000 1.14193072
6.27000 1.14077097
6.29000 1.13961597
6.31000 1.13846571
6.33000 1.13732014
6.35000 1.13617924
6.37000 1.13504296
6.39000 1.13391128
6.41000 1.13278416
6.43000 1.13166157
6.45000 1.13054349
6.47000 1.12942987
6.49000 1.12832068
6.51000 1.12721591
6.53000 1.12611551
6.55000 1.12501945
6.57000 1.12392771
6.59000 1.12284026
6.61000 1.12175706
6.63000 1.12067809
6.65000 1.11960331
6.67000 1.11853271
6.69000 1.11746625
6.71000 1.11640390
6.73000 1.11534564
6.75000 1.11429143
6.77000 1.11324126
6.79000 1.11219509
6.81000 1.11115290
6.83000 1.11011466
6.85000 1.10908034
6.87000 1.10804992
6.89000 1.10702338
6.91000 1.10600068
6.93000 1.10498181
6.95000 1.10396674
6.97000 1.10295544
6.99000 1.10194788
7.01000 1.10094405
7.03000 1.09994393
7.05000 1.09894747
7.07000 1.09795467
7.09000 1.09696550
7.11000 1.09597994
7.13000 1.09499796
7.15000 1.09401954
7.17000 1.09304466
7.19000 1.09207329
7.21000 1.09110542
7.23000 1.09014102
7.25000 1.08918007
7.27000 1.08822255
7.29000 1.08726843
7.31000 1.08631770
7.33000 1.08537033
7.35000 1.08442631
7.37000 1.08348561
7.39000 1.08254822
7.41000 1.08161410
7.43000 1.08068325
7.45000 1.07975564
7.47000 1.07883126
7.49000 1.07791008
7.51000 1.07699208
7.53000 1.07607724
7.55000 1.07516555
7.57000 1.07425699
7.59000 1.07335154
7.61000 1.07244917
7.63000 1.07154988
7.65000 1.07065364
7.67000 1.06976043
7.69000 1.06887024
7.71000 1.06798305
7.73000 1.06709884
7.75000 1.06621759
7.77000 1.06533929
7.79000 1.06446392
7.81000 1.06359146
7.83000 1.06272190
7.85000 1.06185521
7.87000 1.06099138
7.89000 1.06013040
7.91000 1.05927225
7.93000 1.05841691
7.95000 1.05756437
7.97000 1.05671460
7.99000 1.05586760
8.01000 1.05502335
8.03000 1.05418184
8.05000 1.05334304
8.07000 1.05250694
8.09000 1.05167353
8.11000 1.05084279
8.13000 1.05001471
8.15000 1.04918927
8.17000 1.04836645
8.19000 1.04754625
8.21000 1.04672865
8.23000 1.04591363
8.25000 1.04510118
8.27000 1.04429129
8.29000 1.04348393
8.31000 1.04267911
8.33000 1.04187679
8.35000 1.04107698
8.37000 1.04027965
8.39000 1.03948480
8.41000 1.03869240
8.43000 1.03790245
8.45000 1.03711493
8.47000 1.03632984
8.49000 1.03554714
8.51000 1.03476684
8.53000 1.03398893
8.55000 1.03321338
8.57000 1.03244018
8.59000 1.03166933
8.61000 1.03090080
8.63000 1.03013460
8.65000 1.02937070
8.67000 1.02860910
8.69000 1.02784977
8.71000 1.02709272
8.73000 1.02633792
8.75000 1.02558537
8.77000 1.02483505
8.79000 1.02408696
8.81000 1.02334107
8.83000 1.02259739
8.85000 1.02185589
8.87000 1.02111657
8.89000 1.02037942
8.91000 1.01964442
8.93000 1.01891156
8.95000 1.01818083
8.97000 1.01745223
8.99000 1.01672574
9.01000 1.01600135
9.03000 1.01527905
9.05000 1.01455882
9.07000 1.01384067
9.09000 1.01312457
9.11000 1.01241052
9.13000 1.01169851
9.15000 1.01098852
9.17000 1.01028055
9.19000 1.00957459
9.21000 1.00887062
9.23000 1.00816865
9.25000 1.00746865
9.27000 1.00677061
9.29000 1.00607454
9.31000 1.00538041
9.33000 1.00468822
9.35000 1.00399796
9.37000 1.00330962
9.39000 1.00262318
9.41000 1.00193865
9.43000 1.00125602
9.45000 1.00057526
9.47000 0.99989638
9.49000 0.99921936
9.51000 0.99854419
9.53000 0.99787088
9.55000 0.99719940
9.57000 0.99652974
9.59000 0.99586191
9.61000 0.99519589
9.63000 0.99453167
9.65000 0.99386925
9.67000 0.99320861
9.69000 0.99254975
9.71000 0.99189266
9.73000 0.99123732
9.75000 0.99058374
9.77000 0.98993191
9.79000 0.98928180
9.81000 0.98863343
9.83000 0.98798678
9.85000 0.98734183
9.87000 0.98669859
9.89000 0.98605705
9.91000 0.98541719
9.93000 0.98477901
9.95000 0.98414251
9.97000 0.98350766
9.99000 0.98287448
10.01000 0.98224294
10.03000 0.98161305
10.05000 0.98098479
10.07000 0.98035816
10.09000 0.97973314
10.11000 0.97910974
10.13000 0.97848794
10.15000 0.97786774
10.17000 0.97724913
10.19000 0.97663210
10.21000 0.97601665
10.23000 0.97540276
10.25000 0.97479044
10.27000 0.97417967
10.29000 0.97357045
10.31000 0.97296277
10.33000 0.97235663
10.35000 0.97175201
10.37000 0.97114891
10.39000 0.97054732
10.41000 0.96994724
10.43000 0.96934866
10.45000 0.96875158
10.47000 0.96815598
10.49000 0.96756186
10.51000 0.96696922
10.53000 0.96637804
10.55000 0.96578833
10.57000 0.96520007
10.59000 0.96461326
10.61000 0.96402789
10.63000 0.96344395
10.65000 0.96286145
10.67000 0.96228037
10.69000 0.96170071
10.71000 0.96112245
10.73000 0.96054561
10.75000 0.95997016
10.77000 0.95939611
10.79000 0.95882344
10.81000 0.95825215
10.83000 0.95768224
10.85000 0.95711370
10.87000 0.95654653
10.89000 0.95598071
10.91000 0.95541624
10.93000 0.95485312
10.95000 0.95429135
10.97000 0.95373090
10.99000 0.95317179
11.01000 0.95261400
11.03000 0.95205753
11.05000 0.95150237
11.07000 0.95094852
11.09000 0.95039598
11.11000 0.94984473
11.13000 0.94929477
11.15000 0.94874610
11.17000 0.94819870
11.19000 0.94765259
11.21000 0.94710774
11.23000 0.94656416
11.25000 0.94602184
11.27000 0.94548078
11.29000 0.94494096
11.31000 0.94440239
11.33000 0.94386506
11.35000 0.94332896
11.37000 0.94279409
11.39000 0.94226045
11.41000 0.94172802
11.43000 0.94119681
11.45000 0.94066681
11.47000 0.94013802
11.49000 0.93961042
11.51000 0.93908402
11.53000 0.93855881
11.55000 0.93803479
11.57000 0.93751195
11.59000 0.93699028
11.61000 0.93646979
11.63000 0.93595046
11.65000 0.93543229
11.67000 0.93491529
11.69000 0.93439943
11.71000 0.93388472
11.73000 0.93337116
11.75000 0.93285874
11.77000 0.93234745
11.79000 0.93183730
11.81000 0.93132827
11.83000 0.93082036
11.85000 0.93031357
11.87000 0.92980789
11.89000 0.92930332
11.91000 0.92879986
11.93000 0.92829749
11.95000 0.92779623
11.97000 0.92729605
11.99000 0.92679696
12.01000 0.92629896
12.03000 0.92580203
12.05000 0.92530618
12.07000 0.92481140
12.09000 0.92431769
12.11000 0.92382504
12.13000 0.92333345
12.15000 0.92284292
12.17000 0.92235343
12.19000 0.92186499
12.21000 0.92137760
12.23000 0.92089124
12.25000 0.92040592
12.27000 0.91992163
12.29000 0.91943837
12.31000 0.91895613
12.33000 0.91847491
12.35000 0.91799471
12.37000 0.91751551
12.39000 0.91703733
12.41000 0.91656015
12.43000 0.91608397
12.45000 0.91560879
12.47000 0.91513461
12.49000 0.91466141
12.51000 0.91418920
12.53000 0.91371797
12.55000 0.91324772
12.57000 0.91277844
12.59000 0.91231014
12.61000 0.91184280
12.63000 0.91137643
12.65000 0.91091102
12.67000 0.91044657
12.69000 0.90998307
12.71000 0.90952052
12.73000 0.90905892
12.75000 0.90859826
12.77000 0.90813855
12.79000 0.90767977
12.81000 0.90722192
12.83000 0.90676501
12.85000 0.90630902
12.87000 0.90585395
12.89000 0.90539981
12.91000 0.90494658
12.93000 0.90449426
12.95000 0.90404286
12.97000 0.90359236
12.99000 0.90314277
13.01000 0.90269407
13.03000 0.90224628
13.05000 0.90179938
13.07000 0.90135337
13.09000 0.90090825
13.11000 0.90046401
13.13000 0.90002066
13.15000 0.89957818
13.17000 0.89913658
13.19000 0.89869585
13.21000 0.89825600
13.23000 0.89781700
13.25000 0.89737888
13.27000 0.89694161
13.29000 0.89650520
13.31000 0.89606964
13.33000 0.89563494
13.35000 0.89520108
13.37000 0.89476807
13.39000 0.89433591
13.41000 0.89390458
13.43000 0.89347409
13.45000 0.89304444
13.47000 0.89261561
13.49000 0.89218762
13.51000 0.89176045
13.53000 0.89133410
13.55000 0.89090857
13.57000 0.89048386
13.59000 0.89005997
13.61000 0.88963688
13.63000 0.88921461
13.65000 0.88879314
13.67000 0.88837247
13.69000 0.88795261
13.71000 0.88753354
13.73000 0.88711527
13.75000 0.88669779
13.77000 0.88628111
13.79000 0.88586521
13.81000 0.88545009
13.83000 0.88503576
13.85000 0.88462220
13.87000 0.88420943
13.89000 0.88379742
13.91000 0.88338619
13.93000 0.88297573
13.95000 0.88256604
13.97000 0.88215711
13.99000 0.88174894
14.01000 0.88134153
14.03000 0.88093488
14.05000 0.88052898
14.07000 0.88012383
14.09000 0.87971943
14.11000 0.87931578
14.13000 0.87891288
14.15000 0.87851071
14.17000 0.87810929
14.19000 0.87770860
14.21000 0.87730865
14.23000 0.87690943
14.25000 0.87651094
14.27000 0.87611318
14.29000 0.87571614
14.31000 0.87531983
14.33000 0.87492423
14.35000 0.87452936
14.37000 0.87413520
14.39000 0.87374176
14.41000 0.87334902
14.43000 0.87295700
14.45000 0.87256568
14.47000 0.87217507
14.49000 0.87178516
14.51000 0.87139595
14.53000 0.87100744
14.55000 0.87061962
14.57000 0.87023250
14.59000 0.86984607
14.61000 0.86946033
14.63000 0.86907527
14.65000 0.86869090
14.67000 0.86830721
14.69000 0.86792421
14.71000 0.86754188
14.73000 0.86716023
14.75000 0.86677925
14.77000 0.86639895
14.79000 0.86601931
14.81000 0.86564034
14.83000 0.86526204
14.85000 0.86488441
14.87000 0.86450743
14.89000 0.86413111
14.91000 0.86375546
14.93000 0.86338045
14.95000 0.86300610
14.97000 0.86263241
14.99000 0.86225936
15.01000 0.86188696
15.03000 0.86151521
15.05000 0.86114410
15.07000 0.86077363
15.09000 0.86040380
15.11000 0.86003461
15.13000 0.85966605
15.15000 0.85929813
15.17000 0.85893084
15.19000 0.85856418
15.21000 0.85819815
15.23000 0.85783275
15.25000 0.85746796
15.27000 0.85710381
15.29000 0.85674027
15.31000 0.85637735
15.33000 0.85601505
15.35000 0.85565336
15.37000 0.85529229
15.39000 0.85493183
15.41000 0.85457198
15.43000 0.85421273
15.45000 0.85385409
15.47000 0.85349606
15.49000 0.85313863
15.51000 0.85278180
15.53000 0.85242556
15.55000 0.85206993
15.57000 0.85171489
15.59000 0.85136044
15.61000 0.85100659
15.63000 0.85065332
15.65000 0.85030065
15.67000 0.84994856
15.69000 0.84959705
15.71000 0.84924613
15.73000 0.84889579
15.75000 0.84854603
15.77000 0.84819684
15.79000 0.84784824
15.81000 0.84750021
15.83000 0.84715275
15.85000 0.84680586
15.87000 0.84645954
15.89000 0.84611379
15.91000 0.84576861
15.93000 0.84542399
15.95000 0.84507994
15.97000 0.84473644
15.99000 0.84439351
16.01000 0.84405113
16.03000 0.84370931
16.05000 0.84336805
16.07000 0.84302734
16.09000 0.84268718
16.11000 0.84234757
16.13000 0.84200851
16.15000 0.84167000
16.17000 0.84133203
16.19000 0.84099461
16.21000 0.84065773
16.23000 0.84032139
16.25000 0.83998560
16.27000 0.83965033
16.29000 0.83931561
16.31000 0.83898142
16.33000 0.83864776
16.35000 0.83831464
16.37000 0.83798205
16.39000 0.83764998
16.41000 0.83731844
16.43000 0.83698743
16.45000 0.83665695
16.47000 0.83632698
16.49000 0.83599754
16.51000 0.83566862
16.53000 0.83534022
16.55000 0.83501233
16.57000 0.83468496
16.59000 0.83435811
16.61000 0.83403176
16.63000 0.83370593
16.65000 0.83338061
16.67000 0.83305580
16.69000 0.83273150
16.71000 0.83240770
16.73000 0.83208440
16.75000 0.83176161
16.77000 0.83143932
16.79000 0.83111754
16.81000 0.83079625
16.83000 0.83047546
16.85000 0.83015516
16.87000 0.82983536
16.89000 0.82951605
16.91000 0.82919724
16.93000 0.82887892
16.95000 0.82856108
16.97000 0.82824374
16.99000 0.82792688
17.01000 0.82761051
17.03000 0.82729462
17.05000 0.82697922
17.07000 0.82666429
17.09000 0.82634985
17.11000 0.82603589
17.13000 0.82572240
17.15000 0.82540940
17.17000 0.82509686
17.19000 0.82478480
17.21000 0.82447322
17.23000 0.82416210
17.25000 0.82385146
17.27000 0.82354129
17.29000 0.82323158
17.31000 0.82292234
17.33000 0.82261356
17.35000 0.82230525
17.37000 0.82199741
17.39000 0.82169002
17.41000 0.82138309
17.43000 0.82107663
17.45000 0.82077062
17.47000 0.82046507
17.49000 0.82015997
17.51000 0.81985533
17.53000 0.81955114
17.55000 0.81924741
17.57000 0.81894412
17.59000 0.81864129
17.61000 0.81833890
17.63000 0.81803696
17.65000 0.81773547
17.67000 0.81743442
17.69000 0.81713382
17.71000 0.81683365
17.73000 0.81653393
17.75000 0.81623466
17.77000 0.81593582
17.79000 0.81563741
17.81000 0.81533945
17.83000 0.81504192
17.85000 0.81474483
17.87000 0.81444817
17.89000 0.81415194
17.91000 0.81385615
17.93000 0.81356078
17.95000 0.81326584
17.97000 0.81297134
17.99000 0.81267726
18.01000 0.81238360
18.03000 0.81209037
18.05000 0.81179757
18.07000 0.81150518
18.09000 0.81121322
18.11000 0.81092168
18.13000 0.81063056
18.15000 0.81033986
18.17000 0.81004957
18.19000 0.80975971
18.21000 0.80947025
18.23000 0.80918122
18.25000 0.80889259
18.27000 0.80860438
18.29000 0.80831658
18.31000 0.80802918
18.33000 0.80774220
18.35000 0.80745563
18.37000 0.80716946
18.39000 0.80688370
18.41000 0.80659834
18.43000 0.80631339
18.45000 0.80602884
18.47000 0.80574470
18.49000 0.80546095
18.51000 0.80517761
18.53000 0.80489466
18.55000 0.80461211
18.57000 0.80432996
18.59000 0.80404821
18.61000 0.80376685
18.63000 0.80348588
18.65000 0.80320531
18.67000 0.80292513
18.69000 0.80264534
18.71000 0.80236595
18.73000 0.80208694
18.75000 0.80180832
18.77000 0.80153008
18.79000 0.80125224
18.81000 0.80097478
18.83000 0.80069770
18.85000 0.80042101
18.87000 0.80014470
18.89000 0.79986878
18.91000 0.79959323
18.93000 0.79931806
18.95000 0.79904328
18.97000 0.79876887
18.99000 0.79849484
19.01000 0.79822118
19.03000 0.79794790
19.05000 0.79767500
19.07000 0.79740247
19.09000 0.79713031
19.11000 0.79685852
19.13000 0.79658711
19.15000 0.79631606
19.17000 0.79604539
19.19000 0.79577508
19.21000 0.79550514
19.23000 0.79523556
19.25000 0.79496636
19.27000 0.79469751
19.29000 0.79442904
19.31000 0.79416092
19.33000 0.79389317
19.35000 0.79362577
19.37000 0.79335874
19.39000 0.79309207
19.41000 0.79282576
19.43000 0.79255980
19.45000 0.79229421
19.47000 0.79202896
19.49000 0.79176408
19.51000 0.79149955
19.53000 0.79123537
19.55000 0.79097155
19.57000 0.79070807
19.59000 0.79044495
19.61000 0.79018218
19.63000 0.78991976
19.65000 0.78965769
19.67000 0.78939597
19.69000 0.78913459
19.71000 0.78887356
19.73000 0.78861288
19.75000 0.78835254
19.77000 0.78809254
19.79000 0.78783289
19.81000 0.78757358
19.83000 0.78731461
19.85000 0.78705599
19.87000 0.78679770
19.89000 0.78653975
19.91000 0.78628214
19.93000 0.78602487
19.95000 0.78576794
19.97000 0.78551134
19.99000 0.78525508
20.01000 0.78499915
20.03000 0.78474356
20.05000 0.78448830
20.07000 0.78423337
20.09000 0.78397877
20.11000 0.78372451
20.13000 0.78347057
20.15000 0.78321697
20.17000 0.78296369
20.19000 0.78271074
20.21000 0.78245812
20.23000 0.78220582
20.25000 0.78195385
20.27000 0.78170221
20.29000 0.78145088
20.31000 0.78119989
20.33000 0.78094921
20.35000 0.78069886
20.37000 0.78044883
20.39000 0.78019912
20.41000 0.77994973
20.43000 0.77970065
20.45000 0.77945190
20.47000 0.77920346
20.49000 0.77895535
20.51000 0.77870754
20.53000 0.77846006
20.55000 0.77821288
20.57000 0.77796603
20.59000 0.77771948
20.61000 0.77747325
20.63000 0.77722733
20.65000 0.77698172
20.67000 0.77673643
20.69000 0.77649144
20.71000 0.77624676
20.73000 0.77600239
20.75000 0.77575833
20.77000 0.77551458
20.79000 0.77527113
20.81000 0.77502799
20.83000 0.77478515
20.85000 0.77454262
20.87000 0.77430039
20.89000 0.77405847
20.91000 0.77381685
20.93000 0.77357553
20.95000 0.77333451
20.97000 0.77309379
20.99000 0.77285337
21.01000 0.77261325
21.03000 0.77237343
21.05000 0.77213391
21.07000 0.77189469
21.09000 0.77165576
21.11000 0.77141713
21.13000 0.77117879
21.15000 0.77094075
21.17000 0.77070300
21.19000 0.77046555
21.21000 0.77022839
21.23000 0.76999152
21.25000 0.76975494
21.27000 0.76951866
21.29000 0.76928266
21.31000 0.76904696
21.33000 0.76881154
21.35000 0.76857641
21.37000 0.76834157
21.39000 0.76810702
21.41000 0.76787275
21.43000 0.76763877
21.45000 0.76740508
21.47000 0.76717167
21.49000 0.76693854
21.51000 0.76670570
21.53000 0.76647314
21.55000 0.76624086
21.57000 0.76600887
21.59000 0.76577715
21.61000 0.76554572
21.63000 0.76531457
21.65000 0.76508369
21.67000 0.76485310
21.69000 0.76462278
21.71000 0.76439274
21.73000 0.76416298
21.75000 0.76393350
21.77000 0.76370429
21.79000 0.76347536
21.81000 0.76324670
21.83000 0.76301831
21.85000 0.76279020
21.87000 0.76256236
21.89000 0.76233480
21.91000 0.76210750
21.93000 0.76188048
21.95000 0.76165373
21.97000 0.76142725
21.99000 0.76120103
22.01000 0.76097509
22.03000 0.76074942
22.05000 0.76052401
22.07000 0.76029887
22.09000 0.76007400
22.11000 0.75984939
22.13000 0.75962505
22.15000 0.75940098
22.17000 0.75917717
22.19000 0.75895362
22.21000 0.75873034
22.23000 0.75850732
22.25000 0.75828456
22.27000 0.75806207
22.29000 0.75783984
22.31000 0.75761786
22.33000 0.75739615
22.35000 0.75717470
22.37000 0.75695350
22.39000 0.75673257
22.41000 0.75651189
22.43000 0.75629147
22.45000 0.75607131
22.47000 0.75585141
22.49000 0.75563176
22.51000 0.75541237
22.53000 0.75519323
22.55000 0.75497434
22.57000 0.75475571
22.59000 0.75453734
22.61000 0.75431922
22.63000 0.75410134
22.65000 0.75388373
22.67000 0.75366636
22.69000 0.75344924
22.71000 0.75323238
22.73000 0.75301576
22.75000 0.75279939
22.77000 0.75258328
22.79000 0.75236741
22.81000 0.75215179
22.83000 0.75193641
22.85000 0.75172129
22.87000 0.75150641
22.89000 0.75129177
22.91000 0.75107738
22.93000 0.75086324
22.95000 0.75064934
22.97000 0.75043569
22.99000 0.75022227
23.01000 0.75000911
23.03000 0.74979618
23.05000 0.74958349
23.07000 0.74937105
23.09000 0.74915885
23.11000 0.74894689
23.13000 0.74873517
23.15000 0.74852369
23.17000 0.74831245
23.19000 0.74810144
23.21000 0.74789068
23.23000 0.74768015
23.25000 0.74746986
23.27000 0.74725981
23.29000 0.74704999
23.31000 0.74684041
23.33000 0.74663107
23.35000 0.74642196
23.37000 0.74621308
23.39000 0.74600444
23.41000 0.74579603
23.43000 0.74558786
23.45000 0.74537992
23.47000 0.74517221
23.49000 0.74496473
23.51000 0.74475748
23.53000 0.74455047
23.55000 0.74434368
23.57000 0.74413713
23.59000 0.74393080
23.61000 0.74372471
23.63000 0.74351884
23.65000 0.74331320
23.67000 0.74310779
23.69000 0.74290260
23.71000 0.74269765
23.73000 0.74249292
23.75000 0.74228841
23.77000 0.74208413
23.79000 0.74188008
23.81000 0.74167625
23.83000 0.74147264
23.85000 0.74126926
23.87000 0.74106610
23.89000 0.74086317
23.91000 0.74066046
23.93000 0.74045797
23.95000 0.74025570
23.97000 0.74005365
23.99000 0.73985182
24.01000 0.73965022
24.03000 0.73944883
24.05000 0.73924767
24.07000 0.73904672
24.09000 0.73884599
24.11000 0.73864548
24.13000 0.73844519
24.15000 0.73824511
24.17000 0.73804526
24.19000 0.73784562
24.21000 0.73764619
24.23000 0.73744698
24.25000 0.73724799
24.27000 0.73704921
24.29000 0.73685065
24.31000 0.73665230
24.33000 0.73645417
24.35000 0.73625625
24.37000 0.73605854
24.39000 0.73586104
24.41000 0.73566376
24.43000 0.73546669
24.45000 0.73526983
24.47000 0.73507318
24.49000 0.73487674
24.51000 0.73468051
24.53000 0.73448449
24.55000 0.73428868
24.57000 0.73409308
24.59000 0.73389769
24.61000 0.73370251
24.63000 0.73350753
24.65000 0.73331277
24.67000 0.73311821
24.69000 0.73292385
24.71000 0.73272971
24.73000 0.73253577
24.75000 0.73234203
24.77000 0.73214850
24.79000 0.73195517
24.81000 0.73176205
24.83000 0.73156914
24.85000 0.73137642
24.87000 0.73118392
24.89000 0.73099161
24.91000 0.73079950
24.93000 0.73060760
24.95000 0.73041590
24.97000 0.73022441
24.99000 0.73003311
25.01000 0.72984201
25.03000 0.72965112
25.05000 0.72946042
25.07000 0.72926992
25.09000 0.72907963
25.11000 0.72888953
25.13000 0.72869963
25.15000 0.72850993
25.17000 0.72832042
25.19000 0.72813112
25.21000 0.72794201
25.23000 0.72775310
25.25000 0.72756438
25.27000 0.72737586
25.29000 0.72718754
25.31000 0.72699941
25.33000 0.72681147
25.35000 0.72662373
25.37000 0.72643619
25.39000 0.72624884
25.41000 0.72606168
25.43000 0.72587472
25.45000 0.72568795
25.47000 0.72550137
25.49000 0.72531498
25.51000 0.72512879
25.53000 0.72494278
25.55000 0.72475697
25.57000 0.72457135
25.59000 0.72438592
25.61000 0.72420068
25.63000 0.72401563
25.65000 0.72383077
25.67000 0.72364609
25.69000 0.72346161
25.71000 0.72327732
25.73000 0.72309321
25.75000 0.72290929
25.77000 0.72272556
25.79000 0.72254201
25.81000 0.72235865
25.83000 0.72217548
25.85000 0.72199250
25.87000 0.72180970
25.89000 0.72162708
25.91000 0.72144465
25.93000 0.72126241
25.95000 0.72108035
25.97000 0.72089847
25.99000 0.72071678
26.01000 0.72053527
26.03000 0.72035395
26.05000 0.72017281
26.07000 0.71999185
26.09000 0.71981107
26.11000 0.71963047
26.13000 0.71945006
26.15000 0.71926982
26.17000 0.71908977
26.19000 0.71890990
26.21000 0.71873021
26.23000 0.71855070
26.25000 0.71837136
26.27000 0.71819221
26.29000 0.71801324
26.31000 0.71783444
26.33000 0.71765583
26.35000 0.71747739
26.37000 0.71729913
26.39000 0.71712105
26.41000 0.71694314
26.43000 0.71676541
26.45000 0.71658786
26.47000 0.71641048
26.49000 0.71623328
26.51000 0.71605626
26.53000 0.71587941
26.55000 0.71570273
26.57000 0.71552623
26.59000 0.71534991
26.61000 0.71517376
26.63000 0.71499778
26.65000 0.71482198
26.67000 0.71464634
26.69000 0.71447089
26.71000 0.71429560
26.73000 0.71412049
26.75000 0.71394555
26.77000 0.71377078
26.79000 0.71359618
26.81000 0.71342176
26.83000 0.71324750
26.85000 0.71307341
26.87000 0.71289950
26.89000 0.71272576
26.91000 0.71255218
26.93000 0.71237877
26.95000 0.71220554
26.97000 0.71203247
26.99000 0.71185957
27.01000 0.71168684
27.03000 0.71151428
27.05000 0.71134188
27.07000 0.71116965
27.09000 0.71099759
27.11000 0.71082570
27.13000 0.71065397
27.15000 0.71048241
27.17000 0.71031101
27.19000 0.71013978
27.21000 0.70996872
27.23000 0.70979782
27.25000 0.70962709
27.27000 0.70945652
27.29000 0.70928611
27.31000 0.70911587
27.33000 0.70894579
27.35000 0.70877588
27.37000 0.70860613
27.39000 0.70843654
27.41000 0.70826711
27.43000 0.70809785
27.45000 0.70792875
27.47000 0.70775981
27.49000 0.70759103
27.51000 0.70742242
27.53000 0.70725396
27.55000 0.70708567
27.57000 0.70691753
27.59000 0.70674956
27.61000 0.70658175
27.63000 0.70641409
27.65000 0.70624660
27.67000 0.70607926
27.69000 0.70591209
27.71000 0.70574507
27.73000 0.70557821
27.75000 0.70541151
27.77000 0.70524496
27.79000 0.70507858
27.81000 0.70491235
27.83000 0.70474628
27.85000 0.70458036
27.87000 0.70441461
27.89000 0.70424900
27.91000 0.70408356
27.93000 0.70391827
27.95000 0.70375313
27.97000 0.70358815
27.99000 0.70342333
28.01000 0.70325866
28.03000 0.70309414
28.05000 0.70292978
28.07000 0.70276558
28.09000 0.70260152
28.11000 0.70243762
28.13000 0.70227388
28.15000 0.70211028
28.17000 0.70194684
28.19000 0.70178356
28.21000 0.70162042
28.23000 0.70145744
28.25000 0.70129460
28.27000 0.70113192
28.29000 0.70096939
28.31000 0.70080701
28.33000 0.70064479
28.35000 0.70048271
28.37000 0.70032078
28.39000 0.70015901
28.41000 0.69999738
28.43000 0.69983590
28.45000 0.69967457
28.47000 0.69951339
28.49000 0.69935236
28.51000 0.69919148
28.53000 0.69903075
28.55000 0.69887016
28.57000 0.69870973
28.59000 0.69854944
28.61000 0.69838929
28.63000 0.69822930
28.65000 0.69806945
28.67000 0.69790975
28.69000 0.69775019
28.71000 0.69759078
28.73000 0.69743152
28.75000 0.69727240
28.77000 0.69711343
28.79000 0.69695460
28.81000 0.69679592
28.83000 0.69663739
28.85000 0.69647899
28.87000 0.69632075
28.89000 0.69616264
28.91000 0.69600468
28.93000 0.69584687
28.95000 0.69568919
28.97000 0.69553166
28.99000 0.69537428
29.01000 0.69521703
29.03000 0.69505993
29.05000 0.69490297
29.07000 0.69474616
29.09000 0.69458948
29.11000 0.69443295
29.13000 0.69427656
29.15000 0.69412031
29.17000 0.69396420
29.19000 0.69380823
29.21000 0.69365240
29.23000 0.69349671
29.25000 0.69334116
29.27000 0.69318575
29.29000 0.69303048
29.31000 0.69287535
29.33000 0.69272036
29.35000 0.69256551
29.37000 0.69241080
29.39000 0.69225623
29.41000 0.69210179
29.43000 0.69194749
29.45000 0.69179333
29.47000 0.69163931
29.49000 0.69148543
29.51000 0.69133168
29.53000 0.69117807
29.55000 0.69102460
29.57000 0.69087126
29.59000 0.69071806
29.61000 0.69056500
29.63000 0.69041207
29.65000 0.69025928
29.67000 0.69010662
29.69000 0.68995410
29.71000 0.68980171
29.73000 0.68964946
29.75000 0.68949734
29.77000 0.68934536
29.79000 0.68919351
29.81000 0.68904180
29.83000 0.68889022
29.85000 0.68873877
29.87000 0.68858746
29.89000 0.68843628
29.91000 0.68828523
29.93000 0.68813432
29.95000 0.68798354
29.97000 0.68783289
29.99000 0.68768237
30.01000 0.68753199
30.03000 0.68738174
30.05000 0.68723161
30.07000 0.68708163
30.09000 0.68693177
30.11000 0.68678204
30.13000 0.68663244
30.15000 0.68648298
30.17000 0.68633364
30.19000 0.68618444
30.21000 0.68603536
30.23000 0.68588642
30.25000 0.68573760
30.27000 0.68558891
30.29000 0.68544036
30.31000 0.68529193
30.33000 0.68514363
30.35000 0.68499546
30.37000 0.68484742
30.39000 0.68469951
30.41000 0.68455172
30.43000 0.68440406
30.45000 0.68425653
30.47000 0.68410913
30.49000 0.68396185
30.51000 0.68381471
30.53000 0.68366768
30.55000 0.68352079
30.57000 0.68337402
30.59000 0.68322738
30.61000 0.68308086
30.63000 0.68293448
30.65000 0.68278821
30.67000 0.68264207
30.69000 0.68249606
30.71000 0.68235017
30.73000 0.68220441
30.75000 0.68205877
30.77000 0.68191326
30.79000 0.68176787
30.81000 0.68162261
30.83000 0.68147747
30.85000 0.68133245
30.87000 0.68118756
30.89000 0.68104279
30.91000 0.68089814
30.93000 0.68075362
30.95000 0.68060922
30.97000 0.68046494
30.99000 0.68032079
31.01000 0.68017676
31.03000 0.68003285
31.05000 0.67988906
31.07000 0.67974539
31.09000 0.67960185
31.11000 0.67945843
31.13000 0.67931513
31.15000 0.67917195
31.17000 0.67902889
31.19000 0.67888595
31.21000 0.67874313
31.23000 0.67860044
31.25000 0.67845786
31.27000 0.67831540
31.29000 0.67817307
31.31000 0.67803085
31.33000 0.67788875
31.35000 0.67774677
31.37000 0.67760491
31.39000 0.67746317
31.41000 0.67732155
31.43000 0.67718005
31.45000 0.67703867
31.47000 0.67689740
31.49000 0.67675626
31.51000 0.67661523
31.53000 0.67647431
31.55000 0.67633352
31.57000 0.67619284
31.59000 0.67605229
31.61000 0.67591184
31.63000 0.67577152
31.65000 0.67563131
31.67000 0.67549122
31.69000 0.67535125
31.71000 0.67521139
31.73000 0.67507164
31.75000 0.67493202
31.77000 0.67479251
31.79000 0.67465311
31.81000 0.67451383
31.83000 0.67437467
31.85000 0.67423562
31.87000 0.67409668
31.89000 0.67395786
31.91000 0.67381916
31.93000 0.67368057
31.95000 0.67354209
31.97000 0.67340373
31.99000 0.67326548
32.01000 0.67312735
32.03000 0.67298933
32.05000 0.67285142
32.07000 0.67271363
32.09000 0.67257595
32.11000 0.67243838
32.13000 0.67230092
32.15000 0.67216358
32.17000 0.67202635
32.19000 0.67188923
32.21000 0.67175223
32.23000 0.67161533
32.25000 0.67147855
32.27000 0.67134188
32.29000 0.67120532
32.31000 0.67106888
32.33000 0.67093254
32.35000 0.67079632
32.37000 0.67066020
32.39000 0.67052420
32.41000 0.67038831
32.43000 0.67025253
32.45000 0.67011685
32.47000 0.66998129
32.49000 0.66984584
32.51000 0.66971050
32.53000 0.66957527
32.55000 0.66944014
32.57000 0.66930513
32.59000 0.66917023
32.61000 0.66903543
32.63000 0.66890074
32.65000 0.66876617
32.67000 0.66863170
32.69000 0.66849734
32.71000 0.66836308
32.73000 0.66822894
32.75000 0.66809490
32.77000 0.66796098
32.79000 0.66782715
32.81000 0.66769344
32.83000 0.66755983
32.85000 0.66742634
32.87000 0.66729294
32.89000 0.66715966
32.91000 0.66702648
32.93000 0.66689341
32.95000 0.66676044
32.97000 0.66662758
32.99000 0.66649483
33.01000 0.66636218
33.03000 0.66622964
33.05000 0.66609721
33.07000 0.66596488
33.09000 0.66583265
33.11000 0.66570054
33.13000 0.66556852
33.15000 0.66543661
33.17000 0.66530481
33.19000 0.66517311
33.21000 0.66504151
33.23000 0.66491002
33.25000 0.66477864
33.27000 0.66464736
33.29000 0.66451618
33.31000 0.66438510
33.33000 0.66425413
33.35000 0.66412326
33.37000 0.66399250
33.39000 0.66386184
33.41000 0.66373128
33.43000 0.66360083
33.45000 0.66347048
33.47000 0.66334023
33.49000 0.66321008
33.51000 0.66308004
33.53000 0.66295009
33.55000 0.66282025
33.57000 0.66269052
33.59000 0.66256088
33.61000 0.66243135
33.63000 0.66230191
33.65000 0.66217258
33.67000 0.66204335
33.69000 0.66191422
33.71000 0.66178519
33.73000 0.66165627
33.75000 0.66152744
33.77000 0.66139871
33.79000 0.66127009
33.81000 0.66114156
33.83000 0.66101314
33.85000 0.66088481
33.87000 0.66075659
33.89000 0.66062846
33.91000 0.66050044
33.93000 0.66037251
33.95000 0.66024468
33.97000 0.66011696
33.99000 0.65998933
34.01000 0.65986180
34.03000 0.65973437
34.05000 0.65960703
34.07000 0.65947980
34.09000 0.65935266
34.11000 0.65922563
34.13000 0.65909869
34.15000 0.65897185
34.17000 0.65884510
34.19000 0.65871846
34.21000 0.65859191
34.23000 0.65846546
34.25000 0.65833911
34.27000 0.65821285
34.29000 0.65808669
34.31000 0.65796063
34.33000 0.65783467
34.35000 0.65770880
34.37000 0.65758303
34.39000 0.65745735
34.41000 0.65733177
34.43000 0.65720629
34.45000 0.65708091
34.47000 0.65695562
34.49000 0.65683042
34.51000 0.65670532
34.53000 0.65658032
34.55000 0.65645541
34.57000 0.65633060
34.59000 0.65620588
34.61000 0.65608126
34.63000 0.65595673
34.65000 0.65583229
34.67000 0.65570796
34.69000 0.65558371
34.71000 0.65545956
34.73000 0.65533551
34.75000 0.65521155
34.77000 0.65508768
34.79000 0.65496391
34.81000 0.65484023
34.83000 0.65471664
34.85000 0.65459315
34.87000 0.65446975
34.89000 0.65434644
34.91000 0.65422323
34.93000 0.65410011
34.95000 0.65397709
34.97000 0.65385415
34.99000 0.65373131
35.01000 0.65360856
35.03000 0.65348591
35.05000 0.65336334
35.07000 0.65324087
35.09000 0.65311849
35.11000 0.65299620
35.13000 0.65287401
35.15000 0.65275190
35.17000 0.65262989
35.19000 0.65250797
35.21000 0.65238614
35.23000 0.65226440
35.25000 0.65214275
35.27000 0.65202120
35.29000 0.65189973
35.31000 0.65177836
35.33000 0.65165707
35.35000 0.65153588
35.37000 0.65141478
35.39000 0.65129376
35.41000 0.65117284
35.43000 0.65105201
35.45000 0.65093126
35.47000 0.65081061
35.49000 0.65069005
35.51000 0.65056957
35.53000 0.65044919
35.55000 0.65032889
35.57000 0.65020869
35.59000 0.65008857
35.61000 0.64996854
35.63000 0.64984860
35.65000 0.64972875
35.67000 0.64960899
35.69000 0.64948932
35.71000 0.64936973
35.73000 0.64925023
35.75000 0.64913083
35.77000 0.64901150
35.79000 0.64889227
35.81000 0.64877313
35.83000 0.64865407
35.85000 0.64853510
35.87000 0.64841622
35.89000 0.64829743
35.91000 0.64817872
35.93000 0.64806010
35.95000 0.64794156
35.97000 0.64782312
35.99000 0.64770476
36.01000 0.64758649
36.03000 0.64746830
36.05000 0.64735020
36.07000 0.64723219
36.09000 0.64711426
36.11000 0.64699642
36.13000 0.64687867
36.15000 0.64676100
36.17000 0.64664342
36.19000 0.64652592
36.21000 0.64640851
36.23000 0.64629118
36.25000 0.64617394
36.27000 0.64605678
36.29000 0.64593971
36.31000 0.64582273
36.33000 0.64570583
36.35000 0.64558901
36.37000 0.64547228
36.39000 0.64535564
36.41000 0.64523908
36.43000 0.64512260
36.45000 0.64500621
36.47000 0.64488990
36.49000 0.64477367
36.51000 0.64465753
36.53000 0.64454148
36.55000 0.64442550
36.57000 0.64430961
36.59000 0.64419381
36.61000 0.64407809
36.63000 0.64396245
36.65000 0.64384689
36.67000 0.64373142
36.69000 0.64361603
36.71000 0.64350073
36.73000 0.64338550
36.75000 0.64327036
36.77000 0.64315530
36.79000 0.64304033
36.81000 0.64292543
36.83000 0.64281062
36.85000 0.64269589
36.87000 0.64258125
36.89000 0.64246668
36.91000 0.64235220
36.93000 0.64223780
36.95000 0.64212348
36.97000 0.64200924
36.99000 0.64189509
37.01000 0.64178101
37.03000 0.64166702
37.05000 0.64155311
37.07000 0.64143928
37.09000 0.64132553
37.11000 0.64121186
37.13000 0.64109827
37.15000 0.64098476
37.17000 0.64087133
37.19000 0.64075799
37.21000 0.64064472
37.23000 0.64053153
37.25000 0.64041843
37.27000 0.64030540
37.29000 0.64019246
37.31000 0.64007959
37.33000 0.63996680
37.35000 0.63985410
37.37000 0.63974147
37.39000 0.63962892
37.41000 0.63951646
37.43000 0.63940407
37.45000 0.63929176
37.47000 0.63917953
37.49000 0.63906738
37.51000 0.63895530
37.53000 0.63884331
37.55000 0.63873139
37.57000 0.63861956
37.59000 0.63850780
37.61000 0.63839612
37.63000 0.63828452
37.65000 0.63817300
37.67000 0.63806155
37.69000 0.63795019
37.71000 0.63783890
37.73000 0.63772769
37.75000 0.63761655
37.77000 0.63750550
37.79000 0.63739452
37.81000 0.63728362
37.83000 0.63717280
37.85000 0.63706205
37.87000 0.63695138
37.89000 0.63684079
37.91000 0.63673028
37.93000 0.63661984
37.95000 0.63650948
37.97000 0.63639919
37.99000 0.63628899
38.01000 0.63617886
38.03000 0.63606880
38.05000 0.63595882
38.07000 0.63584892
38.09000 0.63573909
38.11000 0.63562934
38.13000 0.63551967
38.15000 0.63541007
38.17000 0.63530055
38.19000 0.63519110
38.21000 0.63508173
38.23000 0.63497244
38.25000 0.63486322
38.27000 0.63475407
38.29000 0.63464501
38.31000 0.63453601
38.33000 0.63442709
38.35000 0.63431825
38.37000 0.63420948
38.39000 0.63410078
38.41000 0.63399216
38.43000 0.63388362
38.45000 0.63377515
38.47000 0.63366675
38.49000 0.63355843
38.51000 0.63345018
38.53000 0.63334201
38.55000 0.63323391
38.57000 0.63312588
38.59000 0.63301793
38.61000 0.63291006
38.63000 0.63280225
38.65000 0.63269452
38.67000 0.63258686
38.69000 0.63247928
38.71000 0.63237177
38.73000 0.63226433
38.75000 0.63215697
38.77000 0.63204968
38.79000 0.63194246
38.81000 0.63183532
38.83000 0.63172825
38.85000 0.63162125
38.87000 0.63151432
38.89000 0.63140747
38.91000 0.63130069
38.93000 0.63119398
38.95000 0.63108734
38.97000 0.63098078
38.99000 0.63087429
39.01000 0.63076787
39.03000 0.63066152
39.05000 0.63055524
39.07000 0.63044904
39.09000 0.63034290
39.11000 0.63023684
39.13000 0.63013085
39.15000 0.63002494
39.17000 0.62991909
39.19000 0.62981331
39.21000 0.62970761
39.23000 0.62960198
39.25000 0.62949642
39.27000 0.62939093
39.29000 0.62928551
39.31000 0.62918016
39.33000 0.62907488
39.35000 0.62896967
39.37000 0.62886453
39.39000 0.62875947
39.41000 0.62865447
39.43000 0.62854954
39.45000 0.62844469
39.47000 0.62833990
39.49000 0.62823519
39.51000 0.62813054
39.53000 0.62802596
39.55000 0.62792146
39.57000 0.62781702
39.59000 0.62771266
39.61000 0.62760836
39.63000 0.62750413
39.65000 0.62739997
39.67000 0.62729588
39.69000 0.62719186
39.71000 0.62708791
39.73000 0.62698403
39.75000 0.62688022
39.77000 0.62677648
39.79000 0.62667280
39.81000 0.62656920
39.83000 0.62646566
39.85000 0.62636219
39.87000 0.62625879
39.89000 0.62615546
39.91000 0.62605220
39.93000 0.62594900
39.95000 0.62584587
39.97000 0.62574282
39.99000 0.62563983
40.01000 0.62553690
40.03000 0.62543405
40.05000 0.62533126
40.07000 0.62522854
40.09000 0.62512589
40.11000 0.62502331
40.13000 0.62492079
40.15000 0.62481834
40.17000 0.62471596
40.19000 0.62461365
40.21000 0.62451140
40.23000 0.62440922
40.25000 0.62430711
40.27000 0.62420506
40.29000 0.62410308
40.31000 0.62400117
40.33000 0.62389932
40.35000 0.62379754
40.37000 0.62369583
40.39000 0.62359418
40.41000 0.62349261
40.43000 0.62339109
40.45000 0.62328965
40.47000 0.62318826
40.49000 0.62308695
40.51000 0.62298570
40.53000 0.62288452
40.55000 0.62278340
40.57000 0.62268235
40.59000 0.62258137
40.61000 0.62248045
40.63000 0.62237959
40.65000 0.62227880
40.67000 0.62217808
40.69000 0.62207742
40.71000 0.62197683
40.73000 0.62187631
40.75000 0.62177584
40.77000 0.62167545
40.79000 0.62157511
40.81000 0.62147485
40.83000 0.62137465
40.85000 0.62127451
40.87000 0.62117444
40.89000 0.62107443
40.91000 0.62097448
40.93000 0.62087461
40.95000 0.62077479
40.97000 0.62067504
40.99000 0.62057536
41.01000 0.62047573
41.03000 0.62037618
41.05000 0.62027668
41.07000 0.62017725
41.09000 0.62007789
41.11000 0.61997859
41.13000 0.61987935
41.15000 0.61978017
41.17000 0.61968106
41.19000 0.61958202
41.21000 0.61948303
41.23000 0.61938411
41.25000 0.61928526
41.27000 0.61918646
41.29000 0.61908773
41.31000 0.61898906
41.33000 0.61889046
41.35000 0.61879192
41.37000 0.61869344
41.39000 0.61859502
41.41000 0.61849667
41.43000 0.61839838
41.45000 0.61830015
41.47000 0.61820199
41.49000 0.61810389
41.51000 0.61800585
41.53000 0.61790787
41.55000 0.61780995
41.57000 0.61771210
41.59000 0.61761431
41.61000 0.61751658
41.63000 0.61741891
41.65000 0.61732131
41.67000 0.61722377
41.69000 0.61712629
41.71000 0.61702887
41.73000 0.61693151
41.75000 0.61683421
41.77000 0.61673698
41.79000 0.61663980
41.81000 0.61654269
41.83000 0.61644564
41.85000 0.61634865
41.87000 0.61625172
41.89000 0.61615486
41.91000 0.61605805
41.93000 0.61596131
41.95000 0.61586462
41.97000 0.61576800
41.99000 0.61567144
42.01000 0.61557493
42.03000 0.61547849
42.05000 0.61538211
42.07000 0.61528579
42.09000 0.61518953
42.11000 0.61509333
42.13000 0.61499719
42.15000 0.61490112
42.17000 0.61480510
42.19000 0.61470914
42.21000 0.61461324
42.23000 0.61451740
42.25000 0.61442162
42.27000 0.61432591
42.29000 0.61423025
42.31000 0.61413465
42.33000 0.61403911
42.35000 0.61394363
42.37000 0.61384821
42.39000 0.61375285
42.41000 0.61365755
42.43000 0.61356231
42.45000 0.61346712
42.47000 0.61337200
42.49000 0.61327693
42.51000 0.61318193
42.53000 0.61308698
42.55000 0.61299210
42.57000 0.61289727
42.59000 0.61280250
42.61000 0.61270779
42.63000 0.61261313
42.65000 0.61251854
42.67000 0.61242401
42.69000 0.61232953
42.71000 0.61223511
42.73000 0.61214075
42.75000 0.61204645
42.77000 0.61195221
42.79000 0.61185802
42.81000 0.61176389
42.83000 0.61166983
42.85000 0.61157582
42.87000 0.61148186
42.89000 0.61138797
42.91000 0.61129413
42.93000 0.61120035
42.95000 0.61110663
42.97000 0.61101296
42.99000 0.61091936
43.01000 0.61082581
43.03000 0.61073232
43.05000 0.61063888
43.07000 0.61054551
43.09000 0.61045219
43.11000 0.61035892
43.13000 0.61026572
43.15000 0.61017257
43.17000 0.61007948
43.19000 0.60998644
43.21000 0.60989347
43.23000 0.60980055
43.25000 0.60970768
43.27000 0.60961488
43.29000 0.60952213
43.31000 0.60942943
43.33000 0.60933679
43.35000 0.60924421
43.37000 0.60915169
43.39000 0.60905922
43.41000 0.60896681
43.43000 0.60887445
43.45000 0.60878215
43.47000 0.60868991
43.49000 0.60859772
43.51000 0.60850559
43.53000 0.60841351
43.55000 0.60832149
43.57000 0.60822953
43.59000 0.60813762
43.61000 0.60804577
43.63000 0.60795397
43.65000 0.60786223
43.67000 0.60777055
43.69000 0.60767892
43.71000 0.60758734
43.73000 0.60749582
43.75000 0.60740436
43.77000 0.60731295
43.79000 0.60722159
43.81000 0.60713029
43.83000 0.60703905
43.85000 0.60694786
43.87000 0.60685673
43.89000 0.60676565
43.91000 0.60667462
43.93000 0.60658366
43.95000 0.60649274
43.97000 0.60640188
43.99000 0.60631107
44.01000 0.60622032
44.03000 0.60612963
44.05000 0.60603898
44.07000 0.60594840
44.09000 0.60585786
44.11000 0.60576738
44.13000 0.60567696
44.15000 0.60558659
44.17000 0.60549627
44.19000 0.60540601
44.21000 0.60531580
44.23000 0.60522564
44.25000 0.60513554
44.27000 0.60504549
44.29000 0.60495550
44.31000 0.60486556
44.33000 0.60477567
44.35000 0.60468584
44.37000 0.60459606
44.39000 0.60450634
44.41000 0.60441666
44.43000 0.60432704
44.45000 0.60423748
44.47000 0.60414796
44.49000 0.60405851
44.51000 0.60396910
44.53000 0.60387975
44.55000 0.60379044
44.57000 0.60370120
44.59000 0.60361200
44.61000 0.60352286
44.63000 0.60343377
44.65000 0.60334474
44.67000 0.60325575
44.69000 0.60316682
44.71000 0.60307794
44.73000 0.60298912
44.75000 0.60290034
44.77000 0.60281162
44.79000 0.60272295
44.81000 0.60263434
44.83000 0.60254577
44.85000 0.60245726
44.87000 0.60236880
44.89000 0.60228039
44.91000 0.60219204
44.93000 0.60210373
44.95000 0.60201548
44.97000 0.60192728
44.99000 0.60183913
45.01000 0.60175104
45.03000 0.60166299
45.05000 0.60157500
45.07000 0.60148706
45.09000 0.60139917
45.11000 0.60131133
45.13000 0.60122354
45.15000 0.60113581
45.17000 0.60104812
45.19000 0.60096049
45.21000 0.60087291
45.23000 0.60078538
45.25000 0.60069790
45.27000 0.60061047
45.29000 0.60052309
45.31000 0.60043576
45.33000 0.60034849
45.35000 0.60026126
45.37000 0.60017409
45.39000 0.60008697
45.41000 0.59999989
45.43000 0.59991287
45.45000 0.59982590
45.47000 0.59973898
45.49000 0.59965211
45.51000 0.59956529
45.53000 0.59947852
45.55000 0.59939180
45.57000 0.59930513
45.59000 0.59921851
45.61000 0.59913195
45.63000 0.59904543
45.65000 0.59895896
45.67000 0.59887254
45.69000 0.59878617
45.71000 0.59869986
45.73000 0.59861359
45.75000 0.59852737
45.77000 0.59844120
45.79000 0.59835508
45.81000 0.59826901
45.83000 0.59818299
45.85000 0.59809702
45.87000 0.59801110
45.89000 0.59792523
45.91000 0.59783941
45.93000 0.59775364
45.95000 0.59766792
45.97000 0.59758224
45.99000 0.59749662
46.01000 0.59741104
46.03000 0.59732552
46.05000 0.59724004
46.07000 0.59715461
46.09000 0.59706924
46.11000 0.59698391
46.13000 0.59689862
46.15000 0.59681339
46.17000 0.59672821
46.19000 0.59664307
46.21000 0.59655799
46.23000 0.59647295
46.25000 0.59638796
46.27000 0.59630302
46.29000 0.59621813
46.31000 0.59613329
46.33000 0.59604849
46.35000 0.59596375
46.37000 0.59587905
46.39000 0.59579440
46.41000 0.59570980
46.43000 0.59562525
46.45000 0.59554074
46.47000 0.59545628
46.49000 0.59537187
46.51000 0.59528751
46.53000 0.59520320
46.55000 0.59511893
46.57000 0.59503472
46.59000 0.59495055
46.61000 0.59486642
46.63000 0.59478235
46.65000 0.59469832
46.67000 0.59461434
46.69000 0.59453041
46.71000 0.59444653
46.73000 0.59436269
46.75000 0.59427890
46.77000 0.59419516
46.79000 0.59411147
46.81000 0.59402782
46.83000 0.59394422
46.85000 0.59386067
46.87000 0.59377716
46.89000 0.59369370
46.91000 0.59361029
46.93000 0.59352693
46.95000 0.59344361
46.97000 0.59336034
46.99000 0.59327711
47.01000 0.59319394
47.03000 0.59311080
47.05000 0.59302772
47.07000 0.59294468
47.09000 0.59286169
47.11000 0.59277875
47.13000 0.59269585
47.15000 0.59261300
47.17000 0.59253020
47.19000 0.59244744
47.21000 0.59236473
47.23000 0.59228206
47.25000 0.59219944
47.27000 0.59211687
47.29000 0.59203434
47.31000 0.59195186
47.33000 0.59186943
47.35000 0.59178704
47.37000 0.59170470
47.39000 0.59162240
47.41000 0.59154015
47.43000 0.59145794
47.45000 0.59137578
47.47000 0.59129367
47.49000 0.59121160
47.51000 0.59112958
47.53000 0.59104760
47.55000 0.59096567
47.57000 0.59088379
47.59000 0.59080195
47.61000 0.59072015
47.63000 0.59063840
47.65000 0.59055670
47.67000 0.59047504
47.69000 0.59039343
47.71000 0.59031186
47.73000 0.59023034
47.75000 0.59014886
47.77000 0.59006743
47.79000 0.58998604
47.81000 0.58990470
47.83000 0.58982340
47.85000 0.58974215
47.87000 0.58966094
47.89000 0.58957978
47.91000 0.58949866
47.93000 0.58941759
47.95000 0.58933656
47.97000 0.58925557
47.99000 0.58917464
48.01000 0.58909374
48.03000 0.58901289
48.05000 0.58893208
48.07000 0.58885132
48.09000 0.58877061
48.11000 0.58868993
48.13000 0.58860931
48.15000 0.58852872
48.17000 0.58844818
48.19000 0.58836769
48.21000 0.58828723
48.23000 0.58820683
48.25000 0.58812646
48.27000 0.58804615
48.29000 0.58796587
48.31000 0.58788564
48.33000 0.58780545
48.35000 0.58772531
48.37000 0.58764521
48.39000 0.58756515
48.41000 0.58748514
48.43000 0.58740517
48.45000 0.58732525
48.47000 0.58724536
48.49000 0.58716553
48.51000 0.58708573
48.53000 0.58700598
48.55000 0.58692627
48.57000 0.58684661
48.59000 0.58676699
48.61000 0.58668741
48.63000 0.58660788
48.65000 0.58652839
48.67000 0.58644894
48.69000 0.58636954
48.71000 0.58629017
48.73000 0.58621086
48.75000 0.58613158
48.77000 0.58605235
48.79000 0.58597316
48.81000 0.58589401
48.83000 0.58581491
48.85000 0.58573585
48.87000 0.58565683
48.89000 0.58557785
48.91000 0.58549892
48.93000 0.58542003
48.95000 0.58534118
48.97000 0.58526238
48.99000 0.58518362
49.01000 0.58510490
49.03000 0.58502622
49.05000 0.58494759
49.07000 0.58486899
49.09000 0.58479044
49.11000 0.58471194
49.13000 0.58463347
49.15000 0.58455505
49.17000 0.58447666
49.19000 0.58439833
49.21000 0.58432003
49.23000 0.58424177
49.25000 0.58416356
49.27000 0.58408539
49.29000 0.58400726
49.31000 0.58392917
49.33000 0.58385113
49.35000 0.58377312
49.37000 0.58369516
49.39000 0.58361724
49.41000 0.58353936
49.43000 0.58346153
49.45000 0.58338373
49.47000 0.58330598
49.49000 0.58322827
49.51000 0.58315060
49.53000 0.58307297
49.55000 0.58299538
49.57000 0.58291784
49.59000 0.58284033
49.61000 0.58276287
49.63000 0.58268545
49.65000 0.58260806
49.67000 0.58253072
49.69000 0.58245343
49.71000 0.58237617
49.73000 0.58229895
49.75000 0.58222178
49.77000 0.58214464
49.79000 0.58206755
49.81000 0.58199050
49.83000 0.58191349
49.85000 0.58183651
49.87000 0.58175958
49.89000 0.58168270
49.91000 0.58160585
49.93000 0.58152904
49.95000 0.58145227
49.97000 0.58137555
49.99000 0.58129886
50.01000 0.58122222
50.03000 0.58114561
50.05000 0.58106905
50.07000 0.58099252
50.09000 0.58091604
50.11000 0.58083960
50.13000 0.58076319
50.15000 0.58068683
50.17000 0.58061051
50.19000 0.58053423
50.21000 0.58045799
50.23000 0.58038178
50.25000 0.58030562
