0.25000 3.04063908
0.26000 3.00114579
0.27000 2.96362754
0.28000 2.92791771
0.29000 2.89386906
0.30000 2.86135093
0.31000 2.83024682
0.32000 2.80045254
0.33000 2.77187450
0.34000 2.74442840
0.35000 2.71803803
0.36000 2.69263432
0.37000 2.66815447
0.38000 2.64454124
0.39000 2.62174234
0.40000 2.59970985
0.41000 2.57839979
0.42000 2.55777171
0.43000 2.53778830
0.44000 2.51841512
0.45000 2.49962027
0.46000 2.48137422
0.47000 2.46364951
0.48000 2.44642063
0.49000 2.42966380
0.50000 2.41335684
0.51000 2.39747903
0.52000 2.38201100
0.53000 2.36693457
0.54000 2.35223274
0.55000 2.33788950
0.56000 2.32388982
0.57000 2.31021957
0.58000 2.29686540
0.59000 2.28381475
0.60000 2.27105574
0.61000 2.25857716
0.62000 2.24636839
0.63000 2.23441940
0.64000 2.22272065
0.65000 2.21126313
0.66000 2.20003825
0.67000 2.18903787
0.68000 2.17825426
0.69000 2.16768004
0.70000 2.15730821
0.71000 2.14713208
0.72000 2.13714527
0.73000 2.12734172
0.74000 2.11771560
0.75000 2.10826139
0.76000 2.09897377
0.77000 2.08984769
0.78000 2.08087827
0.79000 2.07206089
0.80000 2.06339107
0.81000 2.05486457
0.82000 2.04647727
0.83000 2.03822526
0.84000 2.03010475
0.85000 2.02211213
0.86000 2.01424391
0.87000 2.00649674
0.88000 1.99886740
0.89000 1.99135279
0.90000 1.98394993
0.91000 1.97665593
0.92000 1.96946802
0.93000 1.96238355
0.94000 1.95539991
0.95000 1.94851465
0.96000 1.94172534
0.97000 1.93502968
0.98000 1.92842544
0.99000 1.92191044
1.00000 1.91548259
1.01000 1.90913989
1.02000 1.90288037
1.03000 1.89670214
1.04000 1.89060338
1.05000 1.88458231
1.06000 1.87863722
1.07000 1.87276644
1.08000 1.86696836
1.09000 1.86124143
1.10000 1.85558412
1.11000 1.84999498
1.12000 1.84447258
1.13000 1.83901552
1.14000 1.83362249
1.15000 1.82829216
1.16000 1.82302327
1.17000 1.81781461
1.18000 1.81266496
1.19000 1.80757318
1.20000 1.80253813
1.21000 1.79755872
1.22000 1.79263388
1.23000 1.78776257
1.24000 1.78294378
1.25000 1.77817652
1.26000 1.77345985
1.27000 1.76879283
1.28000 1.76417455
1.29000 1.75960413
1.30000 1.75508071
1.31000 1.75060344
1.32000 1.74617152
1.33000 1.74178413
1.34000 1.73744051
1.35000 1.73313990
1.36000 1.72888155
1.37000 1.72466475
1.38000 1.72048879
1.39000 1.71635299
1.40000 1.71225666
1.41000 1.70819917
1.42000 1.70417986
1.43000 1.70019812
1.44000 1.69625333
1.45000 1.69234490
1.46000 1.68847224
1.47000 1.68463479
1.48000 1.68083199
1.49000 1.67706329
1.50000 1.67332817
1.51000 1.66962611
1.52000 1.66595659
1.53000 1.66231912
1.54000 1.65871321
1.55000 1.65513838
1.56000 1.65159418
1.57000 1.64808014
1.58000 1.64459582
1.59000 1.64114077
1.60000 1.63771458
1.61000 1.63431682
1.62000 1.63094709
1.63000 1.62760497
1.64000 1.62429009
1.65000 1.62100204
1.66000 1.61774046
1.67000 1.61450497
1.68000 1.61129521
1.69000 1.60811082
1.70000 1.60495146
1.71000 1.60181678
1.72000 1.59870645
1.73000 1.59562014
1.74000 1.59255752
1.75000 1.58951828
1.76000 1.58650211
1.77000 1.58350870
1.78000 1.58053776
1.79000 1.57758899
1.80000 1.57466210
1.81000 1.57175681
1.82000 1.56887285
1.83000 1.56600994
1.84000 1.56316781
1.85000 1.56034620
1.86000 1.55754485
1.87000 1.55476352
1.88000 1.55200194
1.89000 1.54925988
1.90000 1.54653710
1.91000 1.54383336
1.92000 1.54114843
1.93000 1.53848207
1.94000 1.53583408
1.95000 1.53320422
1.96000 1.53059228
1.97000 1.52799805
1.98000 1.52542132
1.99000 1.52286189
2.00000 1.52031954
2.01000 1.51779409
2.02000 1.51528533
2.03000 1.51279308
2.04000 1.51031715
2.05000 1.50785735
2.06000 1.50541349
2.07000 1.50298540
2.08000 1.50057290
2.09000 1.49817581
2.10000 1.49579397
2.11000 1.49342720
2.12000 1.49107535
2.13000 1.48873823
2.14000 1.48641571
2.15000 1.48410760
2.16000 1.48181377
2.17000 1.47953405
2.18000 1.47726830
2.19000 1.47501636
2.20000 1.47277810
2.21000 1.47055335
2.22000 1.46834199
2.23000 1.46614387
2.24000 1.46395885
2.25000 1.46178680
2.26000 1.45962759
2.27000 1.45748107
2.28000 1.45534713
2.29000 1.45322563
2.30000 1.45111645
2.31000 1.44901946
2.32000 1.44693453
2.33000 1.44486156
2.34000 1.44280041
2.35000 1.44075098
2.36000 1.43871314
2.37000 1.43668678
2.38000 1.43467179
2.39000 1.43266805
2.40000 1.43067546
2.41000 1.42869392
2.42000 1.42672330
2.43000 1.42476351
2.44000 1.42281445
2.45000 1.42087601
2.46000 1.41894809
2.47000 1.41703059
2.48000 1.41512341
2.49000 1.41322646
2.50000 1.41133964
2.51000 1.40946286
2.52000 1.40759602
2.53000 1.40573903
2.54000 1.40389180
2.55000 1.40205424
2.56000 1.40022627
2.57000 1.39840779
2.58000 1.39659872
2.59000 1.39479898
2.60000 1.39300848
2.61000 1.39122714
2.62000 1.38945487
2.63000 1.38769160
2.64000 1.38593725
2.65000 1.38419174
2.66000 1.38245498
2.67000 1.38072691
2.68000 1.37900745
2.69000 1.37729652
2.70000 1.37559405
2.71000 1.37389997
2.72000 1.37221420
2.73000 1.37053667
2.74000 1.36886732
2.75000 1.36720607
2.76000 1.36555286
2.77000 1.36390761
2.78000 1.36227027
2.79000 1.36064076
2.80000 1.35901901
2.81000 1.35740497
2.82000 1.35579858
2.83000 1.35419976
2.84000 1.35260845
2.85000 1.35102460
2.86000 1.34944814
2.87000 1.34787901
2.88000 1.34631716
2.89000 1.34476252
2.90000 1.34321503
2.91000 1.34167465
2.92000 1.34014130
2.93000 1.33861495
2.94000 1.33709552
2.95000 1.33558297
2.96000 1.33407723
2.97000 1.33257827
2.98000 1.33108602
2.99000 1.32960043
3.00000 1.32812145
3.01000 1.32664903
3.02000 1.32518312
3.03000 1.32372367
3.04000 1.32227062
3.05000 1.32082393
3.06000 1.31938356
3.07000 1.31794944
3.08000 1.31652155
3.09000 1.31509981
3.10000 1.31368421
3.11000 1.31227467
3.12000 1.31087117
3.13000 1.30947365
3.14000 1.30808207
3.15000 1.30669639
3.16000 1.30531656
3.17000 1.30394255
3.18000 1.30257429
3.19000 1.30121177
3.20000 1.29985492
3.21000 1.29850372
3.22000 1.29715812
3.23000 1.29581808
3.24000 1.29448356
3.25000 1.29315452
3.26000 1.29183092
3.27000 1.29051273
3.28000 1.28919990
3.29000 1.28789239
3.30000 1.28659017
3.31000 1.28529321
3.32000 1.28400145
3.33000 1.28271488
3.34000 1.28143344
3.35000 1.28015711
3.36000 1.27888586
3.37000 1.27761963
3.38000 1.27635841
3.39000 1.27510215
3.40000 1.27385082
3.41000 1.27260439
3.42000 1.27136282
3.43000 1.27012609
3.44000 1.26889415
3.45000 1.26766698
3.46000 1.26644454
3.47000 1.26522681
3.48000 1.26401374
3.49000 1.26280531
3.50000 1.26160150
3.51000 1.26040225
3.52000 1.25920756
3.53000 1.25801738
3.54000 1.25683169
3.55000 1.25565046
3.56000 1.25447365
3.57000 1.25330124
3.58000 1.25213321
3.59000 1.25096952
3.60000 1.24981014
3.61000 1.24865504
3.62000 1.24750421
3.63000 1.24635761
3.64000 1.24521521
3.65000 1.24407698
3.66000 1.24294291
3.67000 1.24181296
3.68000 1.24068711
3.69000 1.23956533
3.70000 1.23844760
3.71000 1.23733389
3.72000 1.23622417
3.73000 1.23511842
3.74000 1.23401662
3.75000 1.23291874
3.76000 1.23182476
3.77000 1.23073465
3.78000 1.22964838
3.79000 1.22856595
3.80000 1.22748731
3.81000 1.22641245
3.82000 1.22534135
3.83000 1.22427398
3.84000 1.22321032
3.85000 1.22215034
3.86000 1.22109403
3.87000 1.22004136
3.88000 1.21899232
3.89000 1.21794687
3.90000 1.21690500
3.91000 1.21586668
3.92000 1.21483190
3.93000 1.21380063
3.94000 1.21277286
3.95000 1.21174856
3.96000 1.21072771
3.97000 1.20971029
3.98000 1.20869628
3.99000 1.20768566
4.00000 1.20667842
4.01000 1.20567453
4.02000 1.20467397
4.03000 1.20367672
4.04000 1.20268277
4.05000 1.20169209
4.06000 1.20070467
4.07000 1.19972048
4.08000 1.19873952
4.09000 1.19776175
4.10000 1.19678717
4.11000 1.19581575
4.12000 1.19484748
4.13000 1.19388233
4.14000 1.19292030
4.15000 1.19196136
4.16000 1.19100550
4.17000 1.19005269
4.18000 1.18910293
4.19000 1.18815619
4.20000 1.18721246
4.21000 1.18627172
4.22000 1.18533396
4.23000 1.18439915
4.24000 1.18346729
4.25000 1.18253835
4.26000 1.18161232
4.27000 1.18068918
4.28000 1.17976893
4.29000 1.17885153
4.30000 1.17793698
4.31000 1.17702527
4.32000 1.17611637
4.33000 1.17521027
4.34000 1.17430696
4.35000 1.17340641
4.36000 1.17250863
4.37000 1.17161358
4.38000 1.17072126
4.39000 1.16983166
4.40000 1.16894475
4.41000 1.16806052
4.42000 1.16717897
4.43000 1.16630007
4.44000 1.16542381
4.45000 1.16455018
4.46000 1.16367916
4.47000 1.16281074
4.48000 1.16194491
4.49000 1.16108165
4.50000 1.16022096
4.51000 1.15936280
4.52000 1.15850718
4.53000 1.15765409
4.54000 1.15680350
4.55000 1.15595540
4.56000 1.15510978
4.57000 1.15426664
4.58000 1.15342595
4.59000 1.15258770
4.60000 1.15175189
4.61000 1.15091849
4.62000 1.15008750
4.63000 1.14925891
4.64000 1.14843270
4.65000 1.14760886
4.66000 1.14678738
4.67000 1.14596824
4.68000 1.14515144
4.69000 1.14433697
4.70000 1.14352481
4.71000 1.14271495
4.72000 1.14190737
4.73000 1.14110208
4.74000 1.14029905
4.75000 1.13949828
4.76000 1.13869975
4.77000 1.13790346
4.78000 1.13710939
4.79000 1.13631753
4.80000 1.13552787
4.81000 1.13474040
4.82000 1.13395511
4.83000 1.13317199
4.84000 1.13239104
4.85000 1.13161222
4.86000 1.13083555
4.87000 1.13006101
4.88000 1.12928858
4.89000 1.12851826
4.90000 1.12775004
4.91000 1.12698390
4.92000 1.12621984
4.93000 1.12545786
4.94000 1.12469792
4.95000 1.12394004
4.96000 1.12318420
4.97000 1.12243038
4.98000 1.12167859
4.99000 1.12092880
5.00000 1.12018102
5.01000 1.11943522
5.02000 1.11869141
5.03000 1.11794957
5.04000 1.11720970
5.05000 1.11647178
5.06000 1.11573581
5.07000 1.11500177
5.08000 1.11426966
5.09000 1.11353947
5.10000 1.11281119
5.11000 1.11208481
5.12000 1.11136033
5.13000 1.11063773
5.14000 1.10991700
5.15000 1.10919814
5.16000 1.10848114
5.17000 1.10776599
5.18000 1.10705269
5.19000 1.10634121
5.20000 1.10563156
5.21000 1.10492373
5.22000 1.10421771
5.23000 1.10351349
5.24000 1.10281106
5.25000 1.10211042
5.26000 1.10141156
5.27000 1.10071446
5.28000 1.10001912
5.29000 1.09932554
5.30000 1.09863371
5.31000 1.09794361
5.32000 1.09725525
5.33000 1.09656860
5.34000 1.09588368
5.35000 1.09520046
5.36000 1.09451894
5.37000 1.09383911
5.38000 1.09316097
5.39000 1.09248451
5.40000 1.09180972
5.41000 1.09113659
5.42000 1.09046513
5.43000 1.08979531
5.44000 1.08912713
5.45000 1.08846059
5.46000 1.08779568
5.47000 1.08713239
5.48000 1.08647071
5.49000 1.08581064
5.50000 1.08515218
5.51000 1.08449531
5.52000 1.08384002
5.53000 1.08318632
5.54000 1.08253419
5.55000 1.08188363
5.56000 1.08123463
5.57000 1.08058718
5.58000 1.07994128
5.59000 1.07929693
5.60000 1.07865411
5.61000 1.07801281
5.62000 1.07737304
5.63000 1.07673479
5.64000 1.07609804
5.65000 1.07546280
5.66000 1.07482906
5.67000 1.07419681
5.68000 1.07356604
5.69000 1.07293675
5.70000 1.07230893
5.71000 1.07168259
5.72000 1.07105770
5.73000 1.07043426
5.74000 1.06981228
5.75000 1.06919174
5.76000 1.06857264
5.77000 1.06795496
5.78000 1.06733872
5.79000 1.06672389
5.80000 1.06611048
5.81000 1.06549847
5.82000 1.06488787
5.83000 1.06427867
5.84000 1.06367086
5.85000 1.06306443
5.86000 1.06245939
5.87000 1.06185572
5.88000 1.06125342
5.89000 1.06065248
5.90000 1.06005290
5.91000 1.05945468
5.92000 1.05885780
5.93000 1.05826227
5.94000 1.05766807
5.95000 1.05707521
5.96000 1.05648367
5.97000 1.05589346
5.98000 1.05530456
5.99000 1.05471697
6.00000 1.05413070
6.01000 1.05354572
6.02000 1.05296203
6.03000 1.05237964
6.04000 1.05179854
6.05000 1.05121872
6.06000 1.05064017
6.07000 1.05006290
6.08000 1.04948689
6.09000 1.04891214
6.10000 1.04833865
6.11000 1.04776641
6.12000 1.04719542
6.13000 1.04662568
6.14000 1.04605717
6.15000 1.04548989
6.16000 1.04492384
6.17000 1.04435902
6.18000 1.04379541
6.19000 1.04323302
6.20000 1.04267185
6.21000 1.04211187
6.22000 1.04155310
6.23000 1.04099552
6.24000 1.04043914
6.25000 1.03988394
6.26000 1.03932993
6.27000 1.03877709
6.28000 1.03822543
6.29000 1.03767494
6.30000 1.03712561
6.31000 1.03657745
6.32000 1.03603044
6.33000 1.03548459
6.34000 1.03493988
6.35000 1.03439632
6.36000 1.03385390
6.37000 1.03331262
6.38000 1.03277246
6.39000 1.03223344
6.40000 1.03169554
6.41000 1.03115875
6.42000 1.03062309
6.43000 1.03008853
6.44000 1.02955508
6.45000 1.02902274
6.46000 1.02849149
6.47000 1.02796134
6.48000 1.02743228
6.49000 1.02690431
6.50000 1.02637742
6.51000 1.02585162
6.52000 1.02532688
6.53000 1.02480322
6.54000 1.02428063
6.55000 1.02375910
6.56000 1.02323864
6.57000 1.02271923
6.58000 1.02220087
6.59000 1.02168356
6.60000 1.02116730
6.61000 1.02065208
6.62000 1.02013789
6.63000 1.01962475
6.64000 1.01911263
6.65000 1.01860154
6.66000 1.01809147
6.67000 1.01758243
6.68000 1.01707440
6.69000 1.01656738
6.70000 1.01606138
6.71000 1.01555637
6.72000 1.01505238
6.73000 1.01454938
6.74000 1.01404737
6.75000 1.01354636
6.76000 1.01304634
6.77000 1.01254730
6.78000 1.01204924
6.79000 1.01155217
6.80000 1.01105607
6.81000 1.01056094
6.82000 1.01006677
6.83000 1.00957358
6.84000 1.00908134
6.85000 1.00859007
6.86000 1.00809974
6.87000 1.00761038
6.88000 1.00712196
6.89000 1.00663448
6.90000 1.00614795
6.91000 1.00566236
6.92000 1.00517770
6.93000 1.00469398
6.94000 1.00421118
6.95000 1.00372931
6.96000 1.00324837
6.97000 1.00276835
6.98000 1.00228924
6.99000 1.00181105
7.00000 1.00133377
7.01000 1.00085740
7.02000 1.00038193
7.03000 0.99990737
7.04000 0.99943370
7.05000 0.99896093
7.06000 0.99848906
7.07000 0.99801807
7.08000 0.99754797
7.09000 0.99707876
7.10000 0.99661043
7.11000 0.99614297
7.12000 0.99567640
7.13000 0.99521069
7.14000 0.99474586
7.15000 0.99428189
7.16000 0.99381879
7.17000 0.99335655
7.18000 0.99289516
7.19000 0.99243464
7.20000 0.99197496
7.21000 0.99151614
7.22000 0.99105817
7.23000 0.99060103
7.24000 0.99014475
7.25000 0.98968930
7.26000 0.98923469
7.27000 0.98878091
7.28000 0.98832796
7.29000 0.98787585
7.30000 0.98742456
7.31000 0.98697409
7.32000 0.98652444
7.33000 0.98607561
7.34000 0.98562760
7.35000 0.98518040
7.36000 0.98473401
7.37000 0.98428843
7.38000 0.98384366
7.39000 0.98339968
7.40000 0.98295651
7.41000 0.98251414
7.42000 0.98207256
7.43000 0.98163177
7.44000 0.98119177
7.45000 0.98075256
7.46000 0.98031414
7.47000 0.97987650
7.48000 0.97943964
7.49000 0.97900356
7.50000 0.97856825
7.51000 0.97813372
7.52000 0.97769996
7.53000 0.97726696
7.54000 0.97683474
7.55000 0.97640327
7.56000 0.97597257
7.57000 0.97554262
7.58000 0.97511344
7.59000 0.97468500
7.60000 0.97425732
7.61000 0.97383039
7.62000 0.97340421
7.63000 0.97297877
7.64000 0.97255407
7.65000 0.97213012
7.66000 0.97170690
7.67000 0.97128442
7.68000 0.97086267
7.69000 0.97044166
7.70000 0.97002137
7.71000 0.96960181
7.72000 0.96918297
7.73000 0.96876486
7.74000 0.96834747
7.75000 0.96793080
7.76000 0.96751484
7.77000 0.96709960
7.78000 0.96668507
7.79000 0.96627125
7.80000 0.96585814
7.81000 0.96544573
7.82000 0.96503402
7.83000 0.96462302
7.84000 0.96421272
7.85000 0.96380311
7.86000 0.96339420
7.87000 0.96298598
7.88000 0.96257846
7.89000 0.96217162
7.90000 0.96176547
7.91000 0.96136000
7.92000 0.96095522
7.93000 0.96055112
7.94000 0.96014769
7.95000 0.95974495
7.96000 0.95934287
7.97000 0.95894148
7.98000 0.95854075
7.99000 0.95814069
8.00000 0.95774130
8.01000 0.95734257
8.02000 0.95694451
8.03000 0.95654710
8.04000 0.95615036
8.05000 0.95575428
8.06000 0.95535885
8.07000 0.95496407
8.08000 0.95456994
8.09000 0.95417647
8.10000 0.95378364
8.11000 0.95339146
8.12000 0.95299993
8.13000 0.95260903
8.14000 0.95221878
8.15000 0.95182916
8.16000 0.95144018
8.17000 0.95105184
8.18000 0.95066413
8.19000 0.95027705
8.20000 0.94989061
8.21000 0.94950478
8.22000 0.94911959
8.23000 0.94873502
8.24000 0.94835107
8.25000 0.94796774
8.26000 0.94758504
8.27000 0.94720295
8.28000 0.94682147
8.29000 0.94644061
8.30000 0.94606036
8.31000 0.94568072
8.32000 0.94530169
8.33000 0.94492327
8.34000 0.94454545
8.35000 0.94416823
8.36000 0.94379162
8.37000 0.94341561
8.38000 0.94304019
8.39000 0.94266538
8.40000 0.94229115
8.41000 0.94191753
8.42000 0.94154449
8.43000 0.94117204
8.44000 0.94080019
8.45000 0.94042891
8.46000 0.94005823
8.47000 0.93968813
8.48000 0.93931861
8.49000 0.93894967
8.50000 0.93858131
8.51000 0.93821353
8.52000 0.93784632
8.53000 0.93747969
8.54000 0.93711363
8.55000 0.93674814
8.56000 0.93638322
8.57000 0.93601887
8.58000 0.93565508
8.59000 0.93529186
8.60000 0.93492920
8.61000 0.93456711
8.62000 0.93420557
8.63000 0.93384460
8.64000 0.93348418
8.65000 0.93312432
8.66000 0.93276501
8.67000 0.93240625
8.68000 0.93204805
8.69000 0.93169039
8.70000 0.93133329
8.71000 0.93097673
8.72000 0.93062071
8.73000 0.93026524
8.74000 0.92991032
8.75000 0.92955593
8.76000 0.92920208
8.77000 0.92884877
8.78000 0.92849600
8.79000 0.92814376
8.80000 0.92779206
8.81000 0.92744089
8.82000 0.92709025
8.83000 0.92674014
8.84000 0.92639056
8.85000 0.92604151
8.86000 0.92569298
8.87000 0.92534497
8.88000 0.92499749
8.89000 0.92465053
8.90000 0.92430409
8.91000 0.92395817
8.92000 0.92361276
8.93000 0.92326787
8.94000 0.92292350
8.95000 0.92257964
8.96000 0.92223629
8.97000 0.92189345
8.98000 0.92155112
8.99000 0.92120930
9.00000 0.92086798
9.01000 0.92052717
9.02000 0.92018687
9.03000 0.91984706
9.04000 0.91950776
9.05000 0.91916896
9.06000 0.91883066
9.07000 0.91849285
9.08000 0.91815554
9.09000 0.91781873
9.10000 0.91748241
9.11000 0.91714658
9.12000 0.91681124
9.13000 0.91647640
9.14000 0.91614204
9.15000 0.91580817
9.16000 0.91547478
9.17000 0.91514188
9.18000 0.91480947
9.19000 0.91447753
9.20000 0.91414608
9.21000 0.91381511
9.22000 0.91348461
9.23000 0.91315460
9.24000 0.91282506
9.25000 0.91249599
9.26000 0.91216740
9.27000 0.91183928
9.28000 0.91151164
9.29000 0.91118446
9.30000 0.91085776
9.31000 0.91053152
9.32000 0.91020574
9.33000 0.90988044
9.34000 0.90955560
9.35000 0.90923122
9.36000 0.90890730
9.37000 0.90858385
9.38000 0.90826085
9.39000 0.90793832
9.40000 0.90761624
9.41000 0.90729462
9.42000 0.90697345
9.43000 0.90665274
9.44000 0.90633248
9.45000 0.90601268
9.46000 0.90569332
9.47000 0.90537441
9.48000 0.90505596
9.49000 0.90473795
9.50000 0.90442038
9.51000 0.90410326
9.52000 0.90378659
9.53000 0.90347036
9.54000 0.90315457
9.55000 0.90283922
9.56000 0.90252432
9.57000 0.90220985
9.58000 0.90189582
9.59000 0.90158222
9.60000 0.90126907
9.61000 0.90095634
9.62000 0.90064405
9.63000 0.90033220
9.64000 0.90002077
9.65000 0.89970977
9.66000 0.89939921
9.67000 0.89908907
9.68000 0.89877936
9.69000 0.89847008
9.70000 0.89816122
9.71000 0.89785278
9.72000 0.89754477
9.73000 0.89723718
9.74000 0.89693001
9.75000 0.89662327
9.76000 0.89631694
9.77000 0.89601103
9.78000 0.89570554
9.79000 0.89540046
9.80000 0.89509580
9.81000 0.89479155
9.82000 0.89448772
9.83000 0.89418429
9.84000 0.89388128
9.85000 0.89357868
9.86000 0.89327649
9.87000 0.89297471
9.88000 0.89267333
9.89000 0.89237237
9.90000 0.89207180
9.91000 0.89177164
9.92000 0.89147189
9.93000 0.89117254
9.94000 0.89087358
9.95000 0.89057503
9.96000 0.89027688
9.97000 0.88997913
9.98000 0.88968178
9.99000 0.88938482
10.00000 0.88908826
10.01000 0.88879210
10.02000 0.88849633
10.03000 0.88820095
10.04000 0.88790596
10.05000 0.88761137
10.06000 0.88731716
10.07000 0.88702335
10.08000 0.88672993
10.09000 0.88643689
10.10000 0.88614424
10.11000 0.88585198
10.12000 0.88556010
10.13000 0.88526860
10.14000 0.88497749
10.15000 0.88468676
10.16000 0.88439642
10.17000 0.88410645
10.18000 0.88381686
10.19000 0.88352766
10.20000 0.88323883
10.21000 0.88295038
10.22000 0.88266230
10.23000 0.88237460
10.24000 0.88208728
10.25000 0.88180033
10.26000 0.88151375
10.27000 0.88122754
10.28000 0.88094171
10.29000 0.88065624
10.30000 0.88037115
10.31000 0.88008642
10.32000 0.87980207
10.33000 0.87951808
10.34000 0.87923445
10.35000 0.87895119
10.36000 0.87866830
10.37000 0.87838577
10.38000 0.87810360
10.39000 0.87782180
10.40000 0.87754035
10.41000 0.87725927
10.42000 0.87697855
10.43000 0.87669818
10.44000 0.87641818
10.45000 0.87613853
10.46000 0.87585924
10.47000 0.87558030
10.48000 0.87530172
10.49000 0.87502349
10.50000 0.87474562
10.51000 0.87446810
10.52000 0.87419093
10.53000 0.87391411
10.54000 0.87363765
10.55000 0.87336153
10.56000 0.87308576
10.57000 0.87281034
10.58000 0.87253526
10.59000 0.87226053
10.60000 0.87198615
10.61000 0.87171211
10.62000 0.87143842
10.63000 0.87116507
10.64000 0.87089207
10.65000 0.87061940
10.66000 0.87034708
10.67000 0.87007509
10.68000 0.86980345
10.69000 0.86953214
10.70000 0.86926118
10.71000 0.86899055
10.72000 0.86872026
10.73000 0.86845030
10.74000 0.86818068
10.75000 0.86791139
10.76000 0.86764244
10.77000 0.86737382
10.78000 0.86710553
10.79000 0.86683757
10.80000 0.86656995
10.81000 0.86630265
10.82000 0.86603569
10.83000 0.86576905
10.84000 0.86550274
10.85000 0.86523676
10.86000 0.86497111
10.87000 0.86470578
10.88000 0.86444078
10.89000 0.86417610
10.90000 0.86391174
10.91000 0.86364771
10.92000 0.86338400
10.93000 0.86312061
10.94000 0.86285755
10.95000 0.86259480
10.96000 0.86233238
10.97000 0.86207027
10.98000 0.86180848
10.99000 0.86154701
11.00000 0.86128585
11.01000 0.86102502
11.02000 0.86076450
11.03000 0.86050429
11.04000 0.86024440
11.05000 0.85998482
11.06000 0.85972555
11.07000 0.85946660
11.08000 0.85920796
11.09000 0.85894962
11.10000 0.85869160
11.11000 0.85843389
11.12000 0.85817649
11.13000 0.85791940
11.14000 0.85766261
11.15000 0.85740614
11.16000 0.85714996
11.17000 0.85689410
11.18000 0.85663854
11.19000 0.85638328
11.20000 0.85612833
11.21000 0.85587368
11.22000 0.85561934
11.23000 0.85536529
11.24000 0.85511155
11.25000 0.85485811
11.26000 0.85460497
11.27000 0.85435213
11.28000 0.85409958
11.29000 0.85384734
11.30000 0.85359539
11.31000 0.85334374
11.32000 0.85309239
11.33000 0.85284133
11.34000 0.85259057
11.35000 0.85234010
11.36000 0.85208993
11.37000 0.85184005
11.38000 0.85159046
11.39000 0.85134117
11.40000 0.85109217
11.41000 0.85084345
11.42000 0.85059503
11.43000 0.85034690
11.44000 0.85009906
11.45000 0.84985150
11.46000 0.84960424
11.47000 0.84935726
11.48000 0.84911057
11.49000 0.84886417
11.50000 0.84861805
11.51000 0.84837221
11.52000 0.84812666
11.53000 0.84788140
11.54000 0.84763642
11.55000 0.84739172
11.56000 0.84714730
11.57000 0.84690317
11.58000 0.84665931
11.59000 0.84641574
11.60000 0.84617245
11.61000 0.84592943
11.62000 0.84568670
11.63000 0.84544424
11.64000 0.84520207
11.65000 0.84496016
11.66000 0.84471854
11.67000 0.84447719
11.68000 0.84423612
11.69000 0.84399532
11.70000 0.84375480
11.71000 0.84351455
11.72000 0.84327457
11.73000 0.84303487
11.74000 0.84279544
11.75000 0.84255628
11.76000 0.84231739
11.77000 0.84207878
11.78000 0.84184043
11.79000 0.84160235
11.80000 0.84136455
11.81000 0.84112701
11.82000 0.84088973
11.83000 0.84065273
11.84000 0.84041599
11.85000 0.84017952
11.86000 0.83994332
11.87000 0.83970738
11.88000 0.83947171
11.89000 0.83923630
11.90000 0.83900115
11.91000 0.83876627
11.92000 0.83853165
11.93000 0.83829729
11.94000 0.83806319
11.95000 0.83782936
11.96000 0.83759579
11.97000 0.83736247
11.98000 0.83712942
11.99000 0.83689662
12.00000 0.83666409
12.01000 0.83643181
12.02000 0.83619979
12.03000 0.83596803
12.04000 0.83573652
12.05000 0.83550527
12.06000 0.83527428
12.07000 0.83504354
12.08000 0.83481305
12.09000 0.83458282
12.10000 0.83435285
12.11000 0.83412313
12.12000 0.83389366
12.13000 0.83366444
12.14000 0.83343547
12.15000 0.83320676
12.16000 0.83297829
12.17000 0.83275008
12.18000 0.83252212
12.19000 0.83229440
12.20000 0.83206694
12.21000 0.83183972
12.22000 0.83161275
12.23000 0.83138603
12.24000 0.83115956
12.25000 0.83093333
12.26000 0.83070735
12.27000 0.83048161
12.28000 0.83025612
12.29000 0.83003088
12.30000 0.82980588
12.31000 0.82958112
12.32000 0.82935660
12.33000 0.82913233
12.34000 0.82890830
12.35000 0.82868452
12.36000 0.82846097
12.37000 0.82823766
12.38000 0.82801460
12.39000 0.82779178
12.40000 0.82756919
12.41000 0.82734685
12.42000 0.82712474
12.43000 0.82690287
12.44000 0.82668124
12.45000 0.82645985
12.46000 0.82623869
12.47000 0.82601777
12.48000 0.82579709
12.49000 0.82557664
12.50000 0.82535643
12.51000 0.82513645
12.52000 0.82491671
12.53000 0.82469720
12.54000 0.82447792
12.55000 0.82425888
12.56000 0.82404007
12.57000 0.82382149
12.58000 0.82360314
12.59000 0.82338503
12.60000 0.82316714
12.61000 0.82294949
12.62000 0.82273207
12.63000 0.82251487
12.64000 0.82229791
12.65000 0.82208117
12.66000 0.82186466
12.67000 0.82164838
12.68000 0.82143233
12.69000 0.82121650
12.70000 0.82100091
12.71000 0.82078553
12.72000 0.82057039
12.73000 0.82035546
12.74000 0.82014077
12.75000 0.81992630
12.76000 0.81971205
12.77000 0.81949802
12.78000 0.81928422
12.79000 0.81907065
12.80000 0.81885729
12.81000 0.81864416
12.82000 0.81843125
12.83000 0.81821856
12.84000 0.81800609
12.85000 0.81779384
12.86000 0.81758181
12.87000 0.81737000
12.88000 0.81715841
12.89000 0.81694704
12.90000 0.81673589
12.91000 0.81652495
12.92000 0.81631424
12.93000 0.81610374
12.94000 0.81589346
12.95000 0.81568339
12.96000 0.81547354
12.97000 0.81526391
12.98000 0.81505449
12.99000 0.81484529
13.00000 0.81463630
13.01000 0.81442753
13.02000 0.81421897
13.03000 0.81401062
13.04000 0.81380249
13.05000 0.81359457
13.06000 0.81338686
13.07000 0.81317936
13.08000 0.81297208
13.09000 0.81276500
13.10000 0.81255814
13.11000 0.81235149
13.12000 0.81214504
13.13000 0.81193881
13.14000 0.81173279
13.15000 0.81152697
13.16000 0.81132137
13.17000 0.81111597
13.18000 0.81091078
13.19000 0.81070580
13.20000 0.81050102
13.21000 0.81029645
13.22000 0.81009209
13.23000 0.80988793
13.24000 0.80968398
13.25000 0.80948024
13.26000 0.80927670
13.27000 0.80907336
13.28000 0.80887023
13.29000 0.80866730
13.30000 0.80846458
13.31000 0.80826206
13.32000 0.80805974
13.33000 0.80785762
13.34000 0.80765571
13.35000 0.80745400
13.36000 0.80725248
13.37000 0.80705117
13.38000 0.80685007
13.39000 0.80664916
13.40000 0.80644845
13.41000 0.80624794
13.42000 0.80604763
13.43000 0.80584752
13.44000 0.80564760
13.45000 0.80544789
13.46000 0.80524837
13.47000 0.80504905
13.48000 0.80484993
13.49000 0.80465101
13.50000 0.80445228
13.51000 0.80425375
13.52000 0.80405541
13.53000 0.80385727
13.54000 0.80365933
13.55000 0.80346157
13.56000 0.80326402
13.57000 0.80306666
13.58000 0.80286949
13.59000 0.80267251
13.60000 0.80247573
13.61000 0.80227914
13.62000 0.80208275
13.63000 0.80188654
13.64000 0.80169053
13.65000 0.80149471
13.66000 0.80129908
13.67000 0.80110364
13.68000 0.80090839
13.69000 0.80071333
13.70000 0.80051847
13.71000 0.80032379
13.72000 0.80012930
13.73000 0.79993500
13.74000 0.79974088
13.75000 0.79954696
13.76000 0.79935323
13.77000 0.79915968
13.78000 0.79896632
13.79000 0.79877314
13.80000 0.79858016
13.81000 0.79838736
13.82000 0.79819474
13.83000 0.79800231
13.84000 0.79781007
13.85000 0.79761801
13.86000 0.79742614
13.87000 0.79723445
13.88000 0.79704294
13.89000 0.79685162
13.90000 0.79666049
13.91000 0.79646953
13.92000 0.79627876
13.93000 0.79608817
13.94000 0.79589777
13.95000 0.79570754
13.96000 0.79551750
13.97000 0.79532764
13.98000 0.79513796
13.99000 0.79494846
14.00000 0.79475914
14.01000 0.79457000
14.02000 0.79438104
14.03000 0.79419226
14.04000 0.79400367
14.05000 0.79381524
14.06000 0.79362700
14.07000 0.79343894
14.08000 0.79325105
14.09000 0.79306335
14.10000 0.79287582
14.11000 0.79268847
14.12000 0.79250129
14.13000 0.79231429
14.14000 0.79212747
14.15000 0.79194082
14.16000 0.79175435
14.17000 0.79156806
14.18000 0.79138194
14.19000 0.79119599
14.20000 0.79101022
14.21000 0.79082462
14.22000 0.79063920
14.23000 0.79045395
14.24000 0.79026888
14.25000 0.79008398
14.26000 0.78989925
14.27000 0.78971469
14.28000 0.78953031
14.29000 0.78934610
14.30000 0.78916206
14.31000 0.78897819
14.32000 0.78879449
14.33000 0.78861097
14.34000 0.78842761
14.35000 0.78824443
14.36000 0.78806141
14.37000 0.78787857
14.38000 0.78769589
14.39000 0.78751339
14.40000 0.78733105
14.41000 0.78714888
14.42000 0.78696688
14.43000 0.78678505
14.44000 0.78660339
14.45000 0.78642189
14.46000 0.78624056
14.47000 0.78605940
14.48000 0.78587841
14.49000 0.78569758
14.50000 0.78551692
14.51000 0.78533642
14.52000 0.78515609
14.53000 0.78497593
14.54000 0.78479593
14.55000 0.78461609
14.56000 0.78443642
14.57000 0.78425692
14.58000 0.78407758
14.59000 0.78389840
14.60000 0.78371939
14.61000 0.78354054
14.62000 0.78336185
14.63000 0.78318333
14.64000 0.78300497
14.65000 0.78282677
14.66000 0.78264873
14.67000 0.78247086
14.68000 0.78229314
14.69000 0.78211559
14.70000 0.78193820
14.71000 0.78176097
14.72000 0.78158390
14.73000 0.78140699
14.74000 0.78123025
14.75000 0.78105366
14.76000 0.78087723
14.77000 0.78070096
14.78000 0.78052485
14.79000 0.78034889
14.80000 0.78017310
14.81000 0.77999746
14.82000 0.77982199
14.83000 0.77964667
14.84000 0.77947150
14.85000 0.77929650
14.86000 0.77912165
14.87000 0.77894696
14.88000 0.77877243
14.89000 0.77859805
14.90000 0.77842383
14.91000 0.77824976
14.92000 0.77807585
14.93000 0.77790209
14.94000 0.77772849
14.95000 0.77755505
14.96000 0.77738176
14.97000 0.77720862
14.98000 0.77703564
14.99000 0.77686281
15.00000 0.77669014
15.01000 0.77651762
15.02000 0.77634525
15.03000 0.77617303
15.04000 0.77600097
15.05000 0.77582906
15.06000 0.77565730
15.07000 0.77548570
15.08000 0.77531424
15.09000 0.77514294
15.10000 0.77497179
15.11000 0.77480079
15.12000 0.77462994
15.13000 0.77445924
15.14000 0.77428869
15.15000 0.77411830
15.16000 0.77394805
15.17000 0.77377795
15.18000 0.77360800
15.19000 0.77343820
15.20000 0.77326855
15.21000 0.77309905
15.22000 0.77292969
15.23000 0.77276049
15.24000 0.77259143
15.25000 0.77242252
15.26000 0.77225376
15.27000 0.77208515
15.28000 0.77191668
15.29000 0.77174836
15.30000 0.77158019
15.31000 0.77141216
15.32000 0.77124428
15.33000 0.77107654
15.34000 0.77090895
15.35000 0.77074151
15.36000 0.77057421
15.37000 0.77040706
15.38000 0.77024005
15.39000 0.77007319
15.40000 0.76990647
15.41000 0.76973990
15.42000 0.76957347
15.43000 0.76940718
15.44000 0.76924104
15.45000 0.76907504
15.46000 0.76890918
15.47000 0.76874347
15.48000 0.76857790
15.49000 0.76841247
15.50000 0.76824718
15.51000 0.76808204
15.52000 0.76791704
15.53000 0.76775218
15.54000 0.76758746
15.55000 0.76742288
15.56000 0.76725845
15.57000 0.76709415
15.58000 0.76693000
15.59000 0.76676598
15.60000 0.76660211
15.61000 0.76643838
15.62000 0.76627478
15.63000 0.76611133
15.64000 0.76594801
15.65000 0.76578484
15.66000 0.76562180
15.67000 0.76545890
15.68000 0.76529614
15.69000 0.76513352
15.70000 0.76497104
15.71000 0.76480869
15.72000 0.76464648
15.73000 0.76448441
15.74000 0.76432248
15.75000 0.76416069
15.76000 0.76399903
15.77000 0.76383750
15.78000 0.76367612
15.79000 0.76351487
15.80000 0.76335376
15.81000 0.76319278
15.82000 0.76303194
15.83000 0.76287123
15.84000 0.76271066
15.85000 0.76255023
15.86000 0.76238993
15.87000 0.76222976
15.88000 0.76206973
15.89000 0.76190983
15.90000 0.76175007
15.91000 0.76159044
15.92000 0.76143094
15.93000 0.76127158
15.94000 0.76111235
15.95000 0.76095326
15.96000 0.76079430
15.97000 0.76063547
15.98000 0.76047677
15.99000 0.76031820
16.00000 0.76015977
16.01000 0.76000147
16.02000 0.75984330
16.03000 0.75968526
16.04000 0.75952736
16.05000 0.75936958
16.06000 0.75921194
16.07000 0.75905443
16.08000 0.75889704
16.09000 0.75873979
16.10000 0.75858267
16.11000 0.75842568
16.12000 0.75826882
16.13000 0.75811209
16.14000 0.75795548
16.15000 0.75779901
16.16000 0.75764267
16.17000 0.75748645
16.18000 0.75733037
16.19000 0.75717441
16.20000 0.75701858
16.21000 0.75686288
16.22000 0.75670730
16.23000 0.75655186
16.24000 0.75639654
16.25000 0.75624135
16.26000 0.75608629
16.27000 0.75593135
16.28000 0.75577654
16.29000 0.75562186
16.30000 0.75546731
16.31000 0.75531288
16.32000 0.75515858
16.33000 0.75500440
16.34000 0.75485035
16.35000 0.75469642
16.36000 0.75454262
16.37000 0.75438895
16.38000 0.75423540
16.39000 0.75408197
16.40000 0.75392867
16.41000 0.75377550
16.42000 0.75362245
16.43000 0.75346952
16.44000 0.75331672
16.45000 0.75316404
16.46000 0.75301148
16.47000 0.75285905
16.48000 0.75270674
16.49000 0.75255456
16.50000 0.75240250
16.51000 0.75225056
16.52000 0.75209874
16.53000 0.75194705
16.54000 0.75179548
16.55000 0.75164403
16.56000 0.75149270
16.57000 0.75134149
16.58000 0.75119041
16.59000 0.75103945
16.60000 0.75088860
16.61000 0.75073788
16.62000 0.75058729
16.63000 0.75043681
16.64000 0.75028645
16.65000 0.75013621
16.66000 0.74998609
16.67000 0.74983610
16.68000 0.74968622
16.69000 0.74953646
16.70000 0.74938682
16.71000 0.74923731
16.72000 0.74908791
16.73000 0.74893863
16.74000 0.74878946
16.75000 0.74864042
16.76000 0.74849150
16.77000 0.74834269
16.78000 0.74819401
16.79000 0.74804544
16.80000 0.74789699
16.81000 0.74774865
16.82000 0.74760044
16.83000 0.74745234
16.84000 0.74730436
16.85000 0.74715649
16.86000 0.74700875
16.87000 0.74686112
16.88000 0.74671360
16.89000 0.74656620
16.90000 0.74641892
16.91000 0.74627176
16.92000 0.74612471
16.93000 0.74597778
16.94000 0.74583096
16.95000 0.74568426
16.96000 0.74553767
16.97000 0.74539120
16.98000 0.74524485
16.99000 0.74509860
17.00000 0.74495248
17.01000 0.74480647
17.02000 0.74466057
17.03000 0.74451479
17.04000 0.74436912
17.05000 0.74422356
17.06000 0.74407812
17.07000 0.74393279
17.08000 0.74378758
17.09000 0.74364248
17.10000 0.74349749
17.11000 0.74335261
17.12000 0.74320785
17.13000 0.74306320
17.14000 0.74291867
17.15000 0.74277424
17.16000 0.74262993
17.17000 0.74248573
17.18000 0.74234164
17.19000 0.74219767
17.20000 0.74205380
17.21000 0.74191005
17.22000 0.74176641
17.23000 0.74162288
17.24000 0.74147946
17.25000 0.74133615
17.26000 0.74119295
17.27000 0.74104986
17.28000 0.74090688
17.29000 0.74076402
17.30000 0.74062126
17.31000 0.74047861
17.32000 0.74033608
17.33000 0.74019365
17.34000 0.74005133
17.35000 0.73990913
17.36000 0.73976703
17.37000 0.73962504
17.38000 0.73948316
17.39000 0.73934138
17.40000 0.73919972
17.41000 0.73905817
17.42000 0.73891672
17.43000 0.73877538
17.44000 0.73863415
17.45000 0.73849303
17.46000 0.73835201
17.47000 0.73821111
17.48000 0.73807031
17.49000 0.73792961
17.50000 0.73778903
17.51000 0.73764855
17.52000 0.73750818
17.53000 0.73736792
17.54000 0.73722776
17.55000 0.73708771
17.56000 0.73694776
17.57000 0.73680793
17.58000 0.73666819
17.59000 0.73652857
17.60000 0.73638905
17.61000 0.73624963
17.62000 0.73611032
17.63000 0.73597112
17.64000 0.73583202
17.65000 0.73569303
17.66000 0.73555414
17.67000 0.73541535
17.68000 0.73527668
17.69000 0.73513810
17.70000 0.73499963
17.71000 0.73486127
17.72000 0.73472300
17.73000 0.73458485
17.74000 0.73444679
17.75000 0.73430884
17.76000 0.73417099
17.77000 0.73403325
17.78000 0.73389561
17.79000 0.73375808
17.80000 0.73362064
17.81000 0.73348331
17.82000 0.73334608
17.83000 0.73320896
17.84000 0.73307193
17.85000 0.73293501
17.86000 0.73279820
17.87000 0.73266148
17.88000 0.73252487
17.89000 0.73238835
17.90000 0.73225194
17.91000 0.73211563
17.92000 0.73197943
17.93000 0.73184332
17.94000 0.73170732
17.95000 0.73157141
17.96000 0.73143561
17.97000 0.73129991
17.98000 0.73116430
17.99000 0.73102880
18.00000 0.73089340
18.01000 0.73075810
18.02000 0.73062290
18.03000 0.73048780
18.04000 0.73035280
18.05000 0.73021790
18.06000 0.73008310
18.07000 0.72994840
18.08000 0.72981379
18.09000 0.72967929
18.10000 0.72954489
18.11000 0.72941058
18.12000 0.72927638
18.13000 0.72914227
18.14000 0.72900826
18.15000 0.72887435
18.16000 0.72874054
18.17000 0.72860682
18.18000 0.72847321
18.19000 0.72833969
18.20000 0.72820627
18.21000 0.72807295
18.22000 0.72793972
18.23000 0.72780660
18.24000 0.72767357
18.25000 0.72754063
18.26000 0.72740780
18.27000 0.72727506
18.28000 0.72714242
18.29000 0.72700987
18.30000 0.72687742
18.31000 0.72674507
18.32000 0.72661282
18.33000 0.72648066
18.34000 0.72634859
18.35000 0.72621663
18.36000 0.72608475
18.37000 0.72595298
18.38000 0.72582130
18.39000 0.72568971
18.40000 0.72555822
18.41000 0.72542683
18.42000 0.72529553
18.43000 0.72516433
18.44000 0.72503322
18.45000 0.72490220
18.46000 0.72477128
18.47000 0.72464046
18.48000 0.72450973
18.49000 0.72437909
18.50000 0.72424855
18.51000 0.72411810
18.52000 0.72398775
18.53000 0.72385749
18.54000 0.72372732
18.55000 0.72359725
18.56000 0.72346727
18.57000 0.72333738
18.58000 0.72320759
18.59000 0.72307789
18.60000 0.72294828
18.61000 0.72281877
18.62000 0.72268934
18.63000 0.72256001
18.64000 0.72243078
18.65000 0.72230163
18.66000 0.72217258
18.67000 0.72204362
18.68000 0.72191476
18.69000 0.72178598
18.70000 0.72165730
18.71000 0.72152871
18.72000 0.72140021
18.73000 0.72127180
18.74000 0.72114348
18.75000 0.72101525
18.76000 0.72088712
18.77000 0.72075907
18.78000 0.72063112
18.79000 0.72050326
18.80000 0.72037549
18.81000 0.72024781
18.82000 0.72012022
18.83000 0.71999272
18.84000 0.71986531
18.85000 0.71973799
18.86000 0.71961076
18.87000 0.71948362
18.88000 0.71935657
18.89000 0.71922961
18.90000 0.71910274
18.91000 0.71897596
18.92000 0.71884926
18.93000 0.71872266
18.94000 0.71859615
18.95000 0.71846972
18.96000 0.71834339
18.97000 0.71821714
18.98000 0.71809098
18.99000 0.71796491
19.00000 0.71783893
19.01000 0.71771304
19.02000 0.71758724
19.03000 0.71746152
19.04000 0.71733589
19.05000 0.71721035
19.06000 0.71708490
19.07000 0.71695954
19.08000 0.71683426
19.09000 0.71670907
19.10000 0.71658397
19.11000 0.71645895
19.12000 0.71633403
19.13000 0.71620919
19.14000 0.71608443
19.15000 0.71595977
19.16000 0.71583519
19.17000 0.71571069
19.18000 0.71558629
19.19000 0.71546197
19.20000 0.71533773
19.21000 0.71521358
19.22000 0.71508952
19.23000 0.71496555
19.24000 0.71484166
19.25000 0.71471786
19.26000 0.71459414
19.27000 0.71447051
19.28000 0.71434696
19.29000 0.71422350
19.30000 0.71410012
19.31000 0.71397683
19.32000 0.71385362
19.33000 0.71373050
19.34000 0.71360747
19.35000 0.71348452
19.36000 0.71336165
19.37000 0.71323887
19.38000 0.71311617
19.39000 0.71299356
19.40000 0.71287103
19.41000 0.71274859
19.42000 0.71262623
19.43000 0.71250395
19.44000 0.71238176
19.45000 0.71225965
19.46000 0.71213762
19.47000 0.71201568
19.48000 0.71189382
19.49000 0.71177205
19.50000 0.71165036
19.51000 0.71152875
19.52000 0.71140723
19.53000 0.71128578
19.54000 0.71116442
19.55000 0.71104315
19.56000 0.71092195
19.57000 0.71080084
19.58000 0.71067982
19.59000 0.71055887
19.60000 0.71043800
19.61000 0.71031722
19.62000 0.71019652
19.63000 0.71007591
19.64000 0.70995537
19.65000 0.70983492
19.66000 0.70971454
19.67000 0.70959425
19.68000 0.70947404
19.69000 0.70935392
19.70000 0.70923387
19.71000 0.70911391
19.72000 0.70899402
19.73000 0.70887422
19.74000 0.70875450
19.75000 0.70863486
19.76000 0.70851529
19.77000 0.70839581
19.78000 0.70827642
19.79000 0.70815710
19.80000 0.70803786
19.81000 0.70791870
19.82000 0.70779962
19.83000 0.70768062
19.84000 0.70756171
19.85000 0.70744287
19.86000 0.70732411
19.87000 0.70720543
19.88000 0.70708683
19.89000 0.70696831
19.90000 0.70684987
19.91000 0.70673151
19.92000 0.70661323
19.93000 0.70649503
19.94000 0.70637691
19.95000 0.70625886
19.96000 0.70614090
19.97000 0.70602301
19.98000 0.70590520
19.99000 0.70578747
20.00000 0.70566982
20.01000 0.70555225
20.02000 0.70543475
20.03000 0.70531734
20.04000 0.70520000
20.05000 0.70508274
20.06000 0.70496556
20.07000 0.70484846
20.08000 0.70473143
20.09000 0.70461448
20.10000 0.70449761
20.11000 0.70438082
20.12000 0.70426410
20.13000 0.70414746
20.14000 0.70403090
20.15000 0.70391442
20.16000 0.70379801
20.17000 0.70368168
20.18000 0.70356543
20.19000 0.70344925
20.20000 0.70333315
20.21000 0.70321713
20.22000 0.70310118
20.23000 0.70298531
20.24000 0.70286951
20.25000 0.70275380
20.26000 0.70263816
20.27000 0.70252259
20.28000 0.70240710
20.29000 0.70229169
20.30000 0.70217635
20.31000 0.70206109
20.32000 0.70194590
20.33000 0.70183079
20.34000 0.70171575
20.35000 0.70160079
20.36000 0.70148591
20.37000 0.70137110
20.38000 0.70125637
20.39000 0.70114171
20.40000 0.70102712
20.41000 0.70091261
20.42000 0.70079818
20.43000 0.70068382
20.44000 0.70056953
20.45000 0.70045532
20.46000 0.70034118
20.47000 0.70022712
20.48000 0.70011314
20.49000 0.69999922
20.50000 0.69988538
20.51000 0.69977162
20.52000 0.69965792
20.53000 0.69954431
20.54000 0.69943076
20.55000 0.69931729
20.56000 0.69920390
20.57000 0.69909057
20.58000 0.69897732
20.59000 0.69886415
20.60000 0.69875104
20.61000 0.69863801
20.62000 0.69852506
20.63000 0.69841217
20.64000 0.69829936
20.65000 0.69818662
20.66000 0.69807396
20.67000 0.69796137
20.68000 0.69784885
20.69000 0.69773640
20.70000 0.69762402
20.71000 0.69751172
20.72000 0.69739949
20.73000 0.69728733
20.74000 0.69717525
20.75000 0.69706323
20.76000 0.69695129
20.77000 0.69683942
20.78000 0.69672762
20.79000 0.69661590
20.80000 0.69650424
20.81000 0.69639266
20.82000 0.69628114
20.83000 0.69616970
20.84000 0.69605833
20.85000 0.69594704
20.86000 0.69583581
20.87000 0.69572465
20.88000 0.69561357
20.89000 0.69550256
20.90000 0.69539161
20.91000 0.69528074
20.92000 0.69516994
20.93000 0.69505921
20.94000 0.69494855
20.95000 0.69483796
20.96000 0.69472744
20.97000 0.69461699
20.98000 0.69450661
20.99000 0.69439630
21.00000 0.69428606
21.01000 0.69417589
21.02000 0.69406579
21.03000 0.69395576
21.04000 0.69384580
21.05000 0.69373591
21.06000 0.69362609
21.07000 0.69351634
21.08000 0.69340666
21.09000 0.69329705
21.10000 0.69318750
21.11000 0.69307803
21.12000 0.69296862
21.13000 0.69285929
21.14000 0.69275002
21.15000 0.69264083
21.16000 0.69253170
21.17000 0.69242264
21.18000 0.69231364
21.19000 0.69220472
21.20000 0.69209587
21.21000 0.69198708
21.22000 0.69187836
21.23000 0.69176971
21.24000 0.69166113
21.25000 0.69155262
21.26000 0.69144418
21.27000 0.69133580
21.28000 0.69122749
21.29000 0.69111925
21.30000 0.69101108
21.31000 0.69090297
21.32000 0.69079493
21.33000 0.69068696
21.34000 0.69057906
21.35000 0.69047122
21.36000 0.69036346
21.37000 0.69025575
21.38000 0.69014812
21.39000 0.69004055
21.40000 0.68993305
21.41000 0.68982562
21.42000 0.68971826
21.43000 0.68961096
21.44000 0.68950372
21.45000 0.68939656
21.46000 0.68928946
21.47000 0.68918243
21.48000 0.68907546
21.49000 0.68896856
21.50000 0.68886173
21.51000 0.68875496
21.52000 0.68864826
21.53000 0.68854162
21.54000 0.68843506
21.55000 0.68832855
21.56000 0.68822212
21.57000 0.68811574
21.58000 0.68800944
21.59000 0.68790320
21.60000 0.68779702
21.61000 0.68769092
21.62000 0.68758487
21.63000 0.68747889
21.64000 0.68737298
21.65000 0.68726713
21.66000 0.68716135
21.67000 0.68705564
21.68000 0.68694998
21.69000 0.68684440
21.70000 0.68673887
21.71000 0.68663342
21.72000 0.68652802
21.73000 0.68642270
21.74000 0.68631743
21.75000 0.68621223
21.76000 0.68610710
21.77000 0.68600203
21.78000 0.68589702
21.79000 0.68579208
21.80000 0.68568720
21.81000 0.68558239
21.82000 0.68547764
21.83000 0.68537296
21.84000 0.68526834
21.85000 0.68516378
21.86000 0.68505929
21.87000 0.68495486
21.88000 0.68485049
21.89000 0.68474619
21.90000 0.68464195
21.91000 0.68453777
21.92000 0.68443366
21.93000 0.68432961
21.94000 0.68422563
21.95000 0.68412170
21.96000 0.68401784
21.97000 0.68391405
21.98000 0.68381031
21.99000 0.68370664
22.00000 0.68360304
22.01000 0.68349949
22.02000 0.68339601
22.03000 0.68329259
22.04000 0.68318923
22.05000 0.68308594
22.06000 0.68298271
22.07000 0.68287954
22.08000 0.68277643
22.09000 0.68267338
22.10000 0.68257040
22.11000 0.68246748
22.12000 0.68236462
22.13000 0.68226183
22.14000 0.68215909
22.15000 0.68205642
22.16000 0.68195381
22.17000 0.68185126
22.18000 0.68174877
22.19000 0.68164634
22.20000 0.68154398
22.21000 0.68144168
22.22000 0.68133943
22.23000 0.68123725
22.24000 0.68113513
22.25000 0.68103308
22.26000 0.68093108
22.27000 0.68082914
22.28000 0.68072727
22.29000 0.68062545
22.30000 0.68052370
22.31000 0.68042201
22.32000 0.68032038
22.33000 0.68021881
22.34000 0.68011730
22.35000 0.68001585
22.36000 0.67991446
22.37000 0.67981313
22.38000 0.67971186
22.39000 0.67961065
22.40000 0.67950951
22.41000 0.67940842
22.42000 0.67930739
22.43000 0.67920642
22.44000 0.67910552
22.45000 0.67900467
22.46000 0.67890388
22.47000 0.67880316
22.48000 0.67870249
22.49000 0.67860188
22.50000 0.67850133
22.51000 0.67840084
22.52000 0.67830041
22.53000 0.67820004
22.54000 0.67809973
22.55000 0.67799948
22.56000 0.67789929
22.57000 0.67779916
22.58000 0.67769908
22.59000 0.67759907
22.60000 0.67749911
22.61000 0.67739921
22.62000 0.67729938
22.63000 0.67719960
22.64000 0.67709988
22.65000 0.67700022
22.66000 0.67690061
22.67000 0.67680107
22.68000 0.67670158
22.69000 0.67660216
22.70000 0.67650279
22.71000 0.67640348
22.72000 0.67630423
22.73000 0.67620503
22.74000 0.67610590
22.75000 0.67600682
22.76000 0.67590780
22.77000 0.67580884
22.78000 0.67570993
22.79000 0.67561109
22.80000 0.67551230
22.81000 0.67541357
22.82000 0.67531490
22.83000 0.67521628
22.84000 0.67511772
22.85000 0.67501922
22.86000 0.67492078
22.87000 0.67482240
22.88000 0.67472407
22.89000 0.67462580
22.90000 0.67452759
22.91000 0.67442943
22.92000 0.67433133
22.93000 0.67423329
22.94000 0.67413530
22.95000 0.67403738
22.96000 0.67393951
22.97000 0.67384169
22.98000 0.67374393
22.99000 0.67364623
23.00000 0.67354859
23.01000 0.67345100
23.02000 0.67335347
23.03000 0.67325600
23.04000 0.67315858
23.05000 0.67306122
23.06000 0.67296391
23.07000 0.67286666
23.08000 0.67276947
23.09000 0.67267233
23.10000 0.67257525
23.11000 0.67247823
23.12000 0.67238126
23.13000 0.67228435
23.14000 0.67218749
23.15000 0.67209069
23.16000 0.67199394
23.17000 0.67189725
23.18000 0.67180062
23.19000 0.67170404
23.20000 0.67160752
23.21000 0.67151105
23.22000 0.67141464
23.23000 0.67131828
23.24000 0.67122198
23.25000 0.67112573
23.26000 0.67102954
23.27000 0.67093340
23.28000 0.67083732
23.29000 0.67074130
23.30000 0.67064533
23.31000 0.67054941
23.32000 0.67045355
23.33000 0.67035774
23.34000 0.67026199
23.35000 0.67016629
23.36000 0.67007065
23.37000 0.66997506
23.38000 0.66987953
23.39000 0.66978405
23.40000 0.66968863
23.41000 0.66959326
23.42000 0.66949794
23.43000 0.66940268
23.44000 0.66930747
23.45000 0.66921232
23.46000 0.66911722
23.47000 0.66902218
23.48000 0.66892718
23.49000 0.66883225
23.50000 0.66873736
23.51000 0.66864253
23.52000 0.66854776
23.53000 0.66845304
23.54000 0.66835837
23.55000 0.66826375
23.56000 0.66816919
23.57000 0.66807469
23.58000 0.66798023
23.59000 0.66788583
23.60000 0.66779148
23.61000 0.66769719
23.62000 0.66760295
23.63000 0.66750876
23.64000 0.66741462
23.65000 0.66732054
23.66000 0.66722651
23.67000 0.66713254
23.68000 0.66703862
23.69000 0.66694475
23.70000 0.66685093
23.71000 0.66675717
23.72000 0.66666345
23.73000 0.66656980
23.74000 0.66647619
23.75000 0.66638264
23.76000 0.66628913
23.77000 0.66619569
23.78000 0.66610229
23.79000 0.66600895
23.80000 0.66591565
23.81000 0.66582241
23.82000 0.66572923
23.83000 0.66563609
23.84000 0.66554301
23.85000 0.66544998
23.86000 0.66535700
23.87000 0.66526407
23.88000 0.66517120
23.89000 0.66507837
23.90000 0.66498560
23.91000 0.66489288
23.92000 0.66480022
23.93000 0.66470760
23.94000 0.66461503
23.95000 0.66452252
23.96000 0.66443006
23.97000 0.66433765
23.98000 0.66424529
23.99000 0.66415298
24.00000 0.66406073
24.01000 0.66396852
24.02000 0.66387637
24.03000 0.66378426
24.04000 0.66369221
24.05000 0.66360021
24.06000 0.66350826
24.07000 0.66341636
24.08000 0.66332452
24.09000 0.66323272
24.10000 0.66314097
24.11000 0.66304928
24.12000 0.66295763
24.13000 0.66286604
24.14000 0.66277450
24.15000 0.66268300
24.16000 0.66259156
24.17000 0.66250017
24.18000 0.66240883
24.19000 0.66231754
24.20000 0.66222629
24.21000 0.66213510
24.22000 0.66204396
24.23000 0.66195287
24.24000 0.66186183
24.25000 0.66177084
24.26000 0.66167990
24.27000 0.66158901
24.28000 0.66149817
24.29000 0.66140738
24.30000 0.66131664
24.31000 0.66122595
24.32000 0.66113531
24.33000 0.66104472
24.34000 0.66095418
24.35000 0.66086369
24.36000 0.66077324
24.37000 0.66068285
24.38000 0.66059251
24.39000 0.66050221
24.40000 0.66041197
24.41000 0.66032177
24.42000 0.66023163
24.43000 0.66014153
24.44000 0.66005148
24.45000 0.65996148
24.46000 0.65987153
24.47000 0.65978163
24.48000 0.65969178
24.49000 0.65960198
24.50000 0.65951222
24.51000 0.65942252
24.52000 0.65933286
24.53000 0.65924325
24.54000 0.65915369
24.55000 0.65906418
24.56000 0.65897472
24.57000 0.65888531
24.58000 0.65879594
24.59000 0.65870663
24.60000 0.65861736
24.61000 0.65852814
24.62000 0.65843897
24.63000 0.65834985
24.64000 0.65826077
24.65000 0.65817175
24.66000 0.65808277
24.67000 0.65799384
24.68000 0.65790496
24.69000 0.65781612
24.70000 0.65772734
24.71000 0.65763860
24.72000 0.65754991
24.73000 0.65746126
24.74000 0.65737267
24.75000 0.65728412
24.76000 0.65719562
24.77000 0.65710717
24.78000 0.65701877
24.79000 0.65693041
24.80000 0.65684210
24.81000 0.65675384
24.82000 0.65666563
24.83000 0.65657746
24.84000 0.65648934
24.85000 0.65640127
24.86000 0.65631324
24.87000 0.65622527
24.88000 0.65613734
24.89000 0.65604945
24.90000 0.65596162
24.91000 0.65587383
24.92000 0.65578608
24.93000 0.65569839
24.94000 0.65561074
24.95000 0.65552314
24.96000 0.65543558
24.97000 0.65534808
24.98000 0.65526062
24.99000 0.65517320
25.00000 0.65508583
25.01000 0.65499851
25.02000 0.65491124
25.03000 0.65482401
25.04000 0.65473683
25.05000 0.65464969
25.06000 0.65456260
25.07000 0.65447556
25.08000 0.65438856
25.09000 0.65430161
25.10000 0.65421471
25.11000 0.65412785
25.12000 0.65404104
25.13000 0.65395427
25.14000 0.65386755
25.15000 0.65378088
25.16000 0.65369425
25.17000 0.65360767
25.18000 0.65352113
25.19000 0.65343464
25.20000 0.65334820
25.21000 0.65326180
25.22000 0.65317544
25.23000 0.65308914
25.24000 0.65300287
25.25000 0.65291666
25.26000 0.65283049
25.27000 0.65274436
25.28000 0.65265828
25.29000 0.65257225
25.30000 0.65248626
25.31000 0.65240031
25.32000 0.65231442
25.33000 0.65222856
25.34000 0.65214275
25.35000 0.65205699
25.36000 0.65197127
25.37000 0.65188560
25.38000 0.65179997
25.39000 0.65171439
25.40000 0.65162885
25.41000 0.65154336
25.42000 0.65145791
25.43000 0.65137251
25.44000 0.65128715
25.45000 0.65120183
25.46000 0.65111656
25.47000 0.65103134
25.48000 0.65094616
25.49000 0.65086102
25.50000 0.65077593
25.51000 0.65069089
25.52000 0.65060588
25.53000 0.65052093
25.54000 0.65043601
25.55000 0.65035114
25.56000 0.65026632
25.57000 0.65018154
25.58000 0.65009680
25.59000 0.65001211
25.60000 0.64992746
25.61000 0.64984286
25.62000 0.64975830
25.63000 0.64967378
25.64000 0.64958931
25.65000 0.64950488
25.66000 0.64942050
25.67000 0.64933616
25.68000 0.64925186
25.69000 0.64916761
25.70000 0.64908340
25.71000 0.64899923
25.72000 0.64891511
25.73000 0.64883103
25.74000 0.64874700
25.75000 0.64866301
25.76000 0.64857906
25.77000 0.64849516
25.78000 0.64841130
25.79000 0.64832748
25.80000 0.64824370
25.81000 0.64815997
25.82000 0.64807629
25.83000 0.64799264
25.84000 0.64790904
25.85000 0.64782548
25.86000 0.64774197
25.87000 0.64765850
25.88000 0.64757507
25.89000 0.64749168
25.90000 0.64740834
25.91000 0.64732504
25.92000 0.64724178
25.93000 0.64715857
25.94000 0.64707539
25.95000 0.64699227
25.96000 0.64690918
25.97000 0.64682614
25.98000 0.64674314
25.99000 0.64666018
26.00000 0.64657726
26.01000 0.64649439
26.02000 0.64641156
26.03000 0.64632877
26.04000 0.64624602
26.05000 0.64616332
26.06000 0.64608066
26.07000 0.64599804
26.08000 0.64591546
26.09000 0.64583293
26.10000 0.64575043
26.11000 0.64566798
26.12000 0.64558558
26.13000 0.64550321
26.14000 0.64542089
26.15000 0.64533860
26.16000 0.64525636
26.17000 0.64517417
26.18000 0.64509201
26.19000 0.64500989
26.20000 0.64492782
26.21000 0.64484579
26.22000 0.64476380
26.23000 0.64468185
26.24000 0.64459995
26.25000 0.64451808
26.26000 0.64443626
26.27000 0.64435448
26.28000 0.64427274
26.29000 0.64419104
26.30000 0.64410938
26.31000 0.64402777
26.32000 0.64394620
26.33000 0.64386466
26.34000 0.64378317
26.35000 0.64370172
26.36000 0.64362031
26.37000 0.64353894
26.38000 0.64345762
26.39000 0.64337633
26.40000 0.64329509
26.41000 0.64321388
26.42000 0.64313272
26.43000 0.64305160
26.44000 0.64297052
26.45000 0.64288948
26.46000 0.64280848
26.47000 0.64272752
26.48000 0.64264660
26.49000 0.64256573
26.50000 0.64248489
26.51000 0.64240409
26.52000 0.64232334
26.53000 0.64224263
26.54000 0.64216195
26.55000 0.64208132
26.56000 0.64200073
26.57000 0.64192017
26.58000 0.64183966
26.59000 0.64175919
26.60000 0.64167876
26.61000 0.64159837
26.62000 0.64151802
26.63000 0.64143771
26.64000 0.64135744
26.65000 0.64127721
26.66000 0.64119702
26.67000 0.64111687
26.68000 0.64103676
26.69000 0.64095669
26.70000 0.64087666
26.71000 0.64079667
26.72000 0.64071672
26.73000 0.64063681
26.74000 0.64055694
26.75000 0.64047711
26.76000 0.64039732
26.77000 0.64031757
26.78000 0.64023786
26.79000 0.64015819
26.80000 0.64007856
26.81000 0.63999897
26.82000 0.63991941
26.83000 0.63983990
26.84000 0.63976043
26.85000 0.63968099
26.86000 0.63960160
26.87000 0.63952224
26.88000 0.63944293
26.89000 0.63936365
26.90000 0.63928441
26.91000 0.63920522
26.92000 0.63912606
26.93000 0.63904694
26.94000 0.63896786
26.95000 0.63888882
26.96000 0.63880982
26.97000 0.63873085
26.98000 0.63865193
26.99000 0.63857304
27.00000 0.63849420
27.01000 0.63841539
27.02000 0.63833662
27.03000 0.63825789
27.04000 0.63817920
27.05000 0.63810055
27.06000 0.63802194
27.07000 0.63794336
27.08000 0.63786483
27.09000 0.63778633
27.10000 0.63770787
27.11000 0.63762945
27.12000 0.63755107
27.13000 0.63747273
27.14000 0.63739443
27.15000 0.63731616
27.16000 0.63723793
27.17000 0.63715975
27.18000 0.63708160
27.19000 0.63700348
27.20000 0.63692541
27.21000 0.63684737
27.22000 0.63676938
27.23000 0.63669142
27.24000 0.63661350
27.25000 0.63653561
27.26000 0.63645777
27.27000 0.63637996
27.28000 0.63630219
27.29000 0.63622446
27.30000 0.63614677
27.31000 0.63606912
27.32000 0.63599150
27.33000 0.63591392
27.34000 0.63583638
27.35000 0.63575888
27.36000 0.63568141
27.37000 0.63560398
27.38000 0.63552659
27.39000 0.63544924
27.40000 0.63537193
27.41000 0.63529465
27.42000 0.63521741
27.43000 0.63514021
27.44000 0.63506304
27.45000 0.63498592
27.46000 0.63490883
27.47000 0.63483178
27.48000 0.63475476
27.49000 0.63467778
27.50000 0.63460084
27.51000 0.63452394
27.52000 0.63444708
27.53000 0.63437025
27.54000 0.63429346
27.55000 0.63421670
27.56000 0.63413999
27.57000 0.63406331
27.58000 0.63398666
27.59000 0.63391006
27.60000 0.63383349
27.61000 0.63375696
27.62000 0.63368046
27.63000 0.63360401
27.64000 0.63352759
27.65000 0.63345120
27.66000 0.63337485
27.67000 0.63329854
27.68000 0.63322227
27.69000 0.63314603
27.70000 0.63306983
27.71000 0.63299367
27.72000 0.63291754
27.73000 0.63284145
27.74000 0.63276540
27.75000 0.63268938
27.76000 0.63261340
27.77000 0.63253746
27.78000 0.63246155
27.79000 0.63238568
27.80000 0.63230985
27.81000 0.63223405
27.82000 0.63215829
27.83000 0.63208256
27.84000 0.63200687
27.85000 0.63193122
27.86000 0.63185560
27.87000 0.63178002
27.88000 0.63170447
27.89000 0.63162897
27.90000 0.63155349
27.91000 0.63147806
27.92000 0.63140266
27.93000 0.63132729
27.94000 0.63125196
27.95000 0.63117667
27.96000 0.63110142
27.97000 0.63102619
27.98000 0.63095101
27.99000 0.63087586
28.00000 0.63080075
28.01000 0.63072567
28.02000 0.63065063
28.03000 0.63057562
28.04000 0.63050065
28.05000 0.63042572
28.06000 0.63035082
28.07000 0.63027595
28.08000 0.63020113
28.09000 0.63012633
28.10000 0.63005158
28.11000 0.62997686
28.12000 0.62990217
28.13000 0.62982752
28.14000 0.62975290
28.15000 0.62967832
28.16000 0.62960378
28.17000 0.62952927
28.18000 0.62945480
28.19000 0.62938036
28.20000 0.62930595
28.21000 0.62923158
28.22000 0.62915725
28.23000 0.62908295
28.24000 0.62900869
28.25000 0.62893446
28.26000 0.62886027
28.27000 0.62878611
28.28000 0.62871199
28.29000 0.62863790
28.30000 0.62856385
28.31000 0.62848983
28.32000 0.62841584
28.33000 0.62834190
28.34000 0.62826798
28.35000 0.62819410
28.36000 0.62812026
28.37000 0.62804645
28.38000 0.62797267
28.39000 0.62789893
28.40000 0.62782523
28.41000 0.62775156
28.42000 0.62767792
28.43000 0.62760432
28.44000 0.62753075
28.45000 0.62745722
28.46000 0.62738372
28.47000 0.62731026
28.48000 0.62723683
28.49000 0.62716343
28.50000 0.62709007
28.51000 0.62701674
28.52000 0.62694345
28.53000 0.62687019
28.54000 0.62679697
28.55000 0.62672378
28.56000 0.62665062
28.57000 0.62657750
28.58000 0.62650441
28.59000 0.62643136
28.60000 0.62635834
28.61000 0.62628536
28.62000 0.62621241
28.63000 0.62613949
28.64000 0.62606660
28.65000 0.62599376
28.66000 0.62592094
28.67000 0.62584816
28.68000 0.62577541
28.69000 0.62570270
28.70000 0.62563002
28.71000 0.62555737
28.72000 0.62548476
28.73000 0.62541218
28.74000 0.62533963
28.75000 0.62526712
28.76000 0.62519464
28.77000 0.62512220
28.78000 0.62504979
28.79000 0.62497741
28.80000 0.62490507
28.81000 0.62483276
28.82000 0.62476048
28.83000 0.62468824
28.84000 0.62461603
28.85000 0.62454385
28.86000 0.62447171
28.87000 0.62439960
28.88000 0.62432752
28.89000 0.62425548
28.90000 0.62418347
28.91000 0.62411149
28.92000 0.62403955
28.93000 0.62396764
28.94000 0.62389576
28.95000 0.62382392
28.96000 0.62375210
28.97000 0.62368033
28.98000 0.62360858
28.99000 0.62353687
29.00000 0.62346519
29.01000 0.62339354
29.02000 0.62332193
29.03000 0.62325035
29.04000 0.62317880
29.05000 0.62310729
29.06000 0.62303581
29.07000 0.62296436
29.08000 0.62289294
29.09000 0.62282156
29.10000 0.62275021
29.11000 0.62267889
29.12000 0.62260760
29.13000 0.62253635
29.14000 0.62246513
29.15000 0.62239394
29.16000 0.62232279
29.17000 0.62225166
29.18000 0.62218057
29.19000 0.62210952
29.20000 0.62203849
29.21000 0.62196750
29.22000 0.62189654
29.23000 0.62182561
29.24000 0.62175471
29.25000 0.62168385
29.26000 0.62161302
29.27000 0.62154222
29.28000 0.62147145
29.29000 0.62140072
29.30000 0.62133002
29.31000 0.62125935
29.32000 0.62118871
29.33000 0.62111811
29.34000 0.62104753
29.35000 0.62097699
29.36000 0.62090648
29.37000 0.62083600
29.38000 0.62076556
29.39000 0.62069514
29.40000 0.62062476
29.41000 0.62055441
29.42000 0.62048410
29.43000 0.62041381
29.44000 0.62034356
29.45000 0.62027333
29.46000 0.62020314
29.47000 0.62013298
29.48000 0.62006286
29.49000 0.61999276
29.50000 0.61992270
29.51000 0.61985267
29.52000 0.61978267
29.53000 0.61971270
29.54000 0.61964276
29.55000 0.61957285
29.56000 0.61950298
29.57000 0.61943314
29.58000 0.61936333
29.59000 0.61929355
29.60000 0.61922380
29.61000 0.61915408
29.62000 0.61908440
29.63000 0.61901474
29.64000 0.61894512
29.65000 0.61887553
29.66000 0.61880597
29.67000 0.61873644
29.68000 0.61866694
29.69000 0.61859748
29.70000 0.61852804
29.71000 0.61845864
29.72000 0.61838926
29.73000 0.61831992
29.74000 0.61825061
29.75000 0.61818133
29.76000 0.61811208
29.77000 0.61804287
29.78000 0.61797368
29.79000 0.61790452
29.80000 0.61783540
29.81000 0.61776631
29.82000 0.61769724
29.83000 0.61762821
29.84000 0.61755921
29.85000 0.61749024
29.86000 0.61742130
29.87000 0.61735239
29.88000 0.61728351
29.89000 0.61721467
29.90000 0.61714585
29.91000 0.61707707
29.92000 0.61700831
29.93000 0.61693959
29.94000 0.61687089
29.95000 0.61680223
29.96000 0.61673360
29.97000 0.61666499
29.98000 0.61659642
29.99000 0.61652788
30.00000 0.61645937
30.01000 0.61639089
30.02000 0.61632244
30.03000 0.61625402
30.04000 0.61618563
30.05000 0.61611727
30.06000 0.61604894
30.07000 0.61598065
30.08000 0.61591238
30.09000 0.61584414
30.10000 0.61577593
30.11000 0.61570776
30.12000 0.61563961
30.13000 0.61557149
30.14000 0.61550341
30.15000 0.61543535
30.16000 0.61536732
30.17000 0.61529933
30.18000 0.61523136
30.19000 0.61516342
30.20000 0.61509552
30.21000 0.61502764
30.22000 0.61495979
30.23000 0.61489198
30.24000 0.61482419
30.25000 0.61475644
30.26000 0.61468871
30.27000 0.61462101
30.28000 0.61455334
30.29000 0.61448571
30.30000 0.61441810
30.31000 0.61435052
30.32000 0.61428297
30.33000 0.61421545
30.34000 0.61414797
30.35000 0.61408051
30.36000 0.61401308
30.37000 0.61394568
30.38000 0.61387831
30.39000 0.61381097
30.40000 0.61374365
30.41000 0.61367637
30.42000 0.61360912
30.43000 0.61354190
30.44000 0.61347470
30.45000 0.61340754
30.46000 0.61334041
30.47000 0.61327330
30.48000 0.61320623
30.49000 0.61313918
30.50000 0.61307216
30.51000 0.61300517
30.52000 0.61293822
30.53000 0.61287129
30.54000 0.61280439
30.55000 0.61273752
30.56000 0.61267067
30.57000 0.61260386
30.58000 0.61253708
30.59000 0.61247032
30.60000 0.61240360
30.61000 0.61233690
30.62000 0.61227024
30.63000 0.61220360
30.64000 0.61213699
30.65000 0.61207041
30.66000 0.61200386
30.67000 0.61193734
30.68000 0.61187084
30.69000 0.61180438
30.70000 0.61173794
30.71000 0.61167154
30.72000 0.61160516
30.73000 0.61153881
30.74000 0.61147249
30.75000 0.61140620
30.76000 0.61133993
30.77000 0.61127370
30.78000 0.61120750
30.79000 0.61114132
30.80000 0.61107517
30.81000 0.61100905
30.82000 0.61094296
30.83000 0.61087690
30.84000 0.61081086
30.85000 0.61074486
30.86000 0.61067888
30.87000 0.61061293
30.88000 0.61054702
30.89000 0.61048112
30.90000 0.61041526
30.91000 0.61034943
30.92000 0.61028362
30.93000 0.61021784
30.94000 0.61015209
30.95000 0.61008637
30.96000 0.61002068
30.97000 0.60995502
30.98000 0.60988938
30.99000 0.60982377
31.00000 0.60975819
31.01000 0.60969264
31.02000 0.60962712
31.03000 0.60956162
31.04000 0.60949616
31.05000 0.60943072
31.06000 0.60936531
31.07000 0.60929993
31.08000 0.60923457
31.09000 0.60916925
31.10000 0.60910395
31.11000 0.60903868
31.12000 0.60897343
31.13000 0.60890822
31.14000 0.60884303
31.15000 0.60877787
31.16000 0.60871274
31.17000 0.60864764
31.18000 0.60858256
31.19000 0.60851752
31.20000 0.60845250
31.21000 0.60838751
31.22000 0.60832254
31.23000 0.60825761
31.24000 0.60819270
31.25000 0.60812782
31.26000 0.60806296
31.27000 0.60799814
31.28000 0.60793334
31.29000 0.60786857
31.30000 0.60780383
31.31000 0.60773911
31.32000 0.60767442
31.33000 0.60760976
31.34000 0.60754513
31.35000 0.60748053
31.36000 0.60741595
31.37000 0.60735140
31.38000 0.60728688
31.39000 0.60722238
31.40000 0.60715791
31.41000 0.60709347
31.42000 0.60702906
31.43000 0.60696467
31.44000 0.60690032
31.45000 0.60683599
31.46000 0.60677168
31.47000 0.60670740
31.48000 0.60664316
31.49000 0.60657893
31.50000 0.60651474
31.51000 0.60645057
31.52000 0.60638643
31.53000 0.60632232
31.54000 0.60625823
31.55000 0.60619417
31.56000 0.60613014
31.57000 0.60606613
31.58000 0.60600215
31.59000 0.60593820
31.60000 0.60587428
31.61000 0.60581038
31.62000 0.60574651
31.63000 0.60568267
31.64000 0.60561885
31.65000 0.60555506
31.66000 0.60549130
31.67000 0.60542756
31.68000 0.60536385
31.69000 0.60530017
31.70000 0.60523652
31.71000 0.60517289
31.72000 0.60510928
31.73000 0.60504571
31.74000 0.60498216
31.75000 0.60491864
31.76000 0.60485514
31.77000 0.60479168
31.78000 0.60472823
31.79000 0.60466482
31.80000 0.60460143
31.81000 0.60453807
31.82000 0.60447473
31.83000 0.60441142
31.84000 0.60434814
31.85000 0.60428488
31.86000 0.60422165
31.87000 0.60415845
31.88000 0.60409528
31.89000 0.60403212
31.90000 0.60396900
31.91000 0.60390590
31.92000 0.60384283
31.93000 0.60377979
31.94000 0.60371677
31.95000 0.60365378
31.96000 0.60359081
31.97000 0.60352787
31.98000 0.60346496
31.99000 0.60340207
32.00000 0.60333921
32.01000 0.60327638
32.02000 0.60321357
32.03000 0.60315078
32.04000 0.60308803
32.05000 0.60302530
32.06000 0.60296259
32.07000 0.60289992
32.08000 0.60283726
32.09000 0.60277464
32.10000 0.60271204
32.11000 0.60264946
32.12000 0.60258692
32.13000 0.60252439
32.14000 0.60246190
32.15000 0.60239943
32.16000 0.60233698
32.17000 0.60227457
32.18000 0.60221217
32.19000 0.60214981
32.20000 0.60208747
32.21000 0.60202515
32.22000 0.60196286
32.23000 0.60190060
32.24000 0.60183836
32.25000 0.60177615
32.26000 0.60171396
32.27000 0.60165180
32.28000 0.60158967
32.29000 0.60152756
32.30000 0.60146547
32.31000 0.60140342
32.32000 0.60134138
32.33000 0.60127938
32.34000 0.60121740
32.35000 0.60115544
32.36000 0.60109351
32.37000 0.60103161
32.38000 0.60096973
32.39000 0.60090787
32.40000 0.60084604
32.41000 0.60078424
32.42000 0.60072246
32.43000 0.60066071
32.44000 0.60059899
32.45000 0.60053728
32.46000 0.60047561
32.47000 0.60041396
32.48000 0.60035233
32.49000 0.60029073
32.50000 0.60022916
32.51000 0.60016761
32.52000 0.60010609
32.53000 0.60004459
32.54000 0.59998311
32.55000 0.59992166
32.56000 0.59986024
32.57000 0.59979884
32.58000 0.59973747
32.59000 0.59967612
32.60000 0.59961480
32.61000 0.59955350
32.62000 0.59949223
32.63000 0.59943098
32.64000 0.59936976
32.65000 0.59930856
32.66000 0.59924739
32.67000 0.59918624
32.68000 0.59912512
32.69000 0.59906402
32.70000 0.59900295
32.71000 0.59894190
32.72000 0.59888088
32.73000 0.59881988
32.74000 0.59875890
32.75000 0.59869796
32.76000 0.59863703
32.77000 0.59857613
32.78000 0.59851526
32.79000 0.59845441
32.80000 0.59839358
32.81000 0.59833278
32.82000 0.59827201
32.83000 0.59821126
32.84000 0.59815053
32.85000 0.59808983
32.86000 0.59802915
32.87000 0.59796850
32.88000 0.59790787
32.89000 0.59784727
32.90000 0.59778669
32.91000 0.59772614
32.92000 0.59766561
32.93000 0.59760511
32.94000 0.59754463
32.95000 0.59748417
32.96000 0.59742374
32.97000 0.59736333
32.98000 0.59730295
32.99000 0.59724259
33.00000 0.59718226
33.01000 0.59712195
33.02000 0.59706166
33.03000 0.59700140
33.04000 0.59694117
33.05000 0.59688096
33.06000 0.59682077
33.07000 0.59676060
33.08000 0.59670046
33.09000 0.59664035
33.10000 0.59658026
33.11000 0.59652019
33.12000 0.59646015
33.13000 0.59640013
33.14000 0.59634014
33.15000 0.59628017
33.16000 0.59622022
33.17000 0.59616030
33.18000 0.59610040
33.19000 0.59604053
33.20000 0.59598068
33.21000 0.59592086
33.22000 0.59586105
33.23000 0.59580128
33.24000 0.59574152
33.25000 0.59568179
33.26000 0.59562209
33.27000 0.59556241
33.28000 0.59550275
33.29000 0.59544312
33.30000 0.59538351
33.31000 0.59532392
33.32000 0.59526436
33.33000 0.59520482
33.34000 0.59514530
33.35000 0.59508581
33.36000 0.59502635
33.37000 0.59496690
33.38000 0.59490748
33.39000 0.59484809
33.40000 0.59478872
33.41000 0.59472937
33.42000 0.59467004
33.43000 0.59461074
33.44000 0.59455146
33.45000 0.59449221
33.46000 0.59443298
33.47000 0.59437377
33.48000 0.59431459
33.49000 0.59425543
33.50000 0.59419630
33.51000 0.59413718
33.52000 0.59407810
33.53000 0.59401903
33.54000 0.59395999
33.55000 0.59390097
33.56000 0.59384198
33.57000 0.59378300
33.58000 0.59372406
33.59000 0.59366513
33.60000 0.59360623
33.61000 0.59354735
33.62000 0.59348850
33.63000 0.59342967
33.64000 0.59337086
33.65000 0.59331207
33.66000 0.59325331
33.67000 0.59319458
33.68000 0.59313586
33.69000 0.59307717
33.70000 0.59301850
33.71000 0.59295986
33.72000 0.59290123
33.73000 0.59284264
33.74000 0.59278406
33.75000 0.59272551
33.76000 0.59266698
33.77000 0.59260847
33.78000 0.59254999
33.79000 0.59249153
33.80000 0.59243309
33.81000 0.59237468
33.82000 0.59231629
33.83000 0.59225792
33.84000 0.59219958
33.85000 0.59214125
33.86000 0.59208295
33.87000 0.59202468
33.88000 0.59196643
33.89000 0.59190820
33.90000 0.59184999
33.91000 0.59179180
33.92000 0.59173364
33.93000 0.59167550
33.94000 0.59161739
33.95000 0.59155930
33.96000 0.59150123
33.97000 0.59144318
33.98000 0.59138515
33.99000 0.59132715
34.00000 0.59126917
34.01000 0.59121122
34.02000 0.59115328
34.03000 0.59109537
34.04000 0.59103749
34.05000 0.59097962
34.06000 0.59092178
34.07000 0.59086396
34.08000 0.59080616
34.09000 0.59074838
34.10000 0.59069063
34.11000 0.59063290
34.12000 0.59057520
34.13000 0.59051751
34.14000 0.59045985
34.15000 0.59040221
34.16000 0.59034459
34.17000 0.59028700
34.18000 0.59022943
34.19000 0.59017188
34.20000 0.59011435
34.21000 0.59005684
34.22000 0.58999936
34.23000 0.58994190
34.24000 0.58988446
34.25000 0.58982705
34.26000 0.58976966
34.27000 0.58971228
34.28000 0.58965494
34.29000 0.58959761
34.30000 0.58954031
34.31000 0.58948303
34.32000 0.58942577
34.33000 0.58936853
34.34000 0.58931131
34.35000 0.58925412
34.36000 0.58919695
34.37000 0.58913980
34.38000 0.58908268
34.39000 0.58902557
34.40000 0.58896849
34.41000 0.58891143
34.42000 0.58885440
34.43000 0.58879738
34.44000 0.58874039
34.45000 0.58868342
34.46000 0.58862647
34.47000 0.58856954
34.48000 0.58851263
34.49000 0.58845575
34.50000 0.58839889
34.51000 0.58834205
34.52000 0.58828523
34.53000 0.58822844
34.54000 0.58817167
34.55000 0.58811491
34.56000 0.58805818
34.57000 0.58800148
34.58000 0.58794479
34.59000 0.58788813
34.60000 0.58783148
34.61000 0.58777486
34.62000 0.58771827
34.63000 0.58766169
34.64000 0.58760513
34.65000 0.58754860
34.66000 0.58749209
34.67000 0.58743560
34.68000 0.58737913
34.69000 0.58732269
34.70000 0.58726626
34.71000 0.58720986
34.72000 0.58715348
34.73000 0.58709712
34.74000 0.58704078
34.75000 0.58698446
34.76000 0.58692817
34.77000 0.58687190
34.78000 0.58681564
34.79000 0.58675941
34.80000 0.58670321
34.81000 0.58664702
34.82000 0.58659085
34.83000 0.58653471
34.84000 0.58647859
34.85000 0.58642249
34.86000 0.58636641
34.87000 0.58631035
34.88000 0.58625431
34.89000 0.58619830
34.90000 0.58614230
34.91000 0.58608633
34.92000 0.58603038
34.93000 0.58597445
34.94000 0.58591854
34.95000 0.58586266
34.96000 0.58580679
34.97000 0.58575095
34.98000 0.58569512
34.99000 0.58563932
35.00000 0.58558354
35.01000 0.58552778
35.02000 0.58547204
35.03000 0.58541633
35.04000 0.58536063
35.05000 0.58530496
35.06000 0.58524930
35.07000 0.58519367
35.08000 0.58513806
35.09000 0.58508247
35.10000 0.58502690
35.11000 0.58497135
35.12000 0.58491583
35.13000 0.58486032
35.14000 0.58480484
35.15000 0.58474938
35.16000 0.58469393
35.17000 0.58463851
35.18000 0.58458311
35.19000 0.58452773
35.20000 0.58447237
35.21000 0.58441704
35.22000 0.58436172
35.23000 0.58430643
35.24000 0.58425115
35.25000 0.58419590
35.26000 0.58414066
35.27000 0.58408545
35.28000 0.58403026
35.29000 0.58397509
35.30000 0.58391994
35.31000 0.58386481
35.32000 0.58380971
35.33000 0.58375462
35.34000 0.58369955
35.35000 0.58364451
35.36000 0.58358948
35.37000 0.58353448
35.38000 0.58347950
35.39000 0.58342454
35.40000 0.58336959
35.41000 0.58331467
35.42000 0.58325977
35.43000 0.58320489
35.44000 0.58315003
35.45000 0.58309520
35.46000 0.58304038
35.47000 0.58298558
35.48000 0.58293080
35.49000 0.58287605
35.50000 0.58282131
35.51000 0.58276660
35.52000 0.58271190
35.53000 0.58265723
35.54000 0.58260258
35.55000 0.58254795
35.56000 0.58249333
35.57000 0.58243874
35.58000 0.58238417
35.59000 0.58232962
35.60000 0.58227509
35.61000 0.58222058
35.62000 0.58216609
35.63000 0.58211162
35.64000 0.58205717
35.65000 0.58200274
35.66000 0.58194834
35.67000 0.58189395
35.68000 0.58183958
35.69000 0.58178523
35.70000 0.58173091
35.71000 0.58167660
35.72000 0.58162231
35.73000 0.58156805
35.74000 0.58151380
35.75000 0.58145958
35.76000 0.58140537
35.77000 0.58135119
35.78000 0.58129702
35.79000 0.58124288
35.80000 0.58118875
35.81000 0.58113465
35.82000 0.58108056
35.83000 0.58102650
35.84000 0.58097246
35.85000 0.58091843
35.86000 0.58086443
35.87000 0.58081044
35.88000 0.58075648
35.89000 0.58070254
35.90000 0.58064861
35.91000 0.58059471
35.92000 0.58054083
35.93000 0.58048696
35.94000 0.58043312
35.95000 0.58037930
35.96000 0.58032549
35.97000 0.58027171
35.98000 0.58021795
35.99000 0.58016420
36.00000 0.58011048
36.01000 0.58005677
36.02000 0.58000309
36.03000 0.57994943
36.04000 0.57989578
36.05000 0.57984216
36.06000 0.57978855
36.07000 0.57973497
36.08000 0.57968140
36.09000 0.57962786
36.10000 0.57957433
36.11000 0.57952083
36.12000 0.57946734
36.13000 0.57941387
36.14000 0.57936043
36.15000 0.57930700
36.16000 0.57925359
36.17000 0.57920020
36.18000 0.57914684
36.19000 0.57909349
36.20000 0.57904016
36.21000 0.57898685
36.22000 0.57893356
36.23000 0.57888029
36.24000 0.57882704
36.25000 0.57877381
36.26000 0.57872060
36.27000 0.57866741
36.28000 0.57861424
36.29000 0.57856109
36.30000 0.57850795
36.31000 0.57845484
36.32000 0.57840175
36.33000 0.57834867
36.34000 0.57829562
36.35000 0.57824258
36.36000 0.57818957
36.37000 0.57813657
36.38000 0.57808359
36.39000 0.57803064
36.40000 0.57797770
36.41000 0.57792478
36.42000 0.57787188
36.43000 0.57781900
36.44000 0.57776614
36.45000 0.57771330
36.46000 0.57766048
36.47000 0.57760768
36.48000 0.57755489
36.49000 0.57750213
36.50000 0.57744938
36.51000 0.57739666
36.52000 0.57734395
36.53000 0.57729126
36.54000 0.57723860
36.55000 0.57718595
36.56000 0.57713332
36.57000 0.57708071
36.58000 0.57702812
36.59000 0.57697555
36.60000 0.57692299
36.61000 0.57687046
36.62000 0.57681795
36.63000 0.57676545
36.64000 0.57671297
36.65000 0.57666052
36.66000 0.57660808
36.67000 0.57655566
36.68000 0.57650326
36.69000 0.57645088
36.70000 0.57639852
36.71000 0.57634617
36.72000 0.57629385
36.73000 0.57624155
36.74000 0.57618926
36.75000 0.57613699
36.76000 0.57608475
36.77000 0.57603252
36.78000 0.57598031
36.79000 0.57592812
36.80000 0.57587594
36.81000 0.57582379
36.82000 0.57577166
36.83000 0.57571954
36.84000 0.57566744
36.85000 0.57561537
36.86000 0.57556331
36.87000 0.57551127
36.88000 0.57545925
36.89000 0.57540724
36.90000 0.57535526
36.91000 0.57530329
36.92000 0.57525135
36.93000 0.57519942
36.94000 0.57514751
36.95000 0.57509562
36.96000 0.57504375
36.97000 0.57499190
36.98000 0.57494007
36.99000 0.57488825
37.00000 0.57483645
37.01000 0.57478468
37.02000 0.57473292
37.03000 0.57468118
37.04000 0.57462946
37.05000 0.57457775
37.06000 0.57452607
37.07000 0.57447440
37.08000 0.57442275
37.09000 0.57437112
37.10000 0.57431951
37.11000 0.57426792
37.12000 0.57421635
37.13000 0.57416479
37.14000 0.57411326
37.15000 0.57406174
37.16000 0.57401024
37.17000 0.57395876
37.18000 0.57390730
37.19000 0.57385585
37.20000 0.57380443
37.21000 0.57375302
37.22000 0.57370163
37.23000 0.57365026
37.24000 0.57359891
37.25000 0.57354758
37.26000 0.57349626
37.27000 0.57344497
37.28000 0.57339369
37.29000 0.57334243
37.30000 0.57329119
37.31000 0.57323996
37.32000 0.57318876
37.33000 0.57313757
37.34000 0.57308640
37.35000 0.57303525
37.36000 0.57298412
37.37000 0.57293301
37.38000 0.57288191
37.39000 0.57283084
37.40000 0.57277978
37.41000 0.57272874
37.42000 0.57267771
37.43000 0.57262671
37.44000 0.57257572
37.45000 0.57252475
37.46000 0.57247380
37.47000 0.57242287
37.48000 0.57237196
37.49000 0.57232106
37.50000 0.57227019
37.51000 0.57221933
37.52000 0.57216849
37.53000 0.57211766
37.54000 0.57206686
37.55000 0.57201607
37.56000 0.57196530
37.57000 0.57191455
37.58000 0.57186382
37.59000 0.57181310
37.60000 0.57176240
37.61000 0.57171172
37.62000 0.57166106
37.63000 0.57161042
37.64000 0.57155979
37.65000 0.57150919
37.66000 0.57145860
37.67000 0.57140803
37.68000 0.57135747
37.69000 0.57130694
37.70000 0.57125642
37.71000 0.57120592
37.72000 0.57115544
37.73000 0.57110497
37.74000 0.57105453
37.75000 0.57100410
37.76000 0.57095369
37.77000 0.57090329
37.78000 0.57085292
37.79000 0.57080256
37.80000 0.57075222
37.81000 0.57070190
37.82000 0.57065159
37.83000 0.57060131
37.84000 0.57055104
37.85000 0.57050079
37.86000 0.57045055
37.87000 0.57040034
37.88000 0.57035014
37.89000 0.57029996
37.90000 0.57024980
37.91000 0.57019965
37.92000 0.57014953
37.93000 0.57009942
37.94000 0.57004932
37.95000 0.56999925
37.96000 0.56994919
37.97000 0.56989915
37.98000 0.56984913
37.99000 0.56979913
38.00000 0.56974914
38.01000 0.56969917
38.02000 0.56964922
38.03000 0.56959928
38.04000 0.56954937
38.05000 0.56949947
38.06000 0.56944959
38.07000 0.56939972
38.08000 0.56934988
38.09000 0.56930005
38.10000 0.56925023
38.11000 0.56920044
38.12000 0.56915066
38.13000 0.56910090
38.14000 0.56905116
38.15000 0.56900144
38.16000 0.56895173
38.17000 0.56890204
38.18000 0.56885237
38.19000 0.56880271
38.20000 0.56875307
38.21000 0.56870345
38.22000 0.56865385
38.23000 0.56860426
38.24000 0.56855469
38.25000 0.56850514
38.26000 0.56845561
38.27000 0.56840609
38.28000 0.56835659
38.29000 0.56830711
38.30000 0.56825764
38.31000 0.56820819
38.32000 0.56815876
38.33000 0.56810935
38.34000 0.56805995
38.35000 0.56801057
38.36000 0.56796121
38.37000 0.56791187
38.38000 0.56786254
38.39000 0.56781323
38.40000 0.56776393
38.41000 0.56771466
38.42000 0.56766540
38.43000 0.56761616
38.44000 0.56756693
38.45000 0.56751772
38.46000 0.56746853
38.47000 0.56741936
38.48000 0.56737020
38.49000 0.56732106
38.50000 0.56727194
38.51000 0.56722283
38.52000 0.56717374
38.53000 0.56712467
38.54000 0.56707562
38.55000 0.56702658
38.56000 0.56697756
38.57000 0.56692855
38.58000 0.56687957
38.59000 0.56683060
38.60000 0.56678164
38.61000 0.56673271
38.62000 0.56668379
38.63000 0.56663488
38.64000 0.56658600
38.65000 0.56653713
38.66000 0.56648828
38.67000 0.56643944
38.68000 0.56639062
38.69000 0.56634182
38.70000 0.56629304
38.71000 0.56624427
38.72000 0.56619552
38.73000 0.56614678
38.74000 0.56609807
38.75000 0.56604936
38.76000 0.56600068
38.77000 0.56595201
38.78000 0.56590336
38.79000 0.56585473
38.80000 0.56580611
38.81000 0.56575751
38.82000 0.56570893
38.83000 0.56566036
38.84000 0.56561181
38.85000 0.56556328
38.86000 0.56551476
38.87000 0.56546626
38.88000 0.56541778
38.89000 0.56536931
38.90000 0.56532086
38.91000 0.56527242
38.92000 0.56522401
38.93000 0.56517561
38.94000 0.56512722
38.95000 0.56507885
38.96000 0.56503050
38.97000 0.56498217
38.98000 0.56493385
38.99000 0.56488555
39.00000 0.56483726
39.01000 0.56478900
39.02000 0.56474074
39.03000 0.56469251
39.04000 0.56464429
39.05000 0.56459609
39.06000 0.56454790
39.07000 0.56449973
39.08000 0.56445158
39.09000 0.56440344
39.10000 0.56435532
39.11000 0.56430722
39.12000 0.56425913
39.13000 0.56421106
39.14000 0.56416300
39.15000 0.56411497
39.16000 0.56406694
39.17000 0.56401894
39.18000 0.56397095
39.19000 0.56392297
39.20000 0.56387502
39.21000 0.56382708
39.22000 0.56377915
39.23000 0.56373125
39.24000 0.56368335
39.25000 0.56363548
39.26000 0.56358762
39.27000 0.56353978
39.28000 0.56349195
39.29000 0.56344414
39.30000 0.56339635
39.31000 0.56334857
39.32000 0.56330081
39.33000 0.56325306
39.34000 0.56320533
39.35000 0.56315762
39.36000 0.56310992
39.37000 0.56306224
39.38000 0.56301458
39.39000 0.56296693
39.40000 0.56291930
39.41000 0.56287168
39.42000 0.56282408
39.43000 0.56277650
39.44000 0.56272893
39.45000 0.56268138
39.46000 0.56263384
39.47000 0.56258632
39.48000 0.56253882
39.49000 0.56249133
39.50000 0.56244386
39.51000 0.56239640
39.52000 0.56234896
39.53000 0.56230154
39.54000 0.56225413
39.55000 0.56220674
39.56000 0.56215936
39.57000 0.56211200
39.58000 0.56206466
39.59000 0.56201733
39.60000 0.56197002
39.61000 0.56192272
39.62000 0.56187544
39.63000 0.56182818
39.64000 0.56178093
39.65000 0.56173370
39.66000 0.56168648
39.67000 0.56163928
39.68000 0.56159210
39.69000 0.56154493
39.70000 0.56149778
39.71000 0.56145064
39.72000 0.56140352
39.73000 0.56135641
39.74000 0.56130932
39.75000 0.56126225
39.76000 0.56121519
39.77000 0.56116815
39.78000 0.56112112
39.79000 0.56107411
39.80000 0.56102712
39.81000 0.56098014
39.82000 0.56093317
39.83000 0.56088623
39.84000 0.56083929
39.85000 0.56079238
39.86000 0.56074548
39.87000 0.56069859
39.88000 0.56065172
39.89000 0.56060487
39.90000 0.56055803
39.91000 0.56051121
39.92000 0.56046440
39.93000 0.56041761
39.94000 0.56037083
39.95000 0.56032407
39.96000 0.56027733
39.97000 0.56023060
39.98000 0.56018389
39.99000 0.56013719
40.00000 0.56009051
40.01000 0.56004384
40.02000 0.55999719
40.03000 0.55995056
40.04000 0.55990394
40.05000 0.55985733
40.06000 0.55981074
40.07000 0.55976417
40.08000 0.55971761
40.09000 0.55967107
40.10000 0.55962454
40.11000 0.55957803
40.12000 0.55953154
40.13000 0.55948505
40.14000 0.55943859
40.15000 0.55939214
40.16000 0.55934571
40.17000 0.55929929
40.18000 0.55925288
40.19000 0.55920650
40.20000 0.55916012
40.21000 0.55911377
40.22000 0.55906742
40.23000 0.55902110
40.24000 0.55897479
40.25000 0.55892849
40.26000 0.55888221
40.27000 0.55883595
40.28000 0.55878970
40.29000 0.55874346
40.30000 0.55869724
40.31000 0.55865104
40.32000 0.55860485
40.33000 0.55855868
40.34000 0.55851252
40.35000 0.55846638
40.36000 0.55842025
40.37000 0.55837414
40.38000 0.55832804
40.39000 0.55828196
40.40000 0.55823589
40.41000 0.55818984
40.42000 0.55814380
40.43000 0.55809778
40.44000 0.55805178
40.45000 0.55800578
40.46000 0.55795981
40.47000 0.55791385
40.48000 0.55786790
40.49000 0.55782197
40.50000 0.55777606
40.51000 0.55773016
40.52000 0.55768427
40.53000 0.55763840
40.54000 0.55759255
40.55000 0.55754671
40.56000 0.55750088
40.57000 0.55745508
40.58000 0.55740928
40.59000 0.55736350
40.60000 0.55731774
40.61000 0.55727199
40.62000 0.55722625
40.63000 0.55718053
40.64000 0.55713483
40.65000 0.55708914
40.66000 0.55704347
40.67000 0.55699781
40.68000 0.55695216
40.69000 0.55690653
40.70000 0.55686092
40.71000 0.55681532
40.72000 0.55676974
40.73000 0.55672417
40.74000 0.55667861
40.75000 0.55663307
40.76000 0.55658755
40.77000 0.55654204
40.78000 0.55649654
40.79000 0.55645106
40.80000 0.55640560
40.81000 0.55636014
40.82000 0.55631471
40.83000 0.55626929
40.84000 0.55622388
40.85000 0.55617849
40.86000 0.55613311
40.87000 0.55608775
40.88000 0.55604241
40.89000 0.55599707
40.90000 0.55595176
40.91000 0.55590645
40.92000 0.55586117
40.93000 0.55581589
40.94000 0.55577064
40.95000 0.55572539
40.96000 0.55568016
40.97000 0.55563495
40.98000 0.55558975
40.99000 0.55554457
41.00000 0.55549940
41.01000 0.55545424
41.02000 0.55540910
41.03000 0.55536397
41.04000 0.55531886
41.05000 0.55527377
41.06000 0.55522868
41.07000 0.55518362
41.08000 0.55513856
41.09000 0.55509353
41.10000 0.55504850
41.11000 0.55500349
41.12000 0.55495850
41.13000 0.55491352
41.14000 0.55486856
41.15000 0.55482361
41.16000 0.55477867
41.17000 0.55473375
41.18000 0.55468884
41.19000 0.55464395
41.20000 0.55459907
41.21000 0.55455421
41.22000 0.55450936
41.23000 0.55446452
41.24000 0.55441971
41.25000 0.55437490
41.26000 0.55433011
41.27000 0.55428533
41.28000 0.55424057
41.29000 0.55419582
41.30000 0.55415109
41.31000 0.55410637
41.32000 0.55406167
41.33000 0.55401698
41.34000 0.55397230
41.35000 0.55392764
41.36000 0.55388300
41.37000 0.55383836
41.38000 0.55379375
41.39000 0.55374914
41.40000 0.55370455
41.41000 0.55365998
41.42000 0.55361542
41.43000 0.55357087
41.44000 0.55352634
41.45000 0.55348183
41.46000 0.55343732
41.47000 0.55339283
41.48000 0.55334836
41.49000 0.55330390
41.50000 0.55325945
41.51000 0.55321502
41.52000 0.55317061
41.53000 0.55312620
41.54000 0.55308181
41.55000 0.55303744
41.56000 0.55299308
41.57000 0.55294873
41.58000 0.55290440
41.59000 0.55286009
41.60000 0.55281578
41.61000 0.55277149
41.62000 0.55272722
41.63000 0.55268296
41.64000 0.55263871
41.65000 0.55259448
41.66000 0.55255026
41.67000 0.55250606
41.68000 0.55246187
41.69000 0.55241769
41.70000 0.55237353
41.71000 0.55232938
41.72000 0.55228525
41.73000 0.55224113
41.74000 0.55219702
41.75000 0.55215293
41.76000 0.55210886
41.77000 0.55206479
41.78000 0.55202074
41.79000 0.55197671
41.80000 0.55193269
41.81000 0.55188868
41.82000 0.55184469
41.83000 0.55180071
41.84000 0.55175675
41.85000 0.55171279
41.86000 0.55166886
41.87000 0.55162494
41.88000 0.55158103
41.89000 0.55153713
41.90000 0.55149325
41.91000 0.55144938
41.92000 0.55140553
41.93000 0.55136169
41.94000 0.55131787
41.95000 0.55127406
41.96000 0.55123026
41.97000 0.55118648
41.98000 0.55114271
41.99000 0.55109895
42.00000 0.55105521
42.01000 0.55101148
42.02000 0.55096777
42.03000 0.55092407
42.04000 0.55088038
42.05000 0.55083671
42.06000 0.55079305
42.07000 0.55074941
42.08000 0.55070578
42.09000 0.55066216
42.10000 0.55061856
42.11000 0.55057497
42.12000 0.55053139
42.13000 0.55048783
42.14000 0.55044428
42.15000 0.55040075
42.16000 0.55035723
42.17000 0.55031372
42.18000 0.55027023
42.19000 0.55022675
42.20000 0.55018329
42.21000 0.55013983
42.22000 0.55009640
42.23000 0.55005297
42.24000 0.55000956
42.25000 0.54996617
42.26000 0.54992278
42.27000 0.54987941
42.28000 0.54983606
42.29000 0.54979272
42.30000 0.54974939
42.31000 0.54970607
42.32000 0.54966277
42.33000 0.54961948
42.34000 0.54957621
42.35000 0.54953295
42.36000 0.54948970
42.37000 0.54944647
42.38000 0.54940325
42.39000 0.54936005
42.40000 0.54931685
42.41000 0.54927368
42.42000 0.54923051
42.43000 0.54918736
42.44000 0.54914422
42.45000 0.54910110
42.46000 0.54905799
42.47000 0.54901489
42.48000 0.54897181
42.49000 0.54892874
42.50000 0.54888568
42.51000 0.54884264
42.52000 0.54879961
42.53000 0.54875659
42.54000 0.54871359
42.55000 0.54867060
42.56000 0.54862762
42.57000 0.54858466
42.58000 0.54854171
42.59000 0.54849878
42.60000 0.54845585
42.61000 0.54841295
42.62000 0.54837005
42.63000 0.54832717
42.64000 0.54828430
42.65000 0.54824145
42.66000 0.54819861
42.67000 0.54815578
42.68000 0.54811296
42.69000 0.54807016
42.70000 0.54802737
42.71000 0.54798460
42.72000 0.54794184
42.73000 0.54789909
42.74000 0.54785636
42.75000 0.54781363
42.76000 0.54777093
42.77000 0.54772823
42.78000 0.54768555
42.79000 0.54764288
42.80000 0.54760023
42.81000 0.54755759
42.82000 0.54751496
42.83000 0.54747234
42.84000 0.54742974
42.85000 0.54738715
42.86000 0.54734458
42.87000 0.54730202
42.88000 0.54725947
42.89000 0.54721693
42.90000 0.54717441
42.91000 0.54713190
42.92000 0.54708941
42.93000 0.54704692
42.94000 0.54700445
42.95000 0.54696200
42.96000 0.54691956
42.97000 0.54687713
42.98000 0.54683471
42.99000 0.54679231
43.00000 0.54674992
43.01000 0.54670754
43.02000 0.54666517
43.03000 0.54662282
43.04000 0.54658049
43.05000 0.54653816
43.06000 0.54649585
43.07000 0.54645355
43.08000 0.54641127
43.09000 0.54636899
43.10000 0.54632673
43.11000 0.54628449
43.12000 0.54624226
43.13000 0.54620004
43.14000 0.54615783
43.15000 0.54611563
43.16000 0.54607345
43.17000 0.54603129
43.18000 0.54598913
43.19000 0.54594699
43.20000 0.54590486
43.21000 0.54586274
43.22000 0.54582064
43.23000 0.54577855
43.24000 0.54573647
43.25000 0.54569441
43.26000 0.54565236
43.27000 0.54561032
43.28000 0.54556830
43.29000 0.54552629
43.30000 0.54548429
43.31000 0.54544230
43.32000 0.54540033
43.33000 0.54535837
43.34000 0.54531642
43.35000 0.54527448
43.36000 0.54523256
43.37000 0.54519065
43.38000 0.54514876
43.39000 0.54510688
43.40000 0.54506501
43.41000 0.54502315
43.42000 0.54498130
43.43000 0.54493947
43.44000 0.54489765
43.45000 0.54485585
43.46000 0.54481405
43.47000 0.54477227
43.48000 0.54473051
43.49000 0.54468875
43.50000 0.54464701
43.51000 0.54460528
43.52000 0.54456357
43.53000 0.54452186
43.54000 0.54448017
43.55000 0.54443849
43.56000 0.54439683
43.57000 0.54435518
43.58000 0.54431354
43.59000 0.54427191
43.60000 0.54423029
43.61000 0.54418869
43.62000 0.54414710
43.63000 0.54410553
43.64000 0.54406397
43.65000 0.54402241
43.66000 0.54398088
43.67000 0.54393935
43.68000 0.54389784
43.69000 0.54385634
43.70000 0.54381485
43.71000 0.54377338
43.72000 0.54373192
43.73000 0.54369047
43.74000 0.54364903
43.75000 0.54360761
43.76000 0.54356619
43.77000 0.54352480
43.78000 0.54348341
43.79000 0.54344204
43.80000 0.54340067
43.81000 0.54335933
43.82000 0.54331799
43.83000 0.54327667
43.84000 0.54323536
43.85000 0.54319406
43.86000 0.54315277
43.87000 0.54311150
43.88000 0.54307024
43.89000 0.54302899
43.90000 0.54298776
43.91000 0.54294653
43.92000 0.54290532
43.93000 0.54286412
43.94000 0.54282294
43.95000 0.54278177
43.96000 0.54274061
43.97000 0.54269946
43.98000 0.54265832
43.99000 0.54261720
44.00000 0.54257609
44.01000 0.54253499
44.02000 0.54249391
44.03000 0.54245283
44.04000 0.54241177
44.05000 0.54237072
44.06000 0.54232969
44.07000 0.54228866
44.08000 0.54224765
44.09000 0.54220665
44.10000 0.54216567
44.11000 0.54212469
44.12000 0.54208373
44.13000 0.54204278
44.14000 0.54200185
44.15000 0.54196092
44.16000 0.54192001
44.17000 0.54187911
44.18000 0.54183822
44.19000 0.54179735
44.20000 0.54175649
44.21000 0.54171564
44.22000 0.54167480
44.23000 0.54163397
44.24000 0.54159316
44.25000 0.54155236
44.26000 0.54151157
44.27000 0.54147079
44.28000 0.54143003
44.29000 0.54138928
44.30000 0.54134854
44.31000 0.54130781
44.32000 0.54126709
44.33000 0.54122639
44.34000 0.54118570
44.35000 0.54114502
44.36000 0.54110436
44.37000 0.54106370
44.38000 0.54102306
44.39000 0.54098243
44.40000 0.54094181
44.41000 0.54090121
44.42000 0.54086062
44.43000 0.54082004
44.44000 0.54077947
44.45000 0.54073891
44.46000 0.54069837
44.47000 0.54065783
44.48000 0.54061731
44.49000 0.54057681
44.50000 0.54053631
44.51000 0.54049583
44.52000 0.54045536
44.53000 0.54041490
44.54000 0.54037445
44.55000 0.54033401
44.56000 0.54029359
44.57000 0.54025318
44.58000 0.54021278
44.59000 0.54017239
44.60000 0.54013202
44.61000 0.54009166
44.62000 0.54005131
44.63000 0.54001097
44.64000 0.53997064
44.65000 0.53993033
44.66000 0.53989003
44.67000 0.53984973
44.68000 0.53980946
44.69000 0.53976919
44.70000 0.53972894
44.71000 0.53968869
44.72000 0.53964846
44.73000 0.53960825
44.74000 0.53956804
44.75000 0.53952784
44.76000 0.53948766
44.77000 0.53944749
44.78000 0.53940733
44.79000 0.53936719
44.80000 0.53932705
44.81000 0.53928693
44.82000 0.53924682
44.83000 0.53920672
44.84000 0.53916663
44.85000 0.53912656
44.86000 0.53908650
44.87000 0.53904645
44.88000 0.53900641
44.89000 0.53896638
44.90000 0.53892636
44.91000 0.53888636
44.92000 0.53884637
44.93000 0.53880639
44.94000 0.53876642
44.95000 0.53872647
44.96000 0.53868652
44.97000 0.53864659
44.98000 0.53860667
44.99000 0.53856676
45.00000 0.53852686
45.01000 0.53848698
45.02000 0.53844710
45.03000 0.53840724
45.04000 0.53836739
45.05000 0.53832756
45.06000 0.53828773
45.07000 0.53824792
45.08000 0.53820811
45.09000 0.53816832
45.10000 0.53812854
45.11000 0.53808878
45.12000 0.53804902
45.13000 0.53800928
45.14000 0.53796955
45.15000 0.53792983
45.16000 0.53789012
45.17000 0.53785042
45.18000 0.53781074
45.19000 0.53777106
45.20000 0.53773140
45.21000 0.53769175
45.22000 0.53765211
45.23000 0.53761249
45.24000 0.53757287
45.25000 0.53753327
45.26000 0.53749368
45.27000 0.53745410
45.28000 0.53741453
45.29000 0.53737497
45.30000 0.53733543
45.31000 0.53729589
45.32000 0.53725637
45.33000 0.53721686
45.34000 0.53717736
45.35000 0.53713788
45.36000 0.53709840
45.37000 0.53705894
45.38000 0.53701949
45.39000 0.53698005
45.40000 0.53694062
45.41000 0.53690120
45.42000 0.53686180
45.43000 0.53682240
45.44000 0.53678302
45.45000 0.53674365
45.46000 0.53670429
45.47000 0.53666494
45.48000 0.53662560
45.49000 0.53658628
45.50000 0.53654697
45.51000 0.53650767
45.52000 0.53646838
45.53000 0.53642910
45.54000 0.53638983
45.55000 0.53635057
45.56000 0.53631133
45.57000 0.53627210
45.58000 0.53623288
45.59000 0.53619367
45.60000 0.53615447
45.61000 0.53611528
45.62000 0.53607611
45.63000 0.53603694
45.64000 0.53599779
45.65000 0.53595865
45.66000 0.53591952
45.67000 0.53588040
45.68000 0.53584129
45.69000 0.53580220
45.70000 0.53576311
45.71000 0.53572404
45.72000 0.53568498
45.73000 0.53564593
45.74000 0.53560689
45.75000 0.53556786
45.76000 0.53552885
45.77000 0.53548984
45.78000 0.53545085
45.79000 0.53541187
45.80000 0.53537290
45.81000 0.53533394
45.82000 0.53529499
45.83000 0.53525606
45.84000 0.53521713
45.85000 0.53517822
45.86000 0.53513932
45.87000 0.53510043
45.88000 0.53506155
45.89000 0.53502268
45.90000 0.53498382
45.91000 0.53494497
45.92000 0.53490614
45.93000 0.53486732
45.94000 0.53482851
45.95000 0.53478970
45.96000 0.53475092
45.97000 0.53471214
45.98000 0.53467337
45.99000 0.53463461
46.00000 0.53459587
46.01000 0.53455714
46.02000 0.53451841
46.03000 0.53447970
46.04000 0.53444100
46.05000 0.53440232
46.06000 0.53436364
46.07000 0.53432497
46.08000 0.53428632
46.09000 0.53424767
46.10000 0.53420904
46.11000 0.53417042
46.12000 0.53413181
46.13000 0.53409321
46.14000 0.53405462
46.15000 0.53401605
46.16000 0.53397748
46.17000 0.53393893
46.18000 0.53390038
46.19000 0.53386185
46.20000 0.53382333
46.21000 0.53378482
46.22000 0.53374632
46.23000 0.53370784
46.24000 0.53366936
46.25000 0.53363089
46.26000 0.53359244
46.27000 0.53355400
46.28000 0.53351556
46.29000 0.53347714
46.30000 0.53343873
46.31000 0.53340033
46.32000 0.53336195
46.33000 0.53332357
46.34000 0.53328520
46.35000 0.53324685
46.36000 0.53320850
46.37000 0.53317017
46.38000 0.53313185
46.39000 0.53309354
46.40000 0.53305524
46.41000 0.53301695
46.42000 0.53297867
46.43000 0.53294041
46.44000 0.53290215
46.45000 0.53286391
46.46000 0.53282567
46.47000 0.53278745
46.48000 0.53274924
46.49000 0.53271104
46.50000 0.53267285
46.51000 0.53263467
46.52000 0.53259650
46.53000 0.53255834
46.54000 0.53252020
46.55000 0.53248206
46.56000 0.53244394
46.57000 0.53240582
46.58000 0.53236772
46.59000 0.53232963
46.60000 0.53229155
46.61000 0.53225348
46.62000 0.53221542
46.63000 0.53217737
46.64000 0.53213933
46.65000 0.53210131
46.66000 0.53206329
46.67000 0.53202529
46.68000 0.53198730
46.69000 0.53194931
46.70000 0.53191134
46.71000 0.53187338
46.72000 0.53183543
46.73000 0.53179749
46.74000 0.53175956
46.75000 0.53172164
46.76000 0.53168374
46.77000 0.53164584
46.78000 0.53160795
46.79000 0.53157008
46.80000 0.53153222
46.81000 0.53149436
46.82000 0.53145652
46.83000 0.53141869
46.84000 0.53138087
46.85000 0.53134306
46.86000 0.53130526
46.87000 0.53126747
46.88000 0.53122969
46.89000 0.53119193
46.90000 0.53115417
46.91000 0.53111642
46.92000 0.53107869
46.93000 0.53104097
46.94000 0.53100325
46.95000 0.53096555
46.96000 0.53092786
46.97000 0.53089018
46.98000 0.53085251
46.99000 0.53081485
47.00000 0.53077720
47.01000 0.53073956
47.02000 0.53070193
47.03000 0.53066431
47.04000 0.53062671
47.05000 0.53058911
47.06000 0.53055153
47.07000 0.53051395
47.08000 0.53047639
47.09000 0.53043884
47.10000 0.53040129
47.11000 0.53036376
47.12000 0.53032624
47.13000 0.53028873
47.14000 0.53025123
47.15000 0.53021374
47.16000 0.53017626
47.17000 0.53013879
47.18000 0.53010133
47.19000 0.53006389
47.20000 0.53002645
47.21000 0.52998902
47.22000 0.52995161
47.23000 0.52991420
47.24000 0.52987681
47.25000 0.52983943
47.26000 0.52980205
47.27000 0.52976469
47.28000 0.52972734
47.29000 0.52969000
47.30000 0.52965267
47.31000 0.52961535
47.32000 0.52957804
47.33000 0.52954074
47.34000 0.52950345
47.35000 0.52946617
47.36000 0.52942890
47.37000 0.52939164
47.38000 0.52935440
47.39000 0.52931716
47.40000 0.52927993
47.41000 0.52924272
47.42000 0.52920551
47.43000 0.52916832
47.44000 0.52913113
47.45000 0.52909396
47.46000 0.52905680
47.47000 0.52901964
47.48000 0.52898250
47.49000 0.52894537
47.50000 0.52890825
47.51000 0.52887114
47.52000 0.52883404
47.53000 0.52879695
47.54000 0.52875987
47.55000 0.52872280
47.56000 0.52868574
47.57000 0.52864869
47.58000 0.52861165
47.59000 0.52857462
47.60000 0.52853760
47.61000 0.52850060
47.62000 0.52846360
47.63000 0.52842661
47.64000 0.52838964
47.65000 0.52835267
47.66000 0.52831572
47.67000 0.52827877
47.68000 0.52824184
47.69000 0.52820491
47.70000 0.52816800
47.71000 0.52813109
47.72000 0.52809420
47.73000 0.52805732
47.74000 0.52802044
47.75000 0.52798358
47.76000 0.52794673
47.77000 0.52790989
47.78000 0.52787306
47.79000 0.52783623
47.80000 0.52779942
47.81000 0.52776262
47.82000 0.52772583
47.83000 0.52768905
47.84000 0.52765228
47.85000 0.52761552
47.86000 0.52757877
47.87000 0.52754203
47.88000 0.52750530
47.89000 0.52746858
47.90000 0.52743187
47.91000 0.52739518
47.92000 0.52735849
47.93000 0.52732181
47.94000 0.52728514
47.95000 0.52724848
47.96000 0.52721184
47.97000 0.52717520
47.98000 0.52713857
47.99000 0.52710195
48.00000 0.52706535
48.01000 0.52702875
48.02000 0.52699216
48.03000 0.52695559
48.04000 0.52691902
48.05000 0.52688247
48.06000 0.52684592
48.07000 0.52680938
48.08000 0.52677286
48.09000 0.52673634
48.10000 0.52669984
48.11000 0.52666334
48.12000 0.52662686
48.13000 0.52659038
48.14000 0.52655392
48.15000 0.52651746
48.16000 0.52648102
48.17000 0.52644458
48.18000 0.52640816
48.19000 0.52637174
48.20000 0.52633534
48.21000 0.52629894
48.22000 0.52626256
48.23000 0.52622619
48.24000 0.52618982
48.25000 0.52615347
48.26000 0.52611712
48.27000 0.52608079
48.28000 0.52604447
48.29000 0.52600815
48.30000 0.52597185
48.31000 0.52593555
48.32000 0.52589927
48.33000 0.52586300
48.34000 0.52582673
48.35000 0.52579048
48.36000 0.52575423
48.37000 0.52571800
48.38000 0.52568178
48.39000 0.52564556
48.40000 0.52560936
48.41000 0.52557316
48.42000 0.52553698
48.43000 0.52550081
48.44000 0.52546464
48.45000 0.52542849
48.46000 0.52539234
48.47000 0.52535621
48.48000 0.52532009
48.49000 0.52528397
48.50000 0.52524787
48.51000 0.52521177
48.52000 0.52517569
48.53000 0.52513961
48.54000 0.52510355
48.55000 0.52506749
48.56000 0.52503145
48.57000 0.52499541
48.58000 0.52495939
48.59000 0.52492337
48.60000 0.52488737
48.61000 0.52485137
48.62000 0.52481539
48.63000 0.52477941
48.64000 0.52474344
48.65000 0.52470749
48.66000 0.52467154
48.67000 0.52463560
48.68000 0.52459968
48.69000 0.52456376
48.70000 0.52452785
48.71000 0.52449196
48.72000 0.52445607
48.73000 0.52442019
48.74000 0.52438433
48.75000 0.52434847
48.76000 0.52431262
48.77000 0.52427678
48.78000 0.52424095
48.79000 0.52420513
48.80000 0.52416933
48.81000 0.52413353
48.82000 0.52409774
48.83000 0.52406196
48.84000 0.52402619
48.85000 0.52399043
48.86000 0.52395468
48.87000 0.52391894
48.88000 0.52388321
48.89000 0.52384749
48.90000 0.52381177
48.91000 0.52377607
48.92000 0.52374038
48.93000 0.52370470
48.94000 0.52366903
48.95000 0.52363336
48.96000 0.52359771
48.97000 0.52356207
48.98000 0.52352644
48.99000 0.52349081
49.00000 0.52345520
49.01000 0.52341959
49.02000 0.52338400
49.03000 0.52334841
49.04000 0.52331284
49.05000 0.52327727
49.06000 0.52324172
49.07000 0.52320617
49.08000 0.52317063
49.09000 0.52313511
49.10000 0.52309959
49.11000 0.52306408
49.12000 0.52302858
49.13000 0.52299310
49.14000 0.52295762
49.15000 0.52292215
49.16000 0.52288669
49.17000 0.52285124
49.18000 0.52281580
49.19000 0.52278037
49.20000 0.52274495
49.21000 0.52270953
49.22000 0.52267413
49.23000 0.52263874
49.24000 0.52260336
49.25000 0.52256798
49.26000 0.52253262
49.27000 0.52249727
49.28000 0.52246192
49.29000 0.52242659
49.30000 0.52239126
49.31000 0.52235595
49.32000 0.52232064
49.33000 0.52228534
49.34000 0.52225006
49.35000 0.52221478
49.36000 0.52217951
49.37000 0.52214425
49.38000 0.52210900
49.39000 0.52207376
49.40000 0.52203853
49.41000 0.52200331
49.42000 0.52196810
49.43000 0.52193290
49.44000 0.52189771
49.45000 0.52186252
49.46000 0.52182735
49.47000 0.52179219
49.48000 0.52175703
49.49000 0.52172189
49.50000 0.52168675
49.51000 0.52165163
49.52000 0.52161651
49.53000 0.52158141
49.54000 0.52154631
49.55000 0.52151122
49.56000 0.52147614
49.57000 0.52144107
49.58000 0.52140601
49.59000 0.52137096
49.60000 0.52133592
49.61000 0.52130089
49.62000 0.52126587
49.63000 0.52123086
49.64000 0.52119585
49.65000 0.52116086
49.66000 0.52112588
49.67000 0.52109090
49.68000 0.52105594
49.69000 0.52102098
49.70000 0.52098603
49.71000 0.52095110
49.72000 0.52091617
49.73000 0.52088125
49.74000 0.52084634
49.75000 0.52081144
49.76000 0.52077655
49.77000 0.52074167
49.78000 0.52070680
49.79000 0.52067193
49.80000 0.52063708
49.81000 0.52060224
49.82000 0.52056740
49.83000 0.52053258
49.84000 0.52049776
49.85000 0.52046295
49.86000 0.52042816
49.87000 0.52039337
49.88000 0.52035859
49.89000 0.52032382
49.90000 0.52028906
49.91000 0.52025431
49.92000 0.52021957
49.93000 0.52018484
49.94000 0.52015011
49.95000 0.52011540
49.96000 0.52008069
49.97000 0.52004600
49.98000 0.52001131
49.99000 0.51997664
50.00000 0.51994197
50.01000 0.51990731
50.02000 0.51987266
50.03000 0.51983802
50.04000 0.51980339
50.05000 0.51976877
50.06000 0.51973416
50.07000 0.51969956
50.08000 0.51966496
50.09000 0.51963038
50.10000 0.51959580
50.11000 0.51956124
50.12000 0.51952668
50.13000 0.51949213
50.14000 0.51945759
50.15000 0.51942307
50.16000 0.51938855
50.17000 0.51935403
50.18000 0.51931953
50.19000 0.51928504
50.20000 0.51925056
50.21000 0.51921608
50.22000 0.51918162
50.23000 0.51914716
50.24000 0.51911271
50.25000 0.51907828
