0.25000 0.3925694698485995
0.27000 0.4026655365294876
0.29000 0.4120970614735888
0.31000 0.4209545327025718
0.33000 0.4293149934316301
0.35000 0.4372405725685402
0.37000 0.4447829313373130
0.39000 0.4519851093440158
0.41000 0.4588833458998745
0.43000 0.4655083716615368
0.45000 0.4718864436418095
0.47000 0.4780401495438483
0.49000 0.4839890461994862
0.51000 0.4897501687269973
0.53000 0.4953384399130235
0.55000 0.5007670015570364
0.57000 0.5060474848413720
0.59000 0.5111902324135594
0.61000 0.5162044814174525
0.63000 0.5210985164344032
0.65000 0.5258797958136469
0.67000 0.5305550598560187
0.69000 0.5351304202008170
0.71000 0.5396114370094017
0.73000 0.5440031841865179
0.75000 0.5483103061401065
0.77000 0.5525370644180578
0.79000 0.5566873811308458
0.81000 0.5607648739182967
0.83000 0.5647728879598688
0.85000 0.5687145228285001
0.87000 0.5725926574821583
0.89000 0.5764099705710177
0.91000 0.5801689594059354
0.93000 0.5838719568563289
0.95000 0.5875211459164068
0.97000 0.5911185718292769
0.99000 0.5946661546595712
1.01000 0.5981657000612860
1.03000 0.6016189076551969
1.05000 0.6050273801875941
1.07000 0.6083926303322833
1.09000 0.6117160878072091
1.11000 0.6149991064868970
1.13000 0.6182429686892000
1.15000 0.6214488908559820
1.17000 0.6246180282930429
1.19000 0.6277514790962870
1.21000 0.6308502881499799
1.23000 0.6339154509076814
1.25000 0.6369479163147783
1.27000 0.6399485897032746
1.29000 0.6429183357302586
1.31000 0.6458579809491961
1.33000 0.6487683161068567
1.35000 0.6516500980504596
1.37000 0.6545040518108721
1.39000 0.6573308725594117
1.41000 0.6601312272870546
1.43000 0.6629057564431854
1.45000 0.6656550753388984
1.47000 0.6683797753670938
1.49000 0.6710804253906568
1.51000 0.6737575725784885
1.53000 0.6764117446676411
1.55000 0.6790434486857846
1.57000 0.6816531758438144
1.59000 0.6842413969882648
1.61000 0.6868085690666965
1.63000 0.6893551324124931
1.65000 0.6918815114143473
1.67000 0.6943881177215946
1.69000 0.6968753492073515
1.71000 0.6993435896127822
1.73000 0.7017932109670120
1.75000 0.7042245740340345
1.77000 0.7066380278310087
1.79000 0.7090339099425390
1.81000 0.7114125480596627
1.83000 0.7137742603209341
1.85000 0.7161193553401058
1.87000 0.7184481321048908
1.89000 0.7207608808112237
1.91000 0.7230578835731675
1.93000 0.7253394146312888
1.95000 0.7276057405090053
1.97000 0.7298571200500539
1.99000 0.7320938047645810
2.01000 0.7343160394356444
2.03000 0.7365240623535354
2.05000 0.7387181055056968
2.07000 0.7408983947477221
2.09000 0.7430651499524349
2.11000 0.7452185851363483
2.13000 0.7473589088565465
2.15000 0.7494863244577331
2.17000 0.7516010302370947
2.19000 0.7537032195953892
2.21000 0.7557930811755551
2.23000 0.7578707990057513
2.25000 0.7599365526034497
2.27000 0.7619905171267906
2.29000 0.7640328636016792
2.31000 0.7660637590674306
2.33000 0.7680833667246026
2.35000 0.7700918459856552
2.37000 0.7720893526720141
2.39000 0.7740760390534381
2.41000 0.7760520539787872
2.43000 0.7780175429810058
2.45000 0.7799726483045866
2.47000 0.7819175091154484
2.49000 0.7838522615740151
2.51000 0.7857770389146861
2.53000 0.7876919715511389
2.55000 0.7895971871710508
2.57000 0.7914928107581863
2.59000 0.7933789647093406
2.61000 0.7952557689230546
2.63000 0.7971233407961243
2.65000 0.7989817953708906
2.67000 0.8008312453491457
2.69000 0.8026718011710895
2.71000 0.8045035710735839
2.73000 0.8063266611702652
2.75000 0.8081411755576443
2.77000 0.8099472162566200
2.79000 0.8117448833794345
2.81000 0.8135342750718578
2.83000 0.8153154877574778
2.85000 0.8170886158211408
2.87000 0.8188537521577249
2.89000 0.8206109876796654
2.91000 0.8223604118328707
2.93000 0.8241021123586462
2.95000 0.8258361753002006
2.97000 0.8275626853151405
2.99000 0.8292817254623130
3.01000 0.8309933772780485
3.03000 0.8326977209607351
3.05000 0.8343948352580395
3.07000 0.8360847975063515
3.09000 0.8377676837867163
3.11000 0.8394435688674152
3.13000 0.8411125261640333
3.15000 0.8427746278904238
3.17000 0.8444299450912747
3.19000 0.8460785475972780
3.21000 0.8477205040288619
3.23000 0.8493558819110509
3.25000 0.8509847476891822
3.27000 0.8526071667053045
3.29000 0.8542232032119352
3.31000 0.8558329204519842
3.33000 0.8574363806728038
3.35000 0.8590336451202641
3.37000 0.8606247740432212
3.39000 0.8622098267601801
3.41000 0.8637888616810545
3.43000 0.8653619363181313
3.45000 0.8669291072733483
3.47000 0.8684904302691393
3.49000 0.8700459601836200
3.51000 0.8715957510912917
3.53000 0.8731398562597634
3.55000 0.8746783281331020
3.57000 0.8762112183640558
3.59000 0.8777385778443582
3.61000 0.8792604567272696
3.63000 0.8807769044509711
3.65000 0.8822879697231560
3.67000 0.8837937005313405
3.69000 0.8852941441719743
3.71000 0.8867893472632733
3.73000 0.8882793557682417
3.75000 0.8897642150099654
3.77000 0.8912439696681761
3.79000 0.8927186637862289
3.81000 0.8941883407899648
3.83000 0.8956530435082702
3.85000 0.8971128141759869
3.87000 0.8985676944578506
3.89000 0.9000177254536930
3.91000 0.9014629476991949
3.93000 0.9029034011766223
3.95000 0.9043391253342068
3.97000 0.9057701590952058
3.99000 0.9071965408583372
4.01000 0.9086183085238101
4.03000 0.9100354994942561
4.05000 0.9114481506885546
4.07000 0.9128562985242940
4.09000 0.9142599789649943
4.11000 0.9156592274874976
4.13000 0.9170540791493900
4.15000 0.9184445685122865
4.17000 0.9198307297520948
4.19000 0.9212125965734639
4.21000 0.9225902022786441
4.23000 0.9239635797494838
4.25000 0.9253327614322723
4.27000 0.9266977794058245
4.29000 0.9280586653353546
4.31000 0.9294154504878228
4.33000 0.9307681657707489
4.35000 0.9321168417012602
4.37000 0.9334615084250295
4.39000 0.9348021957415610
4.41000 0.9361389330729745
4.43000 0.9374717494860507
4.45000 0.9388006737202195
4.47000 0.9401257341684486
4.49000 0.9414469588768550
4.51000 0.9427643755727728
4.53000 0.9440780116664605
4.55000 0.9453878942368386
4.57000 0.9466940500542932
4.59000 0.9479965055833669
4.61000 0.9492952869837766
4.63000 0.9505904201061823
4.65000 0.9518819305149002
4.67000 0.9531698434898970
4.69000 0.9544541840196960
4.71000 0.9557349768080279
4.73000 0.9570122462867291
4.75000 0.9582860166222577
4.77000 0.9595563117121815
4.79000 0.9608231551794386
4.81000 0.9620865703937221
4.83000 0.9633465804725376
4.85000 0.9646032082768967
4.87000 0.9658564764185741
4.89000 0.9671064072666520
4.91000 0.9683530229480701
4.93000 0.9695963453558184
4.95000 0.9708363961490001
4.97000 0.9720731967516869
4.99000 0.9733067683655969
5.01000 0.9745371319724230
5.03000 0.9757643083308468
5.05000 0.9769883179793392
5.07000 0.9782091812419188
5.09000 0.9794269182336058
5.11000 0.9806415488624818
5.13000 0.9818530928332244
5.15000 0.9830615696459406
5.17000 0.9842669985981868
5.19000 0.9854693987945093
5.21000 0.9866687891499046
5.23000 0.9878651883882593
5.25000 0.9890586150424905
5.27000 0.9902490874591721
5.29000 0.9914366238031456
5.31000 0.9926212420600584
5.33000 0.9938029600353874
5.35000 0.9949817953637548
5.37000 0.9961577654994809
5.39000 0.9973308877335485
5.41000 0.9985011791766322
5.43000 0.9996686567891806
5.45000 1.0008333373540821
5.47000 1.0019952375054511
5.49000 1.0031543737072659
5.51000 1.0043107622694563
5.53000 1.0054644193518907
5.55000 1.0066153609518347
5.57000 1.0077636029235013
5.59000 1.0089091609695475
5.61000 1.0100520506418602
5.63000 1.0111922873528685
5.65000 1.0123298863656538
5.67000 1.0134648628026492
5.69000 1.0145972316513741
5.71000 1.0157270077563099
5.73000 1.0168542058264971
5.75000 1.0179788404400354
5.77000 1.0191009260370494
5.79000 1.0202204769288101
5.81000 1.0213375073006499
5.83000 1.0224520312064032
5.85000 1.0235640625741518
5.87000 1.0246736152096603
5.89000 1.0257807027947192
5.91000 1.0268853388861725
5.93000 1.0279875369226097
5.95000 1.0290873102266149
5.97000 1.0301846720021748
5.99000 1.0312796353371037
6.01000 1.0323722132065554
6.03000 1.0334624184721064
6.05000 1.0345502638816522
6.07000 1.0356357620739032
6.09000 1.0367189255806242
6.11000 1.0377997668261627
6.13000 1.0388782981267963
6.15000 1.0399545316944780
6.17000 1.0410284796396350
6.19000 1.0421001539695360
6.21000 1.0431695665876710
6.23000 1.0442367292987857
6.25000 1.0453016538100506
6.27000 1.0463643517296490
6.29000 1.0474248345688080
6.31000 1.0484831137452379
6.33000 1.0495392005818607
6.35000 1.0505931063080394
6.37000 1.0516448420606721
6.39000 1.0526944188853622
6.41000 1.0537418477377407
6.43000 1.0547871394848416
6.45000 1.0558303049057411
6.47000 1.0568713546912849
6.49000 1.0579102994476399
6.51000 1.0589471496964755
6.53000 1.0599819158756358
6.55000 1.0610146083378373
6.57000 1.0620452373541105
6.59000 1.0630738131143314
6.61000 1.0641003457287213
6.63000 1.0651248452271211
6.65000 1.0661473215619723
6.67000 1.0671677846058596
6.69000 1.0681862441578356
6.71000 1.0692027099366166
6.73000 1.0702171915907503
6.75000 1.0712296986892884
6.77000 1.0722402407312759
6.79000 1.0732488271412912
6.81000 1.0742554672712505
6.83000 1.0752601704043627
6.85000 1.0762629457499391
6.87000 1.0772638024500392
6.89000 1.0782627495774320
6.91000 1.0792597961356531
6.93000 1.0802549510627590
6.95000 1.0812482232279004
6.97000 1.0822396214334888
6.99000 1.0832291544186898
7.01000 1.0842168308561921
7.03000 1.0852026593551392
7.05000 1.0861866484625706
7.07000 1.0871688066607643
7.09000 1.0881491423706091
7.11000 1.0891276639523335
7.13000 1.0901043797042831
7.15000 1.0910792978652359
7.17000 1.0920524266149465
7.19000 1.0930237740732995
7.21000 1.0939933483009396
7.23000 1.0949611573019928
7.25000 1.0959272090231238
7.27000 1.0968915113534974
7.29000 1.0978540721274799
7.31000 1.0988148991241451
7.33000 1.0997740000659391
7.35000 1.1007313826216234
7.37000 1.1016870544068216
7.39000 1.1026410229830363
7.41000 1.1035932958589085
7.43000 1.1045438804914216
7.45000 1.1054927842854239
7.47000 1.1064400145939102
7.49000 1.1073855787193749
7.51000 1.1083294839142497
7.53000 1.1092717373813923
7.55000 1.1102123462735749
7.57000 1.1111513176953187
7.59000 1.1120886587029291
7.61000 1.1130243763044703
7.63000 1.1139584774602063
7.65000 1.1148909690838111
7.67000 1.1158218580427257
7.69000 1.1167511511577473
7.71000 1.1176788552037109
7.73000 1.1186049769105835
7.75000 1.1195295229636595
7.77000 1.1204525000033732
7.79000 1.1213739146262904
7.81000 1.1222937733855920
7.83000 1.1232120827912551
7.85000 1.1241288493103472
7.87000 1.1250440793674354
7.89000 1.1259577793449029
7.91000 1.1268699555840498
7.93000 1.1277806143843261
7.95000 1.1286897620055241
7.97000 1.1295974046650570
7.99000 1.1305035485417945
8.01000 1.1314081997736005
8.03000 1.1323113644604357
8.05000 1.1332130486614238
8.07000 1.1341132583979912
8.09000 1.1350119996531693
8.11000 1.1359092783716527
8.13000 1.1368051004614432
8.15000 1.1376994717915534
8.17000 1.1385923981950936
8.19000 1.1394838854684748
8.21000 1.1403739393709860
8.23000 1.1412625656266100
8.25000 1.1421497699230660
8.27000 1.1430355579127129
8.29000 1.1439199352134120
8.31000 1.1448029074075963
8.33000 1.1456844800430936
8.35000 1.1465646586341254
8.37000 1.1474434486602592
8.39000 1.1483208555677926
8.41000 1.1491968847699254
8.43000 1.1500715416462115
8.45000 1.1509448315436204
8.47000 1.1518167597768971
8.49000 1.1526873316282278
8.51000 1.1535565523481324
8.53000 1.1544244271554522
8.55000 1.1552909612371851
8.57000 1.1561561597493011
8.59000 1.1570200278170191
8.61000 1.1578825705348785
8.63000 1.1587437929669628
8.65000 1.1596037001473731
8.67000 1.1604622970802196
8.69000 1.1613195887397803
8.71000 1.1621755800710543
8.73000 1.1630302759901479
8.75000 1.1638836813838620
8.77000 1.1647358011103106
8.79000 1.1655866399992825
8.81000 1.1664362028523900
8.83000 1.1672844944429750
8.85000 1.1681315195168738
8.87000 1.1689772827924771
8.89000 1.1698217889604525
8.91000 1.1706650426845384
8.93000 1.1715070486016768
8.95000 1.1723478113220827
8.97000 1.1731873354293441
8.99000 1.1740256254808095
9.01000 1.1748626860080025
9.03000 1.1756985215164022
9.05000 1.1765331364857199
9.07000 1.1773665353704303
9.09000 1.1781987225998196
9.11000 1.1790297025780003
9.13000 1.1798594796840998
9.15000 1.1806880582725954
9.17000 1.1815154426737113
9.19000 1.1823416371931268
9.21000 1.1831666461127210
9.23000 1.1839904736899589
9.25000 1.1848131241592468
9.27000 1.1856346017307988
9.29000 1.1864549105918925
9.31000 1.1872740549061098
9.33000 1.1880920388147469
9.35000 1.1889088664357437
9.37000 1.1897245418644353
9.39000 1.1905390691737971
9.41000 1.1913524524140620
9.43000 1.1921646956139047
9.45000 1.1929758027794148
9.47000 1.1937857778949985
9.49000 1.1945946249236969
9.51000 1.1954023478067557
9.53000 1.1962089504642071
9.55000 1.1970144367947220
9.57000 1.1978188106758207
9.59000 1.1986220759644484
9.61000 1.1994242364965959
9.63000 1.2002252960877062
9.65000 1.2010252585328851
9.67000 1.2018241276067128
9.69000 1.2026219070639061
9.71000 1.2034186006391518
9.73000 1.2042142120469721
9.75000 1.2050087449824285
9.77000 1.2058022031210678
9.79000 1.2065945901187691
9.81000 1.2073859096123873
9.83000 1.2081761652196028
9.85000 1.2089653605387958
9.87000 1.2097534991496708
9.89000 1.2105405846132897
9.91000 1.2113266204718318
9.93000 1.2121116102490959
9.95000 1.2128955574505744
9.97000 1.2136784655634956
9.99000 1.2144603380569912
10.01000 1.2152411783823089
10.03000 1.2160209899727816
10.05000 1.2167997762438685
10.07000 1.2175775405936053
10.09000 1.2183542864026107
10.11000 1.2191300170339956
10.13000 1.2199047358336559
10.15000 1.2206784461304689
10.17000 1.2214511512361865
10.19000 1.2222228544456570
10.21000 1.2229935590371031
10.23000 1.2237632682720123
10.25000 1.2245319853952401
10.27000 1.2252997136353230
10.29000 1.2260664562044945
10.31000 1.2268322162987573
10.33000 1.2275969970979501
10.35000 1.2283608017660057
10.37000 1.2291236334509712
10.39000 1.2298854952849716
10.41000 1.2306463903845297
10.43000 1.2314063218507629
10.45000 1.2321652927691582
10.47000 1.2329233062098746
10.49000 1.2336803652277228
10.51000 1.2344364728625843
10.53000 1.2351916321390035
10.55000 1.2359458460668507
10.57000 1.2366991176408555
10.59000 1.2374514498412779
10.61000 1.2382028456334264
10.63000 1.2389533079681898
10.65000 1.2397028397819732
10.67000 1.2404514439967946
10.69000 1.2411991235204942
10.71000 1.2419458812464339
10.73000 1.2426917200540708
10.75000 1.2434366428088384
10.77000 1.2441806523622063
10.79000 1.2449237515518841
10.81000 1.2456659432016934
10.83000 1.2464072301219811
10.85000 1.2471476151094598
10.87000 1.2478871009472574
10.89000 1.2486256904052613
10.91000 1.2493633862399629
10.93000 1.2501001911946703
10.95000 1.2508361079995944
10.97000 1.2515711393717053
10.99000 1.2523052880151297
11.01000 1.2530385566211826
11.03000 1.2537709478682020
11.05000 1.2545024644218479
11.07000 1.2552331089351956
11.09000 1.2559628840486581
11.11000 1.2566917923902234
11.13000 1.2574198365754377
11.15000 1.2581470192074289
11.17000 1.2588733428771708
11.19000 1.2595988101634790
11.21000 1.2603234236329672
11.23000 1.2610471858402348
11.25000 1.2617700993279459
11.27000 1.2624921666268314
11.29000 1.2632133902558762
11.31000 1.2639337727223079
11.33000 1.2646533165216285
11.35000 1.2653720241377686
11.37000 1.2660898980431667
11.39000 1.2668069406987859
11.41000 1.2675231545541390
11.43000 1.2682385420474998
11.45000 1.2689531056058767
11.47000 1.2696668476450597
11.49000 1.2703797705698021
11.51000 1.2710918767738080
11.53000 1.2718031686396785
11.55000 1.2725136485391670
11.57000 1.2732233188332303
11.59000 1.2739321818720073
11.61000 1.2746402399948884
11.63000 1.2753474955306539
11.65000 1.2760539507974988
11.67000 1.2767596081030186
11.69000 1.2774644697444262
11.71000 1.2781685380085159
11.73000 1.2788718151717227
11.75000 1.2795743035001557
11.77000 1.2802760052497977
11.79000 1.2809769226664152
11.81000 1.2816770579857417
11.83000 1.2823764134333224
11.85000 1.2830749912248940
11.87000 1.2837727935661594
11.89000 1.2844698226530500
11.91000 1.2851660806715961
11.93000 1.2858615697981615
11.95000 1.2865562921993878
11.97000 1.2872502500322343
11.99000 1.2879434454441849
12.01000 1.2886358805730966
12.03000 1.2893275575474430
12.05000 1.2900184784862245
12.07000 1.2907086454990615
12.09000 1.2913980606863780
12.11000 1.2920867261392592
12.13000 1.2927746439396146
12.15000 1.2934618161602338
12.17000 1.2941482448647648
12.19000 1.2948339321078808
12.21000 1.2955188799352051
12.23000 1.2962030903834283
12.25000 1.2968865654804389
12.27000 1.2975693072452270
12.29000 1.2982513176879857
12.31000 1.2989325988102001
12.33000 1.2996131526046291
12.35000 1.3002929810554584
12.37000 1.3009720861382634
12.39000 1.3016504698200320
12.41000 1.3023281340593575
12.43000 1.3030050808063671
12.45000 1.3036813120027271
12.47000 1.3043568295818102
12.49000 1.3050316354686990
12.51000 1.3057057315801854
12.53000 1.3063791198249015
12.55000 1.3070518021032700
12.57000 1.3077237803075856
12.59000 1.3083950563221336
12.61000 1.3090656320231717
12.63000 1.3097355092789396
12.65000 1.3104046899497528
12.67000 1.3110731758880472
12.69000 1.3117409689383903
12.71000 1.3124080709375694
12.73000 1.3130744837146047
12.75000 1.3137402090907750
12.77000 1.3144052488797118
12.79000 1.3150696048874206
12.81000 1.3157332789122840
12.83000 1.3163962727451362
12.85000 1.3170585881693377
12.87000 1.3177202269607713
12.89000 1.3183811908878782
12.91000 1.3190414817117273
12.93000 1.3197011011860404
12.95000 1.3203600510572171
12.97000 1.3210183330644014
12.99000 1.3216759489395631
13.01000 1.3223329004074289
13.03000 1.3229891891855896
13.05000 1.3236448169845270
13.07000 1.3242997855077034
13.09000 1.3249540964514526
13.11000 1.3256077515052065
13.13000 1.3262607523513708
13.15000 1.3269131006655051
13.17000 1.3275647981162177
13.19000 1.3282158463653484
13.21000 1.3288662470678894
13.23000 1.3295160018720500
13.25000 1.3301651124193223
13.27000 1.3308135803444820
13.29000 1.3314614072757227
13.31000 1.3321085948345246
13.33000 1.3327551446357915
13.35000 1.3334010582879126
13.37000 1.3340463373927194
13.39000 1.3346909835455925
13.41000 1.3353349983354246
13.43000 1.3359783833447085
13.45000 1.3366211401495778
13.47000 1.3372632703197638
13.49000 1.3379047754187392
13.51000 1.3385456570036809
13.53000 1.3391859166254869
13.55000 1.3398255558288672
13.57000 1.3404645761523246
13.59000 1.3411029791282512
13.61000 1.3417407662829248
13.63000 1.3423779391364872
13.65000 1.3430144992030639
13.67000 1.3436504479907623
13.69000 1.3442857870016718
13.71000 1.3449205177319468
13.73000 1.3455546416718196
13.75000 1.3461881603056014
13.77000 1.3468210751117620
13.79000 1.3474533875629193
13.81000 1.3480850991258866
13.83000 1.3487162112617266
13.85000 1.3493467254257456
13.87000 1.3499766430675131
13.89000 1.3506059656309326
13.91000 1.3512346945542644
13.93000 1.3518628312701315
13.95000 1.3524903772055619
13.97000 1.3531173337820102
13.99000 1.3537437024153844
14.01000 1.3543694845160994
14.03000 1.3549946814890881
14.05000 1.3556192947338086
14.07000 1.3562433256443129
14.09000 1.3568667756092607
14.11000 1.3574896460119257
14.13000 1.3581119382302360
14.15000 1.3587336536368158
14.17000 1.3593547935989903
14.19000 1.3599753594788293
14.21000 1.3605953526331758
14.23000 1.3612147744136629
14.25000 1.3618336261667219
14.27000 1.3624519092336485
14.29000 1.3630696249506304
14.31000 1.3636867746487085
14.33000 1.3643033596538743
14.35000 1.3649193812870610
14.37000 1.3655348408641910
14.39000 1.3661497396961475
14.41000 1.3667640790888915
14.43000 1.3673778603433917
14.45000 1.3679910847557235
14.47000 1.3686037536170388
14.49000 1.3692158682136431
14.51000 1.3698274298269610
14.53000 1.3704384397335843
14.55000 1.3710488992053476
14.57000 1.3716588095092821
14.59000 1.3722681719076673
14.61000 1.3728769876580458
14.63000 1.3734852580132630
14.65000 1.3740929842214857
14.67000 1.3747001675262005
14.69000 1.3753068091662897
14.71000 1.3759129103760042
14.73000 1.3765184723849908
14.75000 1.3771234964183556
14.77000 1.3777279836966494
14.79000 1.3783319354359060
14.81000 1.3789353528476505
14.83000 1.3795382371389309
14.85000 1.3801405895123602
14.87000 1.3807424111661026
14.89000 1.3813437032939042
14.91000 1.3819444670851340
14.93000 1.3825447037247820
14.95000 1.3831444143935079
14.97000 1.3837436002676429
14.99000 1.3843422625192061
15.01000 1.3849404023159475
15.03000 1.3855380208213484
15.05000 1.3861351191946367
15.07000 1.3867316985908400
15.09000 1.3873277601607896
15.11000 1.3879233050511235
15.13000 1.3885183344043306
15.15000 1.3891128493587597
15.17000 1.3897068510486437
15.19000 1.3903003406041288
15.21000 1.3908933191512636
15.23000 1.3914857878120406
15.25000 1.3920777477044317
15.27000 1.3926691999423821
15.29000 1.3932601456358333
15.31000 1.3938505858907557
15.33000 1.3944405218091591
15.35000 1.3950299544891054
15.37000 1.3956188850247397
15.39000 1.3962073145063045
15.41000 1.3967952440201499
15.43000 1.3973826746487827
15.45000 1.3979696074708494
15.47000 1.3985560435611546
15.49000 1.3991419839907075
15.51000 1.3997274298267359
15.53000 1.4003123821326742
15.55000 1.4008968419682120
15.57000 1.4014808103892999
15.59000 1.4020642884481729
15.61000 1.4026472771933574
15.63000 1.4032297776697085
15.65000 1.4038117909183971
15.67000 1.4043933179769574
15.69000 1.4049743598792830
15.71000 1.4055549176556750
15.73000 1.4061349923328048
15.75000 1.4067145849337883
15.77000 1.4072936964781741
15.79000 1.4078723279819685
15.81000 1.4084504804576363
15.83000 1.4090281549141261
15.85000 1.4096053523569116
15.87000 1.4101820737879693
15.89000 1.4107583202058271
15.91000 1.4113340926055589
15.93000 1.4119093919787986
15.95000 1.4124842193137797
15.97000 1.4130585755953298
15.99000 1.4136324618049012
16.01000 1.4142058789205756
16.03000 1.4147788279170797
16.05000 1.4153513097658197
16.07000 1.4159233254348689
16.09000 1.4164948758889997
16.11000 1.4170659620896962
16.13000 1.4176365849951653
16.15000 1.4182067455603682
16.17000 1.4187764447370146
16.19000 1.4193456834735847
16.21000 1.4199144627153557
16.23000 1.4204827834043954
16.25000 1.4210506464795962
16.27000 1.4216180528766920
16.29000 1.4221850035282471
16.31000 1.4227514993636887
16.33000 1.4233175413093249
16.35000 1.4238831302883523
16.37000 1.4244482672208763
16.39000 1.4250129530239179
16.41000 1.4255771886114244
16.43000 1.4261409748943028
16.45000 1.4267043127804184
16.47000 1.4272672031745992
16.49000 1.4278296469786744
16.51000 1.4283916450914746
16.53000 1.4289531984088442
16.55000 1.4295143078236616
16.57000 1.4300749742258432
16.59000 1.4306351985023664
16.61000 1.4311949815372826
16.63000 1.4317543242117172
16.65000 1.4323132274038968
16.67000 1.4328716919891673
16.69000 1.4334297188399943
16.71000 1.4339873088259700
16.73000 1.4345444628138426
16.75000 1.4351011816675290
16.77000 1.4356574662481159
16.79000 1.4362133174138771
16.81000 1.4367687360202941
16.83000 1.4373237229200531
16.85000 1.4378782789630726
16.87000 1.4384324049965052
16.89000 1.4389861018647554
16.91000 1.4395393704094905
16.93000 1.4400922114696662
16.95000 1.4406446258815047
16.97000 1.4411966144785457
16.99000 1.4417481780916335
17.01000 1.4422993175489442
17.03000 1.4428500336759771
17.05000 1.4434003272955873
17.07000 1.4439501992279891
17.09000 1.4444996502907648
17.11000 1.4450486812988921
17.13000 1.4455972930647309
17.15000 1.4461454863980552
17.17000 1.4466932621060484
17.19000 1.4472406209933344
17.21000 1.4477875638619744
17.23000 1.4483340915114740
17.25000 1.4488802047388161
17.27000 1.4494259043384510
17.29000 1.4499711911023152
17.31000 1.4505160658198408
17.33000 1.4510605292779699
17.35000 1.4516045822611676
17.37000 1.4521482255514215
17.39000 1.4526914599282668
17.41000 1.4532342861687886
17.43000 1.4537767050476271
17.45000 1.4543187173370054
17.47000 1.4548603238067290
17.49000 1.4554015252241934
17.51000 1.4559423223543997
17.53000 1.4564827159599625
17.55000 1.4570227068011303
17.57000 1.4575622956357834
17.59000 1.4581014832194437
17.61000 1.4586402703052961
17.63000 1.4591786576441870
17.65000 1.4597166459846391
17.67000 1.4602542360728659
17.69000 1.4607914286527766
17.71000 1.4613282244659862
17.73000 1.4618646242518307
17.75000 1.4624006287473683
17.77000 1.4629362386873939
17.79000 1.4634714548044507
17.81000 1.4640062778288332
17.83000 1.4645407084886031
17.85000 1.4650747475096062
17.87000 1.4656083956154637
17.89000 1.4661416535275893
17.91000 1.4666745219652049
17.93000 1.4672070016453433
17.95000 1.4677390932828622
17.97000 1.4682707975904501
17.99000 1.4688021152786344
18.01000 1.4693330470557922
18.03000 1.4698635936281645
18.05000 1.4703937556998568
18.07000 1.4709235339728521
18.09000 1.4714529291470229
18.11000 1.4719819419201343
18.13000 1.4725105729878520
18.15000 1.4730388230437619
18.17000 1.4735666927793702
18.19000 1.4740941828841130
18.21000 1.4746212940453622
18.23000 1.4751480269484447
18.25000 1.4756743822766374
18.27000 1.4762003607111942
18.29000 1.4767259629313272
18.31000 1.4772511896142364
18.33000 1.4777760414351144
18.35000 1.4783005190671581
18.37000 1.4788246231815678
18.39000 1.4793483544475559
18.41000 1.4798717135323662
18.43000 1.4803947011012690
18.45000 1.4809173178175778
18.47000 1.4814395643426548
18.49000 1.4819614413359210
18.51000 1.4824829494548613
18.53000 1.4830040893550300
18.55000 1.4835248616900676
18.57000 1.4840452671116999
18.59000 1.4845653062697513
18.61000 1.4850849798121557
18.63000 1.4856042883849521
18.65000 1.4861232326323017
18.67000 1.4866418131964951
18.69000 1.4871600307179622
18.71000 1.4876778858352739
18.73000 1.4881953791851450
18.75000 1.4887125114024575
18.77000 1.4892292831202594
18.79000 1.4897456949697683
18.81000 1.4902617475803885
18.83000 1.4907774415797086
18.85000 1.4912927775935119
18.87000 1.4918077562457879
18.89000 1.4923223781587363
18.91000 1.4928366439527772
18.93000 1.4933505542465533
18.95000 1.4938641096569394
18.97000 1.4943773107990552
18.99000 1.4948901582862597
19.01000 1.4954026527301643
19.03000 1.4959147947406488
19.05000 1.4964265849258596
19.07000 1.4969380238922159
19.09000 1.4974491122444187
19.11000 1.4979598505854579
19.13000 1.4984702395166207
19.15000 1.4989802796374967
19.17000 1.4994899715459822
19.19000 1.4999993158382907
19.21000 1.5005083131089598
19.23000 1.5010169639508544
19.25000 1.5015252689551770
19.27000 1.5020332287114762
19.29000 1.5025408438076433
19.31000 1.5030481148299295
19.33000 1.5035550423629496
19.35000 1.5040616269896865
19.37000 1.5045678692914985
19.39000 1.5050737698481249
19.41000 1.5055793292376947
19.43000 1.5060845480367315
19.45000 1.5065894268201632
19.47000 1.5070939661613159
19.49000 1.5075981666319360
19.51000 1.5081020288021909
19.53000 1.5086055532406750
19.55000 1.5091087405144097
19.57000 1.5096115911888610
19.59000 1.5101141058279335
19.61000 1.5106162849939848
19.63000 1.5111181292478304
19.65000 1.5116196391487489
19.67000 1.5121208152544889
19.69000 1.5126216581212710
19.71000 1.5131221683038001
19.73000 1.5136223463552616
19.75000 1.5141221928273394
19.77000 1.5146217082702162
19.79000 1.5151208932325730
19.81000 1.5156197482616049
19.83000 1.5161182739030230
19.85000 1.5166164707010608
19.87000 1.5171143391984769
19.89000 1.5176118799365617
19.91000 1.5181090934551495
19.93000 1.5186059802926146
19.95000 1.5191025409858825
19.97000 1.5195987760704348
19.99000 1.5200946860803124
20.01000 1.5205902715481237
20.03000 1.5210855330050483
20.05000 1.5215804709808451
20.07000 1.5220750860038548
20.09000 1.5225693786010059
20.11000 1.5230633492978227
20.13000 1.5235569986184250
20.15000 1.5240503270855370
20.17000 1.5245433352204985
20.19000 1.5250360235432607
20.21000 1.5255283925723948
20.23000 1.5260204428250959
20.25000 1.5265121748171906
20.27000 1.5270035890631426
20.29000 1.5274946860760561
20.31000 1.5279854663676815
20.33000 1.5284759304484212
20.35000 1.5289660788273320
20.37000 1.5294559120121325
20.39000 1.5299454305092102
20.41000 1.5304346348236211
20.43000 1.5309235254590983
20.45000 1.5314121029180559
20.47000 1.5319003677015963
20.49000 1.5323883203095117
20.51000 1.5328759612402898
20.53000 1.5333632909911186
20.55000 1.5338503100578946
20.57000 1.5343370189352237
20.59000 1.5348234181164244
20.61000 1.5353095080935382
20.63000 1.5357952893573334
20.65000 1.5362807623973043
20.67000 1.5367659277016794
20.69000 1.5372507857574271
20.71000 1.5377353370502591
20.73000 1.5382195820646358
20.75000 1.5387035212837736
20.77000 1.5391871551896428
20.79000 1.5396704842629760
20.81000 1.5401535089832707
20.83000 1.5406362298287979
20.85000 1.5411186472766036
20.87000 1.5416007618025167
20.89000 1.5420825738811452
20.91000 1.5425640839858898
20.93000 1.5430452925889440
20.95000 1.5435262001612982
20.97000 1.5440068071727449
20.99000 1.5444871140918828
21.01000 1.5449671213861238
21.03000 1.5454468295216928
21.05000 1.5459262389636339
21.07000 1.5464053501758175
21.09000 1.5468841636209389
21.11000 1.5473626797605275
21.13000 1.5478408990549490
21.15000 1.5483188219634094
21.17000 1.5487964489439581
21.19000 1.5492737804534942
21.21000 1.5497508169477701
21.23000 1.5502275588813963
21.25000 1.5507040067078446
21.27000 1.5511801608794520
21.29000 1.5516560218474211
21.31000 1.5521315900618324
21.33000 1.5526068659716437
21.35000 1.5530818500246935
21.37000 1.5535565426677047
21.39000 1.5540309443462894
21.41000 1.5545050555049540
21.43000 1.5549788765871013
21.45000 1.5554524080350367
21.47000 1.5559256502899708
21.49000 1.5563986037920219
21.51000 1.5568712689802209
21.53000 1.5573436462925181
21.55000 1.5578157361657805
21.57000 1.5582875390358000
21.59000 1.5587590553372981
21.61000 1.5592302855039277
21.63000 1.5597012299682771
21.65000 1.5601718891618734
21.67000 1.5606422635151869
21.69000 1.5611123534576354
21.71000 1.5615821594175865
21.73000 1.5620516818223604
21.75000 1.5625209210982385
21.77000 1.5629898776704605
21.79000 1.5634585519632314
21.81000 1.5639269443997246
21.83000 1.5643950554020858
21.85000 1.5648628853914373
21.87000 1.5653304347878811
21.89000 1.5657977040104998
21.91000 1.5662646934773639
21.93000 1.5667314036055315
21.95000 1.5671978348110551
21.97000 1.5676639875089851
21.99000 1.5681298621133715
22.01000 1.5685954590372664
22.03000 1.5690607786927300
22.05000 1.5695258214908354
22.07000 1.5699905878416640
22.09000 1.5704550781543194
22.11000 1.5709192928369224
22.13000 1.5713832322966199
22.15000 1.5718468969395845
22.17000 1.5723102871710197
22.19000 1.5727734033951632
22.21000 1.5732362460152896
22.23000 1.5736988154337144
22.25000 1.5741611120517949
22.27000 1.5746231362699372
22.29000 1.5750848884875961
22.31000 1.5755463691032805
22.33000 1.5760075785145564
22.35000 1.5764685171180499
22.37000 1.5769291853094485
22.39000 1.5773895834835030
22.41000 1.5778497120340387
22.43000 1.5783095713539508
22.45000 1.5787691618352095
22.47000 1.5792284838688642
22.49000 1.5796875378450443
22.51000 1.5801463241529654
22.53000 1.5806048431809312
22.55000 1.5810630953163356
22.57000 1.5815210809456655
22.59000 1.5819788004545046
22.61000 1.5824362542275381
22.63000 1.5828934426485524
22.65000 1.5833503661004387
22.67000 1.5838070249651992
22.69000 1.5842634196239469
22.71000 1.5847195504569087
22.73000 1.5851754178434305
22.75000 1.5856310221619780
22.77000 1.5860863637901397
22.79000 1.5865414431046294
22.81000 1.5869962604812924
22.83000 1.5874508162951049
22.85000 1.5879051109201774
22.87000 1.5883591447297587
22.89000 1.5888129180962380
22.91000 1.5892664313911469
22.93000 1.5897196849851654
22.95000 1.5901726792481210
22.97000 1.5906254145489913
22.99000 1.5910778912559096
23.01000 1.5915301097361663
23.03000 1.5919820703562133
23.05000 1.5924337734816638
23.07000 1.5928852194772960
23.09000 1.5933364087070558
23.11000 1.5937873415340622
23.13000 1.5942380183206040
23.15000 1.5946884394281484
23.17000 1.5951386052173420
23.19000 1.5955885160480123
23.21000 1.5960381722791699
23.23000 1.5964875742690132
23.25000 1.5969367223749291
23.27000 1.5973856169534968
23.29000 1.5978342583604890
23.31000 1.5982826469508771
23.33000 1.5987307830788307
23.35000 1.5991786670977228
23.37000 1.5996262993601307
23.39000 1.6000736802178384
23.41000 1.6005208100218398
23.43000 1.6009676891223412
23.45000 1.6014143178687652
23.47000 1.6018606966097519
23.49000 1.6023068256931587
23.51000 1.6027527054660657
23.53000 1.6031983362747793
23.55000 1.6036437184648320
23.57000 1.6040888523809864
23.59000 1.6045337383672369
23.61000 1.6049783767668122
23.63000 1.6054227679221782
23.65000 1.6058669121750409
23.67000 1.6063108098663463
23.69000 1.6067544613362861
23.71000 1.6071978669242981
23.73000 1.6076410269690682
23.75000 1.6080839418085338
23.77000 1.6085266117798847
23.79000 1.6089690372195680
23.81000 1.6094112184632889
23.83000 1.6098531558460134
23.85000 1.6102948497019698
23.87000 1.6107363003646509
23.89000 1.6111775081668165
23.91000 1.6116184734404977
23.93000 1.6120591965169964
23.95000 1.6124996777268881
23.97000 1.6129399174000261
23.99000 1.6133799158655411
24.01000 1.6138196734518460
24.03000 1.6142591904866366
24.05000 1.6146984672968923
24.07000 1.6151375042088809
24.09000 1.6155763015481588
24.11000 1.6160148596395776
24.13000 1.6164531788072805
24.15000 1.6168912593747071
24.17000 1.6173291016645956
24.19000 1.6177667059989846
24.21000 1.6182040726992148
24.23000 1.6186412020859318
24.25000 1.6190780944790895
24.27000 1.6195147501979499
24.29000 1.6199511695610860
24.31000 1.6203873528863835
24.33000 1.6208233004910437
24.35000 1.6212590126915862
24.37000 1.6216944898038492
24.39000 1.6221297321429919
24.41000 1.6225647400234984
24.43000 1.6229995137591775
24.45000 1.6234340536631660
24.47000 1.6238683600479302
24.49000 1.6243024332252676
24.51000 1.6247362735063104
24.53000 1.6251698812015269
24.55000 1.6256032566207210
24.57000 1.6260364000730376
24.59000 1.6264693118669631
24.61000 1.6269019923103281
24.63000 1.6273344417103073
24.65000 1.6277666603734251
24.67000 1.6281986486055531
24.69000 1.6286304067119164
24.71000 1.6290619349970927
24.73000 1.6294932337650159
24.75000 1.6299243033189752
24.77000 1.6303551439616200
24.79000 1.6307857559949606
24.81000 1.6312161397203702
24.83000 1.6316462954385869
24.85000 1.6320762234497157
24.87000 1.6325059240532314
24.89000 1.6329353975479763
24.91000 1.6333646442321670
24.93000 1.6337936644033935
24.95000 1.6342224583586229
24.97000 1.6346510263941991
24.99000 1.6350793688058460
25.01000 1.6355074858886687
25.03000 1.6359353779371566
25.05000 1.6363630452451832
25.07000 1.6367904881060098
25.09000 1.6372177068122844
25.11000 1.6376447016560474
25.13000 1.6380714729287320
25.15000 1.6384980209211644
25.17000 1.6389243459235658
25.19000 1.6393504482255576
25.21000 1.6397763281161566
25.23000 1.6402019858837835
25.25000 1.6406274218162615
25.27000 1.6410526362008189
25.29000 1.6414776293240887
25.31000 1.6419024014721122
25.33000 1.6423269529303417
25.35000 1.6427512839836396
25.37000 1.6431753949162817
25.39000 1.6435992860119590
25.41000 1.6440229575537790
25.43000 1.6444464098242668
25.45000 1.6448696431053680
25.47000 1.6452926576784488
25.49000 1.6457154538242993
25.51000 1.6461380318231345
25.53000 1.6465603919545966
25.55000 1.6469825344977536
25.57000 1.6474044597311042
25.59000 1.6478261679325799
25.61000 1.6482476593795445
25.63000 1.6486689343487957
25.65000 1.6490899931165686
25.67000 1.6495108359585351
25.69000 1.6499314631498059
25.71000 1.6503518749649346
25.73000 1.6507720716779164
25.75000 1.6511920535621900
25.77000 1.6516118208906410
25.79000 1.6520313739356023
25.81000 1.6524507129688553
25.83000 1.6528698382616327
25.85000 1.6532887500846181
25.87000 1.6537074487079491
25.89000 1.6541259344012178
25.91000 1.6545442074334742
25.93000 1.6549622680732246
25.95000 1.6553801165884374
25.97000 1.6557977532465400
25.99000 1.6562151783144237
26.01000 1.6566323920584443
26.03000 1.6570493947444216
26.05000 1.6574661866376448
26.07000 1.6578827680028698
26.09000 1.6582991391043242
26.11000 1.6587153002057071
26.13000 1.6591312515701904
26.15000 1.6595469934604199
26.17000 1.6599625261385174
26.19000 1.6603778498660846
26.21000 1.6607929649041995
26.23000 1.6612078715134218
26.25000 1.6616225699537928
26.27000 1.6620370604848362
26.29000 1.6624513433655621
26.31000 1.6628654188544656
26.33000 1.6632792872095297
26.35000 1.6636929486882266
26.37000 1.6641064035475182
26.39000 1.6645196520438585
26.41000 1.6649326944331948
26.43000 1.6653455309709693
26.45000 1.6657581619121191
26.47000 1.6661705875110806
26.49000 1.6665828080217870
26.51000 1.6669948236976715
26.53000 1.6674066347916707
26.55000 1.6678182415562230
26.57000 1.6682296442432702
26.59000 1.6686408431042605
26.61000 1.6690518383901485
26.63000 1.6694626303513980
26.65000 1.6698732192379817
26.67000 1.6702836052993830
26.69000 1.6706937887845983
26.71000 1.6711037699421367
26.73000 1.6715135490200228
26.75000 1.6719231262657968
26.77000 1.6723325019265165
26.79000 1.6727416762487588
26.81000 1.6731506494786199
26.83000 1.6735594218617205
26.85000 1.6739679936432001
26.87000 1.6743763650677248
26.89000 1.6747845363794842
26.91000 1.6751925078221956
26.93000 1.6756002796391032
26.95000 1.6760078520729809
26.97000 1.6764152253661331
26.99000 1.6768223997603955
27.01000 1.6772293754971375
27.03000 1.6776361528172608
27.05000 1.6780427319612039
27.07000 1.6784491131689421
27.09000 1.6788552966799875
27.11000 1.6792612827333930
27.13000 1.6796670715677497
27.15000 1.6800726634211911
27.17000 1.6804780585313936
27.19000 1.6808832571355781
27.21000 1.6812882594705094
27.23000 1.6816930657725000
27.25000 1.6820976762774094
27.27000 1.6825020912206448
27.29000 1.6829063108371656
27.31000 1.6833103353614816
27.33000 1.6837141650276535
27.35000 1.6841178000692971
27.37000 1.6845212407195833
27.39000 1.6849244872112374
27.41000 1.6853275397765430
27.43000 1.6857303986473409
27.45000 1.6861330640550325
27.47000 1.6865355362305792
27.49000 1.6869378154045034
27.51000 1.6873399018068915
27.53000 1.6877417956673937
27.55000 1.6881434972152247
27.57000 1.6885450066791654
27.59000 1.6889463242875651
27.61000 1.6893474502683421
27.63000 1.6897483848489820
27.65000 1.6901491282565437
27.67000 1.6905496807176570
27.69000 1.6909500424585242
27.71000 1.6913502137049223
27.73000 1.6917501946822042
27.75000 1.6921499856152977
27.77000 1.6925495867287097
27.79000 1.6929489982465249
27.81000 1.6933482203924086
27.83000 1.6937472533896045
27.85000 1.6941460974609392
27.87000 1.6945447528288236
27.89000 1.6949432197152507
27.91000 1.6953414983417996
27.93000 1.6957395889296358
27.95000 1.6961374916995116
27.97000 1.6965352068717667
27.99000 1.6969327346663319
28.01000 1.6973300753027269
28.03000 1.6977272290000631
28.05000 1.6981241959770454
28.07000 1.6985209764519706
28.09000 1.6989175706427313
28.11000 1.6993139787668150
28.13000 1.6997102010413065
28.15000 1.7001062376828882
28.17000 1.7005020889078404
28.19000 1.7008977549320434
28.21000 1.7012932359709796
28.23000 1.7016885322397317
28.25000 1.7020836439529854
28.27000 1.7024785713250303
28.29000 1.7028733145697614
28.31000 1.7032678739006786
28.33000 1.7036622495308884
28.35000 1.7040564416731065
28.37000 1.7044504505396565
28.39000 1.7048442763424712
28.41000 1.7052379192930953
28.43000 1.7056313796026847
28.45000 1.7060246574820086
28.47000 1.7064177531414488
28.49000 1.7068106667910028
28.51000 1.7072033986402828
28.53000 1.7075959488985197
28.55000 1.7079883177745598
28.57000 1.7083805054768681
28.59000 1.7087725122135302
28.61000 1.7091643381922521
28.63000 1.7095559836203602
28.65000 1.7099474487048043
28.67000 1.7103387336521572
28.69000 1.7107298386686158
28.71000 1.7111207639600023
28.73000 1.7115115097317648
28.75000 1.7119020761889789
28.77000 1.7122924635363479
28.79000 1.7126826719782049
28.81000 1.7130727017185117
28.83000 1.7134625529608616
28.85000 1.7138522259084792
28.87000 1.7142417207642213
28.89000 1.7146310377305798
28.91000 1.7150201770096793
28.93000 1.7154091388032813
28.95000 1.7157979233127814
28.97000 1.7161865307392143
28.99000 1.7165749612832528
29.01000 1.7169632151452077
29.03000 1.7173512925250300
29.05000 1.7177391936223108
29.07000 1.7181269186362842
29.09000 1.7185144677658253
29.11000 1.7189018412094537
29.13000 1.7192890391653326
29.15000 1.7196760618312708
29.17000 1.7200629094047226
29.19000 1.7204495820827901
29.21000 1.7208360800622213
29.23000 1.7212224035394157
29.25000 1.7216085527104197
29.27000 1.7219945277709308
29.29000 1.7223803289162980
29.31000 1.7227659563415230
29.33000 1.7231514102412586
29.35000 1.7235366908098124
29.37000 1.7239217982411472
29.39000 1.7243067327288799
29.41000 1.7246914944662841
29.43000 1.7250760836462911
29.45000 1.7254605004614894
29.47000 1.7258447451041270
29.49000 1.7262288177661116
29.51000 1.7266127186390099
29.53000 1.7269964479140512
29.55000 1.7273800057821267
29.57000 1.7277633924337896
29.59000 1.7281466080592585
29.61000 1.7285296528484151
29.63000 1.7289125269908072
29.65000 1.7292952306756475
29.67000 1.7296777640918168
29.69000 1.7300601274278640
29.71000 1.7304423208720052
29.73000 1.7308243446121272
29.75000 1.7312061988357865
29.77000 1.7315878837302101
29.79000 1.7319693994822973
29.81000 1.7323507462786192
29.83000 1.7327319243054218
29.85000 1.7331129337486226
29.87000 1.7334937747938162
29.89000 1.7338744476262724
29.91000 1.7342549524309365
29.93000 1.7346352893924324
29.95000 1.7350154586950606
29.97000 1.7353954605228015
29.99000 1.7357752950593144
30.01000 1.7361549624879389
30.03000 1.7365344629916959
30.05000 1.7369137967532875
30.07000 1.7372929639550989
30.09000 1.7376719647791987
30.11000 1.7380507994073398
30.13000 1.7384294680209589
30.15000 1.7388079708011794
30.17000 1.7391863079288103
30.19000 1.7395644795843477
30.21000 1.7399424859479764
30.23000 1.7403203271995678
30.25000 1.7406980035186848
30.27000 1.7410755150845780
30.29000 1.7414528620761915
30.31000 1.7418300446721586
30.33000 1.7422070630508057
30.35000 1.7425839173901518
30.37000 1.7429606078679110
30.39000 1.7433371346614894
30.41000 1.7437134979479894
30.43000 1.7440896979042093
30.45000 1.7444657347066441
30.47000 1.7448416085314855
30.49000 1.7452173195546237
30.51000 1.7455928679516470
30.53000 1.7459682538978434
30.55000 1.7463434775681999
30.57000 1.7467185391374063
30.59000 1.7470934387798527
30.61000 1.7474681766696312
30.63000 1.7478427529805376
30.65000 1.7482171678860703
30.67000 1.7485914215594320
30.69000 1.7489655141735314
30.71000 1.7493394459009814
30.73000 1.7497132169141023
30.75000 1.7500868273849206
30.77000 1.7504602774851716
30.79000 1.7508335673862976
30.81000 1.7512066972594509
30.83000 1.7515796672754933
30.85000 1.7519524776049968
30.87000 1.7523251284182439
30.89000 1.7526976198852304
30.91000 1.7530699521756630
30.93000 1.7534421254589616
30.95000 1.7538141399042610
30.97000 1.7541859956804093
30.99000 1.7545576929559694
31.01000 1.7549292318992211
31.03000 1.7553006126781598
31.05000 1.7556718354604974
31.07000 1.7560429004136642
31.09000 1.7564138077048086
31.11000 1.7567845575007976
31.13000 1.7571551499682190
31.15000 1.7575255852733793
31.17000 1.7578958635823068
31.19000 1.7582659850607514
31.21000 1.7586359498741844
31.23000 1.7590057581878011
31.25000 1.7593754101665184
31.27000 1.7597449059749792
31.29000 1.7601142457775498
31.31000 1.7604834297383223
31.33000 1.7608524580211151
31.35000 1.7612213307894724
31.37000 1.7615900482066660
31.39000 1.7619586104356957
31.41000 1.7623270176392893
31.43000 1.7626952699799048
31.45000 1.7630633676197280
31.47000 1.7634313107206769
31.49000 1.7637990994443982
31.51000 1.7641667339522722
31.53000 1.7645342144054106
31.55000 1.7649015409646576
31.57000 1.7652687137905900
31.59000 1.7656357330435215
31.61000 1.7660025988834964
31.63000 1.7663693114702970
31.65000 1.7667358709634398
31.67000 1.7671022775221779
31.69000 1.7674685313055023
31.71000 1.7678346324721410
31.73000 1.7682005811805590
31.75000 1.7685663775889615
31.77000 1.7689320218552929
31.79000 1.7692975141372353
31.81000 1.7696628545922153
31.83000 1.7700280433773967
31.85000 1.7703930806496859
31.87000 1.7707579665657334
31.89000 1.7711227012819313
31.91000 1.7714872849544145
31.93000 1.7718517177390614
31.95000 1.7722159997914968
31.97000 1.7725801312670899
31.99000 1.7729441123209533
32.01000 1.7733079431079499
32.03000 1.7736716237826857
32.05000 1.7740351544995159
32.07000 1.7743985354125436
32.09000 1.7747617666756197
32.11000 1.7751248484423447
32.13000 1.7754877808660690
32.15000 1.7758505640998914
32.17000 1.7762131982966634
32.19000 1.7765756836089868
32.21000 1.7769380201892160
32.23000 1.7773002081894562
32.25000 1.7776622477615671
32.27000 1.7780241390571609
32.29000 1.7783858822276044
32.31000 1.7787474774240191
32.33000 1.7791089247972807
32.35000 1.7794702244980214
32.37000 1.7798313766766289
32.39000 1.7801923814832479
32.41000 1.7805532390677803
32.43000 1.7809139495798865
32.45000 1.7812745131689838
32.47000 1.7816349299842498
32.49000 1.7819952001746207
32.51000 1.7823553238887926
32.53000 1.7827153012752219
32.55000 1.7830751324821270
32.57000 1.7834348176574870
32.59000 1.7837943569490422
32.61000 1.7841537505042970
32.63000 1.7845129984705181
32.65000 1.7848721009947359
32.67000 1.7852310582237443
32.69000 1.7855898703041031
32.71000 1.7859485373821360
32.73000 1.7863070596039323
32.75000 1.7866654371153492
32.77000 1.7870236700620084
32.79000 1.7873817585893006
32.81000 1.7877397028423825
32.83000 1.7880975029661803
32.85000 1.7884551591053874
32.87000 1.7888126714044685
32.89000 1.7891700400076564
32.91000 1.7895272650589547
32.93000 1.7898843467021368
32.95000 1.7902412850807494
32.97000 1.7905980803381079
32.99000 1.7909547326173025
33.01000 1.7913112420611954
33.03000 1.7916676088124206
33.05000 1.7920238330133877
33.07000 1.7923799148062789
33.09000 1.7927358543330520
33.11000 1.7930916517354403
33.13000 1.7934473071549510
33.15000 1.7938028207328689
33.17000 1.7941581926102554
33.19000 1.7945134229279476
33.21000 1.7948685118265615
33.23000 1.7952234594464909
33.25000 1.7955782659279071
33.27000 1.7959329314107619
33.29000 1.7962874560347855
33.31000 1.7966418399394886
33.33000 1.7969960832641609
33.35000 1.7973501861478756
33.37000 1.7977041487294840
33.39000 1.7980579711476226
33.41000 1.7984116535407078
33.43000 1.7987651960469393
33.45000 1.7991185988043001
33.47000 1.7994718619505574
33.49000 1.7998249856232609
33.51000 1.8001779699597469
33.53000 1.8005308150971358
33.55000 1.8008835211723335
33.57000 1.8012360883220322
33.59000 1.8015885166827093
33.61000 1.8019408063906319
33.63000 1.8022929575818512
33.65000 1.8026449703922074
33.67000 1.8029968449573301
33.69000 1.8033485814126355
33.71000 1.8037001798933305
33.73000 1.8040516405344118
33.75000 1.8044029634706651
33.77000 1.8047541488366661
33.79000 1.8051051967667830
33.81000 1.8054561073951740
33.83000 1.8058068808557899
33.85000 1.8061575172823745
33.87000 1.8065080168084615
33.89000 1.8068583795673818
33.91000 1.8072086056922558
33.93000 1.8075586953160006
33.95000 1.8079086485713258
33.97000 1.8082584655907383
33.99000 1.8086081465065378
34.01000 1.8089576914508212
34.03000 1.8093071005554806
34.05000 1.8096563739522065
34.07000 1.8100055117724836
34.09000 1.8103545141475963
34.11000 1.8107033812086266
34.13000 1.8110521130864536
34.15000 1.8114007099117562
34.17000 1.8117491718150116
34.19000 1.8120974989264977
34.21000 1.8124456913762910
34.23000 1.8127937492942690
34.25000 1.8131416728101108
34.27000 1.8134894620532958
34.29000 1.8138371171531045
34.31000 1.8141846382386217
34.33000 1.8145320254387318
34.35000 1.8148792788821237
34.37000 1.8152263986972896
34.39000 1.8155733850125255
34.41000 1.8159202379559300
34.43000 1.8162669576554078
34.45000 1.8166135442386688
34.47000 1.8169599978332267
34.49000 1.8173063185664020
34.51000 1.8176525065653211
34.53000 1.8179985619569166
34.55000 1.8183444848679289
34.57000 1.8186902754249041
34.59000 1.8190359337541990
34.61000 1.8193814599819746
34.63000 1.8197268542342036
34.65000 1.8200721166366665
34.67000 1.8204172473149525
34.69000 1.8207622463944615
34.71000 1.8211071140004040
34.73000 1.8214518502577985
34.75000 1.8217964552914776
34.77000 1.8221409292260828
34.79000 1.8224852721860680
34.81000 1.8228294842956996
34.83000 1.8231735656790564
34.85000 1.8235175164600292
34.87000 1.8238613367623226
34.89000 1.8242050267094556
34.91000 1.8245485864247586
34.93000 1.8248920160313804
34.95000 1.8252353156522807
34.97000 1.8255784854102366
34.99000 1.8259215254278398
35.01000 1.8262644358274980
35.03000 1.8266072167314347
35.05000 1.8269498682616916
35.07000 1.8272923905401257
35.09000 1.8276347836884128
35.11000 1.8279770478280446
35.13000 1.8283191830803327
35.15000 1.8286611895664067
35.17000 1.8290030674072153
35.19000 1.8293448167235251
35.21000 1.8296864376359234
35.23000 1.8300279302648186
35.25000 1.8303692947304366
35.27000 1.8307105311528271
35.29000 1.8310516396518581
35.31000 1.8313926203472206
35.33000 1.8317334733584272
35.35000 1.8320741988048133
35.37000 1.8324147968055353
35.39000 1.8327552674795735
35.41000 1.8330956109457304
35.43000 1.8334358273226341
35.45000 1.8337759167287357
35.47000 1.8341158792823093
35.49000 1.8344557151014553
35.51000 1.8347954243040983
35.53000 1.8351350070079888
35.55000 1.8354744633307027
35.57000 1.8358137933896421
35.59000 1.8361529973020350
35.61000 1.8364920751849372
35.63000 1.8368310271552304
35.65000 1.8371698533296252
35.67000 1.8375085538246585
35.69000 1.8378471287566966
35.71000 1.8381855782419341
35.73000 1.8385239023963935
35.75000 1.8388621013359285
35.77000 1.8392001751762188
35.79000 1.8395381240327784
35.81000 1.8398759480209481
35.83000 1.8402136472559012
35.85000 1.8405512218526405
35.87000 1.8408886719260020
35.89000 1.8412259975906506
35.91000 1.8415631989610857
35.93000 1.8419002761516370
35.95000 1.8422372292764682
35.97000 1.8425740584495753
35.99000 1.8429107637847872
36.01000 1.8432473453957670
36.03000 1.8435838033960119
36.05000 1.8439201378988523
36.07000 1.8442563490174539
36.09000 1.8445924368648186
36.11000 1.8449284015537799
36.13000 1.8452642431970112
36.15000 1.8455999619070185
36.17000 1.8459355577961458
36.19000 1.8462710309765729
36.21000 1.8466063815603166
36.23000 1.8469416096592319
36.25000 1.8472767153850091
36.27000 1.8476116988491791
36.29000 1.8479465601631078
36.31000 1.8482812994380027
36.33000 1.8486159167849079
36.35000 1.8489504123147076
36.37000 1.8492847861381252
36.39000 1.8496190383657243
36.41000 1.8499531691079074
36.43000 1.8502871784749184
36.45000 1.8506210665768417
36.47000 1.8509548335236026
36.49000 1.8512884794249680
36.51000 1.8516220043905463
36.53000 1.8519554085297865
36.55000 1.8522886919519825
36.57000 1.8526218547662687
36.59000 1.8529548970816236
36.61000 1.8532878190068678
36.63000 1.8536206206506658
36.65000 1.8539533021215266
36.67000 1.8542858635278030
36.69000 1.8546183049776910
36.71000 1.8549506265792326
36.73000 1.8552828284403149
36.75000 1.8556149106686692
36.77000 1.8559468733718743
36.79000 1.8562787166573529
36.81000 1.8566104406323749
36.83000 1.8569420454040562
36.85000 1.8572735310793609
36.87000 1.8576048977650981
36.89000 1.8579361455679271
36.91000 1.8582672745943527
36.93000 1.8585982849507277
36.95000 1.8589291767432543
36.97000 1.8592599500779834
36.99000 1.8595906050608135
37.01000 1.8599211417974930
37.03000 1.8602515603936207
37.05000 1.8605818609546443
37.07000 1.8609120435858610
37.09000 1.8612421083924193
37.11000 1.8615720554793178
37.13000 1.8619018849514068
37.15000 1.8622315969133878
37.17000 1.8625611914698119
37.19000 1.8628906687250844
37.21000 1.8632200287834619
37.23000 1.8635492717490529
37.25000 1.8638783977258189
37.27000 1.8642074068175738
37.29000 1.8645362991279875
37.31000 1.8648650747605784
37.33000 1.8651937338187234
37.35000 1.8655222764056509
37.37000 1.8658507026244444
37.39000 1.8661790125780426
37.41000 1.8665072063692378
37.43000 1.8668352841006779
37.45000 1.8671632458748679
37.47000 1.8674910917941661
37.49000 1.8678188219607887
37.51000 1.8681464364768063
37.53000 1.8684739354441493
37.55000 1.8688013189646020
37.57000 1.8691285871398058
37.59000 1.8694557400712621
37.61000 1.8697827778603278
37.63000 1.8701097006082184
37.65000 1.8704365084160064
37.67000 1.8707632013846254
37.69000 1.8710897796148662
37.71000 1.8714162432073786
37.73000 1.8717425922626716
37.75000 1.8720688268811132
37.77000 1.8723949471629342
37.79000 1.8727209532082219
37.81000 1.8730468451169258
37.83000 1.8733726229888552
37.85000 1.8736982869236818
37.87000 1.8740238370209370
37.89000 1.8743492733800147
37.91000 1.8746745961001683
37.93000 1.8749998052805164
37.95000 1.8753249010200377
37.97000 1.8756498834175734
37.99000 1.8759747525718287
38.01000 1.8762995085813707
38.03000 1.8766241515446296
38.05000 1.8769486815599001
38.07000 1.8772730987253405
38.09000 1.8775974031389726
38.11000 1.8779215948986827
38.13000 1.8782456741022215
38.15000 1.8785696408472048
38.17000 1.8788934952311138
38.19000 1.8792172373512939
38.21000 1.8795408673049570
38.23000 1.8798643851891801
38.25000 1.8801877911009077
38.27000 1.8805110851369493
38.29000 1.8808342673939809
38.31000 1.8811573379685462
38.33000 1.8814802969570552
38.35000 1.8818031444557866
38.37000 1.8821258805608843
38.39000 1.8824485053683624
38.41000 1.8827710189741020
38.43000 1.8830934214738522
38.45000 1.8834157129632312
38.47000 1.8837378935377260
38.49000 1.8840599632926933
38.51000 1.8843819223233569
38.53000 1.8847037707248129
38.55000 1.8850255085920256
38.57000 1.8853471360198291
38.59000 1.8856686531029290
38.61000 1.8859900599359005
38.63000 1.8863113566131904
38.65000 1.8866325432291149
38.67000 1.8869536198778631
38.69000 1.8872745866534957
38.71000 1.8875954436499436
38.73000 1.8879161909610109
38.75000 1.8882368286803726
38.77000 1.8885573569015783
38.79000 1.8888777757180482
38.81000 1.8891980852230761
38.83000 1.8895182855098294
38.85000 1.8898383766713498
38.87000 1.8901583588005493
38.89000 1.8904782319902174
38.91000 1.8907979963330162
38.93000 1.8911176519214803
38.95000 1.8914371988480227
38.97000 1.8917566372049281
38.99000 1.8920759670843572
39.01000 1.8923951885783472
39.03000 1.8927143017788080
39.05000 1.8930333067775276
39.07000 1.8933522036661696
39.09000 1.8936709925362727
39.11000 1.8939896734792521
39.13000 1.8943082465864014
39.15000 1.8946267119488891
39.17000 1.8949450696577614
39.19000 1.8952633198039419
39.21000 1.8955814624782326
39.23000 1.8958994977713113
39.25000 1.8962174257737356
39.27000 1.8965352465759397
39.29000 1.8968529602682378
39.31000 1.8971705669408228
39.33000 1.8974880666837646
39.35000 1.8978054595870137
39.37000 1.8981227457403997
39.39000 1.8984399252336315
39.41000 1.8987569981562982
39.43000 1.8990739645978680
39.45000 1.8993908246476905
39.47000 1.8997075783949944
39.49000 1.9000242259288906
39.51000 1.9003407673383694
39.53000 1.9006572027123025
39.55000 1.9009735321394443
39.57000 1.9012897557084285
39.59000 1.9016058735077725
39.61000 1.9019218856258737
39.63000 1.9022377921510136
39.65000 1.9025535931713544
39.67000 1.9028692887749432
39.69000 1.9031848790497059
39.71000 1.9035003640834565
39.73000 1.9038157439638883
39.75000 1.9041310187785787
39.77000 1.9044461886149908
39.79000 1.9047612535604692
39.81000 1.9050762137022446
39.83000 1.9053910691274294
39.85000 1.9057058199230232
39.87000 1.9060204661759086
39.89000 1.9063350079728534
39.91000 1.9066494454005114
39.93000 1.9069637785454199
39.95000 1.9072780074940048
39.97000 1.9075921323325744
39.99000 1.9079061531473249
40.01000 1.9082200700243372
40.03000 1.9085338830495813
40.05000 1.9088475923089108
40.07000 1.9091611978880667
40.09000 1.9094746998726786
40.11000 1.9097880983482611
40.13000 1.9101013934002182
40.15000 1.9104145851138401
40.17000 1.9107276735743053
40.19000 1.9110406588666800
40.21000 1.9113535410759186
40.23000 1.9116663202868651
40.25000 1.9119789965842500
40.27000 1.9122915700526937
40.29000 1.9126040407767064
40.31000 1.9129164088406860
40.33000 1.9132286743289200
40.35000 1.9135408373255867
40.37000 1.9138528979147527
40.39000 1.9141648561803755
40.41000 1.9144767122063024
40.43000 1.9147884660762715
40.45000 1.9151001178739111
40.47000 1.9154116676827404
40.49000 1.9157231155861689
40.51000 1.9160344616674976
40.53000 1.9163457060099203
40.55000 1.9166568486965203
40.57000 1.9169678898102733
40.59000 1.9172788294340477
40.61000 1.9175896676506026
40.63000 1.9179004045425909
40.65000 1.9182110401925572
40.67000 1.9185215746829378
40.69000 1.9188320080960648
40.71000 1.9191423405141605
40.73000 1.9194525720193409
40.75000 1.9197627026936177
40.77000 1.9200727326188929
40.79000 1.9203826618769650
40.81000 1.9206924905495253
40.83000 1.9210022187181599
40.85000 1.9213118464643486
40.87000 1.9216213738694665
40.89000 1.9219308010147822
40.91000 1.9222401279814612
40.93000 1.9225493548505628
40.95000 1.9228584817030412
40.97000 1.9231675086197475
40.99000 1.9234764356814278
41.01000 1.9237852629687235
41.03000 1.9240939905621737
41.05000 1.9244026185422123
41.07000 1.9247111469891698
41.09000 1.9250195759832738
41.11000 1.9253279056046479
41.13000 1.9256361359333136
41.15000 1.9259442670491889
41.17000 1.9262522990320898
41.19000 1.9265602319617290
41.21000 1.9268680659177180
41.23000 1.9271758009795645
41.25000 1.9274834372266760
41.27000 1.9277909747383573
41.29000 1.9280984135938111
41.31000 1.9284057538721400
41.33000 1.9287129956523441
41.35000 1.9290201390133246
41.37000 1.9293271840338784
41.39000 1.9296341307927054
41.41000 1.9299409793684010
41.43000 1.9302477298394645
41.45000 1.9305543822842912
41.47000 1.9308609367811798
41.49000 1.9311673934083262
41.51000 1.9314737522438286
41.53000 1.9317800133656842
41.55000 1.9320861768517930
41.57000 1.9323922427799538
41.59000 1.9326982112278672
41.61000 1.9330040822731360
41.63000 1.9333098559932624
41.65000 1.9336155324656514
41.67000 1.9339211117676105
41.69000 1.9342265939763474
41.71000 1.9345319791689721
41.73000 1.9348372674224983
41.75000 1.9351424588138408
41.77000 1.9354475534198170
41.79000 1.9357525513171476
41.81000 1.9360574525824563
41.83000 1.9363622572922685
41.85000 1.9366669655230151
41.87000 1.9369715773510290
41.89000 1.9372760928525465
41.91000 1.9375805121037082
41.93000 1.9378848351805582
41.95000 1.9381890621590461
41.97000 1.9384931931150227
41.99000 1.9387972281242467
42.01000 1.9391011672623790
42.03000 1.9394050106049869
42.05000 1.9397087582275410
42.07000 1.9400124102054177
42.09000 1.9403159666138983
42.11000 1.9406194275281707
42.13000 1.9409227930233270
42.15000 1.9412260631743659
42.17000 1.9415292380561906
42.19000 1.9418323177436123
42.21000 1.9421353023113477
42.23000 1.9424381918340186
42.25000 1.9427409863861551
42.27000 1.9430436860421927
42.29000 1.9433462908764747
42.31000 1.9436488009632507
42.33000 1.9439512163766774
42.35000 1.9442535371908201
42.37000 1.9445557634796502
42.39000 1.9448578953170468
42.41000 1.9451599327767974
42.43000 1.9454618759325975
42.45000 1.9457637248580502
42.47000 1.9460654796266679
42.49000 1.9463671403118696
42.51000 1.9466687069869841
42.53000 1.9469701797252494
42.55000 1.9472715585998110
42.57000 1.9475728436837252
42.59000 1.9478740350499550
42.61000 1.9481751327713761
42.63000 1.9484761369207704
42.65000 1.9487770475708317
42.67000 1.9490778647941631
42.69000 1.9493785886632768
42.71000 1.9496792192505970
42.73000 1.9499797566284547
42.75000 1.9502802008690956
42.77000 1.9505805520446733
42.79000 1.9508808102272528
42.81000 1.9511809754888096
42.83000 1.9514810479012312
42.85000 1.9517810275363159
42.87000 1.9520809144657716
42.89000 1.9523807087612224
42.91000 1.9526804104941975
42.93000 1.9529800197361424
42.95000 1.9532795365584141
42.97000 1.9535789610322805
42.99000 1.9538782932289218
43.01000 1.9541775332194320
43.03000 1.9544766810748155
43.05000 1.9547757368659913
43.07000 1.9550747006637892
43.09000 1.9553735725389547
43.11000 1.9556723525621440
43.13000 1.9559710408039266
43.15000 1.9562696373347885
43.17000 1.9565681422251253
43.19000 1.9568665555452489
43.21000 1.9571648773653829
43.23000 1.9574631077556668
43.25000 1.9577612467861543
43.27000 1.9580592945268118
43.29000 1.9583572510475209
43.31000 1.9586551164180781
43.33000 1.9589528907081939
43.35000 1.9592505739874944
43.37000 1.9595481663255201
43.39000 1.9598456677917271
43.41000 1.9601430784554863
43.43000 1.9604403983860852
43.45000 1.9607376276527246
43.47000 1.9610347663245229
43.49000 1.9613318144705139
43.51000 1.9616287721596473
43.53000 1.9619256394607878
43.55000 1.9622224164427187
43.57000 1.9625191031741371
43.59000 1.9628156997236592
43.61000 1.9631122061598163
43.63000 1.9634086225510567
43.65000 1.9637049489657452
43.67000 1.9640011854721651
43.69000 1.9642973321385153
43.71000 1.9645933890329141
43.73000 1.9648893562233944
43.75000 1.9651852337779094
43.77000 1.9654810217643286
43.79000 1.9657767202504406
43.81000 1.9660723293039508
43.83000 1.9663678489924836
43.85000 1.9666632793835810
43.87000 1.9669586205447038
43.89000 1.9672538725432320
43.91000 1.9675490354464635
43.93000 1.9678441093216159
43.95000 1.9681390942358241
43.97000 1.9684339902561443
43.99000 1.9687287974495502
44.01000 1.9690235158829359
44.03000 1.9693181456231152
44.05000 1.9696126867368202
44.07000 1.9699071392907050
44.09000 1.9702015033513405
44.11000 1.9704957789852215
44.13000 1.9707899662587589
44.15000 1.9710840652382873
44.17000 1.9713780759900601
44.19000 1.9716719985802509
44.21000 1.9719658330749561
44.23000 1.9722595795401905
44.25000 1.9725532380418911
44.27000 1.9728468086459159
44.29000 1.9731402914180436
44.31000 1.9734336864239757
44.33000 1.9737269937293334
44.35000 1.9740202133996594
44.37000 1.9743133455004211
44.39000 1.9746063900970043
44.41000 1.9748993472547187
44.43000 1.9751922170387946
44.45000 1.9754849995143866
44.47000 1.9757776947465708
44.49000 1.9760703028003450
44.51000 1.9763628237406308
44.53000 1.9766552576322716
44.55000 1.9769476045400340
44.57000 1.9772398645286084
44.59000 1.9775320376626069
44.61000 1.9778241240065659
44.63000 1.9781161236249452
44.65000 1.9784080365821279
44.67000 1.9786998629424197
44.69000 1.9789916027700523
44.71000 1.9792832561291791
44.73000 1.9795748230838786
44.75000 1.9798663036981534
44.77000 1.9801576980359303
44.79000 1.9804490061610598
44.81000 1.9807402281373183
44.83000 1.9810313640284050
44.85000 1.9813224138979457
44.87000 1.9816133778094898
44.89000 1.9819042558265114
44.91000 1.9821950480124118
44.93000 1.9824857544305150
44.95000 1.9827763751440712
44.97000 1.9830669102162570
44.99000 1.9833573597101739
45.01000 1.9836477236888492
45.03000 1.9839380022152362
45.05000 1.9842281953522127
45.07000 1.9845183031625850
45.09000 1.9848083257090836
45.11000 1.9850982630543663
45.13000 1.9853881152610167
45.15000 1.9856778823915471
45.17000 1.9859675645083916
45.19000 1.9862571616739169
45.21000 1.9865466739504121
45.23000 1.9868361014000966
45.25000 1.9871254440851147
45.27000 1.9874147020675372
45.29000 1.9877038754093659
45.31000 1.9879929641725274
45.33000 1.9882819684188764
45.35000 1.9885708882101942
45.37000 1.9888597236081929
45.39000 1.9891484746745087
45.41000 1.9894371414707095
45.43000 1.9897257240582886
45.45000 1.9900142224986692
45.47000 1.9903026368532024
45.49000 1.9905909671831679
45.51000 1.9908792135497737
45.53000 1.9911673760141577
45.55000 1.9914554546373846
45.57000 1.9917434494804502
45.59000 1.9920313606042779
45.61000 1.9923191880697206
45.63000 1.9926069319375619
45.65000 1.9928945922685124
45.67000 1.9931821691232139
45.69000 1.9934696625622386
45.71000 1.9937570726460858
45.73000 1.9940443994351871
45.75000 1.9943316429899027
45.77000 1.9946188033705234
45.79000 1.9949058806372717
45.81000 1.9951928748502965
45.83000 1.9954797860696816
45.85000 1.9957666143554376
45.87000 1.9960533597675092
45.89000 1.9963400223657686
45.91000 1.9966266022100219
45.93000 1.9969130993600024
45.95000 1.9971995138753791
45.97000 1.9974858458157483
45.99000 1.9977720952406401
46.01000 1.9980582622095147
46.03000 1.9983443467817636
46.05000 1.9986303490167114
46.07000 1.9989162689736131
46.09000 1.9992021067116563
46.11000 1.9994878622899597
46.13000 1.9997735357675750
46.15000 2.0000591272034858
46.17000 2.0003446366566076
46.19000 2.0006300641857888
46.21000 2.0009154098498101
46.23000 2.0012006737073835
46.25000 2.0014858558171564
46.27000 2.0017709562377073
46.29000 2.0020559750275466
46.31000 2.0023409122451210
46.33000 2.0026257679488064
46.35000 2.0029105421969144
46.37000 2.0031952350476900
46.39000 2.0034798465593107
46.41000 2.0037643767898872
46.43000 2.0040488257974647
46.45000 2.0043331936400217
46.47000 2.0046174803754711
46.49000 2.0049016860616597
46.51000 2.0051858107563674
46.53000 2.0054698545173086
46.55000 2.0057538174021348
46.57000 2.0060376994684255
46.59000 2.0063215007737019
46.61000 2.0066052213754135
46.63000 2.0068888613309497
46.65000 2.0071724206976316
46.67000 2.0074558995327152
46.69000 2.0077392978933934
46.71000 2.0080226158367918
46.73000 2.0083058534199738
46.75000 2.0085890106999349
46.77000 2.0088720877336090
46.79000 2.0091550845778641
46.81000 2.0094380012895035
46.83000 2.0097208379252667
46.85000 2.0100035945418289
46.87000 2.0102862711958007
46.89000 2.0105688679437295
46.91000 2.0108513848420988
46.93000 2.0111338219473271
46.95000 2.0114161793157717
46.97000 2.0116984570037215
46.99000 2.0119806550674073
47.01000 2.0122627735629934
47.03000 2.0125448125465817
47.05000 2.0128267720742099
47.07000 2.0131086522018542
47.09000 2.0133904529854267
47.11000 2.0136721744807771
47.13000 2.0139538167436908
47.15000 2.0142353798298918
47.17000 2.0145168637950421
47.19000 2.0147982686947392
47.21000 2.0150795945845204
47.23000 2.0153608415198589
47.25000 2.0156420095561653
47.27000 2.0159230987487899
47.29000 2.0162041091530201
47.31000 2.0164850408240809
47.33000 2.0167658938171349
47.35000 2.0170466681872856
47.37000 2.0173273639895708
47.39000 2.0176079812789709
47.41000 2.0178885201104011
47.43000 2.0181689805387175
47.45000 2.0184493626187145
47.47000 2.0187296664051249
47.49000 2.0190098919526203
47.51000 2.0192900393158109
47.53000 2.0195701085492477
47.55000 2.0198500997074191
47.57000 2.0201300128447537
47.59000 2.0204098480156181
47.61000 2.0206896052743200
47.63000 2.0209692846751071
47.65000 2.0212488862721627
47.67000 2.0215284101196156
47.69000 2.0218078562715300
47.71000 2.0220872247819117
47.73000 2.0223665157047064
47.75000 2.0226457290937998
47.77000 2.0229248650030178
47.79000 2.0232039234861263
47.81000 2.0234829045968317
47.83000 2.0237618083887812
47.85000 2.0240406349155617
47.87000 2.0243193842307012
47.89000 2.0245980563876702
47.91000 2.0248766514398762
47.93000 2.0251551694406702
47.95000 2.0254336104433444
47.97000 2.0257119745011298
47.99000 2.0259902616672023
48.01000 2.0262684719946753
48.03000 2.0265466055366050
48.05000 2.0268246623459909
48.07000 2.0271026424757697
48.09000 2.0273805459788243
48.11000 2.0276583729079762
48.13000 2.0279361233159898
48.15000 2.0282137972555714
48.17000 2.0284913947793699
48.19000 2.0287689159399749
48.21000 2.0290463607899185
48.23000 2.0293237293816757
48.25000 2.0296010217676637
48.27000 2.0298782380002414
48.29000 2.0301553781317101
48.31000 2.0304324422143143
48.33000 2.0307094303002420
48.35000 2.0309863424416226
48.37000 2.0312631786905277
48.39000 2.0315399390989737
48.41000 2.0318166237189184
48.43000 2.0320932326022652
48.45000 2.0323697658008566
48.47000 2.0326462233664819
48.49000 2.0329226053508727
48.51000 2.0331989118057021
48.53000 2.0334751427825908
48.55000 2.0337512983330996
48.57000 2.0340273785087328
48.59000 2.0343033833609416
48.61000 2.0345793129411192
48.63000 2.0348551673006017
48.65000 2.0351309464906708
48.67000 2.0354066505625519
48.69000 2.0356822795674141
48.71000 2.0359578335563717
48.73000 2.0362333125804821
48.75000 2.0365087166907481
48.77000 2.0367840459381168
48.79000 2.0370593003734805
48.81000 2.0373344800476745
48.83000 2.0376095850114804
48.85000 2.0378846153156243
48.87000 2.0381595710107772
48.89000 2.0384344521475541
48.91000 2.0387092587765170
48.93000 2.0389839909481706
48.95000 2.0392586487129698
48.97000 2.0395332321213071
48.99000 2.0398077412235276
49.01000 2.0400821760699177
49.03000 2.0403565367107115
49.05000 2.0406308231960866
49.07000 2.0409050355761700
49.09000 2.0411791739010301
49.11000 2.0414532382206843
49.13000 2.0417272285850947
49.15000 2.0420011450441700
49.17000 2.0422749876477648
49.19000 2.0425487564456803
49.21000 2.0428224514876634
49.23000 2.0430960728234071
49.25000 2.0433696205025527
49.27000 2.0436430945746862
49.29000 2.0439164950893396
49.31000 2.0441898220959946
49.33000 2.0444630756440767
49.35000 2.0447362557829600
49.37000 2.0450093625619656
49.39000 2.0452823960303594
49.41000 2.0455553562373576
49.43000 2.0458282432321209
49.45000 2.0461010570637588
49.47000 2.0463737977813272
49.49000 2.0466464654338310
49.51000 2.0469190600702198
49.53000 2.0471915817393929
49.55000 2.0474640304901977
49.57000 2.0477364063714276
49.59000 2.0480087094318247
49.61000 2.0482809397200783
49.63000 2.0485530972848260
49.65000 2.0488251821746553
49.67000 2.0490971944380982
49.69000 2.0493691341236380
49.71000 2.0496410012797042
49.73000 2.0499127959546755
49.75000 2.0501845181968781
49.77000 2.0504561680545899
49.79000 2.0507277455760318
49.81000 2.0509992508093795
49.83000 2.0512706838027528
49.85000 2.0515420446042216
49.87000 2.0518133332618058
49.89000 2.0520845498234723
49.91000 2.0523556943371388
49.93000 2.0526267668506710
49.95000 2.0528977674118845
49.97000 2.0531686960685427
49.99000 2.0534395528683604
50.01000 2.0537103378589996
50.03000 2.0539810510880736
50.05000 2.0542516926031440
50.07000 2.0545222624517221
50.09000 2.0547927606812677
50.11000 2.0550631873392042
50.13000 2.0553335424728445
50.15000 2.0556038261296727
50.17000 2.0558740383563068
50.19000 2.0561441792023487
50.21000 2.0564142487060599
50.23000 2.0566842469476803
50.25000 2.0569541738509516
