0.25000 0.0000000000000000
0.27000 0.0502999828077837
0.29000 0.0993886283265147
0.31000 0.1474019207645133
0.33000 0.1944429632971317
0.35000 0.2406004203377474
0.37000 0.2859486937698013
0.39000 0.3305516144459223
0.41000 0.3744642750167077
0.43000 0.4177346901288209
0.45000 0.4604050185352568
0.47000 0.5025125419023672
0.49000 0.5440904399715523
0.51000 0.5851684140231228
0.53000 0.6257731931053689
0.55000 0.6659289492744770
0.57000 0.7056576402584145
0.59000 0.7449792939063267
0.61000 0.7839122485467597
0.63000 0.8224733522986418
0.65000 0.8606781384168951
0.67000 0.8985409669127463
0.69000 0.9360751542964935
0.71000 0.9732930800184960
0.73000 1.0102062817402009
0.75000 1.0468255340882575
0.77000 1.0831609275789504
0.79000 1.1192219237254617
0.81000 1.1550174158327284
0.83000 1.1905557760700185
0.85000 1.2258449018027104
0.87000 1.2608922505330089
0.89000 1.2957048788614391
0.91000 1.3302894724364520
0.93000 1.3646523720442056
0.95000 1.3987996004197210
0.97000 1.4327368889670613
0.99000 1.4664696942308064
1.01000 1.5000032151310743
1.03000 1.5333424144189842
1.05000 1.5664920315273427
1.07000 1.5994566006722795
1.09000 1.6322404621713804
1.11000 1.6648477695502071
1.13000 1.6972825076609239
1.15000 1.7295485002173763
1.17000 1.7616494183832816
1.19000 1.7935887910069126
1.21000 1.8253700120272929
1.23000 1.8569963462789052
1.25000 1.8884709385794338
1.27000 1.9197968207355083
1.29000 1.9509769159423844
1.31000 1.9820140441307701
1.33000 2.0129109272960242
1.35000 2.0436701960582497
1.37000 2.0742943936101788
1.39000 2.1047859788812326
1.41000 2.1351473306364270
1.43000 2.1653807506485445
1.45000 2.1954884677002511
1.47000 2.2254726421155699
1.49000 2.2553353689141362
1.51000 2.2850786810310280
1.53000 2.3147045479405874
1.55000 2.3442148865824630
1.57000 2.3736115489956595
1.59000 2.4028963465076667
1.61000 2.4320710281890126
1.63000 2.4611372980688584
1.65000 2.4900968188546138
1.67000 2.5189511999547105
1.69000 2.5477020079455426
1.71000 2.5763507752670760
1.73000 2.6048989906994309
1.75000 2.6333481001925274
1.77000 2.6616995154993854
1.79000 2.6899546175008906
1.81000 2.7181147493063449
1.83000 2.7461812175902569
1.85000 2.7741552968858372
1.87000 2.8020382356111289
1.89000 2.8298312531497638
1.91000 2.8575355372526818
1.93000 2.8851522458624332
1.95000 2.9126825096888878
1.97000 2.9401274361842198
1.99000 2.9674881099584338
2.01000 2.9947655897671779
2.03000 3.0219609095559483
2.05000 3.0490750797282171
2.07000 3.0761090885731179
2.09000 3.1030639039677324
2.11000 3.1299404753961650
2.13000 3.1567397319786350
2.15000 3.1834625822820923
2.17000 3.2101099150793084
2.19000 3.2366826001994959
2.21000 3.2631814896090936
2.23000 3.2896074182317636
2.25000 3.3159612053541370
2.27000 3.3422436552855372
2.29000 3.3684555560849638
2.31000 3.3945976799401456
2.33000 3.4206707836769676
2.35000 3.4466756094458306
2.37000 3.4726128848279196
2.39000 3.4984833237942961
2.41000 3.5242876270604686
2.43000 3.5500264827467496
2.45000 3.5757005676004781
2.47000 3.6013105459452244
2.49000 3.6268570698272757
2.51000 3.6523407792259253
2.53000 3.6777623024781123
2.55000 3.7031222564322519
2.57000 3.7284212471613989
2.59000 3.7536598702189696
2.61000 3.7788387105335133
2.63000 3.8039583435591093
2.65000 3.8290193346759742
2.67000 3.8540222406394200
2.69000 3.8789676092154886
2.71000 3.9038559791213729
2.73000 3.9286878801932303
2.75000 3.9534638328374481
2.77000 3.9781843495023432
2.79000 4.0028499338418442
2.81000 4.0274610815485161
2.83000 4.0520182798250310
2.85000 4.0765220093618684
2.87000 4.1009727414429147
2.89000 4.1253709419385975
2.91000 4.1497170679149686
2.93000 4.1740115699551490
2.95000 4.1982548928680226
2.97000 4.2224474735850714
2.99000 4.2465897432408370
3.01000 4.2706821269750606
3.03000 4.2947250426706756
3.05000 4.3187189024394286
3.07000 4.3426641127162862
3.09000 4.3665610731138758
3.11000 4.3904101775329814
3.13000 4.4142118150247809
3.15000 4.4379663685598834
3.17000 4.4616742152291176
3.19000 4.4853357271104333
3.21000 4.5089512717113527
3.23000 4.5325212107868698
3.25000 4.5560459007146354
3.27000 4.5795256933493960
3.29000 4.6029609363779924
3.31000 4.6263519721132438
3.33000 4.6496991380909289
3.35000 4.6730027675724530
3.37000 4.6962631901718899
3.39000 4.7194807308365228
3.41000 4.7426557096734614
3.43000 4.7657884424834647
3.45000 4.7888792412557448
3.47000 4.8119284145004597
3.49000 4.8349362663946671
3.51000 4.8579030965455425
3.53000 4.8808292006449037
3.55000 4.9037148709113083
3.57000 4.9265603965252573
3.59000 4.9493660628809266
3.61000 4.9721321511566439
3.63000 4.9948589388273090
3.65000 5.0175467001541589
3.67000 5.0401957064408052
3.69000 5.0628062259292399
3.71000 5.0853785233298536
3.73000 5.1079128597247871
3.75000 5.1304094930991093
3.77000 5.1528686784356026
3.79000 5.1752906679343527
3.81000 5.1976757112345258
3.83000 5.2200240547930292
3.85000 5.2423359419449973
3.87000 5.2646116131096790
3.89000 5.2868513060222853
3.91000 5.3090552557253501
3.93000 5.3312236948767779
3.95000 5.3533568535778526
3.97000 5.3754549591156087
3.99000 5.3975182361302476
4.01000 5.4195469065094475
4.03000 5.4415411897294304
4.05000 5.4635013026758124
4.07000 5.4854274601889328
4.09000 5.5073198747998697
4.11000 5.5291787568241881
4.13000 5.5510043139182637
4.15000 5.5727967516799639
4.17000 5.5945562729847502
4.19000 5.6162830788625637
4.21000 5.6379773679645018
4.23000 5.6596393369649256
4.25000 5.6812691810721390
4.27000 5.7028670928929035
4.29000 5.7244332631352179
4.31000 5.7459678805396912
4.33000 5.7674711314254212
4.35000 5.7889432003772487
4.37000 5.8103842702360087
4.39000 5.8317945215041309
4.41000 5.8531741333850213
4.43000 5.8745232835011052
4.45000 5.8958421471448403
4.47000 5.9171308979951638
4.49000 5.9383897082119974
4.51000 5.9596187478556555
4.53000 5.9808181851404507
4.55000 6.0019881869089806
4.57000 6.0231289182364369
4.59000 6.0442405425214618
4.61000 6.0653232217874686
4.63000 6.0863771168263110
4.65000 6.1074023866651670
4.67000 6.1283991885611080
4.69000 6.1493676783611306
4.71000 6.1703080106263197
4.73000 6.1912203381347393
4.75000 6.2121048119394473
4.77000 6.2329615818053190
4.79000 6.2537907964049886
4.81000 6.2745926027984753
4.83000 6.2953671466340309
4.85000 6.3161145724276953
4.87000 6.3368350235311182
4.89000 6.3575286418783907
4.91000 6.3781955679388824
4.93000 6.3988359407761051
4.95000 6.4194498982056238
4.97000 6.4400375769092850
4.99000 6.4605991121384063
5.01000 6.4811346378602872
5.03000 6.5016442867528381
5.05000 6.5221281905109567
5.07000 6.5425864799800380
5.09000 6.5630192847717694
5.11000 6.5834267331824003
5.13000 6.6038089523376264
5.15000 6.6241660684905783
5.17000 6.6444982068226501
5.19000 6.6648054911537811
5.21000 6.6850880440911977
5.23000 6.7053459871157983
5.25000 6.7255794407581515
5.27000 6.7457885247519451
5.29000 6.7659733576879422
5.31000 6.7861340570632063
5.33000 6.8062707394113913
5.35000 6.8263835203200030
5.37000 6.8464725146439189
5.39000 6.8665378362717178
5.41000 6.8865795982844453
5.43000 6.9065979124327059
5.45000 6.9265928896318716
5.47000 6.9465646395872334
5.49000 6.9665132714634632
5.51000 6.9864388935682937
5.53000 7.0063416130844711
5.55000 7.0262215363703913
5.57000 7.0460787687780719
5.59000 7.0659134148289606
5.61000 7.0857255783758379
5.63000 7.1055153624469547
5.65000 7.1252828693486769
5.67000 7.1450282005853456
5.69000 7.1647514567130139
5.71000 7.1844527376217968
5.73000 7.2041321423312663
5.75000 7.2237897690259798
5.77000 7.2434257153228350
5.79000 7.2630400779914064
5.81000 7.2826329529166971
5.83000 7.3022044351873605
5.85000 7.3217546191537455
5.87000 7.3412835983049645
5.89000 7.3607914655081377
5.91000 7.3802783132469623
5.93000 7.3997442331368610
5.95000 7.4191893159720887
5.97000 7.4386136518764596
5.99000 7.4580173302730239
6.01000 7.4774004399083918
6.03000 7.4967630689425055
6.05000 7.5161053051546878
6.07000 7.5354272356625387
6.09000 7.5547289466988783
6.11000 7.5740105238188624
6.13000 7.5932720519933836
6.15000 7.6125136154888455
6.17000 7.6317352978523258
6.19000 7.6509371820795868
6.21000 7.6701193506785303
6.23000 7.6892818855688132
6.25000 7.7084248679621314
6.27000 7.7275483785056176
6.29000 7.7466524973875241
6.31000 7.7657373040281872
6.33000 7.7848028771713258
6.35000 7.8038492950717178
6.37000 7.8228766355705703
6.39000 7.8418849759695899
6.41000 7.8608743931054104
6.43000 7.8798449632673790
6.45000 7.8987967622173176
6.47000 7.9177298652157591
6.49000 7.9366443468462924
6.51000 7.9555402810781937
6.53000 7.9744177413724762
6.55000 7.9932768008382418
6.57000 8.0121175321239768
6.59000 8.0309400073715693
6.61000 8.0497442981580321
6.63000 8.0685304755398626
6.65000 8.0872986100599409
6.67000 8.1060487718026959
6.69000 8.1247810302821772
6.71000 8.1434954545598970
6.73000 8.1621921131552266
6.75000 8.1808710743517583
6.77000 8.1995324059094212
6.79000 8.2181761751732072
6.81000 8.2368024490334406
6.83000 8.2554112938522906
6.85000 8.2740027756762053
6.87000 8.2925769600431831
6.89000 8.3111339120746202
6.91000 8.3296736964377480
6.93000 8.3481963772639745
6.95000 8.3667020184201455
6.97000 8.3851906834376528
6.99000 8.4036624353916025
7.01000 8.4221173369861386
7.03000 8.4405554504726741
7.05000 8.4589768376395540
7.07000 8.4773815599838436
7.09000 8.4957696785446561
7.11000 8.5141412538345929
7.13000 8.5324963460332466
7.15000 8.5508350148604642
7.17000 8.5691573196385953
7.19000 8.5874633194446712
7.21000 8.6057530730745881
7.23000 8.6240266389255709
7.25000 8.6422840750163701
7.27000 8.6605254389674489
7.29000 8.6787507879450274
7.31000 8.6969601788086681
7.33000 8.7151536681624631
7.35000 8.7333313121876159
7.37000 8.7514931666394968
7.39000 8.7696392869710511
7.41000 8.7877697282569294
7.43000 8.8058845452275687
7.45000 8.8239837923935216
7.47000 8.8420675240319895
7.49000 8.8601357941291710
7.51000 8.8781886562331938
7.53000 8.8962261635173405
7.55000 8.9142483688937961
7.57000 8.9322553249464551
7.59000 8.9502470839632302
7.61000 8.9682236979078649
7.63000 8.9861852183926594
7.65000 9.0041316966863274
7.67000 9.0220631836985081
7.69000 9.0399797300476195
7.71000 9.0578813861437109
7.73000 9.0757682020981054
7.75000 9.0936402277599608
7.77000 9.1114975127288425
7.79000 9.1293401062957376
7.81000 9.1471680574028582
7.83000 9.1649814146278974
7.85000 9.1827802262699940
7.87000 9.2005645404473793
7.89000 9.2183344050129268
7.91000 9.2360898674291629
7.93000 9.2538309748687571
7.95000 9.2715577742653270
7.97000 9.2892703123655966
7.99000 9.3069686355400858
8.01000 9.3246527899167226
8.03000 9.3423228213878655
8.05000 9.3599787757494077
8.07000 9.3776206984597401
8.09000 9.3952486346884285
8.11000 9.4128626293491529
8.13000 9.4304627270268711
8.15000 9.4480489721358776
8.17000 9.4656214088001711
8.19000 9.4831800809090190
8.21000 9.5007250321896386
8.23000 9.5182563060933791
8.25000 9.5357739458437774
8.27000 9.5532779943404602
8.29000 9.5707684942015181
8.31000 9.5882454878490844
8.33000 9.6057090174916837
8.35000 9.6231591251387929
8.37000 9.6405958526558138
8.39000 9.6580192416263309
8.41000 9.6754293333460950
8.43000 9.6928261689467892
8.45000 9.7102097893582950
8.47000 9.7275802352017848
8.49000 9.7449375468821842
8.51000 9.7622817645483106
8.53000 9.7796129281238731
8.55000 9.7969310774351595
8.57000 9.8142362521151654
8.59000 9.8315284915021621
8.61000 9.8488078346793628
8.63000 9.8660743205121673
8.65000 9.8833279876774753
8.67000 9.9005688746996512
8.69000 9.9177970199090222
8.71000 9.9350124614317448
8.73000 9.9522152371829460
8.75000 9.9694053849465316
8.77000 9.9865829423196750
8.79000 10.0037479466688364
8.81000 10.0209004351562498
8.83000 10.0380404447282281
8.85000 10.0551680120831417
8.87000 10.0722831737247756
8.89000 10.0893859660216698
8.91000 10.1064764251601336
8.93000 10.1235545871023458
8.95000 10.1406204876795663
8.97000 10.1576741625870977
8.99000 10.1747156472995588
9.01000 10.1917449770799902
9.03000 10.2087621870430407
9.05000 10.2257673121359574
9.07000 10.2427603870652568
9.09000 10.2597414463841563
9.11000 10.2767105245044394
9.13000 10.2936676556822562
9.15000 10.3106128740341028
9.17000 10.3275462134822966
9.19000 10.3444677077837106
9.21000 10.3613773905002571
9.23000 10.3782752949956727
9.25000 10.3951614544280257
9.27000 10.4120359018540984
9.29000 10.4288986701901720
9.31000 10.4457497921593223
9.33000 10.4625893002289203
9.35000 10.4794172267477776
9.37000 10.4962336039368509
9.39000 10.5130384638853176
9.41000 10.5298318385591720
9.43000 10.5466137597170562
9.45000 10.5633842589841809
9.47000 10.5801433678401224
9.49000 10.5968911175535823
9.51000 10.6136275392448631
9.53000 10.6303526638904966
9.55000 10.6470665223981200
9.57000 10.6637691455332551
9.59000 10.6804605638459282
9.61000 10.6971408077548116
9.63000 10.7138099075649702
9.65000 10.7304678934276989
9.67000 10.7471147953286845
9.69000 10.7637506430868761
9.71000 10.7803754663910265
9.73000 10.7969892948355728
9.75000 10.8135921578489924
9.77000 10.8301840846542898
9.79000 10.8467651043169191
9.81000 10.8633352457476917
9.83000 10.8798945377682212
9.85000 10.8964430091200946
9.87000 10.9129806884450211
9.89000 10.9295076042403814
9.91000 10.9460237848717146
9.93000 10.9625292585763550
9.95000 10.9790240534410817
9.97000 10.9955081974206408
9.99000 11.0119817183460960
10.01000 11.0284446439076120
10.03000 11.0448970017159525
10.05000 11.0613388192714446
10.07000 11.0777701239008159
10.09000 11.0941909427582530
10.11000 11.1106013028856943
10.13000 11.1270012312288529
10.15000 11.1433907546288253
10.17000 11.1597698998229387
10.19000 11.1761386934245319
10.21000 11.1924971618886779
10.23000 11.2088453315378054
10.25000 11.2251832286292021
10.27000 11.2415108792765039
10.29000 11.2578283094282909
10.31000 11.2741355449099814
10.33000 11.2904326114427782
10.35000 11.3067195346548743
10.37000 11.3229963400761218
10.39000 11.3392630531382910
10.41000 11.3555196991534277
10.43000 11.3717663032954484
10.45000 11.3880028906292630
10.47000 11.4042294861581137
10.49000 11.4204461147896410
10.51000 11.4366528012714408
10.53000 11.4528495702756690
10.55000 11.4690364463568972
10.57000 11.4852134539503030
10.59000 11.5013806173659869
10.61000 11.5175379608319091
10.63000 11.5336855084646306
10.65000 11.5498232842323301
10.67000 11.5659513119800241
10.69000 11.5820696154860698
10.71000 11.5981782184865860
10.73000 11.6142771446302149
10.75000 11.6303664174439874
10.77000 11.6464460603381710
10.79000 11.6625160966073427
10.81000 11.6785765494234450
10.83000 11.6946274418586000
10.85000 11.7106687969144421
10.87000 11.7267006374920921
10.89000 11.7427229863611231
10.91000 11.7587358661926515
10.93000 11.7747392995665106
10.95000 11.7907333089694699
10.97000 11.8067179168224889
10.99000 11.8226931454237398
11.01000 11.8386590169775427
11.03000 11.8546155536240168
11.05000 11.8705627774109317
11.07000 11.8865007103075211
11.09000 11.9024293742219029
11.11000 11.9183487909760917
11.13000 11.9342589823148302
11.15000 11.9501599698867675
11.17000 11.9660517752035176
11.19000 11.9819344196575788
11.21000 11.9978079245653095
11.23000 12.0136723111667010
11.25000 12.0295276006171168
11.27000 12.0453738139850035
11.29000 12.0612109722211116
11.31000 12.0770390961914611
11.33000 12.0928582067324992
11.35000 12.1086683245836060
11.37000 12.1244694703764146
11.39000 12.1402616646887473
11.41000 12.1560449280224390
11.43000 12.1718192807768375
11.45000 12.1875847432574851
11.47000 12.2033413356633247
11.49000 12.2190890780974115
11.51000 12.2348279906115067
11.53000 12.2505580932182401
11.55000 12.2662794058448092
11.57000 12.2819919483236646
11.59000 12.2976957403909761
11.61000 12.3133908017027185
11.63000 12.3290771518479811
11.65000 12.3447548103131712
11.67000 12.3604237965182939
11.69000 12.3760841298044983
11.71000 12.3917358294375362
11.73000 12.4073789146353128
11.75000 12.4230134045582776
11.77000 12.4386393182761239
11.79000 12.4542566747935641
11.81000 12.4698654930484771
11.83000 12.4854657919261580
11.85000 12.5010575902134651
11.87000 12.5166409066056854
11.89000 12.5322157597086541
11.91000 12.5477821680466093
11.93000 12.5633401500631852
11.95000 12.5788897241420781
11.97000 12.5944309086021491
11.99000 12.6099637216802059
12.01000 12.6254881815573547
12.03000 12.6410043063577167
12.05000 12.6565121141431671
12.07000 12.6720116229027617
12.09000 12.6875028505308816
12.11000 12.7029858148612558
12.13000 12.7184605336478622
12.15000 12.7339270245824370
12.17000 12.7493853053256743
12.19000 12.7648353934566199
12.21000 12.7802773064930495
12.23000 12.7957110618745915
12.25000 12.8111366769413308
12.27000 12.8265541689915779
12.29000 12.8419635552965552
12.31000 12.8573648530566160
12.33000 12.8727580794013452
12.35000 12.8881432513747800
12.37000 12.9035203859561172
12.39000 12.9188895000511330
12.41000 12.9342506104967825
12.43000 12.9496037340791208
12.45000 12.9649488875365453
12.47000 12.9802860875208648
12.49000 12.9956153506102776
12.51000 13.0109366933471780
12.53000 13.0262501322431756
12.55000 13.0415556837780624
12.57000 13.0568533643557956
12.59000 13.0721431902940388
12.61000 13.0874251778451942
12.63000 13.1026993432163081
12.65000 13.1179657025522207
12.67000 13.1332242719356724
12.69000 13.1484750673955428
12.71000 13.1637181048887939
12.73000 13.1789534003061615
12.75000 13.1941809694995111
12.77000 13.2094008282413409
12.79000 13.2246129922377769
12.81000 13.2398174771542276
12.83000 13.2550142986147996
12.85000 13.2702034721661128
12.87000 13.2853850132951283
12.89000 13.3005589374469864
12.91000 13.3157252600207805
12.93000 13.3308839963652090
12.95000 13.3460351617644868
12.97000 13.3611787714261787
12.99000 13.3763148404922809
13.01000 13.3914433840578440
13.03000 13.4065644171657858
13.05000 13.4216779548088834
13.07000 13.4367840119428177
13.09000 13.4518826035107537
13.11000 13.4669737443895645
13.13000 13.4820574493998802
13.15000 13.4971337332935875
13.17000 13.5122026107770861
13.19000 13.5272640964853643
13.21000 13.5423182050226405
13.23000 13.5573649509527510
13.25000 13.5724043487730945
13.27000 13.5874364129149541
13.29000 13.6024611577510974
13.31000 13.6174785976362092
13.33000 13.6324887468757989
13.35000 13.6474916197171101
13.37000 13.6624872303554952
13.39000 13.6774755929237806
13.41000 13.6924567215079431
13.43000 13.7074306301541746
13.45000 13.7223973328484483
13.47000 13.7373568435498026
13.49000 13.7523091761773184
13.51000 13.7672543446144484
13.53000 13.7821923627026663
13.55000 13.7971232442257605
13.57000 13.8120470029077271
13.59000 13.8269636524074375
13.61000 13.8418732063327869
13.63000 13.8567756782628155
13.65000 13.8716710817258964
13.67000 13.8865594301990516
13.69000 13.9014407371176123
13.71000 13.9163150158811835
13.73000 13.9311822798434140
13.75000 13.9460425423128509
13.77000 13.9608958165561621
13.79000 13.9757421157949029
13.81000 13.9905814531991961
13.83000 14.0054138418751091
13.85000 14.0202392948821331
13.87000 14.0350578252572955
13.89000 14.0498694459886178
13.91000 14.0646741700122480
13.93000 14.0794720102210693
13.95000 14.0942629794703809
13.97000 14.1090470905873833
13.99000 14.1238243563624870
14.01000 14.1385947895276463
14.03000 14.1533584027642974
14.05000 14.1681152087152160
14.07000 14.1828652199896226
14.09000 14.1976084491567658
14.11000 14.2123449087592366
14.13000 14.2270746113028466
14.15000 14.2417975692581251
14.17000 14.2565137950580478
14.19000 14.2712233010868790
14.21000 14.2859260996801662
14.23000 14.3006222031379142
14.25000 14.3153116237117288
14.27000 14.3299943736058903
14.29000 14.3446704649756125
14.31000 14.3593399099504619
14.33000 14.3740027206245209
14.35000 14.3886589090479529
14.37000 14.4033084872383341
14.39000 14.4179514671718891
14.41000 14.4325878607758007
14.43000 14.4472176799589427
14.45000 14.4618409365851317
14.47000 14.4764576424849079
14.49000 14.4910678094585670
14.51000 14.5056714492765071
14.53000 14.5202685736545405
14.55000 14.5348591942449730
14.57000 14.5494433226674165
14.59000 14.5640209705151307
14.61000 14.5785921493547672
14.63000 14.5931568707125692
14.65000 14.6077151460715822
14.67000 14.6222669868999429
14.69000 14.6368124046249122
14.71000 14.6513514106401459
14.73000 14.6658840163025808
14.75000 14.6804102329223181
14.77000 14.6949300717742588
14.79000 14.7094435440964979
14.81000 14.7239506611096225
14.83000 14.7384514339907220
14.85000 14.7529458738738484
14.87000 14.7674339918632906
14.89000 14.7819157990400338
14.91000 14.7963913064543835
14.93000 14.8108605251171088
14.95000 14.8253234659925823
14.97000 14.8397801400109284
14.99000 14.8542305580587648
15.01000 14.8686747309839404
15.03000 14.8831126696205924
15.05000 14.8975443847793230
15.07000 14.9119698872209341
15.09000 14.9263891876697947
15.11000 14.9408022968215963
15.13000 14.9552092253385638
15.15000 14.9696099838493755
15.17000 14.9840045829415338
15.19000 14.9983930331637367
15.21000 15.0127753450517130
15.23000 15.0271515291289575
15.25000 15.0415215958829798
15.27000 15.0558855557696951
15.29000 15.0702434192170909
15.31000 15.0845951966160108
15.33000 15.0989408983302962
15.35000 15.1132805347004275
15.37000 15.1276141160264288
15.39000 15.1419416525737009
15.41000 15.1562631545735762
15.43000 15.1705786322116509
15.45000 15.1848880956636005
15.47000 15.1991915550920336
15.49000 15.2134890206212443
15.51000 15.2277805023353476
15.53000 15.2420660102878180
15.55000 15.2563455544977256
15.57000 15.2706191449479736
15.59000 15.2848867915929905
15.61000 15.2991485043638207
15.63000 15.3134042931620442
15.65000 15.3276541678691309
15.67000 15.3418981383383581
15.69000 15.3561362143948568
15.71000 15.3703684058219832
15.73000 15.3845947223762298
15.75000 15.3988151737774590
15.77000 15.4130297697138197
15.79000 15.4272385198518052
15.81000 15.4414414338454673
15.83000 15.4556385213147216
15.85000 15.4698297918373573
15.87000 15.4840152549741674
15.89000 15.4981949202551625
15.91000 15.5123687971857667
15.93000 15.5265368952493219
15.95000 15.5406992238979740
15.97000 15.5548557925501481
15.99000 15.5690066105898772
16.01000 15.5831516873833316
16.03000 15.5972910322716221
16.05000 15.6114246545592188
16.07000 15.6255525635250692
16.09000 15.6396747684265076
16.11000 15.6537912785182929
16.13000 15.6679021030365977
16.15000 15.6820072511808490
16.17000 15.6961067321227628
16.19000 15.7102005550049366
16.21000 15.7242887289332618
16.23000 15.7383712629834402
16.25000 15.7524481661998337
16.27000 15.7665194475885428
16.29000 15.7805851161439445
16.31000 15.7946451808458619
16.33000 15.8086996506437263
16.35000 15.8227485344546821
16.37000 15.8367918411645086
16.39000 15.8508295796395586
16.41000 15.8648617587230572
16.43000 15.8788883872282849
16.45000 15.8929094739544610
16.47000 15.9069250276860021
16.49000 15.9209350571765125
16.51000 15.9349395711506574
16.53000 15.9489385783044604
16.55000 15.9629320873169771
16.57000 15.9769201068445916
16.59000 15.9909026455221603
16.61000 16.0048797119626727
16.63000 16.0188513147599885
16.65000 16.0328174624767037
16.67000 16.0467781636404325
16.69000 16.0607334267533268
16.71000 16.0746832603104899
16.73000 16.0886276727820281
16.75000 16.1025666726133316
16.77000 16.1165002682282577
16.79000 16.1304284680336849
16.81000 16.1443512804152469
16.83000 16.1582687137472938
16.85000 16.1721807763785037
16.87000 16.1860874766338299
16.89000 16.1999888228068158
16.91000 16.2138848231587147
16.93000 16.2277754859169967
16.95000 16.2416608192927612
16.97000 16.2555408314690055
16.99000 16.2694155306061568
17.01000 16.2832849248493332
17.03000 16.2971490223340574
17.05000 16.3110078311696043
17.07000 16.3248613594411403
17.09000 16.3387096152119611
17.11000 16.3525526065176052
17.13000 16.3663903413858876
17.15000 16.3802228278317443
17.17000 16.3940500738463193
17.19000 16.4078720873904835
17.21000 16.4216888764026834
17.23000 16.4355004488035803
17.25000 16.4493068124794206
17.27000 16.4631079752923455
17.29000 16.4769039450905765
17.31000 16.4906947297075916
17.33000 16.5044803369478075
17.35000 16.5182607745870840
17.37000 16.5320360503829349
17.39000 16.5458061720695611
17.41000 16.5595711473614280
17.43000 16.5733309839587868
17.45000 16.5870856895439225
17.47000 16.6008352717779069
17.49000 16.6145797383040446
17.51000 16.6283190967500154
17.53000 16.6420533547195930
17.55000 16.6557825197893656
17.57000 16.6695065995143139
17.59000 16.6832256014316513
17.61000 16.6969395330680506
17.63000 16.7106484019465249
17.65000 16.7243522155737345
17.67000 16.7380509814309733
17.69000 16.7517447069749714
17.71000 16.7654333996387805
17.73000 16.7791170668313789
17.75000 16.7927957159404251
17.77000 16.8064693543366310
17.79000 16.8201379893756560
17.81000 16.8338016283959000
17.83000 16.8474602787100025
17.85000 16.8611139476046645
17.87000 16.8747626423530619
17.89000 16.8884063702226896
17.91000 16.9020451384623627
17.93000 16.9156789543003576
17.95000 16.9293078249415601
17.97000 16.9429317575667575
17.99000 16.9565507593382918
18.01000 16.9701648374013985
18.03000 16.9837739988789913
18.05000 16.9973782508744442
18.07000 17.0109776004708415
18.09000 17.0245720547310242
18.11000 17.0381616207034803
18.13000 17.0517463054232117
18.15000 17.0653261159098548
18.17000 17.0789010591649273
18.19000 17.0924711421718847
18.21000 17.1060363719003625
18.23000 17.1195967552931485
18.25000 17.1331522992762046
18.27000 17.1467030107657017
18.29000 17.1602488966793025
18.31000 17.1737899639160005
18.33000 17.1873262193497602
18.35000 17.2008576698263020
18.37000 17.2143843221752313
18.39000 17.2279061832067946
18.41000 17.2414232597158019
18.43000 17.2549355584828383
18.45000 17.2684430862690732
18.47000 17.2819458498175678
18.49000 17.2954438558580392
18.51000 17.3089371111096817
18.53000 17.3224256222782742
18.55000 17.3359093960483364
18.57000 17.3493884390850326
18.59000 17.3628627580316142
18.61000 17.3763323595126664
18.63000 17.3897972501421236
18.65000 17.4032574365150765
18.67000 17.4167129252120567
18.69000 17.4301637227986888
18.71000 17.4436098358248728
18.73000 17.4570512708282735
18.75000 17.4704880343261593
18.77000 17.4839201328162090
18.79000 17.4973475727845766
18.81000 17.5107703607059122
18.83000 17.5241885030427937
18.85000 17.5376020062415705
18.87000 17.5510108767304409
18.89000 17.5644151209201347
18.91000 17.5778147451998734
18.93000 17.5912097559452612
18.95000 17.6046001595156874
18.97000 17.6179859622544512
18.99000 17.6313671705012318
19.01000 17.6447437905798203
19.03000 17.6581158287846662
19.05000 17.6714832913927680
19.07000 17.6848461846653251
19.09000 17.6982045148526979
19.11000 17.7115582881894937
19.13000 17.7249075108925460
19.15000 17.7382521891657525
19.17000 17.7515923292012836
19.19000 17.7649279371812341
19.21000 17.7782590192769980
19.23000 17.7915855816460109
19.25000 17.8049076304246512
19.27000 17.8182251717315587
19.29000 17.8315382116716741
19.31000 17.8448467563314708
19.33000 17.8581508117761807
19.35000 17.8714503840564092
19.37000 17.8847454792095490
19.39000 17.8980361032634754
19.41000 17.9113222622279729
19.43000 17.9246039620994999
19.45000 17.9378812088647983
19.47000 17.9511540085101267
19.49000 17.9644223670062821
19.51000 17.9776862903010120
19.53000 17.9909457843250848
19.55000 18.0042008549971655
19.57000 18.0174515082189650
19.59000 18.0306977498906100
19.61000 18.0439395858959095
19.63000 18.0571770221003440
19.65000 18.0704100643533465
19.67000 18.0836387184903060
19.69000 18.0968629903412896
19.71000 18.1100828857253831
19.73000 18.1232984104466013
19.75000 18.1365095702925458
19.77000 18.1497163710369946
19.79000 18.1629188184471460
19.81000 18.1761169182749924
19.83000 18.1893106762606784
19.85000 18.2025000981246201
19.87000 18.2156851895733709
19.89000 18.2288659562992912
19.91000 18.2420424039751126
19.93000 18.2552145382617397
19.95000 18.2683823648044701
19.97000 18.2815458892355558
19.99000 18.2947051171787543
20.01000 18.3078600542441698
20.03000 18.3210107060257137
20.05000 18.3341570781016507
20.07000 18.3472991760419291
20.09000 18.3604370054079453
20.11000 18.3735705717478837
20.13000 18.3866998805980195
20.15000 18.3998249374773302
20.17000 18.4129457478883545
20.19000 18.4260623173283378
20.21000 18.4391746512881305
20.23000 18.4522827552490014
20.25000 18.4653866346819022
20.27000 18.4784862950419289
20.29000 18.4915817417747128
20.31000 18.5046729803154797
20.33000 18.5177600160825477
20.35000 18.5308428544803085
20.37000 18.5439215008997813
20.39000 18.5569959607151453
20.41000 18.5700662392903055
20.43000 18.5831323419826333
20.45000 18.5961942741326922
20.47000 18.6092520410635203
20.49000 18.6223056480882292
20.51000 18.6353551005101288
20.53000 18.6484004036189468
20.55000 18.6614415626906229
20.57000 18.6744785829917603
20.59000 18.6875114697841695
20.61000 18.7005402283125299
20.63000 18.7135648638057788
20.65000 18.7265853814868386
20.67000 18.7396017865735267
20.69000 18.7526140842705011
20.71000 18.7656222797674701
20.73000 18.7786263782393199
20.75000 18.7916263848465697
20.77000 18.8046223047408567
20.79000 18.8176141430639134
20.81000 18.8306019049510383
20.83000 18.8435855955242388
20.85000 18.8565652198911735
20.87000 18.8695407831454816
20.89000 18.8825122903779103
20.91000 18.8954797466652131
20.93000 18.9084431570674170
20.95000 18.9214025266378059
20.97000 18.9343578604267080
20.99000 18.9473091634688622
21.01000 18.9602564407836773
21.03000 18.9731996973820749
21.05000 18.9861389382582928
21.07000 18.9990741683951825
21.09000 19.0120053927689874
21.11000 19.0249326163429977
21.13000 19.0378558440713270
21.15000 19.0507750809005039
21.17000 19.0636903317700188
21.19000 19.0766016016068427
21.21000 19.0895088953258316
21.23000 19.1024122178299791
21.25000 19.1153115740073432
21.27000 19.1282069687398995
21.29000 19.1410984069029837
21.31000 19.1539858933532585
21.33000 19.1668694329335771
21.35000 19.1797490304811298
21.37000 19.1926246908282252
21.39000 19.2054964187995765
21.41000 19.2183642192093949
21.43000 19.2312280968587572
21.45000 19.2440880565328847
21.47000 19.2569441030040629
21.49000 19.2697962410366763
21.51000 19.2826444753861530
21.53000 19.2954888107974298
21.55000 19.3083292520063310
21.57000 19.3211658037387188
21.59000 19.3339984707065931
21.61000 19.3468272576105811
21.63000 19.3596521691420733
21.65000 19.3724732099799795
21.67000 19.3852903847890552
21.69000 19.3981036982218455
21.71000 19.4109131549245966
21.73000 19.4237187595377492
21.75000 19.4365205166934096
21.77000 19.4493184310153353
21.79000 19.4621125071197376
21.81000 19.4749027496139213
21.83000 19.4876891630949096
21.85000 19.5004717521487336
21.87000 19.5132505213555341
21.89000 19.5260254752896074
21.91000 19.5387966185177753
21.93000 19.5515639555978602
21.95000 19.5643274910763232
21.97000 19.5770872294866010
21.99000 19.5898431753527653
22.01000 19.6025953331883045
22.03000 19.6153437074933699
22.05000 19.6280883027552520
22.07000 19.6408291234595929
22.09000 19.6535661740810852
22.11000 19.6662994590830742
22.13000 19.6790289829194940
22.15000 19.6917547500376600
22.17000 19.7044767648778603
22.19000 19.7171950318747164
22.21000 19.7299095554511048
22.23000 19.7426203400232332
22.25000 19.7553273900000832
22.27000 19.7680307097786212
22.29000 19.7807303037434465
22.31000 19.7934261762664434
22.33000 19.8061183317111009
22.35000 19.8188067744316676
22.37000 19.8314915087769563
22.39000 19.8441725390901418
22.41000 19.8568498697010689
22.43000 19.8695235049294503
22.45000 19.8821934490872323
22.47000 19.8948597064801405
22.49000 19.9075222814075943
22.51000 19.9201811781586215
22.53000 19.9328364010111656
22.55000 19.9454879542333963
22.57000 19.9581358420862394
22.59000 19.9707800688228687
22.61000 19.9834206386870967
22.63000 19.9960575559159750
22.65000 20.0086908247354245
22.67000 20.0213204493589885
22.69000 20.0339464339920355
22.71000 20.0465687828335746
22.73000 20.0591875000752289
22.75000 20.0718025899009511
22.77000 20.0844140564867644
22.79000 20.0970219040004814
22.81000 20.1096261365974343
22.83000 20.1222267584243752
22.85000 20.1348237736249089
22.87000 20.1474171863356268
22.89000 20.1600070006842707
22.91000 20.1725932207885812
22.93000 20.1851758507569663
22.95000 20.1977548946926966
22.97000 20.2103303566955859
22.99000 20.2229022408537560
23.01000 20.2354705512408266
23.03000 20.2480352919190594
23.05000 20.2605964669469323
23.07000 20.2731540803783048
23.09000 20.2857081362572025
23.11000 20.2982586386166304
23.13000 20.3108055914836321
23.15000 20.3233489988754457
23.17000 20.3358888648012197
23.19000 20.3484251932638500
23.21000 20.3609579882589031
23.23000 20.3734872537753624
23.25000 20.3860129937965269
23.27000 20.3985352123000858
23.29000 20.4110539132574935
23.31000 20.4235691006312479
23.33000 20.4360807783761089
23.35000 20.4485889504363065
23.37000 20.4610936207473273
23.39000 20.4735947932355344
23.41000 20.4860924718196422
23.43000 20.4985866604044595
23.45000 20.5110773628821335
23.47000 20.5235645831376310
23.49000 20.5360483250548960
23.51000 20.5485285925093528
23.53000 20.5610053893676330
23.55000 20.5734787194911668
23.57000 20.5859485867352241
23.59000 20.5984149949492164
23.61000 20.6108779479741848
23.63000 20.6233374496414825
23.65000 20.6357935037734208
23.67000 20.6482461141868257
23.69000 20.6606952846924088
23.71000 20.6731410190949028
23.73000 20.6855833211968765
23.75000 20.6980221947953389
23.77000 20.7104576436802965
23.79000 20.7228896716323057
23.81000 20.7353182824207991
23.83000 20.7477434798047824
23.85000 20.7601652675371717
23.87000 20.7725836493682792
23.89000 20.7849986290447042
23.91000 20.7974102103028855
23.93000 20.8098183968719148
23.95000 20.8222231924745493
23.97000 20.8346246008240108
23.99000 20.8470226256234952
24.01000 20.8594172705694376
24.03000 20.8718085393567137
24.05000 20.8841964356776515
24.07000 20.8965809632158255
24.09000 20.9089621256420770
24.11000 20.9213399266175628
24.13000 20.9337143697975563
24.15000 20.9460854588305594
24.17000 20.9584531973568851
24.19000 20.9708175890115847
24.21000 20.9831786374247251
24.23000 20.9955363462151148
24.25000 21.0078907189941901
24.27000 21.0202417593706699
24.29000 21.0325894709474781
24.31000 21.0449338573217233
24.33000 21.0572749220831774
24.35000 21.0696126688127805
24.37000 21.0819471010828892
24.39000 21.0942782224577421
24.41000 21.1066060364946146
24.43000 21.1189305467433428
24.45000 21.1312517567469023
24.47000 21.1435696700452596
24.49000 21.1558842901701887
24.51000 21.1681956206434378
24.53000 21.1805036649814085
24.55000 21.1928084267017738
24.57000 21.2051099093148352
24.59000 21.2174081163243677
24.61000 21.2297030512276059
24.63000 21.2419947175140429
24.65000 21.2542831186627268
24.67000 21.2665682581463891
24.69000 21.2788501394264387
24.71000 21.2911287659590691
24.73000 21.3034041411928889
24.75000 21.3156762685716537
24.77000 21.3279451515366532
24.79000 21.3402107935249425
24.81000 21.3524731979671891
24.83000 21.3647323682838994
24.85000 21.3769883078883822
24.87000 21.3892410201884680
24.89000 21.4014905085877345
24.91000 21.4137367764874824
24.93000 21.4259798272831219
24.95000 21.4382196643611316
24.97000 21.4504562911011938
24.99000 21.4626897108784753
25.01000 21.4749199270581492
25.03000 21.4871469429990256
25.05000 21.4993707620543546
25.07000 21.5115913875727855
25.09000 21.5238088229004809
25.11000 21.5360230713750695
25.13000 21.5482341363240089
25.15000 21.5604420210682157
25.17000 21.5726467289218142
25.19000 21.5848482631948677
25.21000 21.5970466271960966
25.23000 21.6092418242271762
25.25000 21.6214338575796425
25.27000 21.6336227305358442
25.29000 21.6458084463762361
25.31000 21.6579910083782892
25.33000 21.6701704198108871
25.35000 21.6823466839397945
25.37000 21.6945198040264771
25.39000 21.7066897833241548
25.41000 21.7188566250787360
25.43000 21.7310203325296953
25.45000 21.7431809089145922
25.47000 21.7553383574667514
25.49000 21.7674926814113618
25.51000 21.7796438839670508
25.53000 21.7917919683480257
25.55000 21.8039369377659646
25.57000 21.8160787954257174
25.59000 21.8282175445222499
25.61000 21.8403531882437782
25.63000 21.8524857297738535
25.65000 21.8646151722912059
25.67000 21.8767415189692542
25.69000 21.8888647729766390
25.71000 21.9009849374771299
25.73000 21.9131020156274303
25.75000 21.9252160105760154
25.77000 21.9373269254645180
25.79000 21.9494347634285631
25.81000 21.9615395275963898
25.83000 21.9736412210914622
25.85000 21.9857398470330274
25.87000 21.9978354085360124
25.89000 22.0099279087135606
25.91000 22.0220173506699908
25.93000 22.0341037375026154
25.95000 22.0461870723036775
25.97000 22.0582673581632136
25.99000 22.0703445981621016
26.01000 22.0824187953767321
26.03000 22.0944899528787317
26.05000 22.1065580737345364
26.07000 22.1186231610040558
26.09000 22.1306852177409787
26.11000 22.1427442469946385
26.13000 22.1548002518097960
26.15000 22.1668532352273786
26.17000 22.1789032002798763
26.19000 22.1909501499943502
26.21000 22.2029940873931757
26.23000 22.2150350154934095
26.25000 22.2270729373078559
26.27000 22.2391078558444804
26.29000 22.2511397741076458
26.31000 22.2631686950978533
26.33000 22.2751946218121297
26.35000 22.2872175572423501
26.37000 22.2992375043748510
26.39000 22.3112544661902632
26.41000 22.3232684456637642
26.43000 22.3352794457647228
26.45000 22.3472874694561270
26.47000 22.3592925196935326
26.49000 22.3712945994292802
26.51000 22.3832937116092623
26.53000 22.3952898591710436
26.55000 22.4072830450489384
26.57000 22.4192732721752073
26.59000 22.4312605434762240
26.61000 22.4432448618693243
26.63000 22.4552262302646284
26.65000 22.4672046515681672
26.67000 22.4791801286834882
26.69000 22.4911526645109667
26.71000 22.5031222619471230
26.73000 22.5150889238854113
26.75000 22.5270526532156445
26.77000 22.5390134528208890
26.79000 22.5509713255772404
26.81000 22.5629262743532912
26.83000 22.5748783020104682
26.85000 22.5868274114068797
26.87000 22.5987736053980015
26.89000 22.6107168868375830
26.91000 22.6226572585746517
26.93000 22.6345947234510589
26.95000 22.6465292843032735
26.97000 22.6584609439626021
26.99000 22.6703897052533527
27.01000 22.6823155709933850
27.03000 22.6942385439960859
27.05000 22.7061586270694775
27.07000 22.7180758230135744
27.09000 22.7299901346235096
27.11000 22.7419015646922205
27.13000 22.7538101160097810
27.15000 22.7657157913627763
27.17000 22.7776185935316242
27.19000 22.7895185252950405
27.21000 22.8014155894269699
27.23000 22.8133097886975804
27.25000 22.8252011258715477
27.27000 22.8370896037117603
27.29000 22.8489752249738132
27.31000 22.8608579924071051
27.33000 22.8727379087580047
27.35000 22.8846149767692104
27.37000 22.8964891991795909
27.39000 22.9083605787217124
27.41000 22.9202291181221867
27.43000 22.9320948201007120
27.45000 22.9439576873752351
27.47000 22.9558177226626725
27.49000 22.9676749286753150
27.51000 22.9795293081193712
27.53000 22.9913808636958734
27.55000 23.0032295981041521
27.57000 23.0150755140378145
27.59000 23.0269186141857496
27.61000 23.0387589012320930
27.63000 23.0505963778568344
27.65000 23.0624310467349467
27.67000 23.0742629105369801
27.69000 23.0860919719307276
27.71000 23.0979182335774276
27.73000 23.1097416981318204
27.75000 23.1215623682453142
27.77000 23.1333802465615435
27.79000 23.1451953357191904
27.81000 23.1570076383546350
27.83000 23.1688171571009498
27.85000 23.1806238945903580
27.87000 23.1924278534511288
27.89000 23.2042290363060850
27.91000 23.2160274457731859
27.93000 23.2278230844647986
27.95000 23.2396159549887003
27.97000 23.2514060599468806
27.99000 23.2631934019386470
28.01000 23.2749779835595767
28.03000 23.2867598073996334
28.05000 23.2985388760474983
28.07000 23.3103151920903571
28.09000 23.3220887581092633
28.11000 23.3338595766794228
28.13000 23.3456276503699520
28.15000 23.3573929817447912
28.17000 23.3691555733655001
28.19000 23.3809154277888958
28.21000 23.3926725475652368
28.23000 23.4044269352401137
28.25000 23.4161785933594935
28.27000 23.4279275244676271
28.29000 23.4396737311024772
28.31000 23.4514172157963152
28.33000 23.4631579810784991
28.35000 23.4748960294758326
28.37000 23.4866313635109663
28.39000 23.4983639857020528
28.41000 23.5100938985610028
28.43000 23.5218211045948173
28.45000 23.5335456063092536
28.47000 23.5452674062061895
28.49000 23.5569865067821915
28.51000 23.5687029105270796
28.53000 23.5804166199274086
28.55000 23.5921276374676161
28.57000 23.6038359656290524
28.59000 23.6155416068874722
28.61000 23.6272445637139121
28.63000 23.6389448385750782
28.65000 23.6506424339332675
28.67000 23.6623373522481906
28.69000 23.6740295959752238
28.71000 23.6857191675669227
28.73000 23.6974060694704853
28.75000 23.7090903041269989
28.77000 23.7207718739694293
28.79000 23.7324507814260812
28.81000 23.7441270289233941
28.83000 23.7558006188845710
28.85000 23.7674715537301395
28.87000 23.7791398358780306
28.89000 23.7908054677442458
28.91000 23.8024684517419978
28.93000 23.8141287902809289
28.95000 23.8257864857674768
28.97000 23.8374415406035070
28.99000 23.8490939571844258
29.01000 23.8607437379018208
29.03000 23.8723908851453253
29.05000 23.8840354013043488
29.07000 23.8956772887634479
29.09000 23.9073165499038041
29.11000 23.9189531871039378
29.13000 23.9305872027374775
29.15000 23.9422185991732306
29.17000 23.9538473787760822
29.19000 23.9654735439047748
29.21000 23.9770970969125727
29.23000 23.9887180401502036
29.25000 24.0003363759670343
29.27000 24.0119521067073016
29.29000 24.0235652347115014
29.31000 24.0351757623172055
29.33000 24.0467836918606501
29.35000 24.0583890256753250
29.37000 24.0699917660905776
29.39000 24.0815919154322486
29.41000 24.0931894760231025
29.43000 24.1047844501818886
29.45000 24.1163768402211502
29.47000 24.1279666484487230
29.49000 24.1395538771694049
29.51000 24.1511385286836600
29.53000 24.1627206052892127
29.55000 24.1743001092803595
29.57000 24.1858770429469239
29.59000 24.1974514085740218
29.61000 24.2090232084444210
29.63000 24.2205924448401397
29.65000 24.2321591200399489
29.67000 24.2437232363196777
29.69000 24.2552847959492475
29.71000 24.2668438011921417
29.73000 24.2784002543070052
29.75000 24.2899541575522093
29.77000 24.3015055131837485
29.79000 24.3130543234561891
29.81000 24.3246005906196139
29.83000 24.3361443169209473
29.85000 24.3476855046033549
29.87000 24.3592241559069222
29.89000 24.3707602730689210
29.91000 24.3822938583214928
29.93000 24.3938249138934538
29.95000 24.4053534420097726
29.97000 24.4168794448935387
29.99000 24.4284029247623842
30.01000 24.4399238838307546
30.03000 24.4514423243099159
30.05000 24.4629582484066468
30.07000 24.4744716583234769
30.09000 24.4859825562584668
30.11000 24.4974909444044826
30.13000 24.5089968249508843
30.15000 24.5205002000866514
30.17000 24.5320010719976125
30.19000 24.5434994428665334
30.21000 24.5549953148728122
30.23000 24.5664886901930686
30.25000 24.5779795710010944
30.27000 24.5894679594677505
30.29000 24.6009538577599791
30.31000 24.6124372680413579
30.33000 24.6239181924724910
30.35000 24.6353966332086998
30.37000 24.6468725924009959
30.39000 24.6583460721997412
30.41000 24.6698170747558194
30.43000 24.6812856022167360
30.45000 24.6927516567261556
30.47000 24.7042152404233057
30.49000 24.7156763554437902
30.51000 24.7271350039209139
30.53000 24.7385911879856693
30.55000 24.7500449097654140
30.57000 24.7614961713813031
30.59000 24.7729449749499011
30.61000 24.7843913225860177
30.63000 24.7958352164030380
30.65000 24.8072766585122615
30.67000 24.8187156510216695
30.69000 24.8301521960359359
30.71000 24.8415862956566613
30.73000 24.8530179519821708
30.75000 24.8644471671067251
30.77000 24.8758739431201370
30.79000 24.8872982821077748
30.81000 24.8987201861519623
30.83000 24.9101396573327598
30.85000 24.9215566977267677
30.87000 24.9329713094074066
30.89000 24.9443834944442422
30.91000 24.9557932549046626
30.93000 24.9672005928555620
30.95000 24.9786055103599907
30.97000 24.9900080094787107
30.99000 25.0014080922704167
31.01000 25.0128057607892984
31.03000 25.0242010170866713
31.05000 25.0355938632136059
31.07000 25.0469843012183162
31.09000 25.0583723331451189
31.11000 25.0697579610335382
31.13000 25.0811411869192007
31.15000 25.0925220128339177
31.17000 25.1039004408057664
31.19000 25.1152764728582873
31.21000 25.1266501110138982
31.23000 25.1380213572930522
31.25000 25.1493902137116123
31.27000 25.1607566822823756
31.29000 25.1721207650136236
31.31000 25.1834824639124584
31.33000 25.1948417809837579
31.35000 25.2061987182292384
31.37000 25.2175532776459015
31.39000 25.2289054612263826
31.41000 25.2402552709602794
31.43000 25.2516027088344259
31.45000 25.2629477768351443
31.47000 25.2742904769476553
31.49000 25.2856308111549524
31.51000 25.2969687814377124
31.53000 25.3083043897734754
31.55000 25.3196376381361645
31.57000 25.3309685284953581
31.59000 25.3422970628181119
31.61000 25.3536232430696700
31.63000 25.3649470712129990
31.65000 25.3762685492079001
31.67000 25.3875876790098651
31.69000 25.3989044625714868
31.71000 25.4102189018435247
31.73000 25.4215309987728446
31.75000 25.4328407553049054
31.77000 25.4441481733831587
31.79000 25.4554532549478587
31.81000 25.4667560019372132
31.83000 25.4780564162854120
31.85000 25.4893544999214434
31.87000 25.5006502547707612
31.89000 25.5119436827554509
31.91000 25.5232347857950224
31.93000 25.5345235658083674
31.95000 25.5458100247141822
31.97000 25.5570941644286123
31.99000 25.5683759868638418
32.01000 25.5796554939295753
32.03000 25.5909326875316943
32.05000 25.6022075695726592
32.07000 25.6134801419529694
32.09000 25.6247504065700262
32.11000 25.6360183653182077
32.13000 25.6472840200897920
32.15000 25.6585473727732527
32.17000 25.6698084252530343
32.19000 25.6810671794118299
32.21000 25.6923236371298493
32.23000 25.7035778002849042
32.25000 25.7148296707501558
32.27000 25.7260792503952196
32.29000 25.7373265410869720
32.31000 25.7485715446905630
32.33000 25.7598142630682396
32.35000 25.7710546980795492
32.37000 25.7822928515797294
32.39000 25.7935287254238759
32.41000 25.8047623214650486
32.43000 25.8159936415525806
32.45000 25.8272226875335633
32.47000 25.8384494612546796
32.49000 25.8496739645600329
32.51000 25.8608961992903161
32.53000 25.8721161672836146
32.55000 25.8833338703757576
32.57000 25.8945493104017572
32.59000 25.9057624891929663
32.61000 25.9169734085783645
32.63000 25.9281820703851089
32.65000 25.9393884764375002
32.67000 25.9505926285588338
32.69000 25.9617945285679887
32.71000 25.9729941782799720
32.73000 25.9841915795067457
32.75000 25.9953867340577958
32.77000 26.0065796437384265
32.79000 26.0177703103518461
32.81000 26.0289587357012415
32.83000 26.0401449215880589
32.85000 26.0513288698113890
32.87000 26.0625105821676044
32.89000 26.0736900604502537
32.91000 26.0848673064490946
32.93000 26.0960423219510425
32.95000 26.1072151087415847
32.97000 26.1183856686039384
32.99000 26.1295540033175371
33.01000 26.1407201146600059
33.03000 26.1518840044069698
33.05000 26.1630456743312401
33.07000 26.1742051262010769
33.09000 26.1853623617805980
33.11000 26.1965173828320275
33.13000 26.2076701911167369
33.15000 26.2188207883941899
33.17000 26.2299691764219745
33.19000 26.2411153569543920
33.21000 26.2522593317434314
33.23000 26.2634011025393335
33.25000 26.2745406710898912
33.27000 26.2856780391424216
33.29000 26.2968132084429627
33.31000 26.3079461807354704
33.33000 26.3190769577594743
33.35000 26.3302055412517575
33.37000 26.3413319329476572
33.39000 26.3524561345796435
33.41000 26.3635781478774902
33.43000 26.3746979745690275
33.45000 26.3858156163807251
33.47000 26.3969310750368855
33.49000 26.4080443522578712
33.51000 26.4191554497598560
33.53000 26.4302643692562533
33.55000 26.4413711124571122
33.57000 26.4524756810703110
33.59000 26.4635780768018982
33.61000 26.4746783013575069
33.63000 26.4857763564412600
33.65000 26.4968722437552238
33.67000 26.5079659649979824
33.69000 26.5190575218658324
33.71000 26.5301469160525905
33.73000 26.5412341492498669
33.75000 26.5523192231466858
33.77000 26.5634021394294066
33.79000 26.5744828997818949
33.81000 26.5855615058854333
33.83000 26.5966379594182882
33.85000 26.6077122620543456
33.87000 26.6187844154668269
33.89000 26.6298544213287549
33.91000 26.6409222813110347
33.93000 26.6519879970817684
33.95000 26.6630515703059849
33.97000 26.6741130026475552
33.99000 26.6851722957681865
34.01000 26.6962294513276781
34.03000 26.7072844709834740
34.05000 26.7183373563900055
34.07000 26.7293881091989611
34.09000 26.7404367310595106
34.11000 26.7514832236189015
34.13000 26.7625275885221612
34.15000 26.7735698274141178
34.17000 26.7846099419378376
34.19000 26.7956479337325177
34.21000 26.8066838044343854
34.23000 26.8177175556762073
34.25000 26.8287491890872083
34.27000 26.8397787062936750
34.29000 26.8508061089205192
34.31000 26.8618313985928410
34.33000 26.8728545769331326
34.35000 26.8838756455614174
34.37000 26.8948946060955620
34.39000 26.9059114601505946
34.41000 26.9169262093387651
34.43000 26.9279388552699785
34.45000 26.9389493995522642
34.47000 26.9499578437925749
34.49000 26.9609641895951846
34.51000 26.9719684385627758
34.53000 26.9829705922967591
34.55000 26.9939706523960581
34.57000 27.0049686204576069
34.59000 27.0159644980763822
34.61000 27.0269582868464582
34.63000 27.0379499883613619
34.65000 27.0489396042122578
34.67000 27.0599271359869107
34.69000 27.0709125852697383
34.71000 27.0818959536442669
34.73000 27.0928772426927438
34.75000 27.1038564539947906
34.77000 27.1148335891274996
34.79000 27.1258086496664177
34.81000 27.1367816371844803
34.83000 27.1477525532523316
34.85000 27.1587213994377237
34.87000 27.1696881773057655
34.89000 27.1806528884178888
34.91000 27.1916155343328114
34.93000 27.2025761166065578
34.95000 27.2135346367958384
34.97000 27.2244910964559459
34.99000 27.2354454971415301
35.01000 27.2463978404058622
35.03000 27.2573481278005545
35.05000 27.2682963608754854
35.07000 27.2792425411773927
35.09000 27.2901866702508897
35.11000 27.3011287496389663
35.13000 27.3120687808820612
35.15000 27.3230067655182758
35.17000 27.3339427050841550
35.19000 27.3448766011138673
35.21000 27.3558084551392433
35.23000 27.3667382686907885
35.25000 27.3776660432960384
35.27000 27.3885917804808940
35.29000 27.3995154817690434
35.31000 27.4104371486823482
35.33000 27.4213567827403466
35.35000 27.4322743854601434
35.37000 27.4431899583569923
35.39000 27.4541035029443243
35.41000 27.4650150207337092
35.43000 27.4759245132333092
35.45000 27.4868319819481037
35.47000 27.4977374283821270
35.49000 27.5086408540382159
35.51000 27.5195422604181807
35.53000 27.5304416490220305
35.55000 27.5413390213477385
35.57000 27.5522343788914270
35.59000 27.5631277231471010
35.61000 27.5740190556066871
35.63000 27.5849083777592980
35.65000 27.5957956910922277
35.67000 27.6066809970902831
35.69000 27.6175642972352193
35.71000 27.6284455930075588
35.73000 27.6393248858862179
35.75000 27.6502021773487776
35.77000 27.6610774688708929
35.79000 27.6719507619258849
35.81000 27.6828220579852058
35.83000 27.6936913585183255
35.85000 27.7045586649930478
35.87000 27.7154239788755170
35.89000 27.7262873016306592
35.91000 27.7371486347220255
35.93000 27.7480079796114651
35.95000 27.7588653377586567
35.97000 27.7697207106208843
35.99000 27.7805740996539612
36.01000 27.7914255063137219
36.03000 27.8022749320544200
36.05000 27.8131223783278045
36.07000 27.8239678465829918
36.09000 27.8348113382675031
36.11000 27.8456528548267919
36.13000 27.8564923977052068
36.15000 27.8673299683445244
36.17000 27.8781655681831708
36.19000 27.8889991986568333
36.21000 27.8998308611995647
36.23000 27.9106605572425153
36.25000 27.9214882882153468
36.27000 27.9323140555472307
36.29000 27.9431378606665426
36.31000 27.9539597050005888
36.33000 27.9647795899755032
36.35000 27.9755975170152915
36.37000 27.9864134875409363
36.39000 27.9972275029713416
36.41000 28.0080395647238554
36.43000 28.0188496742139783
36.45000 28.0296578328552286
36.47000 28.0404640420598668
36.49000 28.0512683032371939
36.51000 28.0620706177942303
36.53000 28.0728709871377902
36.55000 28.0836694126726485
36.57000 28.0944658958006706
36.59000 28.1052604379218494
36.61000 28.1160530404340285
36.63000 28.1268437047328135
36.65000 28.1376324322120261
36.67000 28.1484192242642486
36.69000 28.1592040822806808
36.71000 28.1699870076511623
36.73000 28.1807680017642497
36.75000 28.1915470660073346
36.77000 28.2023242017664089
36.79000 28.2130994104257660
36.81000 28.2238726933688504
36.83000 28.2346440519765594
36.85000 28.2454134876273528
36.87000 28.2561810016986854
36.89000 28.2669465955655923
36.91000 28.2777102706019292
36.93000 28.2884720281799851
36.95000 28.2992318696698142
36.97000 28.3099897964398508
36.99000 28.3207458098573248
37.01000 28.3314999112877146
37.03000 28.3422521020936209
37.05000 28.3530023836362233
37.07000 28.3637507572763532
37.09000 28.3744972243732541
37.11000 28.3852417862838386
37.13000 28.3959844443629841
37.15000 28.4067251999631303
37.17000 28.4174640544350865
37.19000 28.4282010091276760
37.21000 28.4389360653878178
37.23000 28.4496692245608536
37.25000 28.4604004879905688
37.27000 28.4711298570184042
37.29000 28.4818573329840063
37.31000 28.4925829172259917
37.33000 28.5033066110816939
37.35000 28.5140284158872106
37.37000 28.5247483329764542
37.39000 28.5354663636817421
37.41000 28.5461825093324570
37.43000 28.5568967712577972
37.45000 28.5676091507852234
37.47000 28.5783196492405374
37.49000 28.5890282679475227
37.51000 28.5997350082288051
37.53000 28.6104398714061361
37.55000 28.6211428588003436
37.57000 28.6318439717299071
37.59000 28.6425432115118355
37.61000 28.6532405794621923
37.63000 28.6639360768946716
37.65000 28.6746297051212835
37.67000 28.6853214654532636
37.69000 28.6960113592008170
37.71000 28.7066993876729448
37.73000 28.7173855521762214
37.75000 28.7280698540142296
37.77000 28.7387522944888261
37.79000 28.7494328749002150
37.81000 28.7601115965468139
37.83000 28.7707884607256936
37.85000 28.7814634687305677
37.87000 28.7921366218534516
37.89000 28.8028079213861545
37.91000 28.8134773686194876
37.93000 28.8241449648425991
37.95000 28.8348107113430920
37.97000 28.8454746094065015
37.99000 28.8561366603166221
38.01000 28.8667968653561502
38.03000 28.8774552258055657
38.05000 28.8881117429435044
38.07000 28.8987664180476251
38.09000 28.9094192523946454
38.11000 28.9200702472601101
38.13000 28.9307194039181788
38.15000 28.9413667236420267
38.17000 28.9520122077031061
38.19000 28.9626558573712281
38.21000 28.9732976739153472
38.23000 28.9839376586037858
38.25000 28.9945758127029620
38.27000 29.0052121374769953
38.29000 29.0158466341882502
38.31000 29.0264793040968954
38.33000 29.0371101484610605
38.35000 29.0477391685369959
38.37000 29.0583663655794631
38.39000 29.0689917408414722
38.41000 29.0796152955749747
38.43000 29.0902370310306999
38.45000 29.1008569484570927
38.47000 29.1114750491013510
38.49000 29.1220913342099053
38.51000 29.1327058050273955
38.53000 29.1433184627959392
38.55000 29.1539293087564850
38.57000 29.1645383441493529
38.59000 29.1751455702134415
38.61000 29.1857509881858803
38.63000 29.1963545993031595
38.65000 29.2069564048008807
38.67000 29.2175564059138857
38.69000 29.2281546038756410
38.71000 29.2387509999170838
38.73000 29.2493455952674992
38.75000 29.2599383911546838
38.77000 29.2705293888044764
38.79000 29.2811185894416219
38.81000 29.2917059942887867
38.83000 29.3022916045655251
38.85000 29.3128754214899452
38.87000 29.3234574462792246
38.89000 29.3340376801496596
38.91000 29.3446161243165200
38.93000 29.3551927799931285
38.95000 29.3657676483909853
38.97000 29.3763407307205178
38.99000 29.3869120281912757
39.01000 29.3974815420117253
39.03000 29.4080492733887020
39.05000 29.4186152235271656
39.07000 29.4291793936315855
39.09000 29.4397417849054150
39.11000 29.4503023985509031
39.13000 29.4608612357691726
39.15000 29.4714182977589978
39.17000 29.4819735857164993
39.19000 29.4925271008361740
39.21000 29.5030788443112790
39.23000 29.5136288173338137
39.25000 29.5241770210937666
39.27000 29.5347234567797692
39.29000 29.5452681255794829
39.31000 29.5558110286789564
39.33000 29.5663521672623517
39.35000 29.5768915425138523
39.37000 29.5874291556170945
39.39000 29.5979650077543361
39.41000 29.6084991001062079
39.43000 29.6190314338513154
39.45000 29.6295620101658663
39.47000 29.6400908302249135
39.49000 29.6506178952028456
39.51000 29.6611432062731382
39.53000 29.6716667646072594
39.55000 29.6821885713742226
39.57000 29.6927086277416414
39.59000 29.7032269348765183
39.61000 29.7137434939441931
39.63000 29.7242583061081866
39.65000 29.7347713725302754
39.67000 29.7452826943710740
39.69000 29.7557922727903197
39.71000 29.7663001089468047
39.73000 29.7768062039986141
39.75000 29.7873105591019289
39.77000 29.7978131754112603
39.79000 29.8083140540794886
39.81000 29.8188131962576577
39.83000 29.8293106030956139
39.85000 29.8398062757417541
39.87000 29.8503002153435659
39.89000 29.8607924230471795
39.91000 29.8712828999973041
39.93000 29.8817716473371284
39.95000 29.8922586662086758
39.97000 29.9027439577524987
39.99000 29.9132275231088052
40.01000 29.9237093634159805
40.03000 29.9341894798113621
40.05000 29.9446678734315768
40.07000 29.9551445454132299
40.09000 29.9656194968920708
40.11000 29.9760927290019872
40.13000 29.9865642428751862
40.15000 29.9970340396429265
40.17000 30.0075021204344630
40.19000 30.0179684863773915
40.21000 30.0284331385986079
40.23000 30.0388960782234413
40.25000 30.0493573063757111
40.27000 30.0598168241785082
40.29000 30.0702746327538719
40.31000 30.0807307332228682
40.33000 30.0911851267057173
40.35000 30.1016378143213572
40.37000 30.1120887971874929
40.39000 30.1225380764205752
40.41000 30.1329856531351190
40.43000 30.1434315284441645
40.45000 30.1538757034592386
40.47000 30.1643181792912074
40.49000 30.1747589570495016
40.51000 30.1851980378413920
40.53000 30.1956354227725186
40.55000 30.2060711129476722
40.57000 30.2165051094712318
40.59000 30.2269374134469082
40.61000 30.2373680259775242
40.63000 30.2477969481638738
40.65000 30.2582241811045520
40.67000 30.2686497258966476
40.69000 30.2790735836356149
40.71000 30.2894957554164215
40.73000 30.2999162423328059
40.75000 30.3103350454764566
40.77000 30.3207521659377868
40.79000 30.3311676048063177
40.81000 30.3415813631704694
40.83000 30.3519934421169708
40.85000 30.3624038427305045
40.87000 30.3728125660951171
40.89000 30.3832196132945143
40.91000 30.3936249854103799
40.93000 30.4040286835226397
40.95000 30.4144307087099186
40.97000 30.4248310620489555
40.99000 30.4352297446145847
41.01000 30.4456267574800279
41.03000 30.4560221017183750
41.05000 30.4664157784029577
41.07000 30.4768077886072390
41.09000 30.4871981334037230
41.11000 30.4975868138631050
41.13000 30.5079738310546951
41.15000 30.5183591860457781
41.17000 30.5287428799035183
41.19000 30.5391249136945184
41.21000 30.5495052884840383
41.23000 30.5598840053355261
41.25000 30.5702610653113034
41.27000 30.5806364694727684
41.29000 30.5910102188801396
41.31000 30.6013823145921897
41.33000 30.6117527576664763
41.35000 30.6221215491592176
41.37000 30.6324886901258857
41.39000 30.6428541816206774
41.41000 30.6532180246964110
41.43000 30.6635802204035528
41.45000 30.6739407697913080
41.47000 30.6842996739082920
41.49000 30.6946569338024986
41.51000 30.7050125505206246
41.53000 30.7153665251072034
41.55000 30.7257188586055179
41.57000 30.7360695520572662
41.59000 30.7464186065018374
41.61000 30.7567660229779847
41.63000 30.7671118025245640
41.65000 30.7774559461801367
41.67000 30.7877984549825960
41.69000 30.7981393299680981
41.71000 30.8084785721713139
41.73000 30.8188161826261009
41.75000 30.8291521623660998
41.77000 30.8394865124241626
41.79000 30.8498192338317700
41.81000 30.8601503276180900
41.83000 30.8704797948111889
41.85000 30.8808076364380177
41.87000 30.8911338535244830
41.89000 30.9014584470958980
41.91000 30.9117814181755861
41.93000 30.9221027677857023
41.95000 30.9324224969471757
41.97000 30.9427406066794504
41.99000 30.9530570980001265
42.01000 30.9633719719255289
42.03000 30.9736852294719149
42.05000 30.9839968716550160
42.07000 30.9943068994896791
42.09000 31.0046153139896248
42.11000 31.0149221161668187
42.13000 31.0252273070326439
42.15000 31.0355308875975524
42.17000 31.0458328588703480
42.19000 31.0561332218583175
42.21000 31.0664319775678130
42.23000 31.0767291270043273
42.25000 31.0870246711724718
42.27000 31.0973186110760373
42.29000 31.1076109477175393
42.31000 31.1179016820979832
42.33000 31.1281908152163211
42.35000 31.1384783480696221
42.37000 31.1487642816546888
42.39000 31.1590486169681995
42.41000 31.1693313550057596
42.43000 31.1796124967620365
42.45000 31.1898920432305076
42.47000 31.2001699954041420
42.49000 31.2104463542749073
42.51000 31.2207211208335202
42.53000 31.2309942960694471
42.55000 31.2412658809716390
42.57000 31.2515358765274733
42.59000 31.2618042837228565
42.61000 31.2720711035415917
42.63000 31.2823363369667362
42.65000 31.2925999849801180
42.67000 31.3028620485627620
42.69000 31.3131225286949793
42.71000 31.3233814263562529
42.73000 31.3336387425252774
42.75000 31.3438944781803208
42.77000 31.3541486342982587
42.79000 31.3644012118545916
42.81000 31.3746522118242552
42.83000 31.3849016351804053
42.85000 31.3951494828955475
42.87000 31.4053957559416226
42.89000 31.4156404552890223
42.91000 31.4258835819068700
42.93000 31.4361251367631205
42.95000 31.4463651208247050
42.97000 31.4566035350579085
42.99000 31.4668403804284793
43.01000 31.4770756579008157
43.03000 31.4873093684378063
43.05000 31.4975415130016501
43.07000 31.5077720925529938
43.09000 31.5180011080509210
43.11000 31.5282285604530017
43.13000 31.5384544507154878
43.15000 31.5486787797939314
43.17000 31.5589015486429432
43.19000 31.5691227582173113
43.21000 31.5793424094710851
43.23000 31.5895605033572160
43.25000 31.5997770408271776
43.27000 31.6099920228311326
43.29000 31.6202054503180570
43.31000 31.6304173242363333
43.33000 31.6406276455332893
43.35000 31.6508364151548136
43.37000 31.6610436340455266
43.39000 31.6712493031491107
43.41000 31.6814534234082075
43.43000 31.6916559957652240
43.45000 31.7018570211619490
43.47000 31.7120565005393402
43.49000 31.7222544348371756
43.51000 31.7324508249933217
43.53000 31.7426456719445227
43.55000 31.7528389766266876
43.57000 31.7630307399754201
43.59000 31.7732209629247890
43.61000 31.7834096464079714
43.63000 31.7935967913573414
43.65000 31.8037823987045982
43.67000 31.8139664693805493
43.69000 31.8241490043151849
43.71000 31.8343300044374118
43.73000 31.8445094706753729
43.75000 31.8546874039556513
43.77000 31.8648638052036262
43.79000 31.8750386753435038
43.81000 31.8852120152982046
43.83000 31.8953838259897999
43.85000 31.9055541083404179
43.87000 31.9157228632709895
43.89000 31.9258900917017705
43.91000 31.9360557945520682
43.93000 31.9462199727394918
43.95000 31.9563826271807656
43.97000 31.9665437587916976
43.99000 31.9767033684869872
44.01000 31.9868614571806802
44.03000 31.9970180257852732
44.05000 32.0071730752127692
44.07000 32.0173266063748301
44.09000 32.0274786201820589
44.11000 32.0376291175440642
44.13000 32.0477780993690118
44.15000 32.0579255665639380
44.17000 32.0680715200356303
44.19000 32.0782159606899171
44.21000 32.0883588894317100
44.23000 32.0985003071648478
44.25000 32.1086402147919827
44.27000 32.1187786132151842
44.29000 32.1289155033352714
44.31000 32.1390508860513862
44.33000 32.1491847622618607
44.35000 32.1593171328644587
44.37000 32.1694479987558921
44.39000 32.1795773608326456
44.41000 32.1897052199903797
44.43000 32.1998315771231560
44.45000 32.2099564331236294
44.47000 32.2200797888838082
44.49000 32.2302016452948408
44.51000 32.2403220032463196
44.53000 32.2504408636270341
44.55000 32.2605582273256246
44.57000 32.2706740952296087
44.59000 32.2807884682251753
44.61000 32.2909013471975399
44.63000 32.3010127330311008
44.65000 32.3111226266090270
44.67000 32.3212310288140543
44.69000 32.3313379405288970
44.71000 32.3414433626355304
44.73000 32.3515472960155108
44.75000 32.3616497415493640
44.77000 32.3717507001161238
44.79000 32.3818501725938006
44.81000 32.3919481598597656
44.83000 32.4020446627905514
44.85000 32.4121396822617100
44.87000 32.4222332191474720
44.89000 32.4323252743206822
44.91000 32.4424158486532974
44.93000 32.4525049430163293
44.95000 32.4625925582796100
44.97000 32.4726786953117781
44.99000 32.4827633549804844
45.01000 32.4928465381525129
45.03000 32.5029282456932762
45.05000 32.5130084784670217
45.07000 32.5230872373374567
45.09000 32.5331645231676418
45.11000 32.5432403368199985
45.13000 32.5533146791568697
45.15000 32.5633875510399236
45.17000 32.5734589533290873
45.19000 32.5835288868837694
45.21000 32.5935973525623339
45.23000 32.6036643512215676
45.25000 32.6137298837174683
45.27000 32.6237939509056005
45.29000 32.6338565536402712
45.31000 32.6439176927743233
45.33000 32.6539773691600033
45.35000 32.6640355836497918
45.37000 32.6740923370956438
45.39000 32.6841476303487681
45.41000 32.6942014642599545
45.43000 32.7042538396789908
45.45000 32.7143047574550181
45.47000 32.7243542184368224
45.49000 32.7344022234721805
45.51000 32.7444487734076830
45.53000 32.7544938690886980
45.55000 32.7645375113597694
45.57000 32.7745797010648516
45.59000 32.7846204390476075
45.61000 32.7946597261504991
45.63000 32.8046975632148659
45.65000 32.8147339510812017
45.67000 32.8247688905894748
45.69000 32.8348023825786584
45.71000 32.8448344278864539
45.73000 32.8548650273493266
45.75000 32.8648941818029741
45.77000 32.8749218920821278
45.79000 32.8849481590206878
45.81000 32.8949729834520568
45.83000 32.9049963662087919
45.85000 32.9150183081225194
45.87000 32.9250388100240912
45.89000 32.9350578727437266
45.91000 32.9450754971105511
45.93000 32.9550916839520838
45.95000 32.9651064340948352
45.97000 32.9751197483649463
45.99000 32.9851316275876698
46.01000 32.9951420725871571
46.03000 33.0051510841871902
46.05000 33.0151586632112028
46.07000 33.0251648104815771
46.09000 33.0351695268198355
46.11000 33.0451728130458875
46.13000 33.0551746699783777
46.15000 33.0651750984357804
46.17000 33.0751740992358094
46.19000 33.0851716731951697
46.21000 33.0951678211296070
46.23000 33.1051625438541564
46.25000 33.1151558421831851
46.27000 33.1251477169305204
46.29000 33.1351381689092861
46.31000 33.1451271989312630
46.33000 33.1551148078077915
46.35000 33.1651009963489187
46.37000 33.1750857653637823
46.39000 33.1850691156606246
46.41000 33.1950510480469205
46.43000 33.2050315633293351
46.45000 33.2150106623140786
46.47000 33.2249883458063096
46.49000 33.2349646146104547
46.51000 33.2449394695302161
46.53000 33.2549129113686490
46.55000 33.2648849409283258
46.57000 33.2748555590110726
46.59000 33.2848247664170671
46.61000 33.2947925639456201
46.63000 33.3047589523955168
46.65000 33.3147239325647391
46.67000 33.3246875052503100
46.69000 33.3346496712485347
46.71000 33.3446104313551785
46.73000 33.3545697863648911
46.75000 33.3645277370714339
46.77000 33.3744842842684548
46.79000 33.3844394287485642
46.81000 33.3943931713037685
46.83000 33.4043455127254347
46.85000 33.4142964538041056
46.87000 33.4242459953299402
46.89000 33.4341941380923373
46.91000 33.4441408828792319
46.93000 33.4540862304777136
46.95000 33.4640301816746373
46.97000 33.4739727372558420
46.99000 33.4839138980061932
47.01000 33.4938536647096328
47.03000 33.5037920381491929
47.05000 33.5137290191073802
47.07000 33.5236646083659053
47.09000 33.5335988067059461
47.11000 33.5435316149078346
47.13000 33.5534630337510507
47.15000 33.5633930640149956
47.17000 33.5733217064786302
47.19000 33.5832489619196011
47.21000 33.5931748311144531
47.23000 33.6030993148396036
47.25000 33.6130224138711213
47.27000 33.6229441289840167
47.29000 33.6328644609517937
47.31000 33.6427834105470964
47.33000 33.6527009785419438
47.35000 33.6626171657078359
47.37000 33.6725319728150509
47.39000 33.6824454006333696
47.41000 33.6923574499317624
47.43000 33.7022681214784470
47.45000 33.7121774160410510
47.47000 33.7220853343868470
47.49000 33.7319918772830505
47.51000 33.7418970454962732
47.53000 33.7518008397919118
47.55000 33.7617032609346737
47.57000 33.7716043096882075
47.59000 33.7815039868151317
47.61000 33.7914022930771480
47.63000 33.8012992292356174
47.65000 33.8111947960512751
47.67000 33.8210889942837412
47.69000 33.8309818246912783
47.71000 33.8408732880310978
47.73000 33.8507633850602048
47.75000 33.8606521165361727
47.77000 33.8705394832164828
47.79000 33.8804254858581402
47.81000 33.8903101252169847
47.83000 33.9001934020479183
47.85000 33.9100753171049263
47.87000 33.9199558711410063
47.89000 33.9298350649077989
47.91000 33.9397128991558787
47.93000 33.9495893746348187
47.95000 33.9594644920933320
47.97000 33.9693382522800889
47.99000 33.9792106559428788
48.01000 33.9890817038290933
48.03000 33.9989513966852357
48.05000 34.0088197352568642
48.07000 34.0186867202886560
48.09000 34.0285523525241516
48.11000 34.0384166327061948
48.13000 34.0482795615770968
48.15000 34.0581411398783942
48.17000 34.0680013683509983
48.19000 34.0778602477355790
48.21000 34.0877177787730119
48.23000 34.0975739622035192
48.25000 34.1074287987665414
48.27000 34.1172822892007801
48.29000 34.1271344342442688
48.31000 34.1369852346344942
48.33000 34.1468346911081113
48.35000 34.1566828044013135
48.37000 34.1665295752490437
48.39000 34.1763750043856120
48.41000 34.1862190925442064
48.43000 34.1960618404569843
48.45000 34.2059032488555346
48.47000 34.2157433184708211
48.49000 34.2255820500329762
48.51000 34.2354194442711588
48.53000 34.2452555019139879
48.55000 34.2550902236896633
48.57000 34.2649236103252335
48.59000 34.2747556625466174
48.61000 34.2845863810788174
48.63000 34.2944157666463099
48.65000 34.3042438199734434
48.67000 34.3140705417838205
48.69000 34.3238959328005464
48.71000 34.3337199937455537
48.73000 34.3435427253401286
48.75000 34.3533641283049533
48.77000 34.3631842033600847
48.79000 34.3730029512248763
48.81000 34.3828203726183403
48.83000 34.3926364682587860
48.85000 34.4024512388636765
48.87000 34.4122646851499567
48.89000 34.4220768078337187
48.91000 34.4318876076305997
48.93000 34.4416970852564575
48.95000 34.4515052414267728
48.97000 34.4613120768565295
48.99000 34.4711175922595672
49.01000 34.4809217883483825
49.03000 34.4907246658346907
49.05000 34.5005262254301144
49.07000 34.5103264678453172
49.09000 34.5201253937903871
49.11000 34.5299230039746377
49.13000 34.5397192991067783
49.15000 34.5495142798947796
49.17000 34.5593079470457809
49.19000 34.5691003012659124
49.21000 34.5788913432607288
49.23000 34.5886810737349393
49.25000 34.5984694933925212
49.27000 34.6082566029369829
49.29000 34.6180424030706604
49.31000 34.6278268944957901
49.33000 34.6376100779142746
49.35000 34.6473919540271353
49.37000 34.6571725235340651
49.39000 34.6669517871341171
49.41000 34.6767297455255061
49.43000 34.6865063994059639
49.45000 34.6962817494724689
49.47000 34.7060557964221275
49.49000 34.7158285409506746
49.51000 34.7255999837528790
49.53000 34.7353701255231542
49.55000 34.7451389669556079
49.57000 34.7549065087437015
49.59000 34.7646727515801857
49.61000 34.7744376961573707
49.63000 34.7842013431669983
49.65000 34.7939636933000145
49.67000 34.8037247472464202
49.69000 34.8134845056961311
49.71000 34.8232429693383452
49.73000 34.8330001388612871
49.75000 34.8427560149526769
49.77000 34.8525105982999932
49.79000 34.8622638895907286
49.81000 34.8720158895115873
49.83000 34.8817665987483068
49.85000 34.8915160179857509
49.87000 34.9012641479080017
49.89000 34.9110109891989993
49.91000 34.9207565425423283
49.93000 34.9305008086209128
49.95000 34.9402437881168808
49.97000 34.9499854817117495
49.99000 34.9597258900862542
50.01000 34.9694650139201357
50.03000 34.9792028538924740
50.05000 34.9889394106815175
50.07000 34.9986746849646906
50.09000 35.0084086774187071
50.11000 35.0181413887200534
50.13000 35.0278728195453013
50.15000 35.0376029705709087
50.17000 35.0473318424728504
50.19000 35.0570594359244367
50.21000 35.0667857516029642
50.23000 35.0765107901666440
50.25000 35.0862345523416863
