0.25000 -0.0000000000000029
0.27000 0.0747273795174984
0.29000 0.1316149378895316
0.31000 0.1747941601902079
0.33000 0.2074257108018827
0.35000 0.2319151142610170
0.37000 0.2501018995925158
0.39000 0.2633956920833200
0.41000 0.2728814182851234
0.43000 0.2793974684185359
0.45000 0.2835945234952069
0.47000 0.2859796749267329
0.49000 0.2869496802245227
0.51000 0.2868161124131914
0.53000 0.2858244699760345
0.55000 0.2841687657922487
0.57000 0.2820027192575590
0.59000 0.2794483833167064
0.61000 0.2766028280104357
0.63000 0.2735433391478030
0.65000 0.2703314850720419
0.67000 0.2670163048541087
0.69000 0.2636368252102180
0.71000 0.2602240491027996
0.73000 0.2568025365817231
0.75000 0.2533916626841782
0.77000 0.2500066266745022
0.79000 0.2466592562649106
0.81000 0.2433586585650621
0.83000 0.2401117423782624
0.85000 0.2369236417888619
0.87000 0.2337980572558001
0.89000 0.2307375345216641
0.91000 0.2277436898336610
0.93000 0.2248173932162619
0.95000 0.2219589182658534
0.97000 0.2191680651411490
0.99000 0.2164442590059087
1.01000 0.2137866310752844
1.03000 0.2111940859194224
1.05000 0.2086653546996987
1.07000 0.2061990399869085
1.09000 0.2037936513657574
1.11000 0.2014476337917611
1.13000 0.1991593923814365
1.15000 0.1969273108556981
1.17000 0.1947497668208764
1.19000 0.1926251442545890
1.21000 0.1905518430674821
1.23000 0.1885282865714512
1.25000 0.1865529275840980
1.27000 0.1846242529536186
1.29000 0.1827407867922232
1.31000 0.1809010928333666
1.33000 0.1791037760916517
1.35000 0.1773474839829128
1.37000 0.1756309067472032
1.39000 0.1739527774945865
1.41000 0.1723118719814423
1.43000 0.1707070080968199
1.45000 0.1691370451850003
1.47000 0.1676008832564105
1.49000 0.1660974618450128
1.51000 0.1646257593603063
1.53000 0.1631847909119445
1.55000 0.1617736091530396
1.57000 0.1603912998253853
1.59000 0.1590369848531089
1.61000 0.1577098168567013
1.63000 0.1564089806733254
1.65000 0.1551336918675342
1.67000 0.1538831942605668
1.69000 0.1526567598572647
1.71000 0.1514536880201616
1.73000 0.1502733035431864
1.75000 0.1491149558104740
1.77000 0.1479780181618998
1.79000 0.1468618869009686
1.81000 0.1457659800131252
1.83000 0.1446897363623426
1.85000 0.1436326149508331
1.87000 0.1425940941812083
1.89000 0.1415736709292312
1.91000 0.1405708597215014
1.93000 0.1395851920567494
1.95000 0.1386162157415304
1.97000 0.1376634942609252
1.99000 0.1367266061140248
2.01000 0.1358051441561763
2.03000 0.1348987150234969
2.05000 0.1340069385890467
2.07000 0.1331294474391105
2.09000 0.1322658863699593
2.11000 0.1314159119049550
2.13000 0.1305791918065983
2.15000 0.1297554046286991
2.17000 0.1289442392959680
2.19000 0.1281453947009560
2.21000 0.1273585793194463
2.23000 0.1265835108355862
2.25000 0.1258199157940238
2.27000 0.1250675292544173
2.29000 0.1243260944688385
2.31000 0.1235953625615317
2.33000 0.1228750922352195
2.35000 0.1221650494982834
2.37000 0.1214650073767095
2.39000 0.1207747456684194
2.41000 0.1200940506872899
2.43000 0.1194227150245011
2.45000 0.1187605373278818
2.47000 0.1181073220711723
2.49000 0.1174628793508226
2.51000 0.1168270246862684
2.53000 0.1161995788249286
2.55000 0.1155803675557280
2.57000 0.1149692215410809
2.59000 0.1143659761399487
2.61000 0.1137704712447879
2.63000 0.1131825511340302
2.65000 0.1126020643140137
2.67000 0.1120288633779027
2.69000 0.1114628048687113
2.71000 0.1109037491485011
2.73000 0.1103515602690239
2.75000 0.1098061058436633
2.77000 0.1092672569474436
2.79000 0.1087348879792538
2.81000 0.1082088765902942
2.83000 0.1076891035168517
2.85000 0.1071754525798239
2.87000 0.1066678104599106
2.89000 0.1061660667408746
2.91000 0.1056701137040765
2.93000 0.1051798463092654
2.95000 0.1046951621123071
2.97000 0.1042159611361547
2.99000 0.1037421458451290
3.01000 0.1032736210575376
3.03000 0.1028102938514053
3.05000 0.1023520735235810
3.07000 0.1018988715205343
3.09000 0.1014506013552562
3.11000 0.1010071785599044
3.13000 0.1005685206355481
3.15000 0.1001345469786737
3.17000 0.0997051788267349
3.19000 0.0992803392142301
3.21000 0.0988599529219890
3.23000 0.0984439464182796
3.25000 0.0980322478129252
3.27000 0.0976247868162655
3.29000 0.0972214946941640
3.31000 0.0968223042199054
3.33000 0.0964271496334090
3.35000 0.0960359666031987
3.37000 0.0956486921889226
3.39000 0.0952652647999769
3.41000 0.0948856241590545
3.43000 0.0945097112677209
3.45000 0.0941374683737832
3.47000 0.0937688389379887
3.49000 0.0934037676003046
3.51000 0.0930422001486023
3.53000 0.0926840834894749
3.55000 0.0923293656204953
3.57000 0.0919779956015832
3.59000 0.0916299235268352
3.61000 0.0912851004979554
3.63000 0.0909434785985017
3.65000 0.0906050108702754
3.67000 0.0902696512891027
3.69000 0.0899373547409622
3.71000 0.0896080769995523
3.73000 0.0892817747039253
3.75000 0.0889584053371426
3.77000 0.0886379272063068
3.79000 0.0883202994223916
3.81000 0.0880054818807729
3.83000 0.0876934352417678
3.85000 0.0873841209128727
3.87000 0.0870775010304572
3.89000 0.0867735384425819
3.91000 0.0864721966926958
3.93000 0.0861734400029950
3.95000 0.0858772332584919
3.97000 0.0855835419914113
3.99000 0.0852923323667193
4.01000 0.0850035711668460
4.03000 0.0847172257782196
4.05000 0.0844332641766077
4.07000 0.0841516549155783
4.09000 0.0838723671104133
4.11000 0.0835953704296986
4.13000 0.0833206350769469
4.15000 0.0830481317866153
4.17000 0.0827778318032645
4.19000 0.0825097068787966
4.21000 0.0822437292552717
4.23000 0.0819798716564103
4.25000 0.0817181072790447
4.27000 0.0814584097782073
4.29000 0.0812007532614400
4.31000 0.0809451122779668
4.33000 0.0806914618070600
4.35000 0.0804397772520806
4.37000 0.0801900344300852
4.39000 0.0799422095617035
4.41000 0.0796962792651909
4.43000 0.0794522205471292
4.45000 0.0792100107929499
4.47000 0.0789696277606717
4.49000 0.0787310495735570
4.51000 0.0784942547108866
4.53000 0.0782592220014024
4.55000 0.0780259306171344
4.57000 0.0777943600654225
4.59000 0.0775644901818178
4.61000 0.0773363011242008
4.63000 0.0771097733666293
4.65000 0.0768848876920470
4.67000 0.0766616251862603
4.69000 0.0764399672325112
4.71000 0.0762198955056998
4.73000 0.0760013919658947
4.75000 0.0757844388528721
4.77000 0.0755690186811250
4.79000 0.0753551142346379
4.81000 0.0751427085610395
4.83000 0.0749317849666016
4.85000 0.0747223270115815
4.87000 0.0745143185055116
4.89000 0.0743077435020746
4.91000 0.0741025862944005
4.93000 0.0738988314106669
4.95000 0.0736964636098680
4.97000 0.0734954678774534
4.99000 0.0732958294207892
5.01000 0.0730975336650986
5.03000 0.0729005662495232
5.05000 0.0727049130232911
5.07000 0.0725105600417730
5.09000 0.0723174935624874
5.11000 0.0721257000414719
5.13000 0.0719351661297521
5.15000 0.0717458786698859
5.17000 0.0715578246924692
5.19000 0.0713709914125753
5.21000 0.0711853662264550
5.23000 0.0710009367084082
5.25000 0.0708176906076246
5.27000 0.0706356158451117
5.29000 0.0704547005105201
5.31000 0.0702749328591662
5.33000 0.0700963013092052
5.35000 0.0699187944386388
5.37000 0.0697424009828810
5.39000 0.0695671098315341
5.41000 0.0693929100263047
5.43000 0.0692197907575080
5.45000 0.0690477413625526
5.47000 0.0688767513224158
5.49000 0.0687068102600882
5.51000 0.0685379079376131
5.53000 0.0683700342537085
5.55000 0.0682031792418964
5.57000 0.0680373330676025
5.59000 0.0678724860264339
5.61000 0.0677086285419504
5.63000 0.0675457511632143
5.65000 0.0673838445631172
5.67000 0.0672228995360918
5.69000 0.0670629069959222
5.71000 0.0669038579742459
5.73000 0.0667457436183073
5.75000 0.0665885551890130
5.77000 0.0664322840594005
5.79000 0.0662769217125871
5.81000 0.0661224597398801
5.83000 0.0659688898392686
5.85000 0.0658162038136962
5.87000 0.0656643935691408
5.89000 0.0655134511131683
5.91000 0.0653633685534527
5.93000 0.0652141380958787
5.95000 0.0650657520430739
5.97000 0.0649182027930395
5.99000 0.0647714828375569
6.01000 0.0646255847606298
6.03000 0.0644805012371294
6.05000 0.0643362250315139
6.07000 0.0641927489962628
6.09000 0.0640500660704761
6.11000 0.0639081692786878
6.13000 0.0637670517295633
6.15000 0.0636267066144774
6.17000 0.0634871272062810
6.19000 0.0633483068581514
6.21000 0.0632102390023944
6.23000 0.0630729171491400
6.25000 0.0629363348851667
6.27000 0.0628004858728279
6.29000 0.0626653638489587
6.31000 0.0625309626236492
6.33000 0.0623972760791750
6.35000 0.0622642981689702
6.37000 0.0621320229166328
6.39000 0.0620004444148080
6.41000 0.0618695568241573
6.43000 0.0617393543723937
6.45000 0.0616098313533399
6.47000 0.0614809821259641
6.49000 0.0613528011133684
6.51000 0.0612252828018821
6.53000 0.0610984217401746
6.55000 0.0609722125384117
6.57000 0.0608466498673054
6.59000 0.0607217284572478
6.61000 0.0605974430974581
6.63000 0.0604737886351910
6.65000 0.0603507599749056
6.67000 0.0602283520774664
6.69000 0.0601065599592690
6.71000 0.0599853786915687
6.73000 0.0598648033996125
6.75000 0.0597448292620447
6.77000 0.0596254515099975
6.79000 0.0595066654264490
6.81000 0.0593884663454793
6.83000 0.0592708496515498
6.85000 0.0591538107789132
6.87000 0.0590373452108134
6.89000 0.0589214484788575
6.91000 0.0588061161623833
6.93000 0.0586913438877354
6.95000 0.0585771273277441
6.97000 0.0584634622010464
6.99000 0.0583503442714226
7.01000 0.0582377693472610
7.03000 0.0581257332809160
7.05000 0.0580142319681122
7.07000 0.0579032613474487
7.09000 0.0577928173997647
7.11000 0.0576828961475576
7.13000 0.0575734936545076
7.15000 0.0574646060248729
7.17000 0.0573562294029670
7.19000 0.0572483599726891
7.21000 0.0571409939569843
7.23000 0.0570341276172802
7.25000 0.0569277572530439
7.27000 0.0568218792012939
7.29000 0.0567164898360684
7.31000 0.0566115855679947
7.33000 0.0565071628438367
7.35000 0.0564032181459848
7.37000 0.0562997479919956
7.39000 0.0561967489341920
7.41000 0.0560942175592083
7.43000 0.0559921504875277
7.45000 0.0558905443730839
7.47000 0.0557893959028588
7.49000 0.0556887017964342
7.51000 0.0555884588055712
7.53000 0.0554886637138314
7.55000 0.0553893133362105
7.57000 0.0552904045187012
7.59000 0.0551919341379265
7.61000 0.0550938991007739
7.63000 0.0549962963440193
7.65000 0.0548991228339421
7.67000 0.0548023755659630
7.69000 0.0547060515643135
7.71000 0.0546101478816911
7.73000 0.0545146615988841
7.75000 0.0544195898244364
7.77000 0.0543249296943247
7.79000 0.0542306783716361
7.81000 0.0541368330462174
7.83000 0.0540433909343559
7.85000 0.0539503492784780
7.87000 0.0538577053468526
7.89000 0.0537654564332634
7.91000 0.0536735998566941
7.93000 0.0535821329610446
7.95000 0.0534910531148410
7.97000 0.0534003577109533
7.99000 0.0533100441662791
8.01000 0.0532201099214884
8.03000 0.0531305524407322
8.05000 0.0530413692114011
8.07000 0.0529525577438158
8.09000 0.0528641155709686
8.11000 0.0527760402482690
8.13000 0.0526883293532810
8.15000 0.0526009804854906
8.17000 0.0525139912660204
8.19000 0.0524273593373963
8.21000 0.0523410823633083
8.23000 0.0522551580283608
8.25000 0.0521695840378549
8.27000 0.0520843581175234
8.29000 0.0519994780133082
8.31000 0.0519149414911462
8.33000 0.0518307463367364
8.35000 0.0517468903553198
8.37000 0.0516633713714655
8.39000 0.0515801872288405
8.41000 0.0514973357899959
8.43000 0.0514148149361806
8.45000 0.0513326225671208
8.47000 0.0512507566008021
8.49000 0.0511692149732870
8.51000 0.0510879956385031
8.53000 0.0510070965680469
8.55000 0.0509265157510156
8.57000 0.0508462511937896
8.59000 0.0507663009198426
8.61000 0.0506866629695648
8.63000 0.0506073354000796
8.65000 0.0505283162850561
8.67000 0.0504496037145426
8.69000 0.0503711957947807
8.71000 0.0502930906480292
8.73000 0.0502152864123874
8.75000 0.0501377812416483
8.77000 0.0500605733051120
8.79000 0.0499836607874207
8.81000 0.0499070418884074
8.83000 0.0498307148229184
8.85000 0.0497546778206649
8.87000 0.0496789291260579
8.89000 0.0496034669980693
8.91000 0.0495282897100703
8.93000 0.0494533955496730
8.95000 0.0493787828185851
8.97000 0.0493044498324714
8.99000 0.0492303949207986
9.01000 0.0491566164266922
9.03000 0.0490831127068025
9.05000 0.0490098821311622
9.07000 0.0489369230830417
9.09000 0.0488642339588096
9.11000 0.0487918131678121
9.13000 0.0487196591322357
9.15000 0.0486477702869719
9.17000 0.0485761450794865
9.19000 0.0485047819696961
9.21000 0.0484336794298369
9.23000 0.0483628359443406
9.25000 0.0482922500097092
9.27000 0.0482219201344007
9.29000 0.0481518448387065
9.31000 0.0480820226546277
9.33000 0.0480124521257531
9.35000 0.0479431318071536
9.37000 0.0478740602652611
9.39000 0.0478052360777632
9.41000 0.0477366578334821
9.43000 0.0476683241322651
9.45000 0.0476002335848811
9.47000 0.0475323848129107
9.49000 0.0474647764486289
9.51000 0.0473974071349142
9.53000 0.0473302755251350
9.55000 0.0472633802830562
9.57000 0.0471967200827342
9.59000 0.0471302936084051
9.61000 0.0470640995543986
9.63000 0.0469981366250340
9.65000 0.0469324035345299
9.67000 0.0468668990068986
9.69000 0.0468016217758548
9.71000 0.0467365705847241
9.73000 0.0466717441863549
9.75000 0.0466071413430215
9.77000 0.0465427608263261
9.79000 0.0464786014171206
9.81000 0.0464146619054161
9.83000 0.0463509410902923
9.85000 0.0462874377798219
9.87000 0.0462241507909704
9.89000 0.0461610789495165
9.91000 0.0460982210899744
9.93000 0.0460355760555110
9.95000 0.0459731426978525
9.97000 0.0459109198772190
9.99000 0.0458489064622361
10.01000 0.0457871013298570
10.03000 0.0457255033652899
10.05000 0.0456641114619232
10.07000 0.0456029245212327
10.09000 0.0455419414527222
10.11000 0.0454811611738428
10.13000 0.0454205826099246
10.15000 0.0453602046940984
10.17000 0.0453000263672285
10.19000 0.0452400465778386
10.21000 0.0451802642820391
10.23000 0.0451206784434606
10.25000 0.0450612880331917
10.27000 0.0450020920296997
10.29000 0.0449430894187653
10.31000 0.0448842791934238
10.33000 0.0448256603538921
10.35000 0.0447672319075046
10.37000 0.0447089928686579
10.39000 0.0446509422587358
10.41000 0.0445930791060488
10.43000 0.0445354024457736
10.45000 0.0444779113198901
10.47000 0.0444206047771259
10.49000 0.0443634818728913
10.51000 0.0443065416692181
10.53000 0.0442497832347029
10.55000 0.0441932056444533
10.57000 0.0441368079800208
10.59000 0.0440805893293506
10.61000 0.0440245487867254
10.63000 0.0439686854527068
10.65000 0.0439129984340791
10.67000 0.0438574868437947
10.69000 0.0438021498009227
10.71000 0.0437469864306027
10.73000 0.0436919958639730
10.75000 0.0436371772381350
10.77000 0.0435825296960915
10.79000 0.0435280523867020
10.81000 0.0434737444646271
10.83000 0.0434196050902804
10.85000 0.0433656334297794
10.87000 0.0433118286548987
10.89000 0.0432581899430131
10.91000 0.0432047164770581
10.93000 0.0431514074454770
10.95000 0.0430982620421761
10.97000 0.0430452794664795
10.99000 0.0429924589230821
11.01000 0.0429397996219981
11.03000 0.0428873007785230
11.05000 0.0428349616131856
11.07000 0.0427827813517069
11.09000 0.0427307592249492
11.11000 0.0426788944688831
11.13000 0.0426271863245349
11.15000 0.0425756340379507
11.17000 0.0425242368601526
11.19000 0.0424729940470882
11.21000 0.0424219048596036
11.23000 0.0423709685633951
11.25000 0.0423201844289724
11.27000 0.0422695517316115
11.29000 0.0422190697513237
11.31000 0.0421687377728080
11.33000 0.0421185550854210
11.35000 0.0420685209831326
11.37000 0.0420186347644896
11.39000 0.0419688957325782
11.41000 0.0419193031949851
11.43000 0.0418698564637654
11.45000 0.0418205548553998
11.47000 0.0417713976907634
11.49000 0.0417223842950826
11.51000 0.0416735139979103
11.53000 0.0416247861330871
11.55000 0.0415762000386989
11.57000 0.0415277550570521
11.59000 0.0414794505346355
11.61000 0.0414312858220834
11.63000 0.0413832602741499
11.65000 0.0413353732496712
11.67000 0.0412876241115277
11.69000 0.0412400122266248
11.71000 0.0411925369658468
11.73000 0.0411451977040340
11.75000 0.0410979938199488
11.77000 0.0410509246962431
11.79000 0.0410039897194251
11.81000 0.0409571882798359
11.83000 0.0409105197716161
11.85000 0.0408639835926736
11.87000 0.0408175791446511
11.89000 0.0407713058329065
11.91000 0.0407251630664751
11.93000 0.0406791502580410
11.95000 0.0406332668239143
11.97000 0.0405875121839994
11.99000 0.0405418857617652
12.01000 0.0404963869842192
12.03000 0.0404510152818797
12.05000 0.0404057700887496
12.07000 0.0403606508422877
12.09000 0.0403156569833813
12.11000 0.0402707879563220
12.13000 0.0402260432087755
12.15000 0.0401814221917627
12.17000 0.0401369243596238
12.19000 0.0400925491700064
12.21000 0.0400482960838239
12.23000 0.0400041645652457
12.25000 0.0399601540816583
12.27000 0.0399162641036511
12.29000 0.0398724941049903
12.31000 0.0398288435625900
12.33000 0.0397853119564945
12.35000 0.0397418987698482
12.37000 0.0396986034888776
12.39000 0.0396554256028641
12.41000 0.0396123646041215
12.43000 0.0395694199879775
12.45000 0.0395265912527443
12.47000 0.0394838778997027
12.49000 0.0394412794330712
12.51000 0.0393987953599956
12.53000 0.0393564251905160
12.55000 0.0393141684375555
12.57000 0.0392720246168888
12.59000 0.0392299932471260
12.61000 0.0391880738496929
12.63000 0.0391462659488070
12.65000 0.0391045690714572
12.67000 0.0390629827473860
12.69000 0.0390215065090655
12.71000 0.0389801398916817
12.73000 0.0389388824331076
12.75000 0.0388977336738934
12.77000 0.0388566931572352
12.79000 0.0388157604289657
12.81000 0.0387749350375287
12.83000 0.0387342165339644
12.85000 0.0386936044718871
12.87000 0.0386530984074660
12.89000 0.0386126978994086
12.91000 0.0385724025089450
12.93000 0.0385322117998034
12.95000 0.0384921253381961
12.97000 0.0384521426928004
12.99000 0.0384122634347397
13.01000 0.0383724871375701
13.03000 0.0383328133772570
13.05000 0.0382932417321604
13.07000 0.0382537717830242
13.09000 0.0382144031129423
13.11000 0.0381751353073645
13.13000 0.0381359679540587
13.15000 0.0380969006431064
13.17000 0.0380579329668866
13.19000 0.0380190645200475
13.21000 0.0379802948995073
13.23000 0.0379416237044268
13.25000 0.0379030505361944
13.27000 0.0378645749984171
13.29000 0.0378261966968967
13.31000 0.0377879152396178
13.33000 0.0377497302367338
13.35000 0.0377116413005513
13.37000 0.0376736480455139
13.39000 0.0376357500881849
13.41000 0.0375979470472385
13.43000 0.0375602385434383
13.45000 0.0375226241996282
13.47000 0.0374851036407153
13.49000 0.0374476764936563
13.51000 0.0374103423874418
13.53000 0.0373731009530878
13.55000 0.0373359518236096
13.57000 0.0372988946340233
13.59000 0.0372619290213222
13.61000 0.0372250546244600
13.63000 0.0371882710843515
13.65000 0.0371515780438444
13.67000 0.0371149751477129
13.69000 0.0370784620426461
13.71000 0.0370420383772305
13.73000 0.0370057038019393
13.75000 0.0369694579691174
13.77000 0.0369333005329755
13.79000 0.0368972311495674
13.81000 0.0368612494767846
13.83000 0.0368253551743436
13.85000 0.0367895479037655
13.87000 0.0367538273283773
13.89000 0.0367181931132890
13.91000 0.0366826449253838
13.93000 0.0366471824333099
13.95000 0.0366118053074645
13.97000 0.0365765132199827
13.99000 0.0365413058447322
14.01000 0.0365061828572897
14.03000 0.0364711439349401
14.05000 0.0364361887566601
14.07000 0.0364013170031074
14.09000 0.0363665283566098
14.11000 0.0363318225011552
14.13000 0.0362971991223816
14.15000 0.0362626579075594
14.17000 0.0362281985455926
14.19000 0.0361938207269935
14.21000 0.0361595241438847
14.23000 0.0361253084899804
14.25000 0.0360911734605830
14.27000 0.0360571187525633
14.29000 0.0360231440643581
14.31000 0.0359892490959569
14.33000 0.0359554335488927
14.35000 0.0359216971262324
14.37000 0.0358880395325620
14.39000 0.0358544604739849
14.41000 0.0358209596581038
14.43000 0.0357875367940165
14.45000 0.0357541915923073
14.47000 0.0357209237650287
14.49000 0.0356877330257013
14.51000 0.0356546190893016
14.53000 0.0356215816722505
14.55000 0.0355886204924038
14.57000 0.0355557352690458
14.59000 0.0355229257228801
14.61000 0.0354901915760152
14.63000 0.0354575325519661
14.65000 0.0354249483756291
14.67000 0.0353924387732933
14.69000 0.0353600034726134
14.71000 0.0353276422026116
14.73000 0.0352953546936634
14.75000 0.0352631406774939
14.77000 0.0352309998871682
14.79000 0.0351989320570764
14.81000 0.0351669369229345
14.83000 0.0351350142217696
14.85000 0.0351031636919148
14.87000 0.0350713850730013
14.89000 0.0350396781059448
14.91000 0.0350080425329485
14.93000 0.0349764780974806
14.95000 0.0349449845442795
14.97000 0.0349135616193354
14.99000 0.0348822090698921
15.01000 0.0348509266444305
15.03000 0.0348197140926668
15.05000 0.0347885711655426
15.07000 0.0347574976152177
15.09000 0.0347264931950595
15.11000 0.0346955576596423
15.13000 0.0346646907647315
15.15000 0.0346338922672857
15.17000 0.0346031619254406
15.19000 0.0345724994985036
15.21000 0.0345419047469534
15.23000 0.0345113774324237
15.25000 0.0344809173177023
15.27000 0.0344505241667193
15.29000 0.0344201977445449
15.31000 0.0343899378173796
15.33000 0.0343597441525467
15.35000 0.0343296165184877
15.37000 0.0342995546847531
15.39000 0.0342695584219990
15.41000 0.0342396275019766
15.43000 0.0342097616975254
15.45000 0.0341799607825713
15.47000 0.0341502245321169
15.49000 0.0341205527222354
15.51000 0.0340909451300606
15.53000 0.0340614015337891
15.55000 0.0340319217126637
15.57000 0.0340025054469735
15.59000 0.0339731525180483
15.61000 0.0339438627082474
15.63000 0.0339146358009573
15.65000 0.0338854715805849
15.67000 0.0338563698325511
15.69000 0.0338273303432836
15.71000 0.0337983529002111
15.73000 0.0337694372917599
15.75000 0.0337405833073467
15.77000 0.0337117907373691
15.79000 0.0336830593732063
15.81000 0.0336543890072078
15.83000 0.0336257794326910
15.85000 0.0335972304439320
15.87000 0.0335687418361658
15.89000 0.0335403134055721
15.91000 0.0335119449492785
15.93000 0.0334836362653508
15.95000 0.0334553871527857
15.97000 0.0334271974115087
15.99000 0.0333990668423653
16.01000 0.0333709952471213
16.03000 0.0333429824284514
16.05000 0.0333150281899357
16.07000 0.0332871323360569
16.09000 0.0332592946721912
16.11000 0.0332315150046049
16.13000 0.0332037931404534
16.15000 0.0331761288877642
16.17000 0.0331485220554491
16.19000 0.0331209724532813
16.21000 0.0330934798919031
16.23000 0.0330660441828153
16.25000 0.0330386651383743
16.27000 0.0330113425717856
16.29000 0.0329840762970981
16.31000 0.0329568661292030
16.33000 0.0329297118838282
16.35000 0.0329026133775276
16.37000 0.0328755704276841
16.39000 0.0328485828525009
16.41000 0.0328216504709963
16.43000 0.0327947731030014
16.45000 0.0327679505691560
16.47000 0.0327411826908983
16.49000 0.0327144692904658
16.51000 0.0326878101908940
16.53000 0.0326612052159984
16.55000 0.0326346541903875
16.57000 0.0326081569394446
16.59000 0.0325817132893309
16.61000 0.0325553230669753
16.63000 0.0325289861000789
16.65000 0.0325027022171003
16.67000 0.0324764712472601
16.69000 0.0324502930205299
16.71000 0.0324241673676332
16.73000 0.0323980941200380
16.75000 0.0323720731099514
16.77000 0.0323461041703234
16.79000 0.0323201871348325
16.81000 0.0322943218378869
16.83000 0.0322685081146210
16.85000 0.0322427458008899
16.87000 0.0322170347332638
16.89000 0.0321913747490269
16.91000 0.0321657656861741
16.93000 0.0321402073834045
16.95000 0.0321146996801166
16.97000 0.0320892424164060
16.99000 0.0320638354330640
17.01000 0.0320384785715728
17.03000 0.0320131716740946
17.05000 0.0319879145834793
17.07000 0.0319627071432549
17.09000 0.0319375491976187
17.11000 0.0319124405914430
17.13000 0.0318873811702684
17.15000 0.0318623707802968
17.17000 0.0318374092683901
17.19000 0.0318124964820667
17.21000 0.0317876322694998
17.23000 0.0317628164795092
17.25000 0.0317380489615609
17.27000 0.0317133295657644
17.29000 0.0316886581428667
17.31000 0.0316640345442513
17.33000 0.0316394586219316
17.35000 0.0316149302285500
17.37000 0.0315904492173785
17.39000 0.0315660154423010
17.41000 0.0315416287578292
17.43000 0.0315172890190857
17.45000 0.0314929960818050
17.47000 0.0314687498023296
17.49000 0.0314445500376068
17.51000 0.0314203966451883
17.53000 0.0313962894832221
17.55000 0.0313722284104530
17.57000 0.0313482132862176
17.59000 0.0313242439704406
17.61000 0.0313003203236335
17.63000 0.0312764422068937
17.65000 0.0312526094818926
17.67000 0.0312288220108848
17.69000 0.0312050796566899
17.71000 0.0311813822827101
17.73000 0.0311577297529032
17.75000 0.0311341219318001
17.77000 0.0311105586844895
17.79000 0.0310870398766191
17.81000 0.0310635653743912
17.83000 0.0310401350445676
17.85000 0.0310167487544494
17.87000 0.0309934063718940
17.89000 0.0309701077652982
17.91000 0.0309468528036012
17.93000 0.0309236413562803
17.95000 0.0309004732933514
17.97000 0.0308773484853590
17.99000 0.0308542668033772
18.01000 0.0308312281190146
18.03000 0.0308082323043978
18.05000 0.0307852792321784
18.07000 0.0307623687755227
18.09000 0.0307395008081204
18.11000 0.0307166752041694
18.13000 0.0306938918383828
18.15000 0.0306711505859782
18.17000 0.0306484513226825
18.19000 0.0306257939247250
18.21000 0.0306031782688339
18.23000 0.0305806042322387
18.25000 0.0305580716926618
18.27000 0.0305355805283208
18.29000 0.0305131306179207
18.31000 0.0304907218406591
18.33000 0.0304683540762146
18.35000 0.0304460272047511
18.37000 0.0304237411069136
18.39000 0.0304014956638259
18.41000 0.0303792907570813
18.43000 0.0303571262687538
18.45000 0.0303350020813867
18.47000 0.0303129180779892
18.49000 0.0302908741420370
18.51000 0.0302688701574736
18.53000 0.0302469060086975
18.55000 0.0302249815805724
18.57000 0.0302030967584147
18.59000 0.0301812514279962
18.61000 0.0301594454755423
18.63000 0.0301376787877261
18.65000 0.0301159512516699
18.67000 0.0300942627549431
18.69000 0.0300726131855519
18.71000 0.0300510024319499
18.73000 0.0300294303830278
18.75000 0.0300078969281109
18.77000 0.0299864019569601
18.79000 0.0299649453597708
18.81000 0.0299435270271626
18.83000 0.0299221468501887
18.85000 0.0299008047203262
18.87000 0.0298795005294741
18.89000 0.0298582341699553
18.91000 0.0298370055345113
18.93000 0.0298158145163008
18.95000 0.0297946610088989
18.97000 0.0297735449062916
18.99000 0.0297524661028778
19.01000 0.0297314244934672
19.03000 0.0297104199732734
19.05000 0.0296894524379154
19.07000 0.0296685217834184
19.09000 0.0296476279062070
19.11000 0.0296267707031063
19.13000 0.0296059500713348
19.15000 0.0295851659085107
19.17000 0.0295644181126441
19.19000 0.0295437065821357
19.21000 0.0295230312157767
19.23000 0.0295023919127475
19.25000 0.0294817885726106
19.27000 0.0294612210953155
19.29000 0.0294406893811935
19.31000 0.0294201933309543
19.33000 0.0293997328456862
19.35000 0.0293793078268574
19.37000 0.0293589181763070
19.39000 0.0293385637962466
19.41000 0.0293182445892632
19.43000 0.0292979604583086
19.45000 0.0292777113067059
19.47000 0.0292574970381414
19.49000 0.0292373175566642
19.51000 0.0292171727666908
19.53000 0.0291970625729932
19.55000 0.0291769868807035
19.57000 0.0291569455953116
19.59000 0.0291369386226641
19.61000 0.0291169658689563
19.63000 0.0290970272407434
19.65000 0.0290771226449222
19.67000 0.0290572519887456
19.69000 0.0290374151798068
19.71000 0.0290176121260506
19.73000 0.0289978427357621
19.75000 0.0289781069175669
19.77000 0.0289584045804348
19.79000 0.0289387356336718
19.81000 0.0289190999869239
19.83000 0.0288994975501672
19.85000 0.0288799282337194
19.87000 0.0288603919482242
19.89000 0.0288408886046594
19.91000 0.0288214181143296
19.93000 0.0288019803888723
19.95000 0.0287825753402473
19.97000 0.0287632028807385
19.99000 0.0287438629229554
20.01000 0.0287245553798256
20.03000 0.0287052801646046
20.05000 0.0286860371908557
20.07000 0.0286668263724680
20.09000 0.0286476476236432
20.11000 0.0286285008588975
20.13000 0.0286093859930589
20.15000 0.0285903029412694
20.17000 0.0285712516189754
20.19000 0.0285522319419397
20.21000 0.0285332438262260
20.23000 0.0285142871882055
20.25000 0.0284953619445556
20.27000 0.0284764680122504
20.29000 0.0284576053085732
20.31000 0.0284387737511006
20.33000 0.0284199732577139
20.35000 0.0284012037465851
20.37000 0.0283824651361874
20.39000 0.0283637573452873
20.41000 0.0283450802929411
20.43000 0.0283264338985021
20.45000 0.0283078180816098
20.47000 0.0282892327621942
20.49000 0.0282706778604743
20.51000 0.0282521532969553
20.53000 0.0282336589924254
20.55000 0.0282151948679595
20.57000 0.0281967608449137
20.59000 0.0281783568449240
20.61000 0.0281599827899111
20.63000 0.0281416386020695
20.65000 0.0281233242038723
20.67000 0.0281050395180719
20.69000 0.0280867844676917
20.71000 0.0280685589760314
20.73000 0.0280503629666614
20.75000 0.0280321963634275
20.77000 0.0280140590904381
20.79000 0.0279959510720761
20.81000 0.0279778722329931
20.83000 0.0279598224981034
20.85000 0.0279418017925854
20.87000 0.0279238100418869
20.89000 0.0279058471717145
20.91000 0.0278879131080396
20.93000 0.0278700077770898
20.95000 0.0278521311053544
20.97000 0.0278342830195822
20.99000 0.0278164634467771
21.01000 0.0277986723141995
21.03000 0.0277809095493650
21.05000 0.0277631750800408
21.07000 0.0277454688342485
21.09000 0.0277277907402626
21.11000 0.0277101407266042
21.13000 0.0276925187220450
21.15000 0.0276749246556065
21.17000 0.0276573584565546
21.19000 0.0276398200544003
21.21000 0.0276223093789039
21.23000 0.0276048263600658
21.25000 0.0275873709281296
21.27000 0.0275699430135800
21.29000 0.0275525425471442
21.31000 0.0275351694597862
21.33000 0.0275178236827100
21.35000 0.0275005051473544
21.37000 0.0274832137853994
21.39000 0.0274659495287577
21.41000 0.0274487123095727
21.43000 0.0274315020602277
21.45000 0.0274143187133314
21.47000 0.0273971622017298
21.49000 0.0273800324584931
21.51000 0.0273629294169276
21.53000 0.0273458530105601
21.55000 0.0273288031731505
21.57000 0.0273117798386801
21.59000 0.0272947829413630
21.61000 0.0272778124156273
21.63000 0.0272608681961316
21.65000 0.0272439502177542
21.67000 0.0272270584155962
21.69000 0.0272101927249770
21.71000 0.0271933530814373
21.73000 0.0271765394207338
21.75000 0.0271597516788438
21.77000 0.0271429897919593
21.79000 0.0271262536964882
21.81000 0.0271095433290533
21.83000 0.0270928586264911
21.85000 0.0270761995258521
21.87000 0.0270595659643972
21.89000 0.0270429578795979
21.91000 0.0270263752091368
21.93000 0.0270098178909077
21.95000 0.0269932858630113
21.97000 0.0269767790637515
21.99000 0.0269602974316463
22.01000 0.0269438409054154
22.03000 0.0269274094239829
22.05000 0.0269110029264773
22.07000 0.0268946213522320
22.09000 0.0268782646407806
22.11000 0.0268619327318601
22.13000 0.0268456255654037
22.15000 0.0268293430815515
22.17000 0.0268130852206340
22.19000 0.0267968519231874
22.21000 0.0267806431299407
22.23000 0.0267644587818195
22.25000 0.0267482988199462
22.27000 0.0267321631856365
22.29000 0.0267160518204029
22.31000 0.0266999646659462
22.33000 0.0266839016641647
22.35000 0.0266678627571454
22.37000 0.0266518478871627
22.39000 0.0266358569966877
22.41000 0.0266198900283761
22.43000 0.0266039469250734
22.45000 0.0265880276298121
22.47000 0.0265721320858092
22.49000 0.0265562602364727
22.51000 0.0265404120253918
22.53000 0.0265245873963407
22.55000 0.0265087862932777
22.57000 0.0264930086603443
22.59000 0.0264772544418637
22.61000 0.0264615235823384
22.63000 0.0264458160264571
22.65000 0.0264301317190812
22.67000 0.0264144706052563
22.69000 0.0263988326302056
22.71000 0.0263832177393280
22.73000 0.0263676258782013
22.75000 0.0263520569925777
22.77000 0.0263365110283846
22.79000 0.0263209879317258
22.81000 0.0263054876488806
22.83000 0.0262900101262981
22.85000 0.0262745553105997
22.87000 0.0262591231485817
22.89000 0.0262437135872113
22.91000 0.0262283265736235
22.93000 0.0262129620551252
22.95000 0.0261976199791904
22.97000 0.0261823002934639
22.99000 0.0261670029457584
23.01000 0.0261517278840501
23.03000 0.0261364750564842
23.05000 0.0261212444113731
23.07000 0.0261060358971890
23.09000 0.0260908494625740
23.11000 0.0260756850563305
23.13000 0.0260605426274257
23.15000 0.0260454221249879
23.17000 0.0260303234983061
23.19000 0.0260152466968346
23.21000 0.0260001916701834
23.23000 0.0259851583681235
23.25000 0.0259701467405844
23.27000 0.0259551567376577
23.29000 0.0259401883095896
23.31000 0.0259252414067835
23.33000 0.0259103159797998
23.35000 0.0258954119793553
23.37000 0.0258805293563221
23.39000 0.0258656680617245
23.41000 0.0258508280467447
23.43000 0.0258360092627170
23.45000 0.0258212116611263
23.47000 0.0258064351936120
23.49000 0.0257916798119656
23.51000 0.0257769454681280
23.53000 0.0257622321141897
23.55000 0.0257475397023939
23.57000 0.0257328681851284
23.59000 0.0257182175149383
23.61000 0.0257035876445054
23.63000 0.0256889785266671
23.65000 0.0256743901144057
23.67000 0.0256598223608479
23.69000 0.0256452752192682
23.71000 0.0256307486430843
23.73000 0.0256162425858604
23.75000 0.0256017570013024
23.77000 0.0255872918432608
23.79000 0.0255728470657328
23.81000 0.0255584226228503
23.83000 0.0255440184688938
23.85000 0.0255296345582792
23.87000 0.0255152708455646
23.89000 0.0255009272854533
23.91000 0.0254866038327813
23.93000 0.0254723004425278
23.95000 0.0254580170698087
23.97000 0.0254437536698769
23.99000 0.0254295101981241
24.01000 0.0254152866100804
24.03000 0.0254010828614079
24.05000 0.0253868989079085
24.07000 0.0253727347055140
24.09000 0.0253585902102994
24.11000 0.0253444653784670
24.13000 0.0253303601663528
24.15000 0.0253162745304305
24.17000 0.0253022084273024
24.19000 0.0252881618137036
24.21000 0.0252741346465018
24.23000 0.0252601268826953
24.25000 0.0252461384794143
24.27000 0.0252321693939149
24.29000 0.0252182195835876
24.31000 0.0252042890059499
24.33000 0.0251903776186475
24.35000 0.0251764853794547
24.37000 0.0251626122462733
24.39000 0.0251487581771312
24.41000 0.0251349231301853
24.43000 0.0251211070637167
24.45000 0.0251073099361325
24.47000 0.0250935317059638
24.49000 0.0250797723318707
24.51000 0.0250660317726308
24.53000 0.0250523099871496
24.55000 0.0250386069344583
24.57000 0.0250249225737042
24.59000 0.0250112568641623
24.61000 0.0249976097652285
24.63000 0.0249839812364155
24.65000 0.0249703712373658
24.67000 0.0249567797278348
24.69000 0.0249432066676995
24.71000 0.0249296520169582
24.73000 0.0249161157357274
24.75000 0.0249025977842418
24.77000 0.0248890981228555
24.79000 0.0248756167120389
24.81000 0.0248621535123807
24.83000 0.0248487084845879
24.85000 0.0248352815894772
24.87000 0.0248218727879890
24.89000 0.0248084820411789
24.91000 0.0247951093102134
24.93000 0.0247817545563734
24.95000 0.0247684177410590
24.97000 0.0247550988257799
24.99000 0.0247417977721613
25.01000 0.0247285145419404
25.03000 0.0247152490969650
25.05000 0.0247020013992020
25.07000 0.0246887714107206
25.09000 0.0246755590937070
25.11000 0.0246623644104603
25.13000 0.0246491873233815
25.15000 0.0246360277949907
25.17000 0.0246228857879142
25.19000 0.0246097612648857
25.21000 0.0245966541887514
25.23000 0.0245835645224611
25.25000 0.0245704922290764
25.27000 0.0245574372717683
25.29000 0.0245443996138096
25.31000 0.0245313792185822
25.33000 0.0245183760495752
25.35000 0.0245053900703841
25.37000 0.0244924212447100
25.39000 0.0244794695363548
25.41000 0.0244665349092347
25.43000 0.0244536173273604
25.45000 0.0244407167548531
25.47000 0.0244278331559347
25.49000 0.0244149664949314
25.51000 0.0244021167362731
25.53000 0.0243892838444896
25.55000 0.0243764677842165
25.57000 0.0243636685201909
25.59000 0.0243508860172449
25.61000 0.0243381202403222
25.63000 0.0243253711544586
25.65000 0.0243126387247950
25.67000 0.0242999229165698
25.69000 0.0242872236951225
25.71000 0.0242745410258900
25.73000 0.0242618748744101
25.75000 0.0242492252063188
25.77000 0.0242365919873501
25.79000 0.0242239751833353
25.81000 0.0242113747602025
25.83000 0.0241987906839776
25.85000 0.0241862229207860
25.87000 0.0241736714368439
25.89000 0.0241611361984681
25.91000 0.0241486171720690
25.93000 0.0241361143241548
25.95000 0.0241236276213248
25.97000 0.0241111570302780
25.99000 0.0240987025178006
26.01000 0.0240862640507811
26.03000 0.0240738415961950
26.05000 0.0240614351211153
26.07000 0.0240490445927047
26.09000 0.0240366699782216
26.11000 0.0240243112450152
26.13000 0.0240119683605266
26.15000 0.0239996412922893
26.17000 0.0239873300079264
26.19000 0.0239750344751547
26.21000 0.0239627546617798
26.23000 0.0239504905356985
26.25000 0.0239382420648963
26.27000 0.0239260092174503
26.29000 0.0239137919615247
26.31000 0.0239015902653761
26.33000 0.0238894040973462
26.35000 0.0238772334258678
26.37000 0.0238650782194594
26.39000 0.0238529384467292
26.41000 0.0238408140763750
26.43000 0.0238287050771766
26.45000 0.0238166114180041
26.47000 0.0238045330678118
26.49000 0.0237924699956469
26.51000 0.0237804221706321
26.53000 0.0237683895619828
26.55000 0.0237563721389995
26.57000 0.0237443698710656
26.59000 0.0237323827276499
26.61000 0.0237204106783051
26.63000 0.0237084536926704
26.65000 0.0236965117404678
26.67000 0.0236845847915000
26.69000 0.0236726728156583
26.71000 0.0236607757829110
26.73000 0.0236488936633133
26.75000 0.0236370264270029
26.77000 0.0236251740441966
26.79000 0.0236133364851956
26.81000 0.0236015137203827
26.83000 0.0235897057202195
26.85000 0.0235779124552510
26.87000 0.0235661338961029
26.89000 0.0235543700134799
26.91000 0.0235426207781661
26.93000 0.0235308861610295
26.95000 0.0235191661330120
26.97000 0.0235074606651408
26.99000 0.0234957697285170
27.01000 0.0234840932943231
27.03000 0.0234724313338190
27.05000 0.0234607838183469
27.07000 0.0234491507193181
27.09000 0.0234375320082303
27.11000 0.0234259276566541
27.13000 0.0234143376362377
27.15000 0.0234027619187099
27.17000 0.0233912004758691
27.19000 0.0233796532795958
27.21000 0.0233681203018449
27.23000 0.0233566015146470
27.25000 0.0233450968901077
27.27000 0.0233336064004069
27.29000 0.0233221300178021
27.31000 0.0233106677146277
27.33000 0.0232992194632854
27.35000 0.0232877852362560
27.37000 0.0232763650060965
27.39000 0.0232649587454297
27.41000 0.0232535664269606
27.43000 0.0232421880234619
27.45000 0.0232308235077819
27.47000 0.0232194728528410
27.49000 0.0232081360316314
27.51000 0.0231968130172196
27.53000 0.0231855037827408
27.55000 0.0231742083014057
27.57000 0.0231629265464928
27.59000 0.0231516584913552
27.61000 0.0231404041094158
27.63000 0.0231291633741670
27.65000 0.0231179362591733
27.67000 0.0231067227380706
27.69000 0.0230955227845613
27.71000 0.0230843363724212
27.73000 0.0230731634754942
27.75000 0.0230620040676929
27.77000 0.0230508581229993
27.79000 0.0230397256154669
27.81000 0.0230286065192156
27.83000 0.0230175008084316
27.85000 0.0230064084573729
27.87000 0.0229953294403665
27.89000 0.0229842637318010
27.91000 0.0229732113061399
27.93000 0.0229621721379105
27.95000 0.0229511462017036
27.97000 0.0229401334721836
27.99000 0.0229291339240768
28.01000 0.0229181475321804
28.03000 0.0229071742713523
28.05000 0.0228962141165215
28.07000 0.0228852670426754
28.09000 0.0228743330248781
28.11000 0.0228634120382491
28.13000 0.0228525040579765
28.15000 0.0228416090593157
28.17000 0.0228307270175832
28.19000 0.0228198579081582
28.21000 0.0228090017064930
28.23000 0.0227981583880945
28.25000 0.0227873279285376
28.27000 0.0227765103034593
28.29000 0.0227657054885643
28.31000 0.0227549134596113
28.33000 0.0227441341924327
28.35000 0.0227333676629164
28.37000 0.0227226138470161
28.39000 0.0227118727207471
28.41000 0.0227011442601863
28.43000 0.0226904284414704
28.45000 0.0226797252408033
28.47000 0.0226690346344481
28.49000 0.0226583565987242
28.51000 0.0226476911100214
28.53000 0.0226370381447822
28.55000 0.0226263976795159
28.57000 0.0226157696907867
28.59000 0.0226051541552231
28.61000 0.0225945510495130
28.63000 0.0225839603504048
28.65000 0.0225733820347034
28.67000 0.0225628160792768
28.69000 0.0225522624610508
28.71000 0.0225417211570091
28.73000 0.0225311921441992
28.75000 0.0225206753997223
28.77000 0.0225101709007400
28.79000 0.0224996786244717
28.81000 0.0224891985481963
28.83000 0.0224787306492499
28.85000 0.0224682749050255
28.87000 0.0224578312929768
28.89000 0.0224473997906117
28.91000 0.0224369803754947
28.93000 0.0224265730252510
28.95000 0.0224161777175610
28.97000 0.0224057944301610
28.99000 0.0223954231408445
29.01000 0.0223850638274623
29.03000 0.0223747164679206
29.05000 0.0223643810401791
29.07000 0.0223540575222586
29.09000 0.0223437458922289
29.11000 0.0223334461282225
29.13000 0.0223231582084199
29.15000 0.0223128821110643
29.17000 0.0223026178144469
29.19000 0.0222923652969177
29.21000 0.0222821245368788
29.23000 0.0222718955127885
29.25000 0.0222616782031605
29.27000 0.0222514725865592
29.29000 0.0222412786416038
29.31000 0.0222310963469690
29.33000 0.0222209256813812
29.35000 0.0222107666236218
29.37000 0.0222006191525239
29.39000 0.0221904832469731
29.41000 0.0221803588859118
29.43000 0.0221702460483270
29.45000 0.0221601447132676
29.47000 0.0221500548598302
29.49000 0.0221399764671611
29.51000 0.0221299095144651
29.53000 0.0221198539809918
29.55000 0.0221098098460482
29.57000 0.0220997770889894
29.59000 0.0220897556892228
29.61000 0.0220797456262075
29.63000 0.0220697468794529
29.65000 0.0220597594285191
29.67000 0.0220497832530187
29.69000 0.0220398183326127
29.71000 0.0220298646470135
29.73000 0.0220199221759827
29.75000 0.0220099908993341
29.77000 0.0220000707969293
29.79000 0.0219901618486803
29.81000 0.0219802640345490
29.83000 0.0219703773345457
29.85000 0.0219605017287333
29.87000 0.0219506371972208
29.89000 0.0219407837201635
29.91000 0.0219309412777722
29.93000 0.0219211098503007
29.95000 0.0219112894180565
29.97000 0.0219014799613898
29.99000 0.0218916814607029
30.01000 0.0218818938964454
30.03000 0.0218721172491144
30.05000 0.0218623514992520
30.07000 0.0218525966274562
30.09000 0.0218428526143606
30.11000 0.0218331194406599
30.13000 0.0218233970870812
30.15000 0.0218136855344103
30.17000 0.0218039847634745
30.19000 0.0217942947551496
30.21000 0.0217846154903554
30.23000 0.0217749469500618
30.25000 0.0217652891152846
30.27000 0.0217556419670810
30.29000 0.0217460054865602
30.31000 0.0217363796548738
30.33000 0.0217267644532206
30.35000 0.0217171598628431
30.37000 0.0217075658650326
30.39000 0.0216979824411220
30.41000 0.0216884095724917
30.43000 0.0216788472405682
30.45000 0.0216692954268178
30.47000 0.0216597541127574
30.49000 0.0216502232799475
30.51000 0.0216407029099881
30.53000 0.0216311929845279
30.55000 0.0216216934852604
30.57000 0.0216122043939236
30.59000 0.0216027256922926
30.61000 0.0215932573621956
30.63000 0.0215837993854981
30.65000 0.0215743517441112
30.67000 0.0215649144199925
30.69000 0.0215554873951370
30.71000 0.0215460706515857
30.73000 0.0215366641714230
30.75000 0.0215272679367767
30.77000 0.0215178819298157
30.79000 0.0215085061327518
30.81000 0.0214991405278408
30.83000 0.0214897850973786
30.85000 0.0214804398237054
30.87000 0.0214711046892033
30.89000 0.0214617796762945
30.91000 0.0214524647674437
30.93000 0.0214431599451608
30.95000 0.0214338651919903
30.97000 0.0214245804905247
30.99000 0.0214153058233964
31.01000 0.0214060411732747
31.03000 0.0213967865228760
31.05000 0.0213875418549548
31.07000 0.0213783071523046
31.09000 0.0213690823977645
31.11000 0.0213598675742090
31.13000 0.0213506626645564
31.15000 0.0213414676517642
31.17000 0.0213322825188313
31.19000 0.0213231072487938
31.21000 0.0213139418247322
31.23000 0.0213047862297622
31.25000 0.0212956404470414
31.27000 0.0212865044597704
31.29000 0.0212773782511811
31.31000 0.0212682618045541
31.33000 0.0212591551032026
31.35000 0.0212500581304813
31.37000 0.0212409708697847
31.39000 0.0212318933045467
31.41000 0.0212228254182356
31.43000 0.0212137671943624
31.45000 0.0212047186164784
31.47000 0.0211956796681688
31.49000 0.0211866503330596
31.51000 0.0211776305948155
31.53000 0.0211686204371364
31.55000 0.0211596198437616
31.57000 0.0211506287984729
31.59000 0.0211416472850828
31.61000 0.0211326752874473
31.63000 0.0211237127894546
31.65000 0.0211147597750349
31.67000 0.0211058162281522
31.69000 0.0210968821328116
31.71000 0.0210879574730500
31.73000 0.0210790422329494
31.75000 0.0210701363966180
31.77000 0.0210612399482127
31.79000 0.0210523528719147
31.81000 0.0210434751519523
31.83000 0.0210346067725860
31.85000 0.0210257477181105
31.87000 0.0210168979728595
31.89000 0.0210080575212045
31.91000 0.0209992263475490
31.93000 0.0209904044363335
31.95000 0.0209815917720367
31.97000 0.0209727883391720
31.99000 0.0209639941222847
32.01000 0.0209552091059630
32.03000 0.0209464332748233
32.05000 0.0209376666135226
32.07000 0.0209289091067486
32.09000 0.0209201607392292
32.11000 0.0209114214957196
32.13000 0.0209026913610202
32.15000 0.0208939703199575
32.17000 0.0208852583573975
32.19000 0.0208765554582391
32.21000 0.0208678616074150
32.23000 0.0208591767898948
32.25000 0.0208505009906780
32.27000 0.0208418341948048
32.29000 0.0208331763873434
32.31000 0.0208245275533982
32.33000 0.0208158876781091
32.35000 0.0208072567466456
32.37000 0.0207986347442190
32.39000 0.0207900216560638
32.41000 0.0207814174674562
32.43000 0.0207728221637014
32.45000 0.0207642357301393
32.47000 0.0207556581521426
32.49000 0.0207470894151175
32.51000 0.0207385295045061
32.53000 0.0207299784057771
32.55000 0.0207214361044372
32.57000 0.0207129025860238
32.59000 0.0207043778361070
32.61000 0.0206958618402901
32.63000 0.0206873545842100
32.65000 0.0206788560535337
32.67000 0.0206703662339598
32.69000 0.0206618851112212
32.71000 0.0206534126710837
32.73000 0.0206449488993414
32.75000 0.0206364937818253
32.77000 0.0206280473043945
32.79000 0.0206196094529410
32.81000 0.0206111802133876
32.83000 0.0206027595716912
32.85000 0.0205943475138350
32.87000 0.0205859440258401
32.89000 0.0205775490937552
32.91000 0.0205691627036589
32.93000 0.0205607848416634
32.95000 0.0205524154939150
32.97000 0.0205440546465817
32.99000 0.0205357022858697
33.01000 0.0205273583980146
33.03000 0.0205190229692821
33.05000 0.0205106959859689
33.07000 0.0205023774343998
33.09000 0.0204940673009340
33.11000 0.0204857655719589
33.13000 0.0204774722338892
33.15000 0.0204691872731788
33.17000 0.0204609106762998
33.19000 0.0204526424297630
33.21000 0.0204443825201055
33.23000 0.0204361309338943
33.25000 0.0204278876577288
33.27000 0.0204196526782338
33.29000 0.0204114259820675
33.31000 0.0204032075559150
33.33000 0.0203949973864933
33.35000 0.0203867954605441
33.37000 0.0203786017648449
33.39000 0.0203704162861949
33.41000 0.0203622390114315
33.43000 0.0203540699274102
33.45000 0.0203459090210252
33.47000 0.0203377562791926
33.49000 0.0203296116888636
33.51000 0.0203214752370096
33.53000 0.0203133469106400
33.55000 0.0203052266967846
33.57000 0.0202971145825081
33.59000 0.0202890105548999
33.61000 0.0202809146010774
33.63000 0.0202728267081880
33.65000 0.0202647468634073
33.67000 0.0202566750539351
33.69000 0.0202486112670051
33.71000 0.0202405554898746
33.73000 0.0202325077098290
33.75000 0.0202244679141851
33.77000 0.0202164360902816
33.79000 0.0202084122254890
33.81000 0.0202003963072044
33.83000 0.0201923883228530
33.85000 0.0201843882598840
33.87000 0.0201763961057764
33.89000 0.0201684118480383
33.91000 0.0201604354742007
33.93000 0.0201524669718243
33.95000 0.0201445063284978
33.97000 0.0201365535318340
33.99000 0.0201286085694712
34.01000 0.0201206714290810
34.03000 0.0201127420983534
34.05000 0.0201048205650128
34.07000 0.0200969068168052
34.09000 0.0200890008415049
34.11000 0.0200811026269101
34.13000 0.0200732121608491
34.15000 0.0200653294311732
34.17000 0.0200574544257628
34.19000 0.0200495871325218
34.21000 0.0200417275393807
34.23000 0.0200338756342960
34.25000 0.0200260314052537
34.27000 0.0200181948402578
34.29000 0.0200103659273459
34.31000 0.0200025446545758
34.33000 0.0199947310100343
34.35000 0.0199869249818308
34.37000 0.0199791265581038
34.39000 0.0199713357270145
34.41000 0.0199635524767503
34.43000 0.0199557767955204
34.45000 0.0199480086715682
34.47000 0.0199402480931521
34.49000 0.0199324950485613
34.51000 0.0199247495261090
34.53000 0.0199170115141310
34.55000 0.0199092810009914
34.57000 0.0199015579750768
34.59000 0.0198938424247983
34.61000 0.0198861343385937
34.63000 0.0198784337049254
34.65000 0.0198707405122746
34.67000 0.0198630547491569
34.69000 0.0198553764041035
34.71000 0.0198477054656724
34.73000 0.0198400419224481
34.75000 0.0198323857630383
34.77000 0.0198247369760737
34.79000 0.0198170955502074
34.81000 0.0198094614741223
34.83000 0.0198018347365207
34.85000 0.0197942153261269
34.87000 0.0197866032316952
34.89000 0.0197789984419990
34.91000 0.0197714009458340
34.93000 0.0197638107320252
34.95000 0.0197562277894185
34.97000 0.0197486521068808
34.99000 0.0197410836733036
35.01000 0.0197335224776044
35.03000 0.0197259685087213
35.05000 0.0197184217556158
35.07000 0.0197108822072726
35.09000 0.0197033498527032
35.11000 0.0196958246809353
35.13000 0.0196883066810255
35.15000 0.0196807958420498
35.17000 0.0196732921531091
35.19000 0.0196657956033255
35.21000 0.0196583061818469
35.23000 0.0196508238778389
35.25000 0.0196433486804914
35.27000 0.0196358805790218
35.29000 0.0196284195626634
35.31000 0.0196209656206755
35.33000 0.0196135187423373
35.35000 0.0196060789169539
35.37000 0.0195986461338494
35.39000 0.0195912203823720
35.41000 0.0195838016518898
35.43000 0.0195763899317962
35.45000 0.0195689852115037
35.47000 0.0195615874804507
35.49000 0.0195541967280888
35.51000 0.0195468129439040
35.53000 0.0195394361173934
35.55000 0.0195320662380827
35.57000 0.0195247032955142
35.59000 0.0195173472792535
35.61000 0.0195099981788917
35.63000 0.0195026559840346
35.65000 0.0194953206843166
35.67000 0.0194879922693853
35.69000 0.0194806707289180
35.71000 0.0194733560526077
35.73000 0.0194660482301708
35.75000 0.0194587472513438
35.77000 0.0194514531058845
35.79000 0.0194441657835735
35.81000 0.0194368852742120
35.83000 0.0194296115676180
35.85000 0.0194223446536362
35.87000 0.0194150845221279
35.89000 0.0194078311629786
35.91000 0.0194005845660911
35.93000 0.0193933447213907
35.95000 0.0193861116188222
35.97000 0.0193788852483564
35.99000 0.0193716655999744
36.01000 0.0193644526636872
36.03000 0.0193572464295206
36.05000 0.0193500468875237
36.07000 0.0193428540277630
36.09000 0.0193356678403302
36.11000 0.0193284883153316
36.13000 0.0193213154428973
36.15000 0.0193141492131756
36.17000 0.0193069896163352
36.19000 0.0192998366425648
36.21000 0.0192926902820759
36.23000 0.0192855505250954
36.25000 0.0192784173618725
36.27000 0.0192712907826751
36.29000 0.0192641707777903
36.31000 0.0192570573375286
36.33000 0.0192499504522158
36.35000 0.0192428501121991
36.37000 0.0192357563078457
36.39000 0.0192286690295402
36.41000 0.0192215882676912
36.43000 0.0192145140127202
36.45000 0.0192074462550727
36.47000 0.0192003849852117
36.49000 0.0191933301936218
36.51000 0.0191862818708015
36.53000 0.0191792400072754
36.55000 0.0191722045935812
36.57000 0.0191651756202790
36.59000 0.0191581530779475
36.61000 0.0191511369571797
36.63000 0.0191441272485984
36.65000 0.0191371239428324
36.67000 0.0191301270305392
36.69000 0.0191231365023875
36.71000 0.0191161523490720
36.73000 0.0191091745612998
36.75000 0.0191022031297992
36.77000 0.0190952380453178
36.79000 0.0190882792986205
36.81000 0.0190813268804919
36.83000 0.0190743807817312
36.85000 0.0190674409931635
36.87000 0.0190605075056254
36.89000 0.0190535803099738
36.91000 0.0190466593970826
36.93000 0.0190397447578485
36.95000 0.0190328363831796
36.97000 0.0190259342640081
36.99000 0.0190190383912818
37.01000 0.0190121487559648
37.03000 0.0190052653490431
37.05000 0.0189983881615169
37.07000 0.0189915171844059
37.09000 0.0189846524087445
37.11000 0.0189777938255934
37.13000 0.0189709414260207
37.15000 0.0189640952011184
37.17000 0.0189572551419965
37.19000 0.0189504212397766
37.21000 0.0189435934856061
37.23000 0.0189367718706430
37.25000 0.0189299563860669
37.27000 0.0189231470230714
37.29000 0.0189163437728715
37.31000 0.0189095466266971
37.33000 0.0189027555757960
37.35000 0.0188959706114334
37.37000 0.0188891917248880
37.39000 0.0188824189074633
37.41000 0.0188756521504730
37.43000 0.0188688914452495
37.45000 0.0188621367831460
37.47000 0.0188553881555300
37.49000 0.0188486455537826
37.51000 0.0188419089693077
37.53000 0.0188351783935224
37.55000 0.0188284538178612
37.57000 0.0188217352337745
37.59000 0.0188150226327340
37.61000 0.0188083160062234
37.63000 0.0188016153457441
37.65000 0.0187949206428115
37.67000 0.0187882318889653
37.69000 0.0187815490757550
37.71000 0.0187748721947485
37.73000 0.0187682012375283
37.75000 0.0187615361956977
37.77000 0.0187548770608733
37.79000 0.0187482238246874
37.81000 0.0187415764787900
37.83000 0.0187349350148473
37.85000 0.0187282994245396
37.87000 0.0187216696995684
37.89000 0.0187150458316482
37.91000 0.0187084278125053
37.93000 0.0187018156338889
37.95000 0.0186952092875631
37.97000 0.0186886087653026
37.99000 0.0186820140589052
38.01000 0.0186754251601779
38.03000 0.0186688420609508
38.05000 0.0186622647530626
38.07000 0.0186556932283711
38.09000 0.0186491274787509
38.11000 0.0186425674960921
38.13000 0.0186360132722954
38.15000 0.0186294647992860
38.17000 0.0186229220689975
38.19000 0.0186163850733801
38.21000 0.0186098538044037
38.23000 0.0186033282540467
38.25000 0.0185968084143125
38.27000 0.0185902942772086
38.29000 0.0185837858347670
38.31000 0.0185772830790295
38.33000 0.0185707860020585
38.35000 0.0185642945959255
38.37000 0.0185578088527198
38.39000 0.0185513287645485
38.41000 0.0185448543235286
38.43000 0.0185383855217975
38.45000 0.0185319223515029
38.47000 0.0185254648048121
38.49000 0.0185190128739040
38.51000 0.0185125665509723
38.53000 0.0185061258282286
38.55000 0.0184996906978970
38.57000 0.0184932611522169
38.59000 0.0184868371834406
38.61000 0.0184804187838421
38.63000 0.0184740059457017
38.65000 0.0184675986613162
38.67000 0.0184611969230018
38.69000 0.0184548007230855
38.71000 0.0184484100539099
38.73000 0.0184420249078314
38.75000 0.0184356452772195
38.77000 0.0184292711544639
38.79000 0.0184229025319606
38.81000 0.0184165394021266
38.83000 0.0184101817573907
38.85000 0.0184038295901963
38.87000 0.0183974828930016
38.89000 0.0183911416582792
38.91000 0.0183848058785118
38.93000 0.0183784755462043
38.95000 0.0183721506538674
38.97000 0.0183658311940319
38.99000 0.0183595171592391
39.01000 0.0183532085420477
39.03000 0.0183469053350274
39.05000 0.0183406075307642
39.07000 0.0183343151218554
39.09000 0.0183280281009136
39.11000 0.0183217464605664
39.13000 0.0183154701934541
39.15000 0.0183091992922316
39.17000 0.0183029337495660
39.19000 0.0182966735581396
39.21000 0.0182904187106488
39.23000 0.0182841691998014
39.25000 0.0182779250183210
39.27000 0.0182716861589445
39.29000 0.0182654526144227
39.31000 0.0182592243775178
39.33000 0.0182530014410070
39.35000 0.0182467837976840
39.37000 0.0182405714403505
39.39000 0.0182343643618253
39.41000 0.0182281625549360
39.43000 0.0182219660125334
39.45000 0.0182157747274710
39.47000 0.0182095886926213
39.49000 0.0182034079008690
39.51000 0.0181972323451112
39.53000 0.0181910620182567
39.55000 0.0181848969132334
39.57000 0.0181787370229768
39.59000 0.0181725823404374
39.61000 0.0181664328585786
39.63000 0.0181602885703780
39.65000 0.0181541494688235
39.67000 0.0181480155469169
39.69000 0.0181418867976763
39.71000 0.0181357632141269
39.73000 0.0181296447893139
39.75000 0.0181235315162897
39.77000 0.0181174233881211
39.79000 0.0181113203978872
39.81000 0.0181052225386827
39.83000 0.0180991298036121
39.85000 0.0180930421857928
39.87000 0.0180869596783564
39.89000 0.0180808822744479
39.91000 0.0180748099672218
39.93000 0.0180687427498470
39.95000 0.0180626806155040
39.97000 0.0180566235573883
39.99000 0.0180505715687062
40.01000 0.0180445246426754
40.03000 0.0180384827725273
40.05000 0.0180324459515075
40.07000 0.0180264141728716
40.09000 0.0180203874298856
40.11000 0.0180143657158338
40.13000 0.0180083490240089
40.15000 0.0180023373477147
40.17000 0.0179963306802707
40.19000 0.0179903290150069
40.21000 0.0179843323452634
40.23000 0.0179783406643960
40.25000 0.0179723539657713
40.27000 0.0179663722427706
40.29000 0.0179603954887792
40.31000 0.0179544236972040
40.33000 0.0179484568614579
40.35000 0.0179424949749696
40.37000 0.0179365380311742
40.39000 0.0179305860235282
40.41000 0.0179246389454900
40.43000 0.0179186967905355
40.45000 0.0179127595521505
40.47000 0.0179068272238320
40.49000 0.0179008997990944
40.51000 0.0178949772714569
40.53000 0.0178890596344530
40.55000 0.0178831468816286
40.57000 0.0178772390065408
40.59000 0.0178713360027581
40.61000 0.0178654378638609
40.63000 0.0178595445834397
40.65000 0.0178536561551012
40.67000 0.0178477725724599
40.69000 0.0178418938291414
40.71000 0.0178360199187832
40.73000 0.0178301508350372
40.75000 0.0178242865715627
40.77000 0.0178184271220343
40.79000 0.0178125724801344
40.81000 0.0178067226395573
40.83000 0.0178008775940139
40.85000 0.0177950373372194
40.87000 0.0177892018629041
40.89000 0.0177833711648078
40.91000 0.0177775452366830
40.93000 0.0177717240722929
40.95000 0.0177659076654111
40.97000 0.0177600960098267
40.99000 0.0177542890993311
41.01000 0.0177484869277353
41.03000 0.0177426894888580
41.05000 0.0177368967765295
41.07000 0.0177311087845880
41.09000 0.0177253255068911
41.11000 0.0177195469372964
41.13000 0.0177137730696813
41.15000 0.0177080038979306
41.17000 0.0177022394159387
41.19000 0.0176964796176139
41.21000 0.0176907244968704
41.23000 0.0176849740476428
41.25000 0.0176792282638673
41.27000 0.0176734871394932
41.29000 0.0176677506684838
41.31000 0.0176620188448083
41.33000 0.0176562916624500
41.35000 0.0176505691154021
41.37000 0.0176448511976698
41.39000 0.0176391379032673
41.41000 0.0176334292262171
41.43000 0.0176277251605585
41.45000 0.0176220257003370
41.47000 0.0176163308396062
41.49000 0.0176106405724386
41.51000 0.0176049548929099
41.53000 0.0175992737951067
41.55000 0.0175935972731288
41.57000 0.0175879253210873
41.59000 0.0175822579331013
41.61000 0.0175765951032993
41.63000 0.0175709368258232
41.65000 0.0175652830948243
41.67000 0.0175596339044627
41.69000 0.0175539892489098
41.71000 0.0175483491223505
41.73000 0.0175427135189732
41.75000 0.0175370824329798
41.77000 0.0175314558585858
41.79000 0.0175258337900111
41.81000 0.0175202162214882
41.83000 0.0175146031472644
41.85000 0.0175089945615893
41.87000 0.0175033904587261
41.89000 0.0174977908329496
41.91000 0.0174921956785414
41.93000 0.0174866049897959
41.95000 0.0174810187610157
41.97000 0.0174754369865163
41.99000 0.0174698596606163
42.01000 0.0174642867776534
42.03000 0.0174587183319703
42.05000 0.0174531543179167
42.07000 0.0174475947298596
42.09000 0.0174420395621682
42.11000 0.0174364888092285
42.13000 0.0174309424654301
42.15000 0.0174254005251774
42.17000 0.0174198629828781
42.19000 0.0174143298329604
42.21000 0.0174088010698508
42.23000 0.0174032766879919
42.25000 0.0173977566818342
42.27000 0.0173922410458396
42.29000 0.0173867297744754
42.31000 0.0173812228622227
42.33000 0.0173757203035716
42.35000 0.0173702220930209
42.37000 0.0173647282250780
42.39000 0.0173592386942602
42.41000 0.0173537534950968
42.43000 0.0173482726221236
42.45000 0.0173427960698872
42.47000 0.0173373238329436
42.49000 0.0173318559058574
42.51000 0.0173263922832042
42.53000 0.0173209329595674
42.55000 0.0173154779295409
42.57000 0.0173100271877260
42.59000 0.0173045807287379
42.61000 0.0172991385471935
42.63000 0.0172937006377277
42.65000 0.0172882669949783
42.67000 0.0172828376135932
42.69000 0.0172774124882344
42.71000 0.0172719916135664
42.73000 0.0172665749842674
42.75000 0.0172611625950215
42.77000 0.0172557544405264
42.79000 0.0172503505154853
42.81000 0.0172449508146098
42.83000 0.0172395553326236
42.85000 0.0172341640642589
42.87000 0.0172287770042551
42.89000 0.0172233941473614
42.91000 0.0172180154883362
42.93000 0.0172126410219482
42.95000 0.0172072707429720
42.97000 0.0172019046461960
42.99000 0.0171965427264098
43.01000 0.0171911849784210
43.03000 0.0171858313970388
43.05000 0.0171804819770840
43.07000 0.0171751367133884
43.09000 0.0171697956007894
43.11000 0.0171644586341355
43.13000 0.0171591258082800
43.15000 0.0171537971180921
43.17000 0.0171484725584411
43.19000 0.0171431521242130
43.21000 0.0171378358102957
43.23000 0.0171325236115910
43.25000 0.0171272155230099
43.27000 0.0171219115394636
43.29000 0.0171166116558811
43.31000 0.0171113158671971
43.33000 0.0171060241683554
43.35000 0.0171007365543058
43.37000 0.0170954530200087
43.39000 0.0170901735604326
43.41000 0.0170848981705539
43.43000 0.0170796268453624
43.45000 0.0170743595798486
43.47000 0.0170690963690159
43.49000 0.0170638372078743
43.51000 0.0170585820914476
43.53000 0.0170533310147583
43.55000 0.0170480839728458
43.57000 0.0170428409607533
43.59000 0.0170376019735381
43.61000 0.0170323670062552
43.63000 0.0170271360539784
43.65000 0.0170219091117863
43.67000 0.0170166861747625
43.69000 0.0170114672380039
43.71000 0.0170062522966122
43.73000 0.0170010413456983
43.75000 0.0169958343803836
43.77000 0.0169906313957929
43.79000 0.0169854323870650
43.81000 0.0169802373493397
43.83000 0.0169750462777737
43.85000 0.0169698591675223
43.87000 0.0169646760137591
43.89000 0.0169594968116573
43.91000 0.0169543215563992
43.93000 0.0169491502431824
43.95000 0.0169439828672048
43.97000 0.0169388194236749
43.99000 0.0169336599078119
44.01000 0.0169285043148345
44.03000 0.0169233526399809
44.05000 0.0169182048784894
44.07000 0.0169130610256092
44.09000 0.0169079210765952
44.11000 0.0169027850267150
44.13000 0.0168976528712373
44.15000 0.0168925246054428
44.17000 0.0168874002246202
44.19000 0.0168822797240667
44.21000 0.0168771630990846
44.23000 0.0168720503449833
44.25000 0.0168669414570855
44.27000 0.0168618364307171
44.29000 0.0168567352612104
44.31000 0.0168516379439114
44.33000 0.0168465444741693
44.35000 0.0168414548473423
44.37000 0.0168363690587941
44.39000 0.0168312871038978
44.41000 0.0168262089780387
44.43000 0.0168211346766014
44.45000 0.0168160641949831
44.47000 0.0168109975285881
44.49000 0.0168059346728282
44.51000 0.0168008756231205
44.53000 0.0167958203748944
44.55000 0.0167907689235833
44.57000 0.0167857212646257
44.59000 0.0167806773934743
44.61000 0.0167756373055848
44.63000 0.0167706009964223
44.65000 0.0167655684614587
44.67000 0.0167605396961705
44.69000 0.0167555146960459
44.71000 0.0167504934565791
44.73000 0.0167454759732708
44.75000 0.0167404622416314
44.77000 0.0167354522571746
44.79000 0.0167304460154261
44.81000 0.0167254435119163
44.83000 0.0167204447421826
44.85000 0.0167154497017714
44.87000 0.0167104583862350
44.89000 0.0167054707911343
44.91000 0.0167004869120345
44.93000 0.0166955067445118
44.95000 0.0166905302841492
44.97000 0.0166855575265345
44.99000 0.0166805884672635
45.01000 0.0166756231019415
45.03000 0.0166706614261782
45.05000 0.0166657034355908
45.07000 0.0166607491258056
45.09000 0.0166557984924531
45.11000 0.0166508515311720
45.13000 0.0166459082376151
45.15000 0.0166409686074264
45.17000 0.0166360326362731
45.19000 0.0166311003198203
45.21000 0.0166261716537438
45.23000 0.0166212466337236
45.25000 0.0166163252554505
45.27000 0.0166114075146183
45.29000 0.0166064934069306
45.31000 0.0166015829280974
45.33000 0.0165966760738352
45.35000 0.0165917728398674
45.37000 0.0165868732219231
45.39000 0.0165819772157426
45.41000 0.0165770848170677
45.43000 0.0165721960216497
45.45000 0.0165673108252493
45.47000 0.0165624292236295
45.49000 0.0165575512125616
45.51000 0.0165526767878261
45.53000 0.0165478059452073
45.55000 0.0165429386804992
45.57000 0.0165380749894953
45.59000 0.0165332148680091
45.61000 0.0165283583118461
45.63000 0.0165235053168325
45.65000 0.0165186558787885
45.67000 0.0165138099935500
45.69000 0.0165089676569560
45.71000 0.0165041288648521
45.73000 0.0164992936130914
45.75000 0.0164944618975345
45.77000 0.0164896337140460
45.79000 0.0164848090584998
45.81000 0.0164799879267750
45.83000 0.0164751703147585
45.85000 0.0164703562183415
45.87000 0.0164655456334244
45.89000 0.0164607385559125
45.91000 0.0164559349817177
45.93000 0.0164511349067589
45.95000 0.0164463383269634
45.97000 0.0164415452382618
45.99000 0.0164367556365942
46.01000 0.0164319695179022
46.03000 0.0164271868781397
46.05000 0.0164224077132630
46.07000 0.0164176320192410
46.09000 0.0164128597920378
46.11000 0.0164080910276361
46.13000 0.0164033257220165
46.15000 0.0163985638711699
46.17000 0.0163938054710949
46.19000 0.0163890505177890
46.21000 0.0163842990072678
46.23000 0.0163795509355417
46.25000 0.0163748062986359
46.27000 0.0163700650925755
46.29000 0.0163653273133988
46.31000 0.0163605929571438
46.33000 0.0163558620198583
46.35000 0.0163511344975954
46.37000 0.0163464103864151
46.39000 0.0163416896823840
46.41000 0.0163369723815727
46.43000 0.0163322584800599
46.45000 0.0163275479739311
46.47000 0.0163228408592770
46.49000 0.0163181371321928
46.51000 0.0163134367887842
46.53000 0.0163087398251572
46.55000 0.0163040462374287
46.57000 0.0162993560217221
46.59000 0.0162946691741615
46.61000 0.0162899856908841
46.63000 0.0162853055680265
46.65000 0.0162806288017388
46.67000 0.0162759553881676
46.69000 0.0162712853234758
46.71000 0.0162666186038248
46.73000 0.0162619552253849
46.75000 0.0162572951843342
46.77000 0.0162526384768521
46.79000 0.0162479850991291
46.81000 0.0162433350473597
46.83000 0.0162386883177399
46.85000 0.0162340449064817
46.87000 0.0162294048097920
46.89000 0.0162247680238934
46.91000 0.0162201345450065
46.93000 0.0162155043693614
46.95000 0.0162108774931950
46.97000 0.0162062539127488
46.99000 0.0162016336242715
47.01000 0.0161970166240134
47.03000 0.0161924029082359
47.05000 0.0161877924732030
47.07000 0.0161831853151880
47.09000 0.0161785814304654
47.11000 0.0161739808153191
47.13000 0.0161693834660362
47.15000 0.0161647893789106
47.17000 0.0161601985502451
47.19000 0.0161556109763417
47.21000 0.0161510266535148
47.23000 0.0161464455780792
47.25000 0.0161418677463606
47.27000 0.0161372931546853
47.29000 0.0161327217993887
47.31000 0.0161281536768124
47.33000 0.0161235887832984
47.35000 0.0161190271152004
47.37000 0.0161144686688767
47.39000 0.0161099134406873
47.41000 0.0161053614270025
47.43000 0.0161008126241969
47.45000 0.0160962670286463
47.47000 0.0160917246367414
47.49000 0.0160871854448697
47.51000 0.0160826494494282
47.53000 0.0160781166468188
47.55000 0.0160735870334491
47.57000 0.0160690606057325
47.59000 0.0160645373600884
47.61000 0.0160600172929397
47.63000 0.0160555004007166
47.65000 0.0160509866798551
47.67000 0.0160464761267943
47.69000 0.0160419687379823
47.71000 0.0160374645098678
47.73000 0.0160329634389129
47.75000 0.0160284655215774
47.77000 0.0160239707543262
47.79000 0.0160194791336380
47.81000 0.0160149906559888
47.83000 0.0160105053178647
47.85000 0.0160060231157542
47.87000 0.0160015440461538
47.89000 0.0159970681055599
47.91000 0.0159925952904852
47.93000 0.0159881255974345
47.95000 0.0159836590229286
47.97000 0.0159791955634895
47.99000 0.0159747352156396
48.01000 0.0159702779759172
48.03000 0.0159658238408572
48.05000 0.0159613728070043
48.07000 0.0159569248709044
48.09000 0.0159524800291141
48.11000 0.0159480382781916
48.13000 0.0159435996147006
48.15000 0.0159391640352116
48.17000 0.0159347315362971
48.19000 0.0159303021145417
48.21000 0.0159258757665256
48.23000 0.0159214524888422
48.25000 0.0159170322780850
48.27000 0.0159126151308586
48.29000 0.0159082010437618
48.31000 0.0159037900134158
48.33000 0.0158993820364289
48.35000 0.0158949771094255
48.37000 0.0158905752290305
48.39000 0.0158861763918787
48.41000 0.0158817805946037
48.43000 0.0158773878338500
48.45000 0.0158729981062638
48.47000 0.0158686114084964
48.49000 0.0158642277372057
48.51000 0.0158598470890544
48.53000 0.0158554694607090
48.55000 0.0158510948488430
48.57000 0.0158467232501313
48.59000 0.0158423546612581
48.61000 0.0158379890789124
48.63000 0.0158336264997845
48.65000 0.0158292669205718
48.67000 0.0158249103379778
48.69000 0.0158205567487093
48.71000 0.0158162061494780
48.73000 0.0158118585370039
48.75000 0.0158075139080054
48.77000 0.0158031722592141
48.79000 0.0157988335873594
48.81000 0.0157944978891797
48.83000 0.0157901651614157
48.85000 0.0157858354008152
48.87000 0.0157815086041298
48.89000 0.0157771847681169
48.91000 0.0157728638895355
48.93000 0.0157685459651550
48.95000 0.0157642309917475
48.97000 0.0157599189660863
48.99000 0.0157556098849534
49.01000 0.0157513037451344
49.03000 0.0157470005434204
49.05000 0.0157427002766068
49.07000 0.0157384029414937
49.09000 0.0157341085348866
49.11000 0.0157298170535961
49.13000 0.0157255284944345
49.15000 0.0157212428542226
49.17000 0.0157169601297856
49.19000 0.0157126803179494
49.21000 0.0157084034155502
49.23000 0.0157041294194267
49.25000 0.0156998583264186
49.27000 0.0156955901333788
49.29000 0.0156913248371560
49.31000 0.0156870624346064
49.33000 0.0156828029225963
49.35000 0.0156785462979873
49.37000 0.0156742925576557
49.39000 0.0156700416984741
49.41000 0.0156657937173228
49.43000 0.0156615486110890
49.45000 0.0156573063766602
49.47000 0.0156530670109317
49.49000 0.0156488305108033
49.51000 0.0156445968731791
49.53000 0.0156403660949655
49.55000 0.0156361381730744
49.57000 0.0156319131044284
49.59000 0.0156276908859450
49.61000 0.0156234715145507
49.63000 0.0156192549871791
49.65000 0.0156150413007631
49.67000 0.0156108304522450
49.69000 0.0156066224385684
49.71000 0.0156024172566823
49.73000 0.0155982149035414
49.75000 0.0155940153761044
49.77000 0.0155898186713332
49.79000 0.0155856247861929
49.81000 0.0155814337176580
49.83000 0.0155772454627037
49.85000 0.0155730600183122
49.87000 0.0155688773814671
49.89000 0.0155646975491564
49.91000 0.0155605205183766
49.93000 0.0155563462861251
49.95000 0.0155521748494056
49.97000 0.0155480062052225
49.99000 0.0155438403505919
50.01000 0.0155396772825245
50.03000 0.0155355169980458
50.05000 0.0155313594941760
50.07000 0.0155272047679475
50.09000 0.0155230528163926
50.11000 0.0155189036365504
50.13000 0.0155147572254572
50.15000 0.0155106135801797
50.17000 0.0155064726977004
50.19000 0.0155023345753180
50.21000 0.0154981992091997
50.23000 0.0154940665997056
50.25000 0.0154899367317312
