0.25000 3.7363689758750658
0.27000 2.8443779186016571
0.29000 2.4712855607491244
0.31000 1.8720768689803755
0.33000 1.4103361285978691
0.35000 1.0533665767998053
0.37000 0.7766204795632661
0.39000 0.5614741474305889
0.41000 0.3938399449126481
0.43000 0.2630035784885632
0.45000 0.1607891255257362
0.47000 0.0809275409994629
0.49000 0.0185898058785022
0.51000 -0.0299615535559204
0.53000 -0.0676325500024081
0.55000 -0.0966928193804941
0.57000 -0.1189225743280819
0.59000 -0.1357237638855887
0.61000 -0.1482046631904567
0.63000 -0.1572444376856363
0.65000 -0.1635427981222390
0.67000 -0.1676582868732799
0.69000 -0.1700379063339748
0.71000 -0.1710402785751200
0.73000 -0.1709537200552285
0.75000 -0.1700103600828277
0.77000 -0.1683973889061658
0.79000 -0.1662659357066855
0.81000 -0.1637380258647720
0.83000 -0.1609122300020488
0.85000 -0.1578681539012513
0.87000 -0.1546700233040856
0.89000 -0.1513695450188034
0.91000 -0.1480082977219619
0.93000 -0.1446195965081068
0.95000 -0.1412299740547947
0.97000 -0.1378604664107511
0.99000 -0.1345276674186918
1.01000 -0.1312444760434985
1.03000 -0.1280207999403570
1.05000 -0.1248641156274363
1.07000 -0.1217798939327863
1.09000 -0.1187720301788188
1.11000 -0.1158430947639890
1.13000 -0.1129945789317643
1.15000 -0.1102271456137832
1.17000 -0.1075407645621616
1.19000 -0.1049348572621153
1.21000 -0.1024084259513474
1.23000 -0.0999601356920937
1.25000 -0.0975883861141754
1.27000 -0.0952913858204730
1.29000 -0.0930672061232068
1.31000 -0.0909138193077761
1.33000 -0.0888291281608760
1.35000 -0.0868109975700338
1.37000 -0.0848572824850037
1.39000 -0.0829658426666433
1.41000 -0.0811345567497098
1.43000 -0.0793613338889982
1.45000 -0.0776441191118572
1.47000 -0.0759809082641123
1.49000 -0.0743697370657416
1.51000 -0.0728087223382290
1.53000 -0.0712959984937759
1.55000 -0.0698298091053186
1.57000 -0.0684084181008435
1.59000 -0.0670301469573251
1.61000 -0.0656934395017344
1.63000 -0.0643967055033091
1.65000 -0.0631384762609682
1.67000 -0.0619173476208023
1.69000 -0.0607319233287232
1.71000 -0.0595808835938902
1.73000 -0.0584629832588996
1.75000 -0.0573770080462469
1.77000 -0.0563217822749266
1.79000 -0.0552961905919396
1.81000 -0.0542991712414216
1.83000 -0.0533296990774024
1.85000 -0.0523867848549196
1.87000 -0.0514694813832248
1.89000 -0.0505768865982146
1.91000 -0.0497081355840687
1.93000 -0.0488623965477590
1.95000 -0.0480388698296550
1.97000 -0.0472367879977954
1.99000 -0.0464554171664930
2.01000 -0.0456940543847713
2.03000 -0.0449520244255071
2.05000 -0.0442286787036433
2.07000 -0.0435233943089888
2.09000 -0.0428355728783142
2.11000 -0.0421646404019871
2.13000 -0.0415100464002340
2.15000 -0.0408712620043483
2.17000 -0.0402477788949671
2.19000 -0.0396391084127525
2.21000 -0.0390447809208943
2.23000 -0.0384643448201718
2.25000 -0.0378973658280980
2.27000 -0.0373434263642844
2.29000 -0.0368021249345020
2.31000 -0.0362730754700754
2.33000 -0.0357559058910708
2.35000 -0.0352502582290324
2.37000 -0.0347557878790944
2.39000 -0.0342721626732250
2.41000 -0.0337990629271624
2.43000 -0.0333361803250729
2.45000 -0.0328832178756785
2.47000 -0.0324398894926715
2.49000 -0.0320059190678266
2.51000 -0.0315810403821172
2.53000 -0.0311649968107552
2.55000 -0.0307575405185894
2.57000 -0.0303584322753900
2.59000 -0.0299674414526931
2.61000 -0.0295843450845046
2.63000 -0.0292089278506167
2.65000 -0.0288409819705955
2.67000 -0.0284803065703749
2.69000 -0.0281267074592625
2.71000 -0.0277799969302491
2.73000 -0.0274399938226474
2.75000 -0.0271065225141438
2.77000 -0.0267794134856066
2.79000 -0.0264585022099343
2.81000 -0.0261436305483241
2.83000 -0.0258346440184116
2.85000 -0.0255313941921208
2.87000 -0.0252337370784141
2.89000 -0.0249415324004759
2.91000 -0.0246546462719599
2.93000 -0.0243729463726481
2.95000 -0.0240963063580741
2.97000 -0.0238246036904024
2.99000 -0.0235577182001472
3.01000 -0.0232955347384009
3.03000 -0.0230379414460726
3.05000 -0.0227848289361945
3.07000 -0.0225360918962405
3.09000 -0.0222916283208589
3.11000 -0.0220513383991837
3.13000 -0.0218151255055180
3.15000 -0.0215828963534623
3.17000 -0.0213545600082905
3.19000 -0.0211300278232220
3.21000 -0.0209092139741419
3.23000 -0.0206920353106085
3.25000 -0.0204784107845333
3.27000 -0.0202682614654822
3.29000 -0.0200615107973506
3.31000 -0.0198580844707194
3.33000 -0.0196579101183865
3.35000 -0.0194609172331805
3.37000 -0.0192670372975837
3.39000 -0.0190762037644441
3.41000 -0.0188883518454508
3.43000 -0.0187034184174263
3.45000 -0.0185213419962843
3.47000 -0.0183420627862908
3.49000 -0.0181655226282599
3.51000 -0.0179916648714365
3.53000 -0.0178204342755595
3.55000 -0.0176517770056945
3.57000 -0.0174856406573419
3.59000 -0.0173219741959500
3.61000 -0.0171607278973330
3.63000 -0.0170018532654485
3.65000 -0.0168453029924965
3.67000 -0.0166910309814847
3.69000 -0.0165389922918880
3.71000 -0.0163891431013957
3.73000 -0.0162414406859235
3.75000 -0.0160958433491165
3.77000 -0.0159523103952316
3.79000 -0.0158108021203996
3.81000 -0.0156712797981524
3.83000 -0.0155337056302796
3.85000 -0.0153980427178889
3.87000 -0.0152642550552291
3.89000 -0.0151323074675584
3.91000 -0.0150021656030404
3.93000 -0.0148737959269182
3.95000 -0.0147471656945555
3.97000 -0.0146222429084676
3.99000 -0.0144989963177089
4.01000 -0.0143773953883060
4.03000 -0.0142574102948551
4.05000 -0.0141390118529067
4.07000 -0.0140221715876437
4.09000 -0.0139068616140718
4.11000 -0.0137930547448645
4.13000 -0.0136807243229883
4.15000 -0.0135698443273245
4.17000 -0.0134603893369784
4.19000 -0.0133523343905690
4.21000 -0.0132456552286272
4.23000 -0.0131403279551123
4.25000 -0.0130363292991340
4.27000 -0.0129336365099754
4.29000 -0.0128322272080821
4.31000 -0.0127320796204707
4.33000 -0.0126331723988952
4.35000 -0.0125354845813981
4.37000 -0.0124389957547805
4.39000 -0.0123436858925113
4.41000 -0.0122495353310793
4.43000 -0.0121565249037363
4.45000 -0.0120646358334416
4.47000 -0.0119738496620848
4.49000 -0.0118841483613898
4.51000 -0.0117955143070812
4.53000 -0.0117079301745122
4.55000 -0.0116213789948765
4.57000 -0.0115358441888806
4.59000 -0.0114513094969521
4.61000 -0.0113677589505524
4.63000 -0.0112851769236364
4.65000 -0.0112035481302608
4.67000 -0.0111228575639872
4.69000 -0.0110430904930496
4.71000 -0.0109642324980984
4.73000 -0.0108862694634810
4.75000 -0.0108091875295654
4.77000 -0.0107329730875742
4.79000 -0.0106576128100575
4.81000 -0.0105830936447807
4.83000 -0.0105094027772413
4.85000 -0.0104365276239792
4.87000 -0.0103644558493913
4.89000 -0.0102931753665573
4.91000 -0.0102226743150765
4.93000 -0.0101529410484958
4.95000 -0.0100839641337361
4.97000 -0.0100157323627578
4.99000 -0.0099482347437240
5.01000 -0.0098814604831916
5.03000 -0.0098153989810146
5.05000 -0.0097500398307936
5.07000 -0.0096853728265758
5.09000 -0.0096213879536255
5.11000 -0.0095580753749793
5.13000 -0.0094954254277884
5.15000 -0.0094334286223635
5.17000 -0.0093720756466168
5.19000 -0.0093113573609815
5.21000 -0.0092512647853841
5.23000 -0.0091917890965817
5.25000 -0.0091329216268224
5.27000 -0.0090746538649752
5.29000 -0.0090169774547693
5.31000 -0.0089598841835275
5.33000 -0.0089033659857496
5.35000 -0.0088474149290043
5.37000 -0.0087920232247390
5.39000 -0.0087371832144977
5.41000 -0.0086828873828343
5.43000 -0.0086291283370802
5.45000 -0.0085758988105032
5.47000 -0.0085231916659158
5.49000 -0.0084709998732399
5.51000 -0.0084193165438269
5.53000 -0.0083681348885315
5.55000 -0.0083174482402859
5.57000 -0.0082672500497602
5.59000 -0.0082175338605620
5.61000 -0.0081682933386315
5.63000 -0.0081195222513462
5.65000 -0.0080712144622995
5.67000 -0.0080233639524659
5.69000 -0.0079759647914867
5.71000 -0.0079290111410007
5.73000 -0.0078824972722560
5.75000 -0.0078364175399840
5.77000 -0.0077907663874160
5.79000 -0.0077455383600787
5.81000 -0.0077007280868500
5.83000 -0.0076563302751041
5.85000 -0.0076123397262928
5.87000 -0.0075687513266963
5.89000 -0.0075255600320312
5.91000 -0.0074827608843729
5.93000 -0.0074403490120911
5.95000 -0.0073983196117429
5.97000 -0.0073566679536956
5.99000 -0.0073153893888859
6.01000 -0.0072744793412270
6.03000 -0.0072339332984729
6.05000 -0.0071937468199118
6.07000 -0.0071539155410850
6.09000 -0.0071144351610423
6.11000 -0.0070753014396540
6.13000 -0.0070365102061979
6.15000 -0.0069980573571754
6.17000 -0.0069599388476634
6.19000 -0.0069221506906461
6.21000 -0.0068846889624046
6.23000 -0.0068475498020784
6.25000 -0.0068107294044198
6.27000 -0.0067742240173867
6.29000 -0.0067380299476595
6.31000 -0.0067021435600508
6.33000 -0.0066665612712742
6.35000 -0.0066312795479021
6.37000 -0.0065962949094992
6.39000 -0.0065616039301118
6.41000 -0.0065272032334257
6.43000 -0.0064930894903983
6.45000 -0.0064592594193653
6.47000 -0.0064257097885852
6.49000 -0.0063924374145452
6.51000 -0.0063594391583257
6.53000 -0.0063267119237498
6.55000 -0.0062942526596621
6.57000 -0.0062620583608107
6.59000 -0.0062301260648248
6.61000 -0.0061984528502273
6.63000 -0.0061670358359937
6.65000 -0.0061358721817003
6.67000 -0.0061049590894594
6.69000 -0.0060742937995354
6.71000 -0.0060438735909608
6.73000 -0.0060136957788341
6.75000 -0.0059837577158360
6.77000 -0.0059540567943027
6.79000 -0.0059245904402099
6.81000 -0.0058953561171231
6.83000 -0.0058663513203870
6.85000 -0.0058375735802874
6.87000 -0.0058090204636636
6.89000 -0.0057806895677616
6.91000 -0.0057525785246159
6.93000 -0.0057246849970936
6.95000 -0.0056970066772977
6.97000 -0.0056695412920735
6.99000 -0.0056422865977280
7.01000 -0.0056152403796630
7.03000 -0.0055884004550686
7.05000 -0.0055617646676761
7.07000 -0.0055353308892556
7.09000 -0.0055090970230167
7.11000 -0.0054830609978396
7.13000 -0.0054572207694991
7.15000 -0.0054315743227344
7.17000 -0.0054061196664457
7.19000 -0.0053808548344528
7.21000 -0.0053557778889515
7.23000 -0.0053308869171989
7.25000 -0.0053061800290606
7.27000 -0.0052816553604961
7.29000 -0.0052573110716073
7.31000 -0.0052331453439345
7.33000 -0.0052091563833620
7.35000 -0.0051853424205263
7.37000 -0.0051617017071397
7.39000 -0.0051382325160046
7.41000 -0.0051149331433470
7.43000 -0.0050918019069235
7.45000 -0.0050688371440721
7.47000 -0.0050460372135060
7.49000 -0.0050234004960337
7.51000 -0.0050009253923920
7.53000 -0.0049786103214681
7.55000 -0.0049564537224866
7.57000 -0.0049344540550615
7.59000 -0.0049126097967815
7.61000 -0.0048909194437440
7.63000 -0.0048693815112102
7.65000 -0.0048479945332892
7.67000 -0.0048267570612534
7.69000 -0.0048056676629897
7.71000 -0.0047847249246205
7.73000 -0.0047639274502031
7.75000 -0.0047432738600811
7.77000 -0.0047227627905672
7.79000 -0.0047023928949093
7.81000 -0.0046821628433123
7.83000 -0.0046620713213806
7.85000 -0.0046421170294673
7.87000 -0.0046222986835634
7.89000 -0.0046026150159780
7.91000 -0.0045830647739118
7.93000 -0.0045636467188105
7.95000 -0.0045443596263145
7.97000 -0.0045252022872463
7.99000 -0.0045061735067089
8.01000 -0.0044872721034289
8.03000 -0.0044684969093132
8.05000 -0.0044498467700471
8.07000 -0.0044313205458196
8.09000 -0.0044129171093939
8.11000 -0.0043946353465672
8.13000 -0.0043764741553282
8.15000 -0.0043584324467167
8.17000 -0.0043405091449218
8.19000 -0.0043227031856960
8.21000 -0.0043050135171616
8.23000 -0.0042874390989750
8.25000 -0.0042699789029139
8.27000 -0.0042526319131621
8.29000 -0.0042353971245799
8.31000 -0.0042182735432138
8.33000 -0.0042012601865332
8.35000 -0.0041843560827544
8.37000 -0.0041675602712263
8.39000 -0.0041508718025754
8.41000 -0.0041342897372255
8.43000 -0.0041178131456754
8.45000 -0.0041014411096654
8.47000 -0.0040851727208042
8.49000 -0.0040690070804915
8.51000 -0.0040529433005593
8.53000 -0.0040369805016769
8.55000 -0.0040211178141567
8.57000 -0.0040053543787595
8.59000 -0.0039896893452612
8.61000 -0.0039741218723756
8.63000 -0.0039586511282069
8.65000 -0.0039432762896331
8.67000 -0.0039279965423032
8.69000 -0.0039128110809931
8.71000 -0.0038977191093842
8.73000 -0.0038827198390794
8.75000 -0.0038678124899760
8.77000 -0.0038529962910022
8.79000 -0.0038382704787785
8.81000 -0.0038236342982147
8.83000 -0.0038090870024079
8.85000 -0.0037946278522718
8.87000 -0.0037802561163181
8.89000 -0.0037659710704543
8.91000 -0.0037517719987401
8.93000 -0.0037376581928482
8.95000 -0.0037236289514208
8.97000 -0.0037096835804658
8.99000 -0.0036958213935477
9.01000 -0.0036820417110810
9.03000 -0.0036683438603431
9.05000 -0.0036547271758508
9.07000 -0.0036411909992940
9.09000 -0.0036277346787919
9.11000 -0.0036143575688418
9.13000 -0.0036010590308243
9.15000 -0.0035878384328218
9.17000 -0.0035746951491985
9.19000 -0.0035616285606908
9.21000 -0.0035486380544471
9.23000 -0.0035357230238592
9.25000 -0.0035228828682867
9.27000 -0.0035101169929524
9.29000 -0.0034974248092815
9.31000 -0.0034848057349172
9.33000 -0.0034722591931154
9.35000 -0.0034597846127979
9.37000 -0.0034473814285504
9.39000 -0.0034350490805957
9.41000 -0.0034227870150203
9.43000 -0.0034105946831484
9.45000 -0.0033984715415922
9.47000 -0.0033864170527778
9.49000 -0.0033744306842716
9.51000 -0.0033625119087384
9.53000 -0.0033506602040391
9.55000 -0.0033388750529039
9.57000 -0.0033271559436357
9.59000 -0.0033155023694284
9.61000 -0.0033039138281862
9.63000 -0.0032923898226776
9.65000 -0.0032809298605798
9.67000 -0.0032695334545485
9.69000 -0.0032582001217541
9.71000 -0.0032469293838395
9.73000 -0.0032357207670516
9.75000 -0.0032245738026136
9.77000 -0.0032134880261171
9.79000 -0.0032024629772946
9.81000 -0.0031914982005089
9.83000 -0.0031805932441818
9.85000 -0.0031697476611505
9.87000 -0.0031589610088530
9.89000 -0.0031482328485694
9.91000 -0.0031375627455249
9.93000 -0.0031269502694933
9.95000 -0.0031163949941585
9.97000 -0.0031058964969855
9.99000 -0.0030954543597239
10.01000 -0.0030850681678089
10.03000 -0.0030747375102769
10.05000 -0.0030644619805116
10.07000 -0.0030542411756714
10.09000 -0.0030440746963359
10.11000 -0.0030339621468608
10.13000 -0.0030239031352576
10.15000 -0.0030138972731865
10.17000 -0.0030039441758022
10.19000 -0.0029940434619885
10.21000 -0.0029841947541155
10.23000 -0.0029743976776655
10.25000 -0.0029646518617213
10.27000 -0.0029549569390604
10.29000 -0.0029453125454477
10.31000 -0.0029357183199620
10.33000 -0.0029261739051931
10.35000 -0.0029166789466064
10.37000 -0.0029072330929445
10.39000 -0.0028978359964243
10.41000 -0.0028884873122087
10.43000 -0.0028791866985821
10.45000 -0.0028699338167661
10.47000 -0.0028607283309773
10.49000 -0.0028515699086490
10.51000 -0.0028424582201442
10.53000 -0.0028333929385315
10.55000 -0.0028243737399578
10.57000 -0.0028154003035164
10.59000 -0.0028064723109034
10.61000 -0.0027975894467029
10.63000 -0.0027887513983917
10.65000 -0.0027799578562248
10.67000 -0.0027712085131144
10.69000 -0.0027625030642935
10.71000 -0.0027538412080736
10.73000 -0.0027452226454600
10.75000 -0.0027366470797961
10.77000 -0.0027281142171584
10.79000 -0.0027196237660878
10.81000 -0.0027111754377524
10.83000 -0.0027027689457414
10.85000 -0.0026944040059997
10.87000 -0.0026860803371187
10.89000 -0.0026777976600921
10.91000 -0.0026695556981897
10.93000 -0.0026613541771771
10.95000 -0.0026531928250174
10.97000 -0.0026450713719721
10.99000 -0.0026369895508266
11.01000 -0.0026289470965765
11.03000 -0.0026209437463524
11.05000 -0.0026129792395000
11.07000 -0.0026050533177151
11.09000 -0.0025971657247497
11.11000 -0.0025893162064910
11.13000 -0.0025815045110937
11.15000 -0.0025737303885988
11.17000 -0.0025659935915371
11.19000 -0.0025582938743192
11.21000 -0.0025506309931851
11.23000 -0.0025430047065531
11.25000 -0.0025354147749542
11.27000 -0.0025278609608433
11.29000 -0.0025203430286502
11.31000 -0.0025128607447632
11.33000 -0.0025054138773716
11.35000 -0.0024980021967552
11.37000 -0.0024906254749985
11.39000 -0.0024832834861192
11.41000 -0.0024759760058863
11.43000 -0.0024687028119471
11.45000 -0.0024614636838047
11.47000 -0.0024542584028467
11.49000 -0.0024470867521333
11.51000 -0.0024399485162454
11.53000 -0.0024328434819211
11.55000 -0.0024257714375219
11.57000 -0.0024187321729314
11.59000 -0.0024117254800013
11.61000 -0.0024047511520995
11.63000 -0.0023978089841257
11.65000 -0.0023908987729963
11.67000 -0.0023840203169500
11.69000 -0.0023771734158729
11.71000 -0.0023703578714485
11.73000 -0.0023635734866793
11.75000 -0.0023568200662713
11.77000 -0.0023500974166313
11.79000 -0.0023434053455216
11.81000 -0.0023367436620913
11.83000 -0.0023301121771841
11.85000 -0.0023235107032962
11.87000 -0.0023169390541504
11.89000 -0.0023103970448965
11.91000 -0.0023038844924457
11.93000 -0.0022974012149126
11.95000 -0.0022909470317644
11.97000 -0.0022845217640450
11.99000 -0.0022781252341960
12.01000 -0.0022717572659781
12.03000 -0.0022654176844944
12.05000 -0.0022591063162398
12.07000 -0.0022528229891218
12.09000 -0.0022465675322988
12.11000 -0.0022403397763370
12.13000 -0.0022341395529871
12.15000 -0.0022279666954098
12.17000 -0.0022218210379133
12.19000 -0.0022157024161768
12.21000 -0.0022096106671647
12.23000 -0.0022035456290375
12.25000 -0.0021975071413480
12.27000 -0.0021914950445355
12.29000 -0.0021855091805191
12.31000 -0.0021795493923496
12.33000 -0.0021736155242592
12.35000 -0.0021677074217042
12.37000 -0.0021618249312475
12.39000 -0.0021559679007403
12.41000 -0.0021501361790003
12.43000 -0.0021443296160690
12.45000 -0.0021385480631144
12.47000 -0.0021327913725120
12.49000 -0.0021270593976195
12.51000 -0.0021213519928951
12.53000 -0.0021156690139101
12.55000 -0.0021100103172819
12.57000 -0.0021043757608868
12.59000 -0.0020987652034099
12.61000 -0.0020931785046688
12.63000 -0.0020876155256092
12.65000 -0.0020820761280852
12.67000 -0.0020765601750326
12.69000 -0.0020710675303544
12.71000 -0.0020655980590440
12.73000 -0.0020601516269840
12.75000 -0.0020547281010976
12.77000 -0.0020493273493435
12.79000 -0.0020439492405122
12.81000 -0.0020385936444259
12.83000 -0.0020332604318047
12.85000 -0.0020279494744471
12.87000 -0.0020226606450341
12.89000 -0.0020173938170194
12.91000 -0.0020121488648834
12.93000 -0.0020069256640944
12.95000 -0.0020017240909134
12.97000 -0.0019965440225733
12.99000 -0.0019913853370968
13.01000 -0.0019862479134234
13.03000 -0.0019811316315082
13.05000 -0.0019760363718117
13.07000 -0.0019709620160498
13.09000 -0.0019659084465662
13.11000 -0.0019608755464627
13.13000 -0.0019558632000381
13.15000 -0.0019508712919159
13.17000 -0.0019458997079997
13.19000 -0.0019409483348127
13.21000 -0.0019360170594721
13.23000 -0.0019311057703026
13.25000 -0.0019262143561134
13.27000 -0.0019213427065513
13.29000 -0.0019164907122227
13.31000 -0.0019116582643247
13.33000 -0.0019068452547883
13.35000 -0.0019020515763598
13.37000 -0.0018972771226517
13.39000 -0.0018925217878746
13.41000 -0.0018877854670287
13.43000 -0.0018830680558887
13.45000 -0.0018783694508390
13.47000 -0.0018736895490760
13.49000 -0.0018690282485329
13.51000 -0.0018643854476770
13.53000 -0.0018597610459357
13.55000 -0.0018551549433186
13.57000 -0.0018505670402978
13.59000 -0.0018459972385339
13.61000 -0.0018414454399442
13.63000 -0.0018369115471462
13.65000 -0.0018323954637285
13.67000 -0.0018278970936062
13.69000 -0.0018234163414764
13.71000 -0.0018189531127464
13.73000 -0.0018145073134748
13.75000 -0.0018100788501961
13.77000 -0.0018056676301908
13.79000 -0.0018012735614747
13.81000 -0.0017968965524187
13.83000 -0.0017925365123437
13.85000 -0.0017881933509776
13.87000 -0.0017838669785513
13.89000 -0.0017795573062191
13.91000 -0.0017752642454984
13.93000 -0.0017709877085320
13.95000 -0.0017667276081918
13.97000 -0.0017624838576592
13.99000 -0.0017582563709155
14.01000 -0.0017540450625582
14.03000 -0.0017498498475496
14.05000 -0.0017456706415930
14.07000 -0.0017415073609078
14.09000 -0.0017373599222438
14.11000 -0.0017332282428232
14.13000 -0.0017291122406223
14.15000 -0.0017250118339587
14.17000 -0.0017209269417926
14.19000 -0.0017168574836846
14.21000 -0.0017128033795633
14.23000 -0.0017087645499303
14.25000 -0.0017047409158777
14.27000 -0.0017007323990669
14.29000 -0.0016967389215022
14.31000 -0.0016927604057999
14.33000 -0.0016887967750015
14.35000 -0.0016848479528072
14.37000 -0.0016809138632958
14.39000 -0.0016769944310390
14.41000 -0.0016730895812181
14.43000 -0.0016691992392330
14.45000 -0.0016653233312491
14.47000 -0.0016614617838899
14.49000 -0.0016576145239986
14.51000 -0.0016537814790885
14.53000 -0.0016499625771985
14.55000 -0.0016461577467337
14.57000 -0.0016423669164759
14.59000 -0.0016385900158626
14.61000 -0.0016348269745612
14.63000 -0.0016310777229242
14.65000 -0.0016273421915889
14.67000 -0.0016236203115475
14.69000 -0.0016199120145309
14.71000 -0.0016162172325033
14.73000 -0.0016125358979008
14.75000 -0.0016088679434425
14.77000 -0.0016052133025481
14.79000 -0.0016015719089372
14.81000 -0.0015979436966718
14.83000 -0.0015943286003453
14.85000 -0.0015907265548193
14.87000 -0.0015871374955772
14.89000 -0.0015835613582847
14.91000 -0.0015799980791322
14.93000 -0.0015764475947580
14.95000 -0.0015729098421061
14.97000 -0.0015693847585382
14.99000 -0.0015658722817772
15.01000 -0.0015623723500402
15.03000 -0.0015588849017873
15.05000 -0.0015554098759262
15.07000 -0.0015519472118331
15.09000 -0.0015484968491338
15.11000 -0.0015450587278848
15.13000 -0.0015416327884724
15.15000 -0.0015382189716181
15.17000 -0.0015348172186624
15.19000 -0.0015314274709829
15.21000 -0.0015280496704200
15.23000 -0.0015246837592691
15.25000 -0.0015213296801102
15.27000 -0.0015179873758959
15.29000 -0.0015146567898423
15.31000 -0.0015113378656417
15.33000 -0.0015080305472657
15.35000 -0.0015047347790344
15.37000 -0.0015014505055785
15.39000 -0.0014981776718744
15.41000 -0.0014949162233630
15.43000 -0.0014916661056658
15.45000 -0.0014884272646947
15.47000 -0.0014851996467604
15.49000 -0.0014819831986203
15.51000 -0.0014787778671562
15.53000 -0.0014755835996372
15.55000 -0.0014724003438021
15.57000 -0.0014692280474236
15.59000 -0.0014660666587600
15.61000 -0.0014629161264134
15.63000 -0.0014597763991778
15.65000 -0.0014566474261903
15.67000 -0.0014535291569350
15.69000 -0.0014504215412304
15.71000 -0.0014473245291047
15.73000 -0.0014442380708352
15.75000 -0.0014411621171721
15.77000 -0.0014380966190478
15.79000 -0.0014350415276439
15.81000 -0.0014319967945214
15.83000 -0.0014289623715262
15.85000 -0.0014259382106920
15.87000 -0.0014229242644424
15.89000 -0.0014199204854893
15.91000 -0.0014169268266264
15.93000 -0.0014139432411602
15.95000 -0.0014109696825988
15.97000 -0.0014080061047239
15.99000 -0.0014050524615218
16.01000 -0.0014021087072438
16.03000 -0.0013991747965681
16.05000 -0.0013962506842742
16.07000 -0.0013933363254554
16.09000 -0.0013904316755560
16.11000 -0.0013875366900420
16.13000 -0.0013846513249322
16.15000 -0.0013817755362930
16.17000 -0.0013789092804699
16.19000 -0.0013760525142470
16.21000 -0.0013732051943895
16.23000 -0.0013703672780615
16.25000 -0.0013675387226354
16.27000 -0.0013647194858207
16.29000 -0.0013619095254774
16.31000 -0.0013591087995901
16.33000 -0.0013563172666207
16.35000 -0.0013535348852111
16.37000 -0.0013507616140915
16.39000 -0.0013479974124018
16.41000 -0.0013452422394476
16.43000 -0.0013424960546661
16.45000 -0.0013397588178933
16.47000 -0.0013370304892229
16.49000 -0.0013343110286556
16.51000 -0.0013316003967872
16.53000 -0.0013288985542937
16.55000 -0.0013262054619470
16.57000 -0.0013235210809572
16.59000 -0.0013208453726915
16.61000 -0.0013181782986320
16.63000 -0.0013155198205383
16.65000 -0.0013128699004368
16.67000 -0.0013102285004869
16.69000 -0.0013075955831385
16.71000 -0.0013049711109437
16.73000 -0.0013023550468655
16.75000 -0.0012997473538197
16.77000 -0.0012971479950002
16.79000 -0.0012945569340050
16.81000 -0.0012919741344099
16.83000 -0.0012893995600300
16.85000 -0.0012868331749908
16.87000 -0.0012842749435723
16.89000 -0.0012817248301358
16.91000 -0.0012791827993001
16.93000 -0.0012766488159961
16.95000 -0.0012741228453246
16.97000 -0.0012716048524517
16.99000 -0.0012690948026806
17.01000 -0.0012665926617876
17.03000 -0.0012640983955792
17.05000 -0.0012616119698479
17.07000 -0.0012591333509710
17.09000 -0.0012566625053504
17.11000 -0.0012541993993521
17.13000 -0.0012517439997555
17.15000 -0.0012492962735412
17.17000 -0.0012468561878003
17.19000 -0.0012444237097296
17.21000 -0.0012419988067942
17.23000 -0.0012395814467033
17.25000 -0.0012371715971883
17.27000 -0.0012347692262336
17.29000 -0.0012323743019823
17.31000 -0.0012299867927768
17.33000 -0.0012276066671750
17.35000 -0.0012252338936427
17.37000 -0.0012228684412071
17.39000 -0.0012205102788747
17.41000 -0.0012181593756220
17.43000 -0.0012158157009246
17.45000 -0.0012134792242758
17.47000 -0.0012111499153677
17.49000 -0.0012088277439486
17.51000 -0.0012065126800042
17.53000 -0.0012042046937198
17.55000 -0.0012019037553685
17.57000 -0.0011996098354629
17.59000 -0.0011973229046402
17.61000 -0.0011950429335414
17.63000 -0.0011927698932134
17.65000 -0.0011905037546992
17.67000 -0.0011882444893255
17.69000 -0.0011859920683650
17.71000 -0.0011837464633713
17.73000 -0.0011815076461658
17.75000 -0.0011792755884100
17.77000 -0.0011770502622336
17.79000 -0.0011748316398084
17.81000 -0.0011726196932170
17.83000 -0.0011704143950371
17.85000 -0.0011682157178995
17.87000 -0.0011660236343469
17.89000 -0.0011638381173889
17.91000 -0.0011616591400050
17.93000 -0.0011594866752455
17.95000 -0.0011573206964431
17.97000 -0.0011551611771988
17.99000 -0.0011530080908390
18.01000 -0.0011508614110614
18.03000 -0.0011487211118129
18.05000 -0.0011465871671096
18.07000 -0.0011444595509822
18.09000 -0.0011423382376316
18.11000 -0.0011402232014823
18.13000 -0.0011381144170480
18.15000 -0.0011360118589930
18.17000 -0.0011339155019863
18.19000 -0.0011318253210396
18.21000 -0.0011297412911229
18.23000 -0.0011276633873837
18.25000 -0.0011255915851253
18.27000 -0.0011235258597901
18.29000 -0.0011214661868609
18.31000 -0.0011194125419943
18.33000 -0.0011173649010703
18.35000 -0.0011153232398947
18.37000 -0.0011132875344505
18.39000 -0.0011112577610900
18.41000 -0.0011092338960401
18.43000 -0.0011072159155002
18.45000 -0.0011052037961362
18.47000 -0.0011031975146558
18.49000 -0.0011011970476493
18.51000 -0.0010992023720812
18.53000 -0.0010972134649455
18.55000 -0.0010952303032708
18.57000 -0.0010932528643937
18.59000 -0.0010912811255515
18.61000 -0.0010893150642324
18.63000 -0.0010873546580262
18.65000 -0.0010853998844732
18.67000 -0.0010834507215321
18.69000 -0.0010815071470984
18.71000 -0.0010795691390021
18.73000 -0.0010776366755009
18.75000 -0.0010757097348441
18.77000 -0.0010737882952336
18.79000 -0.0010718723352400
18.81000 -0.0010699618334267
18.83000 -0.0010680567683106
18.85000 -0.0010661571187916
18.87000 -0.0010642628637078
18.89000 -0.0010623739819865
18.91000 -0.0010604904527554
18.93000 -0.0010586122551471
18.95000 -0.0010567393685003
18.97000 -0.0010548717722295
18.99000 -0.0010530094457069
19.01000 -0.0010511523685805
19.03000 -0.0010493005206445
19.05000 -0.0010474538815817
19.07000 -0.0010456124312495
19.09000 -0.0010437761496532
19.11000 -0.0010419450169596
19.13000 -0.0010401190133386
19.15000 -0.0010382981189791
19.17000 -0.0010364823143425
19.19000 -0.0010346715798984
19.21000 -0.0010328658961355
19.23000 -0.0010310652437873
19.25000 -0.0010292696036346
19.27000 -0.0010274789564325
19.29000 -0.0010256932831887
19.31000 -0.0010239125649994
19.33000 -0.0010221367828701
19.35000 -0.0010203659180258
19.37000 -0.0010185999519318
19.39000 -0.0010168388658381
19.41000 -0.0010150826412610
19.43000 -0.0010133312598055
19.45000 -0.0010115847030761
19.47000 -0.0010098429529844
19.49000 -0.0010081059912167
19.51000 -0.0010063737997084
19.53000 -0.0010046463606080
19.55000 -0.0010029236559403
19.57000 -0.0010012056678260
19.59000 -0.0009994923786791
19.61000 -0.0009977837707346
19.63000 -0.0009960798264751
19.65000 -0.0009943805284695
19.67000 -0.0009926858592937
19.69000 -0.0009909958016675
19.71000 -0.0009893103382441
19.73000 -0.0009876294520735
19.75000 -0.0009859531259983
19.77000 -0.0009842813430109
19.79000 -0.0009826140862002
19.81000 -0.0009809513388377
19.83000 -0.0009792930841179
19.85000 -0.0009776393053321
19.87000 -0.0009759899860092
19.89000 -0.0009743451096243
19.91000 -0.0009727046596642
19.93000 -0.0009710686197408
19.95000 -0.0009694369737369
19.97000 -0.0009678097053671
19.99000 -0.0009661867985851
20.01000 -0.0009645682371823
20.03000 -0.0009629540052980
20.05000 -0.0009613440871260
20.07000 -0.0009597384666365
20.09000 -0.0009581371281988
20.11000 -0.0009565400561496
20.13000 -0.0009549472348181
20.15000 -0.0009533586487927
20.17000 -0.0009517742825219
20.19000 -0.0009501941205460
20.21000 -0.0009486181477221
20.23000 -0.0009470463486428
20.25000 -0.0009454787082837
20.27000 -0.0009439152114764
20.29000 -0.0009423558431529
20.31000 -0.0009408005883717
20.33000 -0.0009392494322426
20.35000 -0.0009377023599947
20.37000 -0.0009361593567063
20.39000 -0.0009346204078623
20.41000 -0.0009330854987684
20.43000 -0.0009315546148234
20.45000 -0.0009300277416526
20.47000 -0.0009285048647368
20.49000 -0.0009269859696953
20.51000 -0.0009254710423200
20.53000 -0.0009239600683568
20.55000 -0.0009224530335927
20.57000 -0.0009209499240388
20.59000 -0.0009194507255446
20.61000 -0.0009179554241451
20.63000 -0.0009164640060755
20.65000 -0.0009149764573408
20.67000 -0.0009134927641950
20.69000 -0.0009120129129687
20.71000 -0.0009105368899920
20.73000 -0.0009090646815741
20.75000 -0.0009075962742959
20.77000 -0.0009061316547637
20.79000 -0.0009046708093172
20.81000 -0.0009032137247026
20.83000 -0.0009017603878030
20.85000 -0.0009003107852222
20.87000 -0.0008988649037611
20.89000 -0.0008974227303462
20.91000 -0.0008959842519394
20.93000 -0.0008945494556222
20.95000 -0.0008931183283251
20.97000 -0.0008916908571991
20.99000 -0.0008902670294681
21.01000 -0.0008888468323137
21.03000 -0.0008874302530881
21.05000 -0.0008860172791459
21.07000 -0.0008846078977689
21.09000 -0.0008832020964951
21.11000 -0.0008817998629136
21.13000 -0.0008804011844724
21.15000 -0.0008790060488306
21.17000 -0.0008776144437870
21.19000 -0.0008762263569363
21.21000 -0.0008748417760432
21.23000 -0.0008734606890606
21.25000 -0.0008720830838616
21.27000 -0.0008707089483469
21.29000 -0.0008693382705452
21.31000 -0.0008679710385325
21.33000 -0.0008666072404578
21.35000 -0.0008652468644027
21.37000 -0.0008638898984856
21.39000 -0.0008625363311939
21.41000 -0.0008611861507151
21.43000 -0.0008598393454283
21.45000 -0.0008584959037646
21.47000 -0.0008571558141908
21.49000 -0.0008558190651954
21.51000 -0.0008544856453540
21.53000 -0.0008531555433477
21.55000 -0.0008518287478161
21.57000 -0.0008505052473624
21.59000 -0.0008491850308463
21.61000 -0.0008478680871879
21.63000 -0.0008465544050758
21.65000 -0.0008452439734706
21.67000 -0.0008439367813452
21.69000 -0.0008426328177128
21.71000 -0.0008413320716395
21.73000 -0.0008400345322116
21.75000 -0.0008387401885273
21.77000 -0.0008374490298493
21.79000 -0.0008361610453998
21.81000 -0.0008348762244576
21.83000 -0.0008335945563252
21.85000 -0.0008323160303982
21.87000 -0.0008310406361662
21.89000 -0.0008297683630772
21.91000 -0.0008284992005635
21.93000 -0.0008272331381595
21.95000 -0.0008259701656620
21.97000 -0.0008247102726134
21.99000 -0.0008234534485857
22.01000 -0.0008221996834719
22.03000 -0.0008209489670452
22.05000 -0.0008197012890504
22.07000 -0.0008184566393789
22.09000 -0.0008172150079236
22.11000 -0.0008159763847269
22.13000 -0.0008147407596762
22.15000 -0.0008135081228552
22.17000 -0.0008122784643755
22.19000 -0.0008110517742248
22.21000 -0.0008098280427311
22.23000 -0.0008086072600212
22.25000 -0.0008073894163584
22.27000 -0.0008061745019729
22.29000 -0.0008049625072541
22.31000 -0.0008037534225578
22.33000 -0.0008025472381907
22.35000 -0.0008013439448257
22.37000 -0.0008001435328040
22.39000 -0.0007989459925847
22.41000 -0.0007977513148521
22.43000 -0.0007965594901396
22.45000 -0.0007953705092058
22.47000 -0.0007941843626425
22.49000 -0.0007930010411156
22.51000 -0.0007918205355168
22.53000 -0.0007906428366036
22.55000 -0.0007894679351787
22.57000 -0.0007882958221234
22.59000 -0.0007871264884451
22.61000 -0.0007859599249566
22.63000 -0.0007847961227082
22.65000 -0.0007836350728087
22.67000 -0.0007824767661505
22.69000 -0.0007813211939406
22.71000 -0.0007801683473168
22.73000 -0.0007790182174230
22.75000 -0.0007778707955458
22.77000 -0.0007767260728962
22.79000 -0.0007755840406364
22.81000 -0.0007744446901518
22.83000 -0.0007733080129278
22.85000 -0.0007721740002579
22.87000 -0.0007710426434682
22.89000 -0.0007699139341291
22.91000 -0.0007687878637398
22.93000 -0.0007676644238221
22.95000 -0.0007665436059394
22.97000 -0.0007654254015878
22.99000 -0.0007643098025175
23.01000 -0.0007631968004291
23.03000 -0.0007620863868621
23.05000 -0.0007609785536872
23.07000 -0.0007598732926627
23.09000 -0.0007587705955049
23.11000 -0.0007576704541036
23.13000 -0.0007565728603032
23.15000 -0.0007554778060869
23.17000 -0.0007543852832666
23.19000 -0.0007532952838245
23.21000 -0.0007522077998632
23.23000 -0.0007511228233946
23.25000 -0.0007500403463859
23.27000 -0.0007489603609096
23.29000 -0.0007478828592030
23.31000 -0.0007468078334014
23.33000 -0.0007457352756607
23.35000 -0.0007446651781763
23.37000 -0.0007435975332976
23.39000 -0.0007425323332542
23.41000 -0.0007414695702653
23.43000 -0.0007404092368115
23.45000 -0.0007393513252547
23.47000 -0.0007382958279024
23.49000 -0.0007372427372310
23.51000 -0.0007361920457884
23.53000 -0.0007351437459817
23.55000 -0.0007340978304180
23.57000 -0.0007330542915013
23.59000 -0.0007320131219051
23.61000 -0.0007309743143624
23.63000 -0.0007299378612802
23.65000 -0.0007289037554862
23.67000 -0.0007278719896556
23.69000 -0.0007268425565141
23.71000 -0.0007258154488217
23.73000 -0.0007247906593664
23.75000 -0.0007237681810220
23.77000 -0.0007227480064419
23.79000 -0.0007217301286474
23.81000 -0.0007207145405452
23.83000 -0.0007197012350015
23.85000 -0.0007186902051514
23.87000 -0.0007176814437285
23.89000 -0.0007166749438143
23.91000 -0.0007156706985327
23.93000 -0.0007146687008494
23.95000 -0.0007136689439577
23.97000 -0.0007126714209592
23.99000 -0.0007116761248794
24.01000 -0.0007106830490039
24.03000 -0.0007096921865244
24.05000 -0.0007087035307076
24.07000 -0.0007077170747151
24.09000 -0.0007067328117506
24.11000 -0.0007057507353733
24.13000 -0.0007047708387292
24.15000 -0.0007037931151636
24.17000 -0.0007028175581860
24.19000 -0.0007018441611230
24.21000 -0.0007008729174090
24.23000 -0.0006999038204668
24.25000 -0.0006989368638697
24.27000 -0.0006979720411174
24.29000 -0.0006970093456392
24.31000 -0.0006960487710841
24.33000 -0.0006950903110322
24.35000 -0.0006941339590636
24.37000 -0.0006931797088546
24.39000 -0.0006922275540247
24.41000 -0.0006912774882302
24.43000 -0.0006903295052297
24.45000 -0.0006893835987877
24.47000 -0.0006884397625354
24.49000 -0.0006874979903361
24.51000 -0.0006865582760949
24.53000 -0.0006856206133920
24.55000 -0.0006846849962278
24.57000 -0.0006837514185268
24.59000 -0.0006828198740113
24.61000 -0.0006818903568185
24.63000 -0.0006809628607249
24.65000 -0.0006800373796521
24.67000 -0.0006791139078064
24.69000 -0.0006781924390583
24.71000 -0.0006772729674339
24.73000 -0.0006763554870295
24.75000 -0.0006754399918993
24.77000 -0.0006745264761520
24.79000 -0.0006736149339330
24.81000 -0.0006727053592917
24.83000 -0.0006717977465753
24.85000 -0.0006708920899555
24.87000 -0.0006699883833847
24.89000 -0.0006690866212530
24.91000 -0.0006681867979757
24.93000 -0.0006672889076529
24.95000 -0.0006663929445657
24.97000 -0.0006654989031195
24.99000 -0.0006646067775903
25.01000 -0.0006637165624691
25.03000 -0.0006628282519438
25.05000 -0.0006619418405052
25.07000 -0.0006610573227311
25.09000 -0.0006601746927602
25.11000 -0.0006592939453077
25.13000 -0.0006584150748496
25.15000 -0.0006575380756825
25.17000 -0.0006566629425397
25.19000 -0.0006557896698877
25.21000 -0.0006549182523292
25.23000 -0.0006540486845113
25.25000 -0.0006531809608374
25.27000 -0.0006523150760635
25.29000 -0.0006514510249483
25.31000 -0.0006505888020474
25.33000 -0.0006497284020220
25.35000 -0.0006488698195585
25.37000 -0.0006480130495559
25.39000 -0.0006471580865783
25.41000 -0.0006463049254092
25.43000 -0.0006454535609682
25.45000 -0.0006446039879265
25.47000 -0.0006437562011933
25.49000 -0.0006429101955394
25.51000 -0.0006420659658996
25.53000 -0.0006412235071349
25.55000 -0.0006403828140076
25.57000 -0.0006395438816880
25.59000 -0.0006387067049650
25.61000 -0.0006378712787282
25.63000 -0.0006370375980943
25.65000 -0.0006362056579599
25.67000 -0.0006353754533806
25.69000 -0.0006345469793911
25.71000 -0.0006337202310335
25.73000 -0.0006328952033212
25.75000 -0.0006320718913573
25.77000 -0.0006312502902507
25.79000 -0.0006304303951650
25.81000 -0.0006296122012403
25.83000 -0.0006287957034997
25.85000 -0.0006279808972307
25.87000 -0.0006271677776460
25.89000 -0.0006263563398676
25.91000 -0.0006255465791118
25.93000 -0.0006247384906804
25.95000 -0.0006239320697768
25.97000 -0.0006231273117478
25.99000 -0.0006223242118555
26.01000 -0.0006215227653432
26.03000 -0.0006207229676277
26.05000 -0.0006199248140121
26.07000 -0.0006191282998728
26.09000 -0.0006183334205305
26.11000 -0.0006175401714382
26.13000 -0.0006167485479669
26.15000 -0.0006159585455851
26.17000 -0.0006151701597074
26.19000 -0.0006143833857607
26.21000 -0.0006135982192478
26.23000 -0.0006128146556800
26.25000 -0.0006120326905435
26.27000 -0.0006112523193781
26.29000 -0.0006104735376834
26.31000 -0.0006096963410209
26.33000 -0.0006089207250047
26.35000 -0.0006081466851996
26.37000 -0.0006073742172386
26.39000 -0.0006066033165994
26.41000 -0.0006058339790234
26.43000 -0.0006050662002064
26.45000 -0.0006042999757925
26.47000 -0.0006035353013066
26.49000 -0.0006027721725685
26.51000 -0.0006020105854174
26.53000 -0.0006012505353315
26.55000 -0.0006004920181475
26.57000 -0.0005997350296615
26.59000 -0.0005989795656462
26.61000 -0.0005982256218263
26.63000 -0.0005974731939510
26.65000 -0.0005967222779865
26.67000 -0.0005959728696521
26.69000 -0.0005952249648240
26.71000 -0.0005944785594305
26.73000 -0.0005937336491795
26.75000 -0.0005929902300752
26.77000 -0.0005922482980308
26.79000 -0.0005915078488667
26.81000 -0.0005907688785957
26.83000 -0.0005900313831697
26.85000 -0.0005892953584602
26.87000 -0.0005885608004793
26.89000 -0.0005878277053016
26.91000 -0.0005870960688028
26.93000 -0.0005863658870589
26.95000 -0.0005856371560856
26.97000 -0.0005849098718907
26.99000 -0.0005841840306203
27.01000 -0.0005834596282897
27.03000 -0.0005827366608775
27.05000 -0.0005820151246438
27.07000 -0.0005812950156982
27.09000 -0.0005805763300134
27.11000 -0.0005798590638854
27.13000 -0.0005791432133014
27.15000 -0.0005784287745436
27.17000 -0.0005777157438338
27.19000 -0.0005770041172122
27.21000 -0.0005762938909528
27.23000 -0.0005755850612874
27.25000 -0.0005748776244922
27.27000 -0.0005741715767733
27.29000 -0.0005734669142126
27.31000 -0.0005727636332592
27.33000 -0.0005720617302850
27.35000 -0.0005713612013042
27.37000 -0.0005706620428550
27.39000 -0.0005699642512241
27.41000 -0.0005692678226180
27.43000 -0.0005685727535017
27.45000 -0.0005678790401582
27.47000 -0.0005671866790087
27.49000 -0.0005664956663733
27.51000 -0.0005658059987068
27.53000 -0.0005651176723852
27.55000 -0.0005644306838311
27.57000 -0.0005637450294985
27.59000 -0.0005630607057372
27.61000 -0.0005623777091083
27.63000 -0.0005616960360639
27.65000 -0.0005610156829862
27.67000 -0.0005603366464597
27.69000 -0.0005596589229820
27.71000 -0.0005589825089970
27.73000 -0.0005583074011019
27.75000 -0.0005576335958535
27.77000 -0.0005569610897068
27.79000 -0.0005562898792019
27.81000 -0.0005556199610672
27.83000 -0.0005549513318384
27.85000 -0.0005542839879415
27.87000 -0.0005536179261789
27.89000 -0.0005529531431279
27.91000 -0.0005522896352573
27.93000 -0.0005516273994696
27.95000 -0.0005509664322996
27.97000 -0.0005503067303507
27.99000 -0.0005496482903084
28.01000 -0.0005489911088922
28.03000 -0.0005483351827916
28.05000 -0.0005476805088057
28.07000 -0.0005470270835170
28.09000 -0.0005463749036040
28.11000 -0.0005457239660527
28.13000 -0.0005450742673853
28.15000 -0.0005444258043986
28.17000 -0.0005437785740671
28.19000 -0.0005431325729189
28.21000 -0.0005424877977687
28.23000 -0.0005418442455999
28.25000 -0.0005412019131373
28.27000 -0.0005405607970977
28.29000 -0.0005399208944956
28.31000 -0.0005392822021242
28.33000 -0.0005386447167129
28.35000 -0.0005380084352864
28.37000 -0.0005373733546161
28.39000 -0.0005367394716353
28.41000 -0.0005361067833380
28.43000 -0.0005354752865201
28.45000 -0.0005348449779826
28.47000 -0.0005342158549327
28.49000 -0.0005335879141357
28.51000 -0.0005329611525153
28.53000 -0.0005323355671119
28.55000 -0.0005317111548594
28.57000 -0.0005310879128028
28.59000 -0.0005304658378242
28.61000 -0.0005298449269316
28.63000 -0.0005292251772131
28.65000 -0.0005286065856745
28.67000 -0.0005279891492693
28.69000 -0.0005273728651540
28.71000 -0.0005267577302443
28.73000 -0.0005261437415992
28.75000 -0.0005255308963989
28.77000 -0.0005249191916747
28.79000 -0.0005243086244899
28.81000 -0.0005236991919149
28.83000 -0.0005230908911319
28.85000 -0.0005224837191689
28.87000 -0.0005218776731451
28.89000 -0.0005212727503414
28.91000 -0.0005206689477926
28.93000 -0.0005200662625814
28.95000 -0.0005194646919555
28.97000 -0.0005188642330940
28.99000 -0.0005182648831243
29.01000 -0.0005176666392054
29.03000 -0.0005170694986629
29.05000 -0.0005164734585953
29.07000 -0.0005158785162648
29.09000 -0.0005152846688728
29.11000 -0.0005146919136590
29.13000 -0.0005141002478496
29.15000 -0.0005135096686617
29.17000 -0.0005129201734635
29.19000 -0.0005123317594558
29.21000 -0.0005117444239487
29.23000 -0.0005111581641145
29.25000 -0.0005105729773319
29.27000 -0.0005099888609762
29.29000 -0.0005094058122575
29.31000 -0.0005088238285150
29.33000 -0.0005082429070730
29.35000 -0.0005076630452604
29.37000 -0.0005070842405031
29.39000 -0.0005065064900077
29.41000 -0.0005059297913002
29.43000 -0.0005053541417122
29.45000 -0.0005047795384317
29.47000 -0.0005042059791223
29.49000 -0.0005036334610236
29.51000 -0.0005030619815521
29.53000 -0.0005024915381797
29.55000 -0.0005019221282371
29.57000 -0.0005013537492453
29.59000 -0.0005007863985837
29.61000 -0.0005002200737039
29.63000 -0.0004996547720971
29.65000 -0.0004990904911618
29.67000 -0.0004985272283824
29.69000 -0.0004979649812709
29.71000 -0.0004974037473136
29.73000 -0.0004968435239680
29.75000 -0.0004962843087248
29.77000 -0.0004957260991523
29.79000 -0.0004951688927238
29.81000 -0.0004946126870044
29.83000 -0.0004940574794421
29.85000 -0.0004935032675546
29.87000 -0.0004929500491062
29.89000 -0.0004923978214860
29.91000 -0.0004918465822414
29.93000 -0.0004912963289639
29.95000 -0.0004907470592403
29.97000 -0.0004901987707230
29.99000 -0.0004896514608877
30.01000 -0.0004891051273766
30.03000 -0.0004885597679202
30.05000 -0.0004880153799195
30.07000 -0.0004874719611528
30.09000 -0.0004869295091674
30.11000 -0.0004863880216199
30.13000 -0.0004858474962950
30.15000 -0.0004853079305971
30.17000 -0.0004847693223312
30.19000 -0.0004842316691855
30.21000 -0.0004836949688008
30.23000 -0.0004831592187422
30.25000 -0.0004826244168798
30.27000 -0.0004820905608615
30.29000 -0.0004815576483063
30.31000 -0.0004810256769956
30.33000 -0.0004804946446595
30.35000 -0.0004799645489685
30.37000 -0.0004794353876656
30.39000 -0.0004789071585519
30.41000 -0.0004783798592307
30.43000 -0.0004778534876114
30.45000 -0.0004773280414285
30.47000 -0.0004768035182592
30.49000 -0.0004762799161001
30.51000 -0.0004757572327495
30.53000 -0.0004752354658235
30.55000 -0.0004747146130770
30.57000 -0.0004741946725432
30.59000 -0.0004736756419232
30.61000 -0.0004731575189332
30.63000 -0.0004726403015638
30.65000 -0.0004721239874400
30.67000 -0.0004716085745047
30.69000 -0.0004710940606955
30.71000 -0.0004705804437327
30.73000 -0.0004700677214607
30.75000 -0.0004695558917717
30.77000 -0.0004690449525707
30.79000 -0.0004685349016706
30.81000 -0.0004680257369800
30.83000 -0.0004675174563938
30.85000 -0.0004670100577325
30.87000 -0.0004665035389695
30.89000 -0.0004659978980503
30.91000 -0.0004654931327335
30.93000 -0.0004649892410722
30.95000 -0.0004644862210066
30.97000 -0.0004639840702739
30.99000 -0.0004634827870227
31.01000 -0.0004629823691357
31.03000 -0.0004624828144509
31.05000 -0.0004619841210889
31.07000 -0.0004614862868971
31.09000 -0.0004609893098609
31.11000 -0.0004604931880183
31.13000 -0.0004599979192704
31.15000 -0.0004595035016056
31.17000 -0.0004590099330790
31.19000 -0.0004585172116268
31.21000 -0.0004580253352630
31.23000 -0.0004575343020967
31.25000 -0.0004570441099292
31.27000 -0.0004565547569772
31.29000 -0.0004560662412155
31.31000 -0.0004555785605780
31.33000 -0.0004550917132763
31.35000 -0.0004546056972329
31.37000 -0.0004541205104567
31.39000 -0.0004536361511405
31.41000 -0.0004531526173669
31.43000 -0.0004526699069978
31.45000 -0.0004521880182204
31.47000 -0.0004517069491818
31.49000 -0.0004512266978507
31.51000 -0.0004507472624117
31.53000 -0.0004502686410179
31.55000 -0.0004497908315637
31.57000 -0.0004493138322576
31.59000 -0.0004488376412407
31.61000 -0.0004483622566128
31.63000 -0.0004478876765360
31.65000 -0.0004474138990993
31.67000 -0.0004469409224251
31.69000 -0.0004464687447162
31.71000 -0.0004459973640129
31.73000 -0.0004455267785723
31.75000 -0.0004450569864919
31.77000 -0.0004445879859544
31.79000 -0.0004441197752131
31.81000 -0.0004436523521993
31.83000 -0.0004431857153308
31.85000 -0.0004427198627660
31.87000 -0.0004422547925468
31.89000 -0.0004417905029464
31.91000 -0.0004413269922725
31.93000 -0.0004408642586066
31.95000 -0.0004404023001153
31.97000 -0.0004399411151901
31.99000 -0.0004394807019104
32.01000 -0.0004390210585078
32.03000 -0.0004385621832789
32.05000 -0.0004381040744330
32.07000 -0.0004376467301804
32.09000 -0.0004371901488723
32.11000 -0.0004367343286717
32.13000 -0.0004362792677733
32.15000 -0.0004358249645878
32.17000 -0.0004353714172555
32.19000 -0.0004349186241554
32.21000 -0.0004344665834803
32.23000 -0.0004340152935899
32.25000 -0.0004335647527030
32.27000 -0.0004331149590836
32.29000 -0.0004326659111801
32.31000 -0.0004322176071483
32.33000 -0.0004317700454025
32.35000 -0.0004313232241083
32.37000 -0.0004308771416731
32.39000 -0.0004304317964943
32.41000 -0.0004299871867486
32.43000 -0.0004295433108911
32.45000 -0.0004291001672160
32.47000 -0.0004286577540789
32.49000 -0.0004282160697083
32.51000 -0.0004277751125750
32.53000 -0.0004273348810721
32.55000 -0.0004268953734446
32.57000 -0.0004264565881438
32.59000 -0.0004260185235118
32.61000 -0.0004255811778568
32.63000 -0.0004251445495997
32.65000 -0.0004247086372198
32.67000 -0.0004242734390568
32.69000 -0.0004238389534037
32.71000 -0.0004234051787656
32.73000 -0.0004229721135016
32.75000 -0.0004225397559685
32.77000 -0.0004221081046679
32.79000 -0.0004216771580068
32.81000 -0.0004212469143305
32.83000 -0.0004208173721656
32.85000 -0.0004203885298997
32.87000 -0.0004199603858596
32.89000 -0.0004195329386580
32.91000 -0.0004191061867052
32.93000 -0.0004186801282427
32.95000 -0.0004182547619337
32.97000 -0.0004178300863077
32.99000 -0.0004174060995986
33.01000 -0.0004169828003663
33.03000 -0.0004165601870659
33.05000 -0.0004161382582409
33.07000 -0.0004157170123170
33.09000 -0.0004152964476982
33.11000 -0.0004148765630716
33.13000 -0.0004144573566926
33.15000 -0.0004140388271656
33.17000 -0.0004136209730928
33.19000 -0.0004132037927903
33.21000 -0.0004127872849134
33.23000 -0.0004123714478521
33.25000 -0.0004119562801899
33.27000 -0.0004115417804644
33.29000 -0.0004111279471461
33.31000 -0.0004107147787661
33.33000 -0.0004103022739360
33.35000 -0.0004098904311111
33.37000 -0.0004094792488839
33.39000 -0.0004090687257227
33.41000 -0.0004086588602408
33.43000 -0.0004082496510347
33.45000 -0.0004078410965527
33.47000 -0.0004074331953830
33.49000 -0.0004070259461610
33.51000 -0.0004066193474189
33.53000 -0.0004062133976849
33.55000 -0.0004058080956068
33.57000 -0.0004054034396478
33.59000 -0.0004049994285381
33.61000 -0.0004045960608082
33.63000 -0.0004041933349852
33.65000 -0.0004037912497963
33.67000 -0.0004033898037666
33.69000 -0.0004029889954412
33.71000 -0.0004025888235774
33.73000 -0.0004021892866340
33.75000 -0.0004017903833075
33.77000 -0.0004013921122691
33.79000 -0.0004009944720213
33.81000 -0.0004005974612100
33.83000 -0.0004002010785464
33.85000 -0.0003998053226950
33.87000 -0.0003994101921370
33.89000 -0.0003990156856071
33.91000 -0.0003986218018072
33.93000 -0.0003982285392438
33.95000 -0.0003978358966356
33.97000 -0.0003974438727907
33.99000 -0.0003970524661644
34.01000 -0.0003966616755070
34.03000 -0.0003962714994979
34.05000 -0.0003958819367054
34.07000 -0.0003954929859185
34.09000 -0.0003951046458192
34.11000 -0.0003947169150588
34.13000 -0.0003943297923070
34.15000 -0.0003939432762598
34.17000 -0.0003935573655928
34.19000 -0.0003931720590798
34.21000 -0.0003927873554074
34.23000 -0.0003924032531349
34.25000 -0.0003920197511266
34.27000 -0.0003916368480919
34.29000 -0.0003912545426523
34.31000 -0.0003908728336086
34.33000 -0.0003904917196591
34.35000 -0.0003901111995109
34.37000 -0.0003897312718593
34.39000 -0.0003893519354901
34.41000 -0.0003889731892400
34.43000 -0.0003885950316435
34.45000 -0.0003882174614866
34.47000 -0.0003878404776814
34.49000 -0.0003874640787814
34.51000 -0.0003870882636747
34.53000 -0.0003867130310709
34.55000 -0.0003863383796790
34.57000 -0.0003859643083648
34.59000 -0.0003855908158269
34.61000 -0.0003852179007514
34.63000 -0.0003848455621303
34.65000 -0.0003844737985744
34.67000 -0.0003841026088167
34.69000 -0.0003837319918743
34.71000 -0.0003833619463525
34.73000 -0.0003829924710131
34.75000 -0.0003826235647093
34.77000 -0.0003822552263390
34.79000 -0.0003818874545565
34.81000 -0.0003815202481108
34.83000 -0.0003811536060452
34.85000 -0.0003807875270025
34.87000 -0.0003804220097375
34.89000 -0.0003800570532845
34.91000 -0.0003796926563052
34.93000 -0.0003793288175235
34.95000 -0.0003789655359379
34.97000 -0.0003786028104095
34.99000 -0.0003782406396407
35.01000 -0.0003778790224733
35.03000 -0.0003775179578260
35.05000 -0.0003771574445339
35.07000 -0.0003767974813120
35.09000 -0.0003764380671165
35.11000 -0.0003760792008270
35.13000 -0.0003757208812085
35.15000 -0.0003753631071729
35.17000 -0.0003750058775643
35.19000 -0.0003746491911940
35.21000 -0.0003742930469799
35.23000 -0.0003739374439174
35.25000 -0.0003735823806404
35.27000 -0.0003732278560850
35.29000 -0.0003728738692341
35.31000 -0.0003725204189219
35.33000 -0.0003721675039945
35.35000 -0.0003718151233324
35.37000 -0.0003714632758661
35.39000 -0.0003711119604942
35.41000 -0.0003707611760873
35.43000 -0.0003704109215325
35.45000 -0.0003700611956791
35.47000 -0.0003697119976116
35.49000 -0.0003693633260975
35.51000 -0.0003690151799820
35.53000 -0.0003686675583147
35.55000 -0.0003683204599291
35.57000 -0.0003679738838808
35.59000 -0.0003676278288832
35.61000 -0.0003672822939756
35.63000 -0.0003669372780519
35.65000 -0.0003665927800867
35.67000 -0.0003662487990078
35.69000 -0.0003659053336451
35.71000 -0.0003655623830681
35.73000 -0.0003652199461553
35.75000 -0.0003648780218991
35.77000 -0.0003645366091836
35.79000 -0.0003641957068934
35.81000 -0.0003638553141497
35.83000 -0.0003635154298369
35.85000 -0.0003631760528639
35.87000 -0.0003628371822247
35.89000 -0.0003624988168697
35.91000 -0.0003621609558240
35.93000 -0.0003618235980374
35.95000 -0.0003614867423230
35.97000 -0.0003611503878298
35.99000 -0.0003608145335486
36.01000 -0.0003604791783240
36.03000 -0.0003601443212359
36.05000 -0.0003598099612630
36.07000 -0.0003594760973310
36.09000 -0.0003591427284376
36.11000 -0.0003588098536487
36.13000 -0.0003584774718886
36.15000 -0.0003581455822088
36.17000 -0.0003578141836021
36.19000 -0.0003574832749751
36.21000 -0.0003571528553881
36.23000 -0.0003568229239060
36.25000 -0.0003564934794862
36.27000 -0.0003561645212125
36.29000 -0.0003558360479801
36.31000 -0.0003555080588319
36.33000 -0.0003551805528798
36.35000 -0.0003548535290525
36.37000 -0.0003545269864454
36.39000 -0.0003542009239860
36.41000 -0.0003538753407786
36.43000 -0.0003535502359163
36.45000 -0.0003532256083279
36.47000 -0.0003529014570352
36.49000 -0.0003525777811846
36.51000 -0.0003522545797544
36.53000 -0.0003519318517473
36.55000 -0.0003516095963209
36.57000 -0.0003512878123910
36.59000 -0.0003509664992140
36.61000 -0.0003506456556095
36.63000 -0.0003503252807107
36.65000 -0.0003500053736715
36.67000 -0.0003496859334680
36.69000 -0.0003493669591897
36.71000 -0.0003490484498418
36.73000 -0.0003487304046338
36.75000 -0.0003484128225182
36.77000 -0.0003480957025927
36.79000 -0.0003477790439135
36.81000 -0.0003474628456671
36.83000 -0.0003471471067985
36.85000 -0.0003468318263680
36.87000 -0.0003465170036208
36.89000 -0.0003462026376130
36.91000 -0.0003458887273217
36.93000 -0.0003455752719087
36.95000 -0.0003452622705072
36.97000 -0.0003449497220810
36.99000 -0.0003446376258741
37.01000 -0.0003443259809085
37.03000 -0.0003440147862813
37.05000 -0.0003437040411565
37.07000 -0.0003433937447071
37.09000 -0.0003430838958480
37.11000 -0.0003427744937619
37.13000 -0.0003424655377149
37.15000 -0.0003421570265715
37.17000 -0.0003418489596666
37.19000 -0.0003415413360299
37.21000 -0.0003412341547464
37.23000 -0.0003409274150357
37.25000 -0.0003406211159942
37.27000 -0.0003403152567405
37.29000 -0.0003400098363474
37.31000 -0.0003397048540239
37.33000 -0.0003394003088574
37.35000 -0.0003390962001252
37.37000 -0.0003387925268256
37.39000 -0.0003384892880660
37.41000 -0.0003381864832016
37.43000 -0.0003378841111808
37.45000 -0.0003375821711058
37.47000 -0.0003372806623538
37.49000 -0.0003369795839806
37.51000 -0.0003366789350520
37.53000 -0.0003363787148484
37.55000 -0.0003360789225426
37.57000 -0.0003357795571618
37.59000 -0.0003354806178820
37.61000 -0.0003351821039828
37.63000 -0.0003348840146928
37.65000 -0.0003345863490071
37.67000 -0.0003342891060678
37.69000 -0.0003339922852162
37.71000 -0.0003336958856094
37.73000 -0.0003333999063505
37.75000 -0.0003331043465767
37.77000 -0.0003328092056007
37.79000 -0.0003325144825674
37.81000 -0.0003322201766135
37.83000 -0.0003319262870178
37.85000 -0.0003316328128716
37.87000 -0.0003313397532871
37.89000 -0.0003310471077263
37.91000 -0.0003307548752894
37.93000 -0.0003304630549662
37.95000 -0.0003301716462091
37.97000 -0.0003298806481356
37.99000 -0.0003295900599383
38.01000 -0.0003292998808116
38.03000 -0.0003290101099529
38.05000 -0.0003287207467116
38.07000 -0.0003284317901432
38.09000 -0.0003281432394379
38.11000 -0.0003278550939983
38.13000 -0.0003275673528950
38.15000 -0.0003272800152950
38.17000 -0.0003269930806494
38.19000 -0.0003267065479635
38.21000 -0.0003264204165907
38.23000 -0.0003261346856601
38.25000 -0.0003258493544517
38.27000 -0.0003255644222760
38.29000 -0.0003252798882446
38.31000 -0.0003249957516034
38.33000 -0.0003247120116055
38.35000 -0.0003244286676213
38.37000 -0.0003241457186904
38.39000 -0.0003238631641736
38.41000 -0.0003235810032970
38.43000 -0.0003232992352882
38.45000 -0.0003230178594096
38.47000 -0.0003227368748563
38.49000 -0.0003224562810173
38.51000 -0.0003221760770345
38.53000 -0.0003218962621477
38.55000 -0.0003216168356754
38.57000 -0.0003213377969370
38.59000 -0.0003210591450109
38.61000 -0.0003207808792112
38.63000 -0.0003205029990349
38.65000 -0.0003202255035105
38.67000 -0.0003199483918931
38.69000 -0.0003196716635435
38.71000 -0.0003193953177087
38.73000 -0.0003191193537559
38.75000 -0.0003188437707945
38.77000 -0.0003185685681942
38.79000 -0.0003182937452914
38.81000 -0.0003180193012132
38.83000 -0.0003177452353459
38.85000 -0.0003174715469396
38.87000 -0.0003171982352438
38.89000 -0.0003169252996926
38.91000 -0.0003166527394353
38.93000 -0.0003163805537840
38.95000 -0.0003161087421105
38.97000 -0.0003158373036233
38.99000 -0.0003155662376416
39.01000 -0.0003152955434433
39.03000 -0.0003150252203496
39.05000 -0.0003147552676720
39.07000 -0.0003144856847679
39.09000 -0.0003142164708413
39.11000 -0.0003139476252168
39.13000 -0.0003136791472126
39.15000 -0.0003134110361582
39.17000 -0.0003131432913790
39.19000 -0.0003128759121132
39.21000 -0.0003126088977509
39.23000 -0.0003123422476152
39.25000 -0.0003120759609560
39.27000 -0.0003118100370953
39.29000 -0.0003115444754139
39.31000 -0.0003112792752706
39.33000 -0.0003110144358253
39.35000 -0.0003107499564983
39.37000 -0.0003104858366617
39.39000 -0.0003102220756893
39.41000 -0.0003099586727307
39.43000 -0.0003096956271483
39.45000 -0.0003094329384575
39.47000 -0.0003091706058076
39.49000 -0.0003089086286114
39.51000 -0.0003086470062938
39.53000 -0.0003083857380439
39.55000 -0.0003081248231884
39.57000 -0.0003078642612079
39.59000 -0.0003076040513758
39.61000 -0.0003073441930072
39.63000 -0.0003070846855016
39.65000 -0.0003068255282775
39.67000 -0.0003065667205282
39.69000 -0.0003063082617105
39.71000 -0.0003060501511321
39.73000 -0.0003057923880915
39.75000 -0.0003055349720970
39.77000 -0.0003052779024532
39.79000 -0.0003050211784549
39.81000 -0.0003047647994683
39.83000 -0.0003045087649514
39.85000 -0.0003042530742120
39.87000 -0.0003039977265383
39.89000 -0.0003037427213790
39.91000 -0.0003034880581454
39.93000 -0.0003032337361798
39.95000 -0.0003029797548054
39.97000 -0.0003027261133788
39.99000 -0.0003024728113613
40.01000 -0.0003022198481242
40.03000 -0.0003019672229534
40.05000 -0.0003017149352331
40.07000 -0.0003014629845074
40.09000 -0.0003012113700179
40.11000 -0.0003009600910694
40.13000 -0.0003007091472401
40.15000 -0.0003004585378282
40.17000 -0.0003002082621525
40.19000 -0.0002999583197496
40.21000 -0.0002997087099504
40.23000 -0.0002994594320824
40.25000 -0.0002992104854961
40.27000 -0.0002989618697727
40.29000 -0.0002987135842487
40.31000 -0.0002984656282048
40.33000 -0.0002982180011257
40.35000 -0.0002979707024726
40.37000 -0.0002977237315115
40.39000 -0.0002974770876655
40.41000 -0.0002972307704909
40.43000 -0.0002969847792510
40.45000 -0.0002967391134708
40.47000 -0.0002964937723739
40.49000 -0.0002962487554306
40.51000 -0.0002960040622011
40.53000 -0.0002957596919687
40.55000 -0.0002955156441591
40.57000 -0.0002952719182166
40.59000 -0.0002950285135450
40.61000 -0.0002947854296134
40.63000 -0.0002945426657475
40.65000 -0.0002943002213300
40.67000 -0.0002940580959253
40.69000 -0.0002938162889553
40.71000 -0.0002935747997346
40.73000 -0.0002933336277393
40.75000 -0.0002930927723927
40.77000 -0.0002928522331107
40.79000 -0.0002926120094450
40.81000 -0.0002923721006197
40.83000 -0.0002921325061393
40.85000 -0.0002918932255364
40.87000 -0.0002916542581756
40.89000 -0.0002914156035094
40.91000 -0.0002911772609406
40.93000 -0.0002909392299773
40.95000 -0.0002907015099076
40.97000 -0.0002904641003429
40.99000 -0.0002902270007423
41.01000 -0.0002899902103637
41.03000 -0.0002897537287643
41.05000 -0.0002895175554832
41.07000 -0.0002892816897733
41.09000 -0.0002890461311855
41.11000 -0.0002888108792528
41.13000 -0.0002885759332247
41.15000 -0.0002883412927436
41.17000 -0.0002881069571808
41.19000 -0.0002878729260758
41.21000 -0.0002876391987381
41.23000 -0.0002874057746022
41.25000 -0.0002871726533759
41.27000 -0.0002869398343043
41.29000 -0.0002867073169233
41.31000 -0.0002864751007485
41.33000 -0.0002862431851490
41.35000 -0.0002860115695858
41.37000 -0.0002857802535234
41.39000 -0.0002855492365750
41.41000 -0.0002853185180727
41.43000 -0.0002850880974168
41.45000 -0.0002848579743315
41.47000 -0.0002846281480759
41.49000 -0.0002843986180848
41.51000 -0.0002841693840745
41.53000 -0.0002839404454085
41.55000 -0.0002837118014423
41.57000 -0.0002834834517163
41.59000 -0.0002832553958297
41.61000 -0.0002830276331744
41.63000 -0.0002828001631709
41.65000 -0.0002825729853955
41.67000 -0.0002823460993484
41.69000 -0.0002821195043598
41.71000 -0.0002818932000415
41.73000 -0.0002816671860072
41.75000 -0.0002814414614965
41.77000 -0.0002812160261027
41.79000 -0.0002809908794415
41.81000 -0.0002807660207375
41.83000 -0.0002805414496084
41.85000 -0.0002803171656976
41.87000 -0.0002800931683107
41.89000 -0.0002798694570176
41.91000 -0.0002796460313300
41.93000 -0.0002794228907175
41.95000 -0.0002792000346321
41.97000 -0.0002789774627221
41.99000 -0.0002787551744085
42.01000 -0.0002785331690330
42.03000 -0.0002783114464019
42.05000 -0.0002780900058362
42.07000 -0.0002778688468594
42.09000 -0.0002776479690091
42.11000 -0.0002774273717628
42.13000 -0.0002772070546611
42.15000 -0.0002769870172817
42.17000 -0.0002767672589863
42.19000 -0.0002765477793032
42.21000 -0.0002763285779339
42.23000 -0.0002761096542159
42.25000 -0.0002758910076807
42.27000 -0.0002756726379212
42.29000 -0.0002754545444680
42.31000 -0.0002752367267166
42.33000 -0.0002750191842355
42.35000 -0.0002748019166098
42.37000 -0.0002745849233781
42.39000 -0.0002743682039700
42.41000 -0.0002741517579251
42.43000 -0.0002739355848320
42.45000 -0.0002737196841689
42.47000 -0.0002735040554971
42.49000 -0.0002732886983146
42.51000 -0.0002730736121559
42.53000 -0.0002728587965621
42.55000 -0.0002726442511036
42.57000 -0.0002724299752094
42.59000 -0.0002722159685269
42.61000 -0.0002720022305575
42.63000 -0.0002717887607363
42.65000 -0.0002715755588211
42.67000 -0.0002713626241260
42.69000 -0.0002711499562636
42.71000 -0.0002709375548499
42.73000 -0.0002707254193804
42.75000 -0.0002705135493643
42.77000 -0.0002703019442995
42.79000 -0.0002700906038933
42.81000 -0.0002698795276109
42.83000 -0.0002696687149063
42.85000 -0.0002694581654143
42.87000 -0.0002692478787166
42.89000 -0.0002690378543341
42.91000 -0.0002688280917611
42.93000 -0.0002686185906206
42.95000 -0.0002684093503797
42.97000 -0.0002682003707071
42.99000 -0.0002679916511128
43.01000 -0.0002677831910683
43.03000 -0.0002675749903098
43.05000 -0.0002673670482147
43.07000 -0.0002671593643888
43.09000 -0.0002669519384121
43.11000 -0.0002667447699142
43.13000 -0.0002665378583297
43.15000 -0.0002663312032868
43.17000 -0.0002661248043677
43.19000 -0.0002659186610919
43.21000 -0.0002657127731042
43.23000 -0.0002655071397374
43.25000 -0.0002653017608541
43.27000 -0.0002650966359850
43.29000 -0.0002648917644882
43.31000 -0.0002646871460320
43.33000 -0.0002644827802427
43.35000 -0.0002642786667040
43.37000 -0.0002640748049330
43.39000 -0.0002638711945633
43.41000 -0.0002636678350044
43.43000 -0.0002634647259417
43.45000 -0.0002632618670521
43.47000 -0.0002630592578310
43.49000 -0.0002628568977342
43.51000 -0.0002626547864898
43.53000 -0.0002624529237216
43.55000 -0.0002622513088779
43.57000 -0.0002620499414969
43.59000 -0.0002618488213218
43.61000 -0.0002616479479592
43.63000 -0.0002614473207324
43.65000 -0.0002612469394835
43.67000 -0.0002610468037215
43.69000 -0.0002608469129772
43.71000 -0.0002606472669385
43.73000 -0.0002604478650741
43.75000 -0.0002602487070697
43.77000 -0.0002600497924578
43.79000 -0.0002598511208986
43.81000 -0.0002596526919162
43.83000 -0.0002594545051385
43.85000 -0.0002592565601435
43.87000 -0.0002590588564381
43.89000 -0.0002588613939147
43.91000 -0.0002586641718537
43.93000 -0.0002584671898838
43.95000 -0.0002582704478054
43.97000 -0.0002580739449812
43.99000 -0.0002578776812445
44.01000 -0.0002576816560938
44.03000 -0.0002574858689930
44.05000 -0.0002572903197262
44.07000 -0.0002570950078639
44.09000 -0.0002568999329249
44.11000 -0.0002567050945711
44.13000 -0.0002565104925110
44.15000 -0.0002563161262021
44.17000 -0.0002561219952323
44.19000 -0.0002559280992740
44.21000 -0.0002557344380513
44.23000 -0.0002555410110112
44.25000 -0.0002553478177306
44.27000 -0.0002551548580370
44.29000 -0.0002549621313740
44.31000 -0.0002547696373099
44.33000 -0.0002545773755673
44.35000 -0.0002543853457825
44.37000 -0.0002541935476066
44.39000 -0.0002540019804245
44.41000 -0.0002538106440009
44.43000 -0.0002536195380644
44.45000 -0.0002534286620676
44.47000 -0.0002532380156611
44.49000 -0.0002530475985481
44.51000 -0.0002528574102705
44.53000 -0.0002526674503962
44.55000 -0.0002524777187661
44.57000 -0.0002522882148444
44.59000 -0.0002520989381914
44.61000 -0.0002519098885377
44.63000 -0.0002517210654363
44.65000 -0.0002515324686492
44.67000 -0.0002513440977473
44.69000 -0.0002511559522634
44.71000 -0.0002509680319255
44.73000 -0.0002507803362907
44.75000 -0.0002505928650682
44.77000 -0.0002504056178673
44.79000 -0.0002502185942404
44.81000 -0.0002500317939367
44.83000 -0.0002498452165338
44.85000 -0.0002496588616607
44.87000 -0.0002494727289527
44.89000 -0.0002492868181022
44.91000 -0.0002491011287271
44.93000 -0.0002489156603430
44.95000 -0.0002487304126979
44.97000 -0.0002485453854814
44.99000 -0.0002483605782198
45.01000 -0.0002481759905795
45.03000 -0.0002479916222812
45.05000 -0.0002478074728833
45.07000 -0.0002476235420661
45.09000 -0.0002474398295553
45.11000 -0.0002472563346841
45.13000 -0.0002470730574366
45.15000 -0.0002468899974346
45.17000 -0.0002467071540730
45.19000 -0.0002465245272153
45.21000 -0.0002463421164631
45.23000 -0.0002461599214372
45.25000 -0.0002459779417878
45.27000 -0.0002457961772206
45.29000 -0.0002456146272985
45.31000 -0.0002454332917173
45.33000 -0.0002452521701364
45.35000 -0.0002450712622560
45.37000 -0.0002448905676304
45.39000 -0.0002447100859406
45.41000 -0.0002445298169561
45.43000 -0.0002443497601419
45.45000 -0.0002441699152293
45.47000 -0.0002439902819937
45.49000 -0.0002438108599396
45.51000 -0.0002436316487662
45.53000 -0.0002434526481199
45.55000 -0.0002432738578300
45.57000 -0.0002430952773298
45.59000 -0.0002429169063621
45.61000 -0.0002427387446104
45.63000 -0.0002425607916724
45.65000 -0.0002423830473726
45.67000 -0.0002422055111658
45.69000 -0.0002420281828608
45.71000 -0.0002418510620888
45.73000 -0.0002416741484623
45.75000 -0.0002414974417109
45.77000 -0.0002413209415043
45.79000 -0.0002411446474667
45.81000 -0.0002409685592754
45.83000 -0.0002407926766349
45.85000 -0.0002406169992073
45.87000 -0.0002404415266331
45.89000 -0.0002402662586307
45.91000 -0.0002400911948633
45.93000 -0.0002399163349302
45.95000 -0.0002397416785564
45.97000 -0.0002395672254054
45.99000 -0.0002393929752224
46.01000 -0.0002392189276547
46.03000 -0.0002390450823346
46.05000 -0.0002388714388538
46.07000 -0.0002386979970744
46.09000 -0.0002385247566367
46.11000 -0.0002383517170790
46.13000 -0.0002381788782792
46.15000 -0.0002380062396914
46.17000 -0.0002378338012426
46.19000 -0.0002376615624539
46.21000 -0.0002374895229990
46.23000 -0.0002373176826717
46.25000 -0.0002371460410833
46.27000 -0.0002369745979131
46.29000 -0.0002368033528187
46.31000 -0.0002366323055992
46.33000 -0.0002364614558484
46.35000 -0.0002362908032749
46.37000 -0.0002361203475216
46.39000 -0.0002359500883469
46.41000 -0.0002357800254527
46.43000 -0.0002356101584418
46.45000 -0.0002354404870134
46.47000 -0.0002352710109618
46.49000 -0.0002351017298687
46.51000 -0.0002349326434842
46.53000 -0.0002347637515559
46.55000 -0.0002345950535747
46.57000 -0.0002344265494363
46.59000 -0.0002342582387583
46.61000 -0.0002340901212353
46.63000 -0.0002339221965353
46.65000 -0.0002337544644283
46.67000 -0.0002335869245928
46.69000 -0.0002334195766194
46.71000 -0.0002332524203927
46.73000 -0.0002330854554210
46.75000 -0.0002329186815271
46.77000 -0.0002327520983978
46.79000 -0.0002325857056033
46.81000 -0.0002324195030971
46.83000 -0.0002322534903621
46.85000 -0.0002320876671550
46.87000 -0.0002319220332206
46.89000 -0.0002317565881825
46.91000 -0.0002315913319121
46.93000 -0.0002314262639483
46.95000 -0.0002312613840239
46.97000 -0.0002310966918318
46.99000 -0.0002309321871836
47.01000 -0.0002307678697462
47.03000 -0.0002306037391669
47.05000 -0.0002304397951474
47.07000 -0.0002302760374337
47.09000 -0.0002301124657681
47.11000 -0.0002299490798160
47.13000 -0.0002297858793639
47.15000 -0.0002296228639639
47.17000 -0.0002294600334580
47.19000 -0.0002292973875468
47.21000 -0.0002291349258989
47.23000 -0.0002289726482400
47.25000 -0.0002288105542693
47.27000 -0.0002286486437835
47.29000 -0.0002284869163377
47.31000 -0.0002283253718240
47.33000 -0.0002281640099357
47.35000 -0.0002280028302021
47.37000 -0.0002278418325353
47.39000 -0.0002276810166247
47.41000 -0.0002275203820552
47.43000 -0.0002273599287653
47.45000 -0.0002271996562958
47.47000 -0.0002270395643518
47.49000 -0.0002268796528237
47.51000 -0.0002267199213105
47.53000 -0.0002265603695650
47.55000 -0.0002264009972956
47.57000 -0.0002262418041933
47.59000 -0.0002260827900390
47.61000 -0.0002259239545726
47.63000 -0.0002257652974291
47.65000 -0.0002256068184202
47.67000 -0.0002254485172219
47.69000 -0.0002252903936261
47.71000 -0.0002251324472440
47.73000 -0.0002249746777790
47.75000 -0.0002248170852647
47.77000 -0.0002246596691305
47.79000 -0.0002245024291100
47.81000 -0.0002243453650574
47.83000 -0.0002241884766360
47.85000 -0.0002240317635767
47.87000 -0.0002238752257312
47.89000 -0.0002237188626219
47.91000 -0.0002235626740724
47.93000 -0.0002234066599277
47.95000 -0.0002232508196450
47.97000 -0.0002230951533111
47.99000 -0.0002229396604447
48.01000 -0.0002227843407236
48.03000 -0.0002226291940355
48.05000 -0.0002224742200823
48.07000 -0.0002223194185643
48.09000 -0.0002221647891594
48.11000 -0.0002220103317308
48.13000 -0.0002218560459287
48.15000 -0.0002217019315743
48.17000 -0.0002215479882690
48.19000 -0.0002213942158463
48.21000 -0.0002212406140999
48.23000 -0.0002210871826725
48.25000 -0.0002209339212700
48.27000 -0.0002207808298293
48.29000 -0.0002206279078613
48.31000 -0.0002204751551249
48.33000 -0.0002203225716293
48.35000 -0.0002201701568784
48.37000 -0.0002200179106191
48.39000 -0.0002198658326608
48.41000 -0.0002197139227639
48.43000 -0.0002195621805714
48.45000 -0.0002194106059593
48.47000 -0.0002192591986225
48.49000 -0.0002191079582572
48.51000 -0.0002189568846671
48.53000 -0.0002188059775687
48.55000 -0.0002186552367707
48.57000 -0.0002185046620110
48.59000 -0.0002183542528852
48.61000 -0.0002182040092908
48.63000 -0.0002180539310203
48.65000 -0.0002179040177104
48.67000 -0.0002177542691384
48.69000 -0.0002176046851271
48.71000 -0.0002174552652952
48.73000 -0.0002173060095228
48.75000 -0.0002171569174991
48.77000 -0.0002170079889321
48.79000 -0.0002168592236909
48.81000 -0.0002167106214592
48.83000 -0.0002165621820259
48.85000 -0.0002164139051037
48.87000 -0.0002162657904428
48.89000 -0.0002161178378915
48.91000 -0.0002159700471376
48.93000 -0.0002158224178054
48.95000 -0.0002156749498654
48.97000 -0.0002155276430513
48.99000 -0.0002153804970327
49.01000 -0.0002152335116015
49.03000 -0.0002150866865047
49.05000 -0.0002149400215253
49.07000 -0.0002147935164052
49.09000 -0.0002146471708699
49.11000 -0.0002145009847728
49.13000 -0.0002143549578595
49.15000 -0.0002142090897711
49.17000 -0.0002140633804241
49.19000 -0.0002139178295271
49.21000 -0.0002137724367267
49.23000 -0.0002136272020096
49.25000 -0.0002134821249559
49.27000 -0.0002133372053367
49.29000 -0.0002131924431528
49.31000 -0.0002130478378572
49.33000 -0.0002129033893867
49.35000 -0.0002127590974708
49.37000 -0.0002126149618003
49.39000 -0.0002124709823526
49.41000 -0.0002123271586871
49.43000 -0.0002121834906609
49.45000 -0.0002120399780776
49.47000 -0.0002118966206036
49.49000 -0.0002117534180283
49.51000 -0.0002116103701893
49.53000 -0.0002114674769262
49.55000 -0.0002113247377624
49.57000 -0.0002111821525837
49.59000 -0.0002110397213592
49.61000 -0.0002108974435925
49.63000 -0.0002107553191688
49.65000 -0.0002106133478764
49.67000 -0.0002104715294221
49.69000 -0.0002103298636657
49.71000 -0.0002101883503129
49.73000 -0.0002100469891183
49.75000 -0.0002099057799003
49.77000 -0.0002097647225355
49.79000 -0.0002096238166694
49.81000 -0.0002094830620515
49.83000 -0.0002093424585046
49.85000 -0.0002092020057963
49.87000 -0.0002090617038296
49.89000 -0.0002089215522401
49.91000 -0.0002087815507853
49.93000 -0.0002086416993089
49.95000 -0.0002085019976518
49.97000 -0.0002083624454517
49.99000 -0.0002082230425998
50.01000 -0.0002080837888448
50.03000 -0.0002079446839337
50.05000 -0.0002078057277258
50.07000 -0.0002076669198823
50.09000 -0.0002075282602431
50.11000 -0.0002073897488141
50.13000 -0.0002072513844723
50.15000 -0.0002071131700901
50.17000 -0.0002069750943148
50.19000 -0.0002068371980489
50.21000 -0.0002066993288776
50.23000 -0.0002066304747076
50.25000 -0.0002064933987168
