0.25000 516.4356342639182458
0.27000 395.0830477944238055
0.29000 300.6905670576188641
0.31000 341.5614139853934148
0.33000 260.2340333989691317
0.35000 199.3018823605377179
0.37000 153.0443741821520121
0.39000 118.0668369207687789
0.41000 91.4584093438539298
0.43000 71.1517872532844535
0.45000 55.5779777931565562
0.47000 43.5791060191866677
0.49000 34.2904242023010752
0.51000 27.0666311268808570
0.53000 21.4235929152008886
0.55000 16.9965434748137838
0.57000 13.5095269163665304
0.59000 10.7524681411102332
0.61000 8.5650257772799243
0.63000 6.8238210262343966
0.65000 5.4337129717649599
0.67000 4.3210823811642287
0.69000 3.4283329389591519
0.71000 2.7105188832770089
0.73000 2.1325585241897467
0.75000 1.6664489986980242
0.77000 1.2900944020002509
0.79000 0.9862151289885370
0.81000 0.7407323387846088
0.83000 0.5424714149705050
0.85000 0.3825105636761326
0.87000 0.2537416493638561
0.89000 0.1501878034025801
0.91000 0.0672140369945874
0.93000 0.0011498010894090
0.95000 -0.0512218620522115
0.97000 -0.0925442859406843
0.99000 -0.1246468538185566
1.01000 -0.1492988802587192
1.03000 -0.1678983436825647
1.05000 -0.1814896779203136
1.07000 -0.1911716594701386
1.09000 -0.1975460227820677
1.11000 -0.2012246045107919
1.13000 -0.2028509048161535
1.15000 -0.2027454972164041
1.17000 -0.2012730766598296
1.19000 -0.1987606642189776
1.21000 -0.1954079899557648
1.23000 -0.1913921111973242
1.25000 -0.1869023285075953
1.27000 -0.1820724136580159
1.29000 -0.1769966836888750
1.31000 -0.1717472081557911
1.33000 -0.1664038317026814
1.35000 -0.1610378379504791
1.37000 -0.1556843263620169
1.39000 -0.1503785500020851
1.41000 -0.1451500024106725
1.43000 -0.1400101480087713
1.45000 -0.1350004974033994
1.47000 -0.1300844183192186
1.49000 -0.1253842392421114
1.51000 -0.1207083978973546
1.53000 -0.1163290507958173
1.55000 -0.1119834999591118
1.57000 -0.1077789979087723
1.59000 -0.1039093814134834
1.61000 -0.0999130179849331
1.63000 -0.0962486413191160
1.65000 -0.0927468231772324
1.67000 -0.0892465358026152
1.69000 -0.0859469791235183
1.71000 -0.0828408139052529
1.73000 -0.0798043340928707
1.75000 -0.0768617606228261
1.77000 -0.0740743609315558
1.79000 -0.0714227910668386
1.81000 -0.0688602676580940
1.83000 -0.0663861815068667
1.85000 -0.0640177646618438
1.87000 -0.0617638988976814
1.89000 -0.0596024323034315
1.91000 -0.0575232070630996
1.93000 -0.0555240568969433
1.95000 -0.0536053287899900
1.97000 -0.0517710782694213
1.99000 -0.0500142941918351
2.01000 -0.0483264960115387
2.03000 -0.0467052447732444
2.05000 -0.0451481819057145
2.07000 -0.0436523534528589
2.09000 -0.0422175120053797
2.11000 -0.0408416643612325
2.13000 -0.0395197257687871
2.15000 -0.0382491138245684
2.17000 -0.0370276123135178
2.19000 -0.0358537116636540
2.21000 -0.0347248666219060
2.23000 -0.0336392919993069
2.25000 -0.0325954725359338
2.27000 -0.0315918874972936
2.29000 -0.0306269627989904
2.31000 -0.0296967923368516
2.33000 -0.0288020126084591
2.35000 -0.0279406674908323
2.37000 -0.0271102839604492
2.39000 -0.0263112572998578
2.41000 -0.0255405089293493
2.43000 -0.0247981216386015
2.45000 -0.0240830673994743
2.47000 -0.0233928395363282
2.49000 -0.0227273609639065
2.51000 -0.0220859395477085
2.53000 -0.0214664013303226
2.55000 -0.0208683516092489
2.57000 -0.0202919336954148
2.59000 -0.0197345446616148
2.61000 -0.0191962776835333
2.63000 -0.0186769364535731
2.65000 -0.0181748048230269
2.67000 -0.0176893677733114
2.69000 -0.0172201145393850
2.71000 -0.0167673657731730
2.73000 -0.0163282593739281
2.75000 -0.0159046096579254
2.77000 -0.0154931385286210
2.79000 -0.0150981617145617
2.81000 -0.0147116558848331
2.83000 -0.0143408134933159
2.85000 -0.0139809366473276
2.87000 -0.0136299192418643
2.89000 -0.0132958450091772
2.91000 -0.0129644724864396
2.93000 -0.0126489058591400
2.95000 -0.0123427781881843
2.97000 -0.0120419974460745
2.99000 -0.0117543672976429
3.01000 -0.0114748501228289
3.03000 -0.0112011628863266
3.05000 -0.0109379953603609
3.07000 -0.0106831530427565
3.09000 -0.0104334897397043
3.11000 -0.0101919036463432
3.13000 -0.0099588416682065
3.15000 -0.0097315243157651
3.17000 -0.0095098293931457
3.19000 -0.0092952942619493
3.21000 -0.0090875111491851
3.23000 -0.0088848955675375
3.25000 -0.0086875326878091
3.27000 -0.0084961643345705
3.29000 -0.0083104432482741
3.31000 -0.0081295424623866
3.33000 -0.0079532571045475
3.35000 -0.0077819686695058
3.37000 -0.0076156370014489
3.39000 -0.0074536861225261
3.41000 -0.0072958840262663
3.43000 -0.0071421681325200
3.45000 -0.0069926891412692
3.47000 -0.0068473148106402
3.49000 -0.0067057065373556
3.51000 -0.0065676087415700
3.53000 -0.0064330191863575
3.55000 -0.0063020186809922
3.57000 -0.0061744448787756
3.59000 -0.0060501498383696
3.61000 -0.0059289177207090
3.63000 -0.0058106468562528
3.65000 -0.0056954136762669
3.67000 -0.0055830702136092
3.69000 -0.0054735201009213
3.71000 -0.0053667223800808
3.73000 -0.0052624876160316
3.75000 -0.0051607508470657
3.77000 -0.0050614948731830
3.79000 -0.0049646875935425
3.81000 -0.0048701980790225
3.83000 -0.0047779538732591
3.85000 -0.0046879499290744
3.87000 -0.0046000158892504
3.89000 -0.0045141382344367
3.91000 -0.0044303067481960
3.93000 -0.0043484527586807
3.95000 -0.0042684607478357
3.97000 -0.0041903386179768
3.99000 -0.0041140069061921
4.01000 -0.0040394534353734
4.03000 -0.0039664848734081
4.05000 -0.0038953141289801
4.07000 -0.0038255897089490
4.09000 -0.0037576444549253
4.11000 -0.0036909890417484
4.13000 -0.0036259426006418
4.15000 -0.0035624094084797
4.17000 -0.0034999760852115
4.19000 -0.0034393723893217
4.21000 -0.0033795988791784
4.23000 -0.0033214365331453
4.25000 -0.0032645810228282
4.27000 -0.0032086011772861
4.29000 -0.0031541940702113
4.31000 -0.0031008299190057
4.33000 -0.0030484033478918
4.35000 -0.0029973934979020
4.37000 -0.0029473314646072
4.39000 -0.0028981542981449
4.41000 -0.0028502532471806
4.43000 -0.0028033217548511
4.45000 -0.0027571610509026
4.47000 -0.0027120944546145
4.49000 -0.0026680496627123
4.51000 -0.0026247306465863
4.53000 -0.0025823038039482
4.55000 -0.0025408664937679
4.57000 -0.0025002224897635
4.59000 -0.0024602938018033
4.61000 -0.0024212293611020
4.63000 -0.0023830242152408
4.65000 -0.0023455093999848
4.67000 -0.0023086744480125
4.69000 -0.0022726277225122
4.71000 -0.0022373464012449
4.73000 -0.0022026985465641
4.75000 -0.0021686721370529
4.77000 -0.0021353546882097
4.79000 -0.0021027302926201
4.81000 -0.0020706955505736
4.83000 -0.0020392344692206
4.85000 -0.0020083954978701
4.87000 -0.0019781819739131
4.89000 -0.0019485334333460
4.91000 -0.0019194174975552
4.93000 -0.0018908331979144
4.95000 -0.0018628146722637
4.97000 -0.0018353382038976
4.99000 -0.0018083557832595
5.01000 -0.0017818553867642
5.03000 -0.0017558385442210
5.05000 -0.0017303252992755
5.07000 -0.0017052908824616
5.09000 -0.0016806993683068
5.11000 -0.0016565424394623
5.13000 -0.0016328176725196
5.15000 -0.0016095384610618
5.17000 -0.0015866917963975
5.19000 -0.0015642423493653
5.21000 -0.0015421845324208
5.23000 -0.0015205150721408
5.25000 -0.0014992377385132
5.27000 -0.0014783488734398
5.29000 -0.0014578171020612
5.31000 -0.0014376553955555
5.33000 -0.0014178231113032
5.35000 -0.0013983535549107
5.37000 -0.0013792059989741
5.39000 -0.0013604203460364
5.41000 -0.0013419385244944
5.43000 -0.0013237714811039
5.45000 -0.0013059314549896
5.47000 -0.0012883519741498
5.49000 -0.0012711360280332
5.51000 -0.0012541604439004
5.53000 -0.0012374935488228
5.55000 -0.0012211237223215
5.57000 -0.0012049789475683
5.59000 -0.0011891466949587
5.61000 -0.0011735659811562
5.63000 -0.0011582222750328
5.65000 -0.0011431788252570
5.67000 -0.0011283526322493
5.69000 -0.0011137544057589
5.71000 -0.0010994362475546
5.73000 -0.0010853225236931
5.75000 -0.0010714287321939
5.77000 -0.0010577953803680
5.79000 -0.0010443684220381
5.81000 -0.0010311347090845
5.83000 -0.0010181398012003
5.85000 -0.0010053577974463
5.87000 -0.0009927447388453
5.89000 -0.0009803499876043
5.91000 -0.0009681736673223
5.93000 -0.0009561644030796
5.95000 -0.0009443393371965
5.97000 -0.0009327179248137
5.99000 -0.0009212791527921
6.01000 -0.0009099974380804
6.03000 -0.0008988950282902
6.05000 -0.0008879858619248
6.07000 -0.0008772339989832
6.09000 -0.0008666324435424
6.11000 -0.0008562060008471
6.13000 -0.0008459486741750
6.15000 -0.0008358365462431
6.17000 -0.0008258682045528
6.19000 -0.0008160590252593
6.21000 -0.0008064080720457
6.23000 -0.0007968953812804
6.25000 -0.0007875144820112
6.27000 -0.0007782813070227
6.29000 -0.0007691943773548
6.31000 -0.0007602365505784
6.33000 -0.0007514025170303
6.35000 -0.0007427012346057
6.37000 -0.0007341371428956
6.39000 -0.0007256968269581
6.41000 -0.0007173742172127
6.43000 -0.0007091696944310
6.45000 -0.0007010906422468
6.47000 -0.0006931325074446
6.49000 -0.0006852855369754
6.51000 -0.0006775447633500
6.53000 -0.0006699167607368
6.55000 -0.0006624041397861
6.57000 -0.0006549985984367
6.59000 -0.0006476950178448
6.61000 -0.0006404924216864
6.63000 -0.0006333911351138
6.65000 -0.0006263970784128
6.67000 -0.0006194977763196
6.69000 -0.0006126957560011
6.71000 -0.0006059832856863
6.73000 -0.0005993647450098
6.75000 -0.0005928464421852
6.77000 -0.0005864109733824
6.79000 -0.0005800706911335
6.81000 -0.0005738086330956
6.83000 -0.0005676341546324
6.85000 -0.0005615521250042
6.87000 -0.0005555447378167
6.89000 -0.0005496254088791
6.91000 -0.0005437828069776
6.93000 -0.0005380123243616
6.95000 -0.0005323301836228
6.97000 -0.0005267210653097
6.99000 -0.0005211842567764
7.01000 -0.0005157279905866
7.03000 -0.0005103371191351
7.05000 -0.0005050160943728
7.07000 -0.0004997749486393
7.09000 -0.0004945970296733
7.11000 -0.0004894862156660
7.13000 -0.0004844487725471
7.15000 -0.0004794709336595
7.17000 -0.0004745549928497
7.19000 -0.0004697109879867
7.21000 -0.0004649295199050
7.23000 -0.0004602037277732
7.25000 -0.0004555439232215
7.27000 -0.0004509445861427
7.29000 -0.0004463980283510
7.31000 -0.0004419126961065
7.33000 -0.0004374898606363
7.35000 -0.0004331191708453
7.37000 -0.0004288008511634
7.39000 -0.0004245417107055
7.41000 -0.0004203364132455
7.43000 -0.0004161795012347
7.45000 -0.0004120761882762
7.47000 -0.0004080285704580
7.49000 -0.0004040306961607
7.51000 -0.0004000776081953
7.53000 -0.0003961756698525
7.55000 -0.0003923250763973
7.57000 -0.0003885189982233
7.59000 -0.0003847591422985
7.61000 -0.0003810473685716
7.63000 -0.0003773829231968
7.65000 -0.0003737611979897
7.67000 -0.0003701806800547
7.69000 -0.0003666460374240
7.71000 -0.0003631564520672
7.73000 -0.0003597073771656
7.75000 -0.0003562980149634
7.77000 -0.0003529311498000
7.79000 -0.0003496069199112
7.81000 -0.0003463210492037
7.83000 -0.0003430717939552
7.85000 -0.0003398616761283
7.87000 -0.0003366926784034
7.89000 -0.0003335608101578
7.91000 -0.0003304644308850
7.93000 -0.0003274033956273
7.95000 -0.0003243805931329
7.97000 -0.0003213934788877
7.99000 -0.0003184403695594
8.01000 -0.0003155200423849
8.03000 -0.0003126341657344
8.05000 -0.0003097849247090
8.07000 -0.0003069668135132
8.09000 -0.0003041814183348
8.11000 -0.0003014262690360
8.13000 -0.0002987038690396
8.15000 -0.0002960145797102
8.17000 -0.0002933538773226
8.19000 -0.0002907242933805
8.21000 -0.0002881233543851
8.23000 -0.0002855527757610
8.25000 -0.0002830134972947
8.27000 -0.0002805005962746
8.29000 -0.0002780156820904
8.31000 -0.0002755594501495
8.33000 -0.0002731299430332
8.35000 -0.0002707283162841
8.37000 -0.0002683551076667
8.39000 -0.0002660061322688
8.41000 -0.0002636822172284
8.43000 -0.0002613867674823
8.45000 -0.0002591158156096
8.47000 -0.0002568692469016
8.49000 -0.0002546490547725
8.51000 -0.0002524506146663
8.53000 -0.0002502762829881
8.55000 -0.0002481283978197
8.57000 -0.0002460028707433
8.59000 -0.0002438995990849
8.61000 -0.0002418199520834
8.63000 -0.0002397621516473
8.65000 -0.0002377262231469
8.67000 -0.0002357132112109
8.69000 -0.0002337225691847
8.71000 -0.0002317515241127
8.73000 -0.0002298011707140
8.75000 -0.0002278736782602
8.77000 -0.0002259651608622
8.79000 -0.0002240774530987
8.81000 -0.0002222102616928
8.83000 -0.0002203625898292
8.85000 -0.0002185338939973
8.87000 -0.0002167235570692
8.89000 -0.0002149337928773
8.91000 -0.0002131630777924
8.93000 -0.0002114096312291
8.95000 -0.0002096746281374
8.97000 -0.0002079586468307
8.99000 -0.0002062596889075
9.01000 -0.0002045778277684
9.03000 -0.0002029141368820
9.05000 -0.0002012684811566
9.07000 -0.0001996387935608
9.09000 -0.0001980249622049
9.11000 -0.0001964284415462
9.13000 -0.0001948487168054
9.15000 -0.0001932846204053
9.17000 -0.0001917364585245
9.19000 -0.0001902043634356
9.21000 -0.0001886878912664
9.23000 -0.0001871863060604
9.25000 -0.0001856993111799
9.27000 -0.0001842278796963
9.29000 -0.0001827720826249
9.31000 -0.0001813302248155
9.33000 -0.0001799025308065
9.35000 -0.0001784889961526
9.37000 -0.0001770895307566
9.39000 -0.0001757048392415
9.41000 -0.0001743331477441
9.43000 -0.0001729746055591
9.45000 -0.0001716307686250
9.47000 -0.0001702997041346
9.49000 -0.0001689813571189
9.51000 -0.0001676760489353
9.53000 -0.0001663827812505
9.55000 -0.0001651036386600
9.57000 -0.0001638366630948
9.59000 -0.0001625814007077
9.61000 -0.0001613383109837
9.63000 -0.0001601075013671
9.65000 -0.0001588892150446
9.67000 -0.0001576821552019
9.69000 -0.0001564862368375
9.71000 -0.0001553018035352
9.73000 -0.0001541299563023
9.75000 -0.0001529689733172
9.77000 -0.0001518182433068
9.79000 -0.0001506792250651
9.81000 -0.0001495502326577
9.83000 -0.0001484323035577
9.85000 -0.0001473260130428
9.87000 -0.0001462292002980
9.89000 -0.0001451421802840
9.91000 -0.0001440667052885
9.93000 -0.0001430009405161
9.95000 -0.0001419445357694
9.97000 -0.0001408989988485
9.99000 -0.0001398625962224
10.01000 -0.0001388350822111
10.03000 -0.0001378186267366
10.05000 -0.0001368115825707
10.07000 -0.0001358129837975
10.09000 -0.0001348238891407
10.11000 -0.0001338439219482
10.13000 -0.0001328730929537
10.15000 -0.0001319109516713
10.17000 -0.0001309582022902
10.19000 -0.0001300141823628
10.21000 -0.0001290778189628
10.23000 -0.0001281505117951
10.25000 -0.0001272325612922
10.27000 -0.0001263219332739
10.29000 -0.0001254196051485
10.31000 -0.0001245261694325
10.33000 -0.0001236397772358
10.35000 -0.0001227616062190
10.37000 -0.0001218922239619
10.39000 -0.0001210301165929
10.41000 -0.0001201758560287
10.43000 -0.0001193288998429
10.45000 -0.0001184894095818
10.47000 -0.0001176580381517
10.49000 -0.0001168339820506
10.51000 -0.0001160166005149
10.53000 -0.0001152069881551
10.55000 -0.0001144047730899
10.57000 -0.0001136089755258
10.59000 -0.0001128204332257
10.61000 -0.0001120391468403
10.63000 -0.0001112648097571
10.65000 -0.0001104971326027
10.67000 -0.0001097351072857
10.69000 -0.0001089809430850
10.71000 -0.0001082335110208
10.73000 -0.0001074918174219
10.75000 -0.0001067570445023
10.77000 -0.0001060283783515
10.79000 -0.0001053063288696
10.81000 -0.0001045903132981
10.83000 -0.0001038801352880
10.85000 -0.0001031766486484
10.87000 -0.0001024791548279
10.89000 -0.0001017873024365
10.91000 -0.0001011017571745
10.93000 -0.0001004216508126
10.95000 -0.0000997472732666
10.97000 -0.0000990792826472
10.99000 -0.0000984167904507
11.01000 -0.0000977596011954
11.03000 -0.0000971079501533
11.05000 -0.0000964622307812
11.07000 -0.0000958216030394
11.09000 -0.0000951863063196
11.11000 -0.0000945567398252
11.13000 -0.0000939317653607
11.15000 -0.0000933131776059
11.17000 -0.0000926992176596
11.19000 -0.0000920897663681
11.21000 -0.0000914858167521
11.23000 -0.0000908871778836
11.25000 -0.0000902933109141
11.27000 -0.0000897043882318
11.29000 -0.0000891203794789
11.31000 -0.0000885408169308
11.33000 -0.0000879665545050
11.35000 -0.0000873967520533
11.37000 -0.0000868318218977
11.39000 -0.0000862712283339
11.41000 -0.0000857153461707
11.43000 -0.0000851641038507
11.45000 -0.0000846176103362
11.47000 -0.0000840752772307
11.49000 -0.0000835366413630
11.51000 -0.0000830035619230
11.53000 -0.0000824744832975
11.55000 -0.0000819491316169
11.57000 -0.0000814288236449
11.59000 -0.0000809122425094
11.61000 -0.0000803994263743
11.63000 -0.0000798918119160
11.65000 -0.0000793873672312
11.67000 -0.0000788870633314
11.69000 -0.0000783913373667
11.71000 -0.0000778987929934
11.73000 -0.0000774105564805
11.75000 -0.0000769266292376
11.77000 -0.0000764460289775
11.79000 -0.0000759688539289
11.81000 -0.0000754959723209
11.83000 -0.0000750272770344
11.85000 -0.0000745615536544
11.87000 -0.0000740993848312
11.89000 -0.0000736417419015
11.91000 -0.0000731870113558
11.93000 -0.0000727356425957
11.95000 -0.0000722882789869
11.97000 -0.0000718443977270
11.99000 -0.0000714037972629
12.01000 -0.0000709665469835
12.03000 -0.0000705327825225
12.05000 -0.0000701025733773
12.07000 -0.0000696754521483
12.09000 -0.0000692518964266
12.11000 -0.0000688312472340
12.13000 -0.0000684141820886
12.15000 -0.0000679999234005
12.17000 -0.0000675891319909
12.19000 -0.0000671815567586
12.21000 -0.0000667769360857
12.23000 -0.0000663758854737
12.25000 -0.0000659769055795
12.27000 -0.0000655817463053
12.29000 -0.0000651893703948
12.31000 -0.0000647999456828
12.33000 -0.0000644136016227
12.35000 -0.0000640299871501
12.37000 -0.0000636496610626
12.39000 -0.0000632716696961
12.41000 -0.0000628967839183
12.43000 -0.0000625246967915
12.45000 -0.0000621556666813
12.47000 -0.0000617890477282
12.49000 -0.0000614251911054
12.51000 -0.0000610641246769
12.53000 -0.0000607056433117
12.55000 -0.0000603503978562
12.57000 -0.0000599970685113
12.59000 -0.0000596466081821
12.61000 -0.0000592990044004
12.63000 -0.0000589536201974
12.65000 -0.0000586109720870
12.67000 -0.0000582707173529
12.69000 -0.0000579332271175
12.71000 -0.0000575979121169
12.73000 -0.0000572652229455
12.75000 -0.0000569351474604
12.77000 -0.0000566071004090
12.79000 -0.0000562816688870
12.81000 -0.0000559584472943
12.83000 -0.0000556379727446
12.85000 -0.0000553196919696
12.87000 -0.0000550032897917
12.89000 -0.0000546894947948
12.91000 -0.0000543781948723
12.93000 -0.0000540688248297
12.95000 -0.0000537619313217
12.97000 -0.0000534569691030
12.99000 -0.0000531543083203
13.01000 -0.0000528542630669
13.03000 -0.0000525553149177
13.05000 -0.0000522596901734
13.07000 -0.0000519655308368
13.09000 -0.0000516732286300
13.11000 -0.0000513840908841
13.13000 -0.0000510955236455
13.15000 -0.0000508103725110
13.17000 -0.0000505266832063
13.19000 -0.0000502443952329
13.21000 -0.0000499653032707
13.23000 -0.0000496872811992
13.25000 -0.0000494113795019
13.27000 -0.0000491379489181
13.29000 -0.0000488659234604
13.31000 -0.0000485957358338
13.33000 -0.0000483275961567
13.35000 -0.0000480616656499
13.37000 -0.0000477971668321
13.39000 -0.0000475346706441
13.41000 -0.0000472741292726
13.43000 -0.0000470150626330
13.45000 -0.0000467580666026
13.47000 -0.0000465029241243
13.49000 -0.0000462490368268
13.51000 -0.0000459976582648
13.53000 -0.0000457476966465
13.55000 -0.0000454987796571
13.57000 -0.0000452530592209
13.59000 -0.0000450077926317
13.61000 -0.0000447642989300
13.63000 -0.0000445233579822
13.65000 -0.0000442830855535
13.67000 -0.0000440448357040
13.69000 -0.0000438083649218
13.71000 -0.0000435735368143
13.73000 -0.0000433398340003
13.75000 -0.0000431080381894
13.77000 -0.0000428781273725
13.79000 -0.0000426489772318
13.81000 -0.0000424223536074
13.83000 -0.0000421966606622
13.85000 -0.0000419721783371
13.87000 -0.0000417501412131
13.89000 -0.0000415289021704
13.91000 -0.0000413092449787
13.93000 -0.0000410914812376
13.95000 -0.0000408743669337
13.97000 -0.0000406593462241
13.99000 -0.0000404458761405
14.01000 -0.0000402332295084
14.03000 -0.0000400225187193
14.05000 -0.0000398130685321
14.07000 -0.0000396049475767
14.09000 -0.0000393979662262
14.11000 -0.0000391929631111
14.13000 -0.0000389887179616
14.15000 -0.0000387861230763
14.17000 -0.0000385850581087
14.19000 -0.0000383848511787
14.21000 -0.0000381860980553
14.23000 -0.0000379888375531
14.25000 -0.0000377930221840
14.27000 -0.0000375979978488
14.29000 -0.0000374045589424
14.31000 -0.0000372121336566
14.33000 -0.0000370214221692
14.35000 -0.0000368316053654
14.37000 -0.0000366430205406
14.39000 -0.0000364560224456
14.41000 -0.0000362694497916
14.43000 -0.0000360849066556
14.45000 -0.0000359014991130
14.47000 -0.0000357185435743
14.49000 -0.0000355373457441
14.51000 -0.0000353574690143
14.53000 -0.0000351784793786
14.55000 -0.0000350003961360
14.57000 -0.0000348240441475
14.59000 -0.0000346481555469
14.61000 -0.0000344740905744
14.63000 -0.0000343006733043
14.65000 -0.0000341281017118
14.67000 -0.0000339574972958
14.69000 -0.0000337873819634
14.71000 -0.0000336184909121
14.73000 -0.0000334502330349
14.75000 -0.0000332838368412
14.77000 -0.0000331181335611
14.79000 -0.0000329532627314
14.81000 -0.0000327897793553
14.83000 -0.0000326268886040
14.85000 -0.0000324656552727
14.87000 -0.0000323047731144
14.89000 -0.0000321452581350
14.91000 -0.0000319868762554
14.93000 -0.0000318292213333
14.95000 -0.0000316726325071
14.97000 -0.0000315169223185
14.99000 -0.0000313624992946
15.01000 -0.0000312086208655
15.03000 -0.0000310558871371
15.05000 -0.0000309043587162
15.07000 -0.0000307534005857
15.09000 -0.0000306035548465
15.11000 -0.0000304545161875
15.13000 -0.0000303062853675
15.15000 -0.0000301597167379
15.17000 -0.0000300131026802
15.19000 -0.0000298677014111
15.21000 -0.0000297234651172
15.23000 -0.0000295799056907
15.25000 -0.0000294372996031
15.27000 -0.0000292953114024
15.29000 -0.0000291545690584
15.31000 -0.0000290144907883
15.33000 -0.0000288752960344
15.35000 -0.0000287368646674
15.37000 -0.0000285992922053
15.39000 -0.0000284629345917
15.41000 -0.0000283269749888
15.43000 -0.0000281917338866
15.45000 -0.0000280575077061
15.47000 -0.0000279244456334
15.49000 -0.0000277916140622
15.51000 -0.0000276597756201
15.53000 -0.0000275291824926
15.55000 -0.0000273985532612
15.57000 -0.0000272692169409
15.59000 -0.0000271407448382
15.61000 -0.0000270127091268
15.63000 -0.0000268855496676
15.65000 -0.0000267592637502
15.67000 -0.0000266338280640
15.69000 -0.0000265088914361
15.71000 -0.0000263845541552
15.73000 -0.0000262614707541
15.75000 -0.0000261387927362
15.77000 -0.0000260167270756
15.79000 -0.0000258956438107
15.81000 -0.0000257752723245
15.83000 -0.0000256553281223
15.85000 -0.0000255364033955
15.87000 -0.0000254182098546
15.89000 -0.0000253001364433
15.91000 -0.0000251834422456
15.93000 -0.0000250672068823
15.95000 -0.0000249516698535
15.97000 -0.0000248366252694
15.99000 -0.0000247222325077
16.01000 -0.0000246089726288
16.03000 -0.0000244958939201
16.05000 -0.0000243836218577
16.07000 -0.0000242722752704
16.09000 -0.0000241608702446
16.11000 -0.0000240509849449
16.13000 -0.0000239411195946
16.15000 -0.0000238319621199
16.17000 -0.0000237239843656
16.19000 -0.0000236158446314
16.21000 -0.0000235087738122
16.23000 -0.0000234021921850
16.25000 -0.0000232964925562
16.27000 -0.0000231911439922
16.29000 -0.0000230860552029
16.31000 -0.0000229822534701
16.33000 -0.0000228788705646
16.35000 -0.0000227756531083
16.37000 -0.0000226735349246
16.39000 -0.0000225718046684
16.41000 -0.0000224703587985
16.43000 -0.0000223699713267
16.45000 -0.0000222702523740
16.47000 -0.0000221701608894
16.49000 -0.0000220717191269
16.51000 -0.0000219734087696
16.53000 -0.0000218752900993
16.55000 -0.0000217783547272
16.57000 -0.0000216817805029
16.59000 -0.0000215854623672
16.61000 -0.0000214898627322
16.63000 -0.0000213949467951
16.65000 -0.0000213003242431
16.67000 -0.0000212064722336
16.69000 -0.0000211128146216
16.71000 -0.0000210202838209
16.73000 -0.0000209275271808
16.75000 -0.0000208354944626
16.77000 -0.0000207445497412
16.79000 -0.0000206534543157
16.81000 -0.0000205629787286
16.83000 -0.0000204733183531
16.85000 -0.0000203840287748
16.87000 -0.0000202949037784
16.89000 -0.0000202064430726
16.91000 -0.0000201187930248
16.93000 -0.0000200315620211
16.95000 -0.0000199444627480
16.97000 -0.0000198576744241
16.99000 -0.0000197721787944
17.01000 -0.0000196867001867
17.03000 -0.0000196010979800
17.05000 -0.0000195171195828
17.07000 -0.0000194331356562
17.09000 -0.0000193489850878
17.11000 -0.0000192659607885
17.13000 -0.0000191834291507
17.15000 -0.0000191011572878
17.17000 -0.0000190191248167
17.19000 -0.0000189377915476
17.21000 -0.0000188570955725
17.23000 -0.0000187763948270
17.25000 -0.0000186963659615
17.27000 -0.0000186167177594
17.29000 -0.0000185375757713
17.31000 -0.0000184590072177
17.33000 -0.0000183800847806
17.35000 -0.0000183027325934
17.37000 -0.0000182252512778
17.39000 -0.0000181476176317
17.41000 -0.0000180713713308
17.43000 -0.0000179950859986
17.45000 -0.0000179193333349
17.47000 -0.0000178436780325
17.49000 -0.0000177686474475
17.51000 -0.0000176941251364
17.53000 -0.0000176197891997
17.55000 -0.0000175460876297
17.57000 -0.0000174726961415
17.59000 -0.0000173992428538
17.61000 -0.0000173269148053
17.63000 -0.0000172544874439
17.65000 -0.0000171828471048
17.67000 -0.0000171109828238
17.69000 -0.0000170398702201
17.71000 -0.0000169694805083
17.73000 -0.0000168985499964
17.75000 -0.0000168289338628
17.77000 -0.0000167593793119
17.79000 -0.0000166895053008
17.81000 -0.0000166210113164
17.83000 -0.0000165526080256
17.85000 -0.0000164838891235
17.87000 -0.0000164164796665
17.89000 -0.0000163489163613
17.91000 -0.0000162815094523
17.93000 -0.0000162148477154
17.95000 -0.0000161489247539
17.97000 -0.0000160821509105
17.99000 -0.0000160164067339
18.01000 -0.0000159513045676
18.03000 -0.0000158863538101
18.05000 -0.0000158214076063
18.07000 -0.0000157569001250
18.09000 -0.0000156929801185
18.11000 -0.0000156292598221
18.13000 -0.0000155659377532
18.15000 -0.0000155025652688
18.17000 -0.0000154401454729
18.19000 -0.0000153775421758
18.21000 -0.0000153154118077
18.23000 -0.0000152536745713
18.25000 -0.0000151922944168
18.27000 -0.0000151309809408
18.29000 -0.0000150701181135
18.31000 -0.0000150098579399
18.33000 -0.0000149493366362
18.35000 -0.0000148892673906
18.37000 -0.0000148302201682
18.39000 -0.0000147707730921
18.41000 -0.0000147111998148
18.43000 -0.0000146529247611
18.45000 -0.0000145947190965
18.47000 -0.0000145361250163
18.49000 -0.0000144785824497
18.51000 -0.0000144210678555
18.53000 -0.0000143636035683
18.55000 -0.0000143069974270
18.57000 -0.0000142500457506
18.59000 -0.0000141937864457
18.61000 -0.0000141377795430
18.63000 -0.0000140815669672
18.65000 -0.0000140265320517
18.67000 -0.0000139712699960
18.69000 -0.0000139157766256
18.71000 -0.0000138614805398
18.73000 -0.0000138071098066
18.75000 -0.0000137525574696
18.77000 -0.0000136990363714
18.79000 -0.0000136454496790
18.81000 -0.0000135916829549
18.83000 -0.0000135389921930
18.85000 -0.0000134860700081
18.87000 -0.0000134333714400
18.89000 -0.0000133812164908
18.91000 -0.0000133290213719
18.93000 -0.0000132773877071
18.95000 -0.0000132259383567
18.97000 -0.0000131743242075
18.99000 -0.0000131234626031
19.01000 -0.0000130729852941
19.03000 -0.0000130221537221
19.05000 -0.0000129717959464
19.07000 -0.0000129218089679
19.09000 -0.0000128722523634
19.11000 -0.0000128226721233
19.13000 -0.0000127731094473
19.15000 -0.0000127242985571
19.17000 -0.0000126754718375
19.19000 -0.0000126266624652
19.21000 -0.0000125785240513
19.23000 -0.0000125304855467
19.25000 -0.0000124823337430
19.27000 -0.0000124348781597
19.29000 -0.0000123876439705
19.31000 -0.0000123401115715
19.33000 -0.0000122931735863
19.35000 -0.0000122468983197
19.37000 -0.0000121999594129
19.39000 -0.0000121537712078
19.41000 -0.0000121077957773
19.43000 -0.0000120617692266
19.45000 -0.0000120166190908
19.47000 -0.0000119707695904
19.49000 -0.0000119256120821
19.51000 -0.0000118810320198
19.53000 -0.0000118360632710
19.55000 -0.0000117913372751
19.57000 -0.0000117474353812
19.59000 -0.0000117029672628
19.61000 -0.0000116591930880
19.63000 -0.0000116156292484
19.65000 -0.0000115720505552
19.67000 -0.0000115288742095
19.69000 -0.0000114854479009
19.71000 -0.0000114431543126
19.73000 -0.0000114002140519
19.75000 -0.0000113576977684
19.77000 -0.0000113154116610
19.79000 -0.0000112736272683
19.81000 -0.0000112315870038
19.83000 -0.0000111897956179
19.85000 -0.0000111486600659
19.87000 -0.0000111073397116
19.89000 -0.0000110660373551
19.91000 -0.0000110250479536
19.93000 -0.0000109848159215
19.95000 -0.0000109440512750
19.97000 -0.0000109039829574
19.99000 -0.0000108633938975
20.01000 -0.0000108237844685
20.03000 -0.0000107843071495
20.05000 -0.0000107441461869
20.07000 -0.0000107051266723
20.09000 -0.0000106659674040
20.11000 -0.0000106267545219
20.13000 -0.0000105882807405
20.15000 -0.0000105493676945
20.17000 -0.0000105106896494
20.19000 -0.0000104729081310
20.21000 -0.0000104343074437
20.23000 -0.0000103968136184
20.25000 -0.0000103588625308
20.27000 -0.0000103211867763
20.29000 -0.0000102838419746
20.31000 -0.0000102466110683
20.33000 -0.0000102097170778
20.35000 -0.0000101723389369
20.37000 -0.0000101361292948
20.39000 -0.0000100993587408
20.41000 -0.0000100628371738
20.43000 -0.0000100269505698
20.45000 -0.0000099906144013
20.47000 -0.0000099546555894
20.49000 -0.0000099191668876
20.51000 -0.0000098835196754
20.53000 -0.0000098479642410
20.55000 -0.0000098130433358
20.57000 -0.0000097776178972
20.59000 -0.0000097427047983
20.61000 -0.0000097083520151
20.63000 -0.0000096732999215
20.65000 -0.0000096389560287
20.67000 -0.0000096047962335
20.69000 -0.0000095706214221
20.71000 -0.0000095363532609
20.73000 -0.0000095028441496
20.75000 -0.0000094693984641
20.77000 -0.0000094351512822
20.79000 -0.0000094020556857
20.81000 -0.0000093693237305
20.83000 -0.0000093357674564
20.85000 -0.0000093027746422
20.87000 -0.0000092701044323
20.89000 -0.0000092375016599
20.91000 -0.0000092052419832
20.93000 -0.0000091725159911
20.95000 -0.0000091404120058
20.97000 -0.0000091084885402
20.99000 -0.0000090764158884
21.01000 -0.0000090448186050
21.03000 -0.0000090132139491
21.05000 -0.0000089813720697
21.07000 -0.0000089502472816
21.09000 -0.0000089192464720
21.11000 -0.0000088878172942
21.13000 -0.0000088569757539
21.15000 -0.0000088265217075
21.17000 -0.0000087954543822
21.19000 -0.0000087648622626
21.21000 -0.0000087347839465
21.23000 -0.0000087044532823
21.25000 -0.0000086741879955
21.27000 -0.0000086442709544
21.29000 -0.0000086144607615
21.31000 -0.0000085848525012
21.33000 -0.0000085550376462
21.35000 -0.0000085252907164
21.37000 -0.0000084966001249
21.39000 -0.0000084670048750
21.41000 -0.0000084379672303
21.43000 -0.0000084090505826
21.45000 -0.0000083802174726
21.47000 -0.0000083514293029
21.49000 -0.0000083228676772
21.51000 -0.0000082945925519
21.53000 -0.0000082661873765
21.55000 -0.0000082376530727
21.57000 -0.0000082098327702
21.59000 -0.0000081821737428
21.61000 -0.0000081538264638
21.63000 -0.0000081262597020
21.65000 -0.0000080986902297
21.67000 -0.0000080712228350
21.69000 -0.0000080438934051
21.71000 -0.0000080166074517
21.73000 -0.0000079893329907
21.75000 -0.0000079625177437
21.77000 -0.0000079355619298
21.79000 -0.0000079087608858
21.81000 -0.0000078820075466
21.83000 -0.0000078554970146
21.85000 -0.0000078292416495
21.87000 -0.0000078028572644
21.89000 -0.0000077764173139
21.91000 -0.0000077502355120
21.93000 -0.0000077248000206
21.95000 -0.0000076986155623
21.97000 -0.0000076725032577
21.99000 -0.0000076472975088
22.01000 -0.0000076217208543
22.03000 -0.0000075960564878
22.05000 -0.0000075708026545
22.07000 -0.0000075455179214
22.09000 -0.0000075206643213
22.11000 -0.0000074953356781
22.13000 -0.0000074705678926
22.15000 -0.0000074458661892
22.17000 -0.0000074207736310
22.19000 -0.0000073966654741
22.21000 -0.0000073719407315
22.23000 -0.0000073476175231
22.25000 -0.0000073231693062
22.27000 -0.0000072991692443
22.29000 -0.0000072750575095
22.31000 -0.0000072507705135
22.33000 -0.0000072275490714
22.35000 -0.0000072033412763
22.37000 -0.0000071794702887
22.39000 -0.0000071562319872
22.41000 -0.0000071325189136
22.43000 -0.0000071094668238
22.45000 -0.0000070859135616
22.47000 -0.0000070625563774
22.49000 -0.0000070398358909
22.51000 -0.0000070167063891
22.53000 -0.0000069937044979
22.55000 -0.0000069709058946
22.57000 -0.0000069484669212
22.59000 -0.0000069254392802
22.61000 -0.0000069030896450
22.63000 -0.0000068808996587
22.65000 -0.0000068580581752
22.67000 -0.0000068361248194
22.69000 -0.0000068139626970
22.71000 -0.0000067918031225
22.73000 -0.0000067700509370
22.75000 -0.0000067480739421
22.77000 -0.0000067259385453
22.79000 -0.0000067044203305
22.81000 -0.0000066831789126
22.83000 -0.0000066613785885
22.85000 -0.0000066396618021
22.87000 -0.0000066186326710
22.89000 -0.0000065973716290
22.91000 -0.0000065761720071
22.93000 -0.0000065550924064
22.95000 -0.0000065337897853
22.97000 -0.0000065132089717
22.99000 -0.0000064924743099
23.01000 -0.0000064712558771
23.03000 -0.0000064509925722
23.05000 -0.0000064303805336
23.07000 -0.0000064096400171
23.09000 -0.0000063893935715
23.11000 -0.0000063689843330
23.13000 -0.0000063489808571
23.15000 -0.0000063284628189
23.17000 -0.0000063084253533
23.19000 -0.0000062887134736
23.21000 -0.0000062687382954
23.23000 -0.0000062486311156
23.25000 -0.0000062288038768
23.27000 -0.0000062094363939
23.29000 -0.0000061897601302
23.31000 -0.0000061701430098
23.33000 -0.0000061506172334
23.35000 -0.0000061315303421
23.37000 -0.0000061120863687
23.39000 -0.0000060925976178
23.41000 -0.0000060738522501
23.43000 -0.0000060547496379
23.45000 -0.0000060354839616
23.47000 -0.0000060166901843
23.49000 -0.0000059980880939
23.51000 -0.0000059790648994
23.53000 -0.0000059606307520
23.55000 -0.0000059415768204
23.57000 -0.0000059232924555
23.59000 -0.0000059051755456
23.61000 -0.0000058860932079
23.63000 -0.0000058682362897
23.65000 -0.0000058499015636
23.67000 -0.0000058317164032
23.69000 -0.0000058136153769
23.71000 -0.0000057955817337
23.73000 -0.0000057778035286
23.75000 -0.0000057593575091
23.77000 -0.0000057419759594
23.79000 -0.0000057242345629
23.81000 -0.0000057063607312
23.83000 -0.0000056892859564
23.85000 -0.0000056710186135
23.87000 -0.0000056537621264
23.89000 -0.0000056366019708
23.91000 -0.0000056189639530
23.93000 -0.0000056019896296
23.95000 -0.0000055847415451
23.97000 -0.0000055672583514
23.99000 -0.0000055505196793
24.01000 -0.0000055334807916
24.03000 -0.0000055166709417
24.05000 -0.0000054995494378
24.07000 -0.0000054825208501
24.09000 -0.0000054665218749
24.11000 -0.0000054493045818
24.13000 -0.0000054326705352
24.15000 -0.0000054164942388
24.17000 -0.0000053997713419
24.19000 -0.0000053833698567
24.21000 -0.0000053669073851
24.23000 -0.0000053508721434
24.25000 -0.0000053346200070
24.27000 -0.0000053181533613
24.29000 -0.0000053023148480
24.31000 -0.0000052862567297
24.33000 -0.0000052701937866
24.35000 -0.0000052544053093
24.37000 -0.0000052384407033
24.39000 -0.0000052225711819
24.41000 -0.0000052069833363
24.43000 -0.0000051914130004
24.45000 -0.0000051754384740
24.47000 -0.0000051601272625
24.49000 -0.0000051449380238
24.51000 -0.0000051287870435
24.53000 -0.0000051138535680
24.55000 -0.0000050986841702
24.57000 -0.0000050829082154
24.59000 -0.0000050683532891
24.61000 -0.0000050527264664
24.63000 -0.0000050375097431
24.65000 -0.0000050231122430
24.67000 -0.0000050077242700
24.69000 -0.0000049927959987
24.71000 -0.0000049780538849
24.73000 -0.0000049631774385
24.75000 -0.0000049484503951
24.77000 -0.0000049338305793
24.79000 -0.0000049189018201
24.81000 -0.0000049048367906
24.83000 -0.0000048902710223
24.85000 -0.0000048750573348
24.87000 -0.0000048610917808
24.89000 -0.0000048471803828
24.91000 -0.0000048323617243
24.93000 -0.0000048180676029
24.95000 -0.0000048041171735
24.97000 -0.0000047897655352
24.99000 -0.0000047760582381
25.01000 -0.0000047614457949
25.03000 -0.0000047477048334
25.05000 -0.0000047342182258
25.07000 -0.0000047194287324
25.09000 -0.0000047063268538
25.11000 -0.0000046925101066
25.13000 -0.0000046781662203
25.15000 -0.0000046650926937
25.17000 -0.0000046512085091
25.19000 -0.0000046377284066
25.21000 -0.0000046243831247
25.23000 -0.0000046103078495
25.25000 -0.0000045972470622
25.27000 -0.0000045841768424
25.29000 -0.0000045705212076
25.31000 -0.0000045571788530
25.33000 -0.0000045438756382
25.35000 -0.0000045311972490
25.37000 -0.0000045175314769
25.39000 -0.0000045045000716
25.41000 -0.0000044918532869
25.43000 -0.0000044784670764
25.45000 -0.0000044657860851
25.47000 -0.0000044526750451
25.49000 -0.0000044400459329
25.51000 -0.0000044271973240
25.53000 -0.0000044140376033
25.55000 -0.0000044020700171
25.57000 -0.0000043889771375
25.59000 -0.0000043761816003
25.61000 -0.0000043640355002
25.63000 -0.0000043512270610
25.65000 -0.0000043388873766
25.67000 -0.0000043264740206
25.69000 -0.0000043140829450
25.71000 -0.0000043015989533
25.73000 -0.0000042893666592
25.75000 -0.0000042771346360
25.77000 -0.0000042650565696
25.79000 -0.0000042529171374
25.81000 -0.0000042404213279
25.83000 -0.0000042286883088
25.85000 -0.0000042167235957
25.87000 -0.0000042045011678
25.89000 -0.0000041925424720
25.91000 -0.0000041808228429
25.93000 -0.0000041687996371
25.95000 -0.0000041571969391
25.97000 -0.0000041453436278
25.99000 -0.0000041334246681
26.01000 -0.0000041220053087
26.03000 -0.0000041102403599
26.05000 -0.0000040986955041
26.07000 -0.0000040869734355
26.09000 -0.0000040756336023
26.11000 -0.0000040640394695
26.13000 -0.0000040527304277
26.15000 -0.0000040412569124
26.17000 -0.0000040298151643
26.19000 -0.0000040185821251
26.21000 -0.0000040073666499
26.23000 -0.0000039960698054
26.25000 -0.0000039849321217
26.27000 -0.0000039736665564
26.29000 -0.0000039625714819
26.31000 -0.0000039516211484
26.33000 -0.0000039405200565
26.35000 -0.0000039296287036
26.37000 -0.0000039182664275
26.39000 -0.0000039076613581
26.41000 -0.0000038969082952
26.43000 -0.0000038860220380
26.45000 -0.0000038747748499
26.47000 -0.0000038643665633
26.49000 -0.0000038540177451
26.51000 -0.0000038426131851
26.53000 -0.0000038322558018
26.55000 -0.0000038217492322
26.57000 -0.0000038111847662
26.59000 -0.0000038004806550
26.61000 -0.0000037898305371
26.63000 -0.0000037798084974
26.65000 -0.0000037690549466
26.67000 -0.0000037587584412
26.69000 -0.0000037486142120
26.71000 -0.0000037378147994
26.73000 -0.0000037278780323
26.75000 -0.0000037176618663
26.77000 -0.0000037071724813
26.79000 -0.0000036972406473
26.81000 -0.0000036871232521
26.83000 -0.0000036767691756
26.85000 -0.0000036668124049
26.87000 -0.0000036570343650
26.89000 -0.0000036466691754
26.91000 -0.0000036368937376
26.93000 -0.0000036269263417
26.95000 -0.0000036169263114
26.97000 -0.0000036073291164
26.99000 -0.0000035973533722
27.01000 -0.0000035872553842
27.03000 -0.0000035779668616
27.05000 -0.0000035682382071
27.07000 -0.0000035581083978
27.09000 -0.0000035489304095
27.11000 -0.0000035388189774
27.13000 -0.0000035295726303
27.15000 -0.0000035201450045
27.17000 -0.0000035101879628
27.19000 -0.0000035009074090
27.21000 -0.0000034914802169
27.23000 -0.0000034821865985
27.25000 -0.0000034727061179
27.27000 -0.0000034628410165
27.29000 -0.0000034540291092
27.31000 -0.0000034449965125
27.33000 -0.0000034349122396
27.35000 -0.0000034263607034
27.37000 -0.0000034170568935
27.39000 -0.0000034075262685
27.41000 -0.0000033987467246
27.43000 -0.0000033894138581
27.45000 -0.0000033804964036
27.47000 -0.0000033712671869
27.49000 -0.0000033624320234
27.51000 -0.0000033533544322
27.53000 -0.0000033444146432
27.55000 -0.0000033355656019
27.57000 -0.0000033263987810
27.59000 -0.0000033178453474
27.61000 -0.0000033089706647
27.63000 -0.0000032998867311
27.65000 -0.0000032913897844
27.67000 -0.0000032826290514
27.69000 -0.0000032737095370
27.71000 -0.0000032652292870
27.73000 -0.0000032566318891
27.75000 -0.0000032477392629
27.77000 -0.0000032390764333
27.79000 -0.0000032309536448
27.81000 -0.0000032222792143
27.83000 -0.0000032132767584
27.85000 -0.0000032053662025
27.87000 -0.0000031967916270
27.89000 -0.0000031878912487
27.91000 -0.0000031802566223
27.93000 -0.0000031715374684
27.95000 -0.0000031630380823
27.97000 -0.0000031547600903
27.99000 -0.0000031465671540
28.01000 -0.0000031382757179
28.03000 -0.0000031303159392
28.05000 -0.0000031217266727
28.07000 -0.0000031133975606
28.09000 -0.0000031059658968
28.11000 -0.0000030971724209
28.13000 -0.0000030891760504
28.15000 -0.0000030816989585
28.17000 -0.0000030729177341
28.19000 -0.0000030649688516
28.21000 -0.0000030574911635
28.23000 -0.0000030492666226
28.25000 -0.0000030410146515
28.27000 -0.0000030336233742
28.29000 -0.0000030255843404
28.31000 -0.0000030173602332
28.33000 -0.0000030099937300
28.35000 -0.0000030018681226
28.37000 -0.0000029942157152
28.39000 -0.0000029867372139
28.41000 -0.0000029786937890
28.43000 -0.0000029706447263
28.45000 -0.0000029637785824
28.47000 -0.0000029556124258
28.49000 -0.0000029479228303
28.51000 -0.0000029405548092
28.53000 -0.0000029328648884
28.55000 -0.0000029255107993
28.57000 -0.0000029176759750
28.59000 -0.0000029102024067
28.61000 -0.0000029029468174
28.63000 -0.0000028954562814
28.65000 -0.0000028878067472
28.67000 -0.0000028807558552
28.69000 -0.0000028729937808
28.71000 -0.0000028656421854
28.73000 -0.0000028586321136
28.75000 -0.0000028511877646
28.77000 -0.0000028438447886
28.79000 -0.0000028365091309
28.81000 -0.0000028295004144
28.83000 -0.0000028220356282
28.85000 -0.0000028148241659
28.87000 -0.0000028080856867
28.89000 -0.0000028006314715
28.91000 -0.0000027933177147
28.93000 -0.0000027864709238
28.95000 -0.0000027794196523
28.97000 -0.0000027722226641
28.99000 -0.0000027651033047
29.01000 -0.0000027584711316
29.03000 -0.0000027511663737
29.05000 -0.0000027443490731
29.07000 -0.0000027373405192
29.09000 -0.0000027304475955
29.11000 -0.0000027235100568
29.13000 -0.0000027165331616
29.15000 -0.0000027099965067
29.17000 -0.0000027029640462
29.19000 -0.0000026962678509
29.21000 -0.0000026891518526
29.23000 -0.0000026826282081
29.25000 -0.0000026760902522
29.27000 -0.0000026690758436
29.29000 -0.0000026624404721
29.31000 -0.0000026557489931
29.33000 -0.0000026490615799
29.35000 -0.0000026426657629
29.37000 -0.0000026356114556
29.39000 -0.0000026294966638
29.41000 -0.0000026228165148
29.43000 -0.0000026157036606
29.45000 -0.0000026099831389
29.47000 -0.0000026030049427
29.49000 -0.0000025965592523
29.51000 -0.0000025902651335
29.53000 -0.0000025835493684
29.55000 -0.0000025773944068
29.57000 -0.0000025708160102
29.59000 -0.0000025644480571
29.61000 -0.0000025581953006
29.63000 -0.0000025516656930
29.65000 -0.0000025453843135
29.67000 -0.0000025391737866
29.69000 -0.0000025328901845
29.71000 -0.0000025265226651
29.73000 -0.0000025202445924
29.75000 -0.0000025141886186
29.77000 -0.0000025078490174
29.79000 -0.0000025017882189
29.81000 -0.0000024953798793
29.83000 -0.0000024891533062
29.85000 -0.0000024836497876
29.87000 -0.0000024770512247
29.89000 -0.0000024709293856
29.91000 -0.0000024649162919
29.93000 -0.0000024588777195
29.95000 -0.0000024530386945
29.97000 -0.0000024466803908
29.99000 -0.0000024407995156
30.01000 -0.0000024351800416
30.03000 -0.0000024285894476
30.05000 -0.0000024231130340
30.07000 -0.0000024169380147
30.09000 -0.0000024110794741
30.11000 -0.0000024056067468
30.13000 -0.0000023990127376
30.15000 -0.0000023935922146
30.17000 -0.0000023878104355
30.19000 -0.0000023819099362
30.21000 -0.0000023757721051
30.23000 -0.0000023705204466
30.25000 -0.0000023646150142
30.27000 -0.0000023586341756
30.29000 -0.0000023531175923
30.31000 -0.0000023474455344
30.33000 -0.0000023416011426
30.35000 -0.0000023359635623
30.37000 -0.0000023304983702
30.39000 -0.0000023244394690
30.41000 -0.0000023192784498
30.43000 -0.0000023136110540
30.45000 -0.0000023074744697
30.47000 -0.0000023025523003
30.49000 -0.0000022970508958
30.51000 -0.0000022910386153
30.53000 -0.0000022854076487
30.55000 -0.0000022805779075
30.57000 -0.0000022747844732
30.59000 -0.0000022690377680
30.61000 -0.0000022640986850
30.63000 -0.0000022580694909
30.65000 -0.0000022529708676
30.67000 -0.0000022478462776
30.69000 -0.0000022420999519
30.71000 -0.0000022367168881
30.73000 -0.0000022314557428
30.75000 -0.0000022262327615
30.77000 -0.0000022207385128
30.79000 -0.0000022155256145
30.81000 -0.0000022102698903
30.83000 -0.0000022047903867
30.85000 -0.0000021997503645
30.87000 -0.0000021946343939
30.89000 -0.0000021889647755
30.91000 -0.0000021841541162
30.93000 -0.0000021790162990
30.95000 -0.0000021732751232
30.97000 -0.0000021687390924
30.99000 -0.0000021634173944
31.01000 -0.0000021579672728
31.03000 -0.0000021533432047
31.05000 -0.0000021479068524
31.07000 -0.0000021428810874
31.09000 -0.0000021380020692
31.11000 -0.0000021327246609
31.13000 -0.0000021276977034
31.15000 -0.0000021228619990
31.17000 -0.0000021176744711
31.19000 -0.0000021127090420
31.21000 -0.0000021080337996
31.23000 -0.0000021024410511
31.25000 -0.0000020980700901
31.27000 -0.0000020929813872
31.29000 -0.0000020877728799
31.31000 -0.0000020833781748
31.33000 -0.0000020781331842
31.35000 -0.0000020731407042
31.37000 -0.0000020686680450
31.39000 -0.0000020638873640
31.41000 -0.0000020584640763
31.43000 -0.0000020539831229
31.45000 -0.0000020493725532
31.47000 -0.0000020442380427
31.49000 -0.0000020397355679
31.51000 -0.0000020351494470
31.53000 -0.0000020298046013
31.55000 -0.0000020253755812
31.57000 -0.0000020207291786
31.59000 -0.0000020159646522
31.61000 -0.0000020113884516
31.63000 -0.0000020065945433
31.65000 -0.0000020018953942
31.67000 -0.0000019974346070
31.69000 -0.0000019924850073
31.71000 -0.0000019881767131
31.73000 -0.0000019833877921
31.75000 -0.0000019788504060
31.77000 -0.0000019745315409
31.79000 -0.0000019692520726
31.81000 -0.0000019653972460
31.83000 -0.0000019607784905
31.85000 -0.0000019558285113
31.87000 -0.0000019515416843
31.89000 -0.0000019473492372
31.91000 -0.0000019425068650
31.93000 -0.0000019379057820
31.95000 -0.0000019339573888
31.97000 -0.0000019290942541
31.99000 -0.0000019246809008
32.01000 -0.0000019204458445
32.03000 -0.0000019159572475
32.05000 -0.0000019114645847
32.07000 -0.0000019073876593
32.09000 -0.0000019027631033
32.11000 -0.0000018982253378
32.13000 -0.0000018943165721
32.15000 -0.0000018896020274
32.17000 -0.0000018856041945
32.19000 -0.0000018810414923
32.21000 -0.0000018769804504
32.23000 -0.0000018724999307
32.25000 -0.0000018681431727
32.27000 -0.0000018643289495
32.29000 -0.0000018596477982
32.31000 -0.0000018557454293
32.33000 -0.0000018510954488
32.35000 -0.0000018471484108
32.37000 -0.0000018431707441
32.39000 -0.0000018385458087
32.41000 -0.0000018347401506
32.43000 -0.0000018304511010
32.45000 -0.0000018263598099
32.47000 -0.0000018218808081
32.49000 -0.0000018181041525
32.51000 -0.0000018140974833
32.53000 -0.0000018096602775
32.55000 -0.0000018058315260
32.57000 -0.0000018016767548
32.59000 -0.0000017974242971
32.61000 -0.0000017934855532
32.63000 -0.0000017897145354
32.65000 -0.0000017855483802
32.67000 -0.0000017812443686
32.69000 -0.0000017775571596
32.71000 -0.0000017734350230
32.73000 -0.0000017693060558
32.75000 -0.0000017655938560
32.77000 -0.0000017616078409
32.79000 -0.0000017574375657
32.81000 -0.0000017537971401
32.83000 -0.0000017497549091
32.85000 -0.0000017455238101
32.87000 -0.0000017421255410
32.89000 -0.0000017381441880
32.91000 -0.0000017336651862
32.93000 -0.0000017304027135
32.95000 -0.0000017267500906
32.97000 -0.0000017222481037
32.99000 -0.0000017187021121
33.01000 -0.0000017148188793
33.03000 -0.0000017112054503
33.05000 -0.0000017072540213
33.07000 -0.0000017032256681
33.09000 -0.0000017000369753
33.11000 -0.0000016955712550
33.13000 -0.0000016921294552
33.15000 -0.0000016886751871
33.17000 -0.0000016843819091
33.19000 -0.0000016810968308
33.21000 -0.0000016770131833
33.23000 -0.0000016735024282
33.25000 -0.0000016698518111
33.27000 -0.0000016660086396
33.29000 -0.0000016623343869
33.31000 -0.0000016588953518
33.33000 -0.0000016549961271
33.35000 -0.0000016515094956
33.37000 -0.0000016476457785
33.39000 -0.0000016441998045
33.41000 -0.0000016407110046
33.43000 -0.0000016367906379
33.45000 -0.0000016332723477
33.47000 -0.0000016298842159
33.49000 -0.0000016262005848
33.51000 -0.0000016225037264
33.53000 -0.0000016191624322
33.55000 -0.0000016152628280
33.57000 -0.0000016121496499
33.59000 -0.0000016084493763
33.61000 -0.0000016047396701
33.63000 -0.0000016016132648
33.65000 -0.0000015978951018
33.67000 -0.0000015942321248
33.69000 -0.0000015911931603
33.71000 -0.0000015872688905
33.73000 -0.0000015840447443
33.75000 -0.0000015807454087
33.77000 -0.0000015769548753
33.79000 -0.0000015735787781
33.81000 -0.0000015703782675
33.83000 -0.0000015670561094
33.85000 -0.0000015631976507
33.87000 -0.0000015600734680
33.89000 -0.0000015568531165
33.91000 -0.0000015530598725
33.93000 -0.0000015498757334
33.95000 -0.0000015469579827
33.97000 -0.0000015430076921
33.99000 -0.0000015399296963
34.01000 -0.0000015366354023
34.03000 -0.0000015330101555
34.05000 -0.0000015300288705
34.07000 -0.0000015267244934
34.09000 -0.0000015233437884
34.11000 -0.0000015200180524
34.13000 -0.0000015167623559
34.15000 -0.0000015134374331
34.17000 -0.0000015103984144
34.19000 -0.0000015071178897
34.21000 -0.0000015034565932
34.23000 -0.0000015006810356
34.25000 -0.0000014974472400
34.27000 -0.0000014939627768
34.29000 -0.0000014910029049
34.31000 -0.0000014877356075
34.33000 -0.0000014845039260
34.35000 -0.0000014812258950
34.37000 -0.0000014782009167
34.39000 -0.0000014753398698
34.41000 -0.0000014715983423
34.43000 -0.0000014685806282
34.45000 -0.0000014659265013
34.47000 -0.0000014622198851
34.49000 -0.0000014595061813
34.51000 -0.0000014562580200
34.53000 -0.0000014530079071
34.55000 -0.0000014502168997
34.57000 -0.0000014469413623
34.59000 -0.0000014436153553
34.61000 -0.0000014411876098
34.63000 -0.0000014376461176
34.65000 -0.0000014344559069
34.67000 -0.0000014320955446
34.69000 -0.0000014285319889
34.71000 -0.0000014254383264
34.73000 -0.0000014225836221
34.75000 -0.0000014198696472
34.77000 -0.0000014164547356
34.79000 -0.0000014133013336
34.81000 -0.0000014110063487
34.83000 -0.0000014075413469
34.85000 -0.0000014044038827
34.87000 -0.0000014020830395
34.89000 -0.0000013986757173
34.91000 -0.0000013954523843
34.93000 -0.0000013930097852
34.95000 -0.0000013901681455
34.97000 -0.0000013868788388
34.99000 -0.0000013839907952
35.01000 -0.0000013813124906
35.03000 -0.0000013784050941
35.05000 -0.0000013751414287
35.07000 -0.0000013725747427
35.09000 -0.0000013697816210
35.11000 -0.0000013666572214
35.13000 -0.0000013639659064
35.15000 -0.0000013610714118
35.17000 -0.0000013580792849
35.19000 -0.0000013553833078
35.21000 -0.0000013529290535
35.23000 -0.0000013494208463
35.25000 -0.0000013467938787
35.27000 -0.0000013442831375
35.29000 -0.0000013413478227
35.31000 -0.0000013384551171
35.33000 -0.0000013356552734
35.35000 -0.0000013329937197
35.37000 -0.0000013302401715
35.39000 -0.0000013274114338
35.41000 -0.0000013246326236
35.43000 -0.0000013217220287
35.45000 -0.0000013195091721
35.47000 -0.0000013163736052
35.49000 -0.0000013134667507
35.51000 -0.0000013111472086
35.53000 -0.0000013081791509
35.55000 -0.0000013058881775
35.57000 -0.0000013025829872
35.59000 -0.0000013002408395
35.61000 -0.0000012974498862
35.63000 -0.0000012949048843
35.65000 -0.0000012922270675
35.67000 -0.0000012892576004
35.69000 -0.0000012869880400
35.71000 -0.0000012841476472
35.73000 -0.0000012816565300
35.75000 -0.0000012788488259
35.77000 -0.0000012760303339
35.79000 -0.0000012738993888
35.81000 -0.0000012710765058
35.83000 -0.0000012683360221
35.85000 -0.0000012658380203
35.87000 -0.0000012632010238
35.89000 -0.0000012607855298
35.91000 -0.0000012581654468
35.93000 -0.0000012551327707
35.95000 -0.0000012530743587
35.97000 -0.0000012505509865
35.99000 -0.0000012476086245
36.01000 -0.0000012453541345
36.03000 -0.0000012427967184
36.05000 -0.0000012400910377
36.07000 -0.0000012375859343
36.09000 -0.0000012352802700
36.11000 -0.0000012325551820
36.13000 -0.0000012302097817
36.15000 -0.0000012276945411
36.17000 -0.0000012249271692
36.19000 -0.0000012225983030
36.21000 -0.0000012202767009
36.23000 -0.0000012176408970
36.25000 -0.0000012153902559
36.27000 -0.0000012125817928
36.29000 -0.0000012101999632
36.31000 -0.0000012080146453
36.33000 -0.0000012052916174
36.35000 -0.0000012030711171
36.37000 -0.0000012003441318
36.39000 -0.0000011981317089
36.41000 -0.0000011958877356
36.43000 -0.0000011931701829
36.45000 -0.0000011907210786
36.47000 -0.0000011886293816
36.49000 -0.0000011860473541
36.51000 -0.0000011835364503
36.53000 -0.0000011814820498
36.55000 -0.0000011786986318
36.57000 -0.0000011769401643
36.59000 -0.0000011738887857
36.61000 -0.0000011717584910
36.63000 -0.0000011696746002
36.65000 -0.0000011670761471
36.67000 -0.0000011648206813
36.69000 -0.0000011622999113
36.71000 -0.0000011603843971
36.73000 -0.0000011577128145
36.75000 -0.0000011554776775
36.77000 -0.0000011530997511
36.79000 -0.0000011511157153
36.81000 -0.0000011484273818
36.83000 -0.0000011460677784
36.85000 -0.0000011442358020
36.87000 -0.0000011418605319
36.89000 -0.0000011392651145
36.91000 -0.0000011371998720
36.93000 -0.0000011350509833
36.95000 -0.0000011324007595
36.97000 -0.0000011305770773
36.99000 -0.0000011280936038
37.01000 -0.0000011258350480
37.03000 -0.0000011237574998
37.05000 -0.0000011217242955
37.07000 -0.0000011189372454
37.09000 -0.0000011169217135
37.11000 -0.0000011151511030
37.13000 -0.0000011121969773
37.15000 -0.0000011106357262
37.17000 -0.0000011081642331
37.19000 -0.0000011058629598
37.21000 -0.0000011039490177
37.23000 -0.0000011016719763
37.25000 -0.0000010994744611
37.27000 -0.0000010971324760
37.29000 -0.0000010951868752
37.31000 -0.0000010928697725
37.33000 -0.0000010911245323
37.35000 -0.0000010885649478
37.37000 -0.0000010863168004
37.39000 -0.0000010847939842
37.41000 -0.0000010820874361
37.43000 -0.0000010798243810
37.45000 -0.0000010783529560
37.47000 -0.0000010759475450
37.49000 -0.0000010735797017
37.51000 -0.0000010718276310
37.53000 -0.0000010697661832
37.55000 -0.0000010672897028
37.57000 -0.0000010652348686
37.59000 -0.0000010634614933
37.61000 -0.0000010615581764
37.63000 -0.0000010589881836
37.65000 -0.0000010568355002
37.67000 -0.0000010552455177
37.69000 -0.0000010531233546
37.71000 -0.0000010508621967
37.73000 -0.0000010486875040
37.75000 -0.0000010470179411
37.77000 -0.0000010448583730
37.79000 -0.0000010426795061
37.81000 -0.0000010409218518
37.83000 -0.0000010386177053
37.85000 -0.0000010363549754
37.87000 -0.0000010351121544
37.89000 -0.0000010328251383
37.91000 -0.0000010302195837
37.93000 -0.0000010289589818
37.95000 -0.0000010267026487
37.97000 -0.0000010246886889
37.99000 -0.0000010226738618
38.01000 -0.0000010206506322
38.03000 -0.0000010190844479
38.05000 -0.0000010166630450
38.07000 -0.0000010146275096
38.09000 -0.0000010132112163
38.11000 -0.0000010108262426
38.13000 -0.0000010087201257
38.15000 -0.0000010074445618
38.17000 -0.0000010048557039
38.19000 -0.0000010033104989
38.21000 -0.0000010010844150
38.23000 -0.0000009993012819
38.25000 -0.0000009976099807
38.27000 -0.0000009953426972
38.29000 -0.0000009934705511
38.31000 -0.0000009915951523
38.33000 -0.0000009900789498
38.35000 -0.0000009875904890
38.37000 -0.0000009860510303
38.39000 -0.0000009841016890
38.41000 -0.0000009821649245
38.43000 -0.0000009803320265
38.45000 -0.0000009782885764
38.47000 -0.0000009768192115
38.49000 -0.0000009746274426
38.51000 -0.0000009727268361
38.53000 -0.0000009710380286
38.55000 -0.0000009693682489
38.57000 -0.0000009669950387
38.59000 -0.0000009652912692
38.61000 -0.0000009641249929
38.63000 -0.0000009616004282
38.65000 -0.0000009597489904
38.67000 -0.0000009581835650
38.69000 -0.0000009562735803
38.71000 -0.0000009547394884
38.73000 -0.0000009524427145
38.75000 -0.0000009509071590
38.77000 -0.0000009492725616
38.79000 -0.0000009470261489
38.81000 -0.0000009455442614
38.83000 -0.0000009436523828
38.85000 -0.0000009417514511
38.87000 -0.0000009403999389
38.89000 -0.0000009382137536
38.91000 -0.0000009365055389
38.93000 -0.0000009349670018
38.95000 -0.0000009329516868
38.97000 -0.0000009312679751
38.99000 -0.0000009294523159
39.01000 -0.0000009277613942
39.03000 -0.0000009260355612
39.05000 -0.0000009244555533
39.07000 -0.0000009224270653
39.09000 -0.0000009207535450
39.11000 -0.0000009190495045
39.13000 -0.0000009173763637
39.15000 -0.0000009156988319
39.17000 -0.0000009137621757
39.19000 -0.0000009122683078
39.21000 -0.0000009105779282
39.23000 -0.0000009086801407
39.25000 -0.0000009069865627
39.27000 -0.0000009054538803
39.29000 -0.0000009038715956
39.31000 -0.0000009017085581
39.33000 -0.0000009002988784
39.35000 -0.0000008987297668
39.37000 -0.0000008971918260
39.39000 -0.0000008950025508
39.41000 -0.0000008934189651
39.43000 -0.0000008922792518
39.45000 -0.0000008900668830
39.47000 -0.0000008886316162
39.49000 -0.0000008872310438
39.51000 -0.0000008851497551
39.53000 -0.0000008834631160
39.55000 -0.0000008822160667
39.57000 -0.0000008803660925
39.59000 -0.0000008786448132
39.61000 -0.0000008771570167
39.63000 -0.0000008757343266
39.65000 -0.0000008736523332
39.67000 -0.0000008723477669
39.69000 -0.0000008705984067
39.71000 -0.0000008688153821
39.73000 -0.0000008676441184
39.75000 -0.0000008658797962
39.77000 -0.0000008641017047
39.79000 -0.0000008625160590
39.81000 -0.0000008611966934
39.83000 -0.0000008594463032
39.85000 -0.0000008576402392
39.87000 -0.0000008562903533
39.89000 -0.0000008548258672
39.91000 -0.0000008531738141
39.93000 -0.0000008514711831
39.95000 -0.0000008498542039
39.97000 -0.0000008485357599
39.99000 -0.0000008469642630
40.01000 -0.0000008451499591
40.03000 -0.0000008436041037
40.05000 -0.0000008425305267
40.07000 -0.0000008405811312
40.09000 -0.0000008388133395
40.11000 -0.0000008378369071
40.13000 -0.0000008360407093
40.15000 -0.0000008343095637
40.17000 -0.0000008332112127
40.19000 -0.0000008315119426
40.21000 -0.0000008298206415
40.23000 -0.0000008281720036
40.25000 -0.0000008271928064
40.27000 -0.0000008255078478
40.29000 -0.0000008236699083
40.31000 -0.0000008224157575
40.33000 -0.0000008210933019
40.35000 -0.0000008192056517
40.37000 -0.0000008177690838
40.39000 -0.0000008167173535
40.41000 -0.0000008148065556
40.43000 -0.0000008136874421
40.45000 -0.0000008116732113
40.47000 -0.0000008103702171
40.49000 -0.0000008093241789
40.51000 -0.0000008074747468
40.53000 -0.0000008060528698
40.55000 -0.0000008046718673
40.57000 -0.0000008031699221
40.59000 -0.0000008018703973
40.61000 -0.0000008001542679
40.63000 -0.0000007985938300
40.65000 -0.0000007975532127
40.67000 -0.0000007961037428
40.69000 -0.0000007943501542
40.71000 -0.0000007930694404
40.73000 -0.0000007916211089
40.75000 -0.0000007901460519
40.77000 -0.0000007890852685
40.79000 -0.0000007870618762
40.81000 -0.0000007858560265
40.83000 -0.0000007847177227
40.85000 -0.0000007830953767
40.87000 -0.0000007817413166
40.89000 -0.0000007802314025
40.91000 -0.0000007790406775
40.93000 -0.0000007771900528
40.95000 -0.0000007762846355
40.97000 -0.0000007749385985
40.99000 -0.0000007730121339
41.01000 -0.0000007719504289
41.03000 -0.0000007708354354
41.05000 -0.0000007688865820
41.07000 -0.0000007678074214
41.09000 -0.0000007666761106
41.11000 -0.0000007647093137
41.13000 -0.0000007639007157
41.15000 -0.0000007622778819
41.17000 -0.0000007611751941
41.19000 -0.0000007593979156
41.21000 -0.0000007579674735
41.23000 -0.0000007573365763
41.25000 -0.0000007553489626
41.27000 -0.0000007542277892
41.29000 -0.0000007530374436
41.31000 -0.0000007514255060
41.33000 -0.0000007500864621
41.35000 -0.0000007487333236
41.37000 -0.0000007478252501
41.39000 -0.0000007461039707
41.41000 -0.0000007445723183
41.43000 -0.0000007439908065
41.45000 -0.0000007420498135
41.47000 -0.0000007406202387
41.49000 -0.0000007400025688
41.51000 -0.0000007383647188
41.53000 -0.0000007367198756
41.55000 -0.0000007355917633
41.57000 -0.0000007346288833
41.59000 -0.0000007330748421
41.61000 -0.0000007316062903
41.63000 -0.0000007305817735
41.65000 -0.0000007293441025
41.67000 -0.0000007276049338
41.69000 -0.0000007266770193
41.71000 -0.0000007257625490
41.73000 -0.0000007237604071
41.75000 -0.0000007227891246
41.77000 -0.0000007218851168
41.79000 -0.0000007198376010
41.81000 -0.0000007189324548
41.83000 -0.0000007180931739
41.85000 -0.0000007162750753
41.87000 -0.0000007152403669
41.89000 -0.0000007140209105
41.91000 -0.0000007126878840
41.93000 -0.0000007112914858
41.95000 -0.0000007104719374
41.97000 -0.0000007089992655
41.99000 -0.0000007072819435
42.01000 -0.0000007069257289
42.03000 -0.0000007051402105
42.05000 -0.0000007039676459
42.07000 -0.0000007028239210
42.09000 -0.0000007015005981
42.11000 -0.0000007003581200
42.13000 -0.0000006993358800
42.15000 -0.0000006976849654
42.17000 -0.0000006965068713
42.19000 -0.0000006958356959
42.21000 -0.0000006941031408
42.23000 -0.0000006929451587
42.25000 -0.0000006919495901
42.27000 -0.0000006907851569
42.29000 -0.0000006892297063
42.31000 -0.0000006881707660
42.33000 -0.0000006871466829
42.35000 -0.0000006860013317
42.37000 -0.0000006845428629
42.39000 -0.0000006834004391
42.41000 -0.0000006823942995
42.43000 -0.0000006810651760
42.45000 -0.0000006799861780
42.47000 -0.0000006787183120
42.49000 -0.0000006775571857
42.51000 -0.0000006764098830
42.53000 -0.0000006753565806
42.55000 -0.0000006738809272
42.57000 -0.0000006730491273
42.59000 -0.0000006717907480
42.61000 -0.0000006703282677
42.63000 -0.0000006698242221
42.65000 -0.0000006680105687
42.67000 -0.0000006670789138
42.69000 -0.0000006661401574
42.71000 -0.0000006648605277
42.73000 -0.0000006636314762
42.75000 -0.0000006623493529
42.77000 -0.0000006616808880
42.79000 -0.0000006603130586
42.81000 -0.0000006589169856
42.83000 -0.0000006580377519
42.85000 -0.0000006569963215
42.87000 -0.0000006557918813
42.89000 -0.0000006545058549
42.91000 -0.0000006536002208
42.93000 -0.0000006522231214
42.95000 -0.0000006514429838
42.97000 -0.0000006501998918
42.99000 -0.0000006488395975
43.01000 -0.0000006482629646
43.03000 -0.0000006466289635
43.05000 -0.0000006456725887
43.07000 -0.0000006446186358
43.09000 -0.0000006437236269
43.11000 -0.0000006422569724
43.13000 -0.0000006413591446
43.15000 -0.0000006403185274
43.17000 -0.0000006390942463
43.19000 -0.0000006382579469
43.21000 -0.0000006364800722
43.23000 -0.0000006362553713
43.25000 -0.0000006350625863
43.27000 -0.0000006333856508
43.29000 -0.0000006326035073
43.31000 -0.0000006316754303
43.33000 -0.0000006306360057
43.35000 -0.0000006294058699
43.37000 -0.0000006285318403
43.39000 -0.0000006269876653
43.41000 -0.0000006262402164
43.43000 -0.0000006254613255
43.45000 -0.0000006241763291
43.47000 -0.0000006227706610
43.49000 -0.0000006221463774
43.51000 -0.0000006212177582
43.53000 -0.0000006197962608
43.55000 -0.0000006186261356
43.57000 -0.0000006180372512
43.59000 -0.0000006170692755
43.61000 -0.0000006152681446
43.63000 -0.0000006149880410
43.65000 -0.0000006137166513
43.67000 -0.0000006125229447
43.69000 -0.0000006117923008
43.71000 -0.0000006104075036
43.73000 -0.0000006096684030
43.75000 -0.0000006084658060
43.77000 -0.0000006076490222
43.79000 -0.0000006064289153
43.81000 -0.0000006055183481
43.83000 -0.0000006044624436
43.85000 -0.0000006031752788
43.87000 -0.0000006030387778
43.89000 -0.0000006011088437
43.91000 -0.0000006002019628
43.93000 -0.0000005997867134
43.95000 -0.0000005980749208
43.97000 -0.0000005977644595
43.99000 -0.0000005964697052
44.01000 -0.0000005950795954
44.03000 -0.0000005946133343
44.05000 -0.0000005935201332
44.07000 -0.0000005922863111
44.09000 -0.0000005914573302
44.11000 -0.0000005907709760
44.13000 -0.0000005893604832
44.15000 -0.0000005883313042
44.17000 -0.0000005875236820
44.19000 -0.0000005868797202
44.21000 -0.0000005854370265
44.23000 -0.0000005843633411
44.25000 -0.0000005840210585
44.27000 -0.0000005825607466
44.29000 -0.0000005814724787
44.31000 -0.0000005808146390
44.33000 -0.0000005798983255
44.35000 -0.0000005790570389
44.37000 -0.0000005774298682
44.39000 -0.0000005769005607
44.41000 -0.0000005762579541
44.43000 -0.0000005748219283
44.45000 -0.0000005739672518
44.47000 -0.0000005732573162
44.49000 -0.0000005720828000
44.51000 -0.0000005709714385
44.53000 -0.0000005706632541
44.55000 -0.0000005692594291
44.57000 -0.0000005681463871
44.59000 -0.0000005675193930
44.61000 -0.0000005663540383
44.63000 -0.0000005658135635
44.65000 -0.0000005647184651
44.67000 -0.0000005635179823
44.69000 -0.0000005628853503
44.71000 -0.0000005617388065
44.73000 -0.0000005610450798
44.75000 -0.0000005600611663
44.77000 -0.0000005589075210
44.79000 -0.0000005583313759
44.81000 -0.0000005572462522
44.83000 -0.0000005563218614
44.85000 -0.0000005554051143
44.87000 -0.0000005546563642
44.89000 -0.0000005537015074
44.91000 -0.0000005524435076
44.93000 -0.0000005518554906
44.95000 -0.0000005510953564
44.97000 -0.0000005498673890
44.99000 -0.0000005490452385
45.01000 -0.0000005483769363
45.03000 -0.0000005472348377
45.05000 -0.0000005464487370
45.07000 -0.0000005458163218
45.09000 -0.0000005440096073
45.11000 -0.0000005441090829
45.13000 -0.0000005431469619
45.15000 -0.0000005415362169
45.17000 -0.0000005412920546
45.19000 -0.0000005402643936
45.21000 -0.0000005393099704
45.23000 -0.0000005384344229
45.25000 -0.0000005377249210
45.27000 -0.0000005365951824
45.29000 -0.0000005358553228
45.31000 -0.0000005349969599
45.33000 -0.0000005342710324
45.35000 -0.0000005331182544
45.37000 -0.0000005323287384
45.39000 -0.0000005318047435
45.41000 -0.0000005303883960
45.43000 -0.0000005297473614
45.45000 -0.0000005292305765
45.47000 -0.0000005279286123
45.49000 -0.0000005272037147
45.51000 -0.0000005262963459
45.53000 -0.0000005259450102
45.55000 -0.0000005244337950
45.57000 -0.0000005238368875
45.59000 -0.0000005230506241
45.61000 -0.0000005220062121
45.63000 -0.0000005216440886
45.65000 -0.0000005201856198
45.67000 -0.0000005197768214
45.69000 -0.0000005188362760
45.71000 -0.0000005178473210
45.73000 -0.0000005171956613
45.75000 -0.0000005163686861
45.77000 -0.0000005154148050
45.79000 -0.0000005146110859
45.81000 -0.0000005138835863
45.83000 -0.0000005130350355
45.85000 -0.0000005121226793
45.87000 -0.0000005114379515
45.89000 -0.0000005105963395
45.91000 -0.0000005095678111
45.93000 -0.0000005089047131
45.95000 -0.0000005080462960
45.97000 -0.0000005074345349
45.99000 -0.0000005065431039
46.01000 -0.0000005056208273
46.03000 -0.0000005045598813
46.05000 -0.0000005042853613
46.07000 -0.0000005033687226
46.09000 -0.0000005021549040
46.11000 -0.0000005019483635
46.13000 -0.0000005004695118
46.15000 -0.0000005004008275
46.17000 -0.0000004991311726
46.19000 -0.0000004983163404
46.21000 -0.0000004978439536
46.23000 -0.0000004968399824
46.25000 -0.0000004960456416
46.27000 -0.0000004951709615
46.29000 -0.0000004947153256
46.31000 -0.0000004936581200
46.33000 -0.0000004929497565
46.35000 -0.0000004920346357
46.37000 -0.0000004914549128
46.39000 -0.0000004907155411
46.41000 -0.0000004896939516
46.43000 -0.0000004889427079
46.45000 -0.0000004884707547
46.47000 -0.0000004873741927
46.49000 -0.0000004867732194
46.51000 -0.0000004861735472
46.53000 -0.0000004848136866
46.55000 -0.0000004846425995
46.57000 -0.0000004836433988
46.59000 -0.0000004828893904
46.61000 -0.0000004820432790
46.63000 -0.0000004814967869
46.65000 -0.0000004806890563
46.67000 -0.0000004796168887
46.69000 -0.0000004794151729
46.71000 -0.0000004780968373
46.73000 -0.0000004777125418
46.75000 -0.0000004769255195
46.77000 -0.0000004757869446
46.79000 -0.0000004757836920
46.81000 -0.0000004743932027
46.83000 -0.0000004738192803
46.85000 -0.0000004731965687
46.87000 -0.0000004722090232
46.89000 -0.0000004719645356
46.91000 -0.0000004707417724
46.93000 -0.0000004700999247
46.95000 -0.0000004693151792
46.97000 -0.0000004688809020
46.99000 -0.0000004680314838
47.01000 -0.0000004671367460
47.03000 -0.0000004663915196
47.05000 -0.0000004657657723
47.07000 -0.0000004651302130
47.09000 -0.0000004642695191
47.11000 -0.0000004637800018
47.13000 -0.0000004625910115
47.15000 -0.0000004622531741
47.17000 -0.0000004614931484
47.19000 -0.0000004606509943
47.21000 -0.0000004599740727
47.23000 -0.0000004592090055
47.25000 -0.0000004587429612
47.27000 -0.0000004575541335
47.29000 -0.0000004573584350
47.31000 -0.0000004565860494
47.33000 -0.0000004553340669
47.35000 -0.0000004551968069
47.37000 -0.0000004544047430
47.39000 -0.0000004533059041
47.41000 -0.0000004532522903
47.43000 -0.0000004520287139
47.45000 -0.0000004512864691
47.47000 -0.0000004510796576
47.49000 -0.0000004500188742
47.51000 -0.0000004494244603
47.53000 -0.0000004486915939
47.55000 -0.0000004479050594
47.57000 -0.0000004473764566
47.59000 -0.0000004467342295
47.61000 -0.0000004457833842
47.63000 -0.0000004453533896
47.65000 -0.0000004445137292
47.67000 -0.0000004440307171
47.69000 -0.0000004430169881
47.71000 -0.0000004422495356
47.73000 -0.0000004424612261
47.75000 -0.0000004409097870
47.77000 -0.0000004402640362
47.79000 -0.0000004399462565
47.81000 -0.0000004390691912
47.83000 -0.0000004383904264
47.85000 -0.0000004380790977
47.87000 -0.0000004367986550
47.89000 -0.0000004363971207
47.91000 -0.0000004360619396
47.93000 -0.0000004345723542
47.95000 -0.0000004349478677
47.97000 -0.0000004336496440
47.99000 -0.0000004328306919
48.01000 -0.0000004326082678
48.03000 -0.0000004318407611
48.05000 -0.0000004310891379
48.07000 -0.0000004302575006
48.09000 -0.0000004299683981
48.11000 -0.0000004290462842
48.13000 -0.0000004286470267
48.15000 -0.0000004275905801
48.17000 -0.0000004272111094
48.19000 -0.0000004267136774
48.21000 -0.0000004257869556
48.23000 -0.0000004250319714
48.25000 -0.0000004249627993
48.27000 -0.0000004236461442
48.29000 -0.0000004230441410
48.31000 -0.0000004231721310
48.33000 -0.0000004218316777
48.35000 -0.0000004212163929
48.37000 -0.0000004207607570
48.39000 -0.0000004201689452
48.41000 -0.0000004192291588
48.43000 -0.0000004189756181
48.45000 -0.0000004181895715
48.47000 -0.0000004174127407
48.49000 -0.0000004169478890
48.51000 -0.0000004162177872
48.53000 -0.0000004157631271
48.55000 -0.0000004151139610
48.57000 -0.0000004140414682
48.59000 -0.0000004138427340
48.61000 -0.0000004133340805
48.63000 -0.0000004123812294
48.65000 -0.0000004118383152
48.67000 -0.0000004114288662
48.69000 -0.0000004104141072
48.71000 -0.0000004101736312
48.73000 -0.0000004093698037
48.75000 -0.0000004086193731
48.77000 -0.0000004083388358
48.79000 -0.0000004075113727
48.81000 -0.0000004070055382
48.83000 -0.0000004062714249
48.85000 -0.0000004056403108
48.87000 -0.0000004052984619
48.89000 -0.0000004044999470
48.91000 -0.0000004035054625
48.93000 -0.0000004035127267
48.95000 -0.0000004028263725
48.97000 -0.0000004019715875
48.99000 -0.0000004014725835
49.01000 -0.0000004008317658
49.03000 -0.0000004003001272
49.05000 -0.0000003996490096
49.07000 -0.0000003989440614
49.09000 -0.0000003986119160
49.11000 -0.0000003979734294
49.13000 -0.0000003970245356
49.15000 -0.0000003968822883
49.17000 -0.0000003961320746
49.19000 -0.0000003951963539
49.21000 -0.0000003952626529
49.23000 -0.0000003941313421
49.25000 -0.0000003935569318
49.27000 -0.0000003936622079
49.29000 -0.0000003921570642
49.31000 -0.0000003920881089
49.33000 -0.0000003913909127
49.35000 -0.0000003905762432
49.37000 -0.0000003906130519
49.39000 -0.0000003894165264
49.41000 -0.0000003891042761
49.43000 -0.0000003886276609
49.45000 -0.0000003877552034
49.47000 -0.0000003872373342
49.49000 -0.0000003868444736
49.51000 -0.0000003864834884
49.53000 -0.0000003851952936
49.55000 -0.0000003849517005
49.57000 -0.0000003849501284
49.59000 -0.0000003835941981
49.61000 -0.0000003833677624
49.63000 -0.0000003828399999
49.65000 -0.0000003820756374
49.67000 -0.0000003817656098
49.69000 -0.0000003810021417
49.71000 -0.0000003803841736
49.73000 -0.0000003799349886
49.75000 -0.0000003796667028
49.77000 -0.0000003787329608
49.79000 -0.0000003781083519
49.81000 -0.0000003776823960
49.83000 -0.0000003770804741
49.85000 -0.0000003768922566
49.87000 -0.0000003759265848
49.89000 -0.0000003753211392
49.91000 -0.0000003749481194
49.93000 -0.0000003745762923
49.95000 -0.0000003736088045
49.97000 -0.0000003733882778
49.99000 -0.0000003727429335
50.01000 -0.0000003720952854
50.03000 -0.0000003717841193
50.05000 -0.0000003708847194
50.07000 -0.0000003704969816
50.09000 -0.0000003706471978
50.11000 -0.0000003672948447
50.13000 -0.0000003763868828
50.15000 -0.0000003410625460
50.17000 -0.0000004689654698
50.19000 0.0000000069155836
50.21000 -0.0000004790941949
50.23000 0.0000000450134721
50.25000 -0.0000018880454925
