0.25000 -44.5995528636704250
0.27000 -34.2708401783921630
0.29000 -34.0685858676096771
0.31000 -26.2118584212757675
0.33000 -20.2374521497770239
0.35000 -15.6669820403460420
0.37000 -12.1648365318934957
0.39000 -9.4688039868596583
0.41000 -7.3850840857767750
0.43000 -5.7675731418428233
0.45000 -4.5067728836566587
0.47000 -3.5201185662587604
0.49000 -2.7451672433610743
0.51000 -2.1344603970432803
0.53000 -1.6517598908488349
0.55000 -1.2692586999714375
0.57000 -0.9655187437417752
0.59000 -0.7239266986099984
0.61000 -0.5315594188582545
0.63000 -0.3783027677637061
0.65000 -0.2562294481922347
0.67000 -0.1590769495214695
0.69000 -0.0818988853697883
0.71000 -0.0207608231697863
0.73000 0.0274665115062902
0.75000 0.0652971263641911
0.77000 0.0947307924105643
0.79000 0.1173897548478048
0.81000 0.1345735157377038
0.83000 0.1473376654583779
0.85000 0.1565307067540681
0.87000 0.1628481421850695
0.89000 0.1668505784023442
0.91000 0.1689944323609502
0.93000 0.1696528003250717
0.95000 0.1691326882089124
0.97000 0.1676787129535386
0.99000 0.1654927292496558
1.01000 0.1627430637329205
1.03000 0.1595616300497510
1.05000 0.1560606394360869
1.07000 0.1523286935124595
1.09000 0.1484359176783777
1.11000 0.1444448665960848
1.13000 0.1404009853375801
1.15000 0.1363423999403875
1.17000 0.1323003519543460
1.19000 0.1282985726913770
1.21000 0.1243555806677323
1.23000 0.1204866819871052
1.25000 0.1167031288483098
1.27000 0.1130129182840521
1.29000 0.1094219061075856
1.31000 0.1059342092645891
1.33000 0.1025526607277156
1.35000 0.0992782513211584
1.37000 0.0961110730831466
1.39000 0.0930505710414545
1.41000 0.0900954347979900
1.43000 0.0872439598934594
1.45000 0.0844942240043183
1.47000 0.0818431939101615
1.49000 0.0792896708625215
1.51000 0.0768272693079178
1.53000 0.0744598301666924
1.55000 0.0721735401406146
1.57000 0.0699794933688794
1.59000 0.0678607278653889
1.61000 0.0658231310397076
1.63000 0.0638625571520423
1.65000 0.0619721254755308
1.67000 0.0601523096440543
1.69000 0.0584011172902882
1.71000 0.0567132773599798
1.73000 0.0550868698781284
1.75000 0.0535204262557797
1.77000 0.0520114520364811
1.79000 0.0505565830263439
1.81000 0.0491538971852656
1.83000 0.0478015564330375
1.85000 0.0464977561382788
1.87000 0.0452401168620636
1.89000 0.0440265747573646
1.91000 0.0428554599814224
1.93000 0.0417251074725141
1.95000 0.0406339586162043
1.97000 0.0395803433752250
1.99000 0.0385626016355216
2.01000 0.0375793052267403
2.03000 0.0366290969845753
2.05000 0.0357106675375902
2.07000 0.0348227588190265
2.09000 0.0339641688796265
2.11000 0.0331336684297282
2.13000 0.0323301405392879
2.15000 0.0315525362870490
2.17000 0.0307998477911490
2.19000 0.0300711153463270
2.21000 0.0293653981864086
2.23000 0.0286818317838412
2.25000 0.0280195481368722
2.27000 0.0273777450332929
2.29000 0.0267556168304673
2.31000 0.0261524304741185
2.33000 0.0255675114395829
2.35000 0.0250001275851261
2.37000 0.0244496757192177
2.39000 0.0239155101298295
2.41000 0.0233970340497598
2.43000 0.0228937016924936
2.45000 0.0224049283764020
2.47000 0.0219302111109191
2.49000 0.0214690503254084
2.51000 0.0210209577223743
2.53000 0.0205854650378474
2.55000 0.0201621579364071
2.57000 0.0197505893090397
2.59000 0.0193503511836315
2.61000 0.0189610801938633
2.63000 0.0185823754308487
2.65000 0.0182138868786569
2.67000 0.0178552716636390
2.69000 0.0175062037678873
2.71000 0.0171663598255278
2.73000 0.0168354141165684
2.75000 0.0165131303807009
2.77000 0.0161991425096705
2.79000 0.0158933053487787
2.81000 0.0155951461658192
2.83000 0.0153047452447833
2.85000 0.0150214379812316
2.87000 0.0147454401937773
2.89000 0.0144761475971613
2.91000 0.0142135641097626
2.93000 0.0139574806556445
2.95000 0.0137075433965696
2.97000 0.0134637224027725
2.99000 0.0132257878111020
3.01000 0.0129934913929997
3.03000 0.0127667479324501
3.05000 0.0125453814183377
3.07000 0.0123291737620194
3.09000 0.0121180146257262
3.11000 0.0119117826103231
3.13000 0.0117102851697210
3.15000 0.0115133879549385
3.17000 0.0113209847655421
3.19000 0.0111329491099428
3.21000 0.0109491293384118
3.23000 0.0107694124466326
3.25000 0.0105936976692514
3.27000 0.0104218723494196
3.29000 0.0102538140586665
3.31000 0.0100894217793286
3.33000 0.0099286008975232
3.35000 0.0097712586381426
3.37000 0.0096172897225596
3.39000 0.0094666036266003
3.41000 0.0093191143381820
3.43000 0.0091747407937893
3.45000 0.0090333996871726
3.47000 0.0088950061297137
3.49000 0.0087594818871100
3.51000 0.0086267541497010
3.53000 0.0084967540476000
3.55000 0.0083694097146915
3.57000 0.0082446504923635
3.59000 0.0081224101178684
3.61000 0.0080026239307474
3.63000 0.0078852334802910
3.65000 0.0077701780184866
3.67000 0.0076573976393538
3.69000 0.0075468365440170
3.71000 0.0074384386224927
3.73000 0.0073321504352019
3.75000 0.0072279223939722
3.77000 0.0071257038846903
3.79000 0.0070254463783512
3.81000 0.0069271008716013
3.83000 0.0068306234266216
3.85000 0.0067359679299256
3.87000 0.0066430914776415
3.89000 0.0065519535676044
3.91000 0.0064625123765682
3.93000 0.0063747281582998
3.95000 0.0062885617350064
3.97000 0.0062039773332031
3.99000 0.0061209362138866
4.01000 0.0060394053383317
4.03000 0.0059593471609150
4.05000 0.0058807344327071
4.07000 0.0058035243889725
4.09000 0.0057276996830603
4.11000 0.0056532092941076
4.13000 0.0055800497785122
4.15000 0.0055081617556368
4.17000 0.0054375450913528
4.19000 0.0053681520115808
4.21000 0.0052999630935184
4.23000 0.0052329582813191
4.25000 0.0051670970476937
4.27000 0.0051023681580959
4.29000 0.0050387436418646
4.31000 0.0049761930644299
4.33000 0.0049147036314806
4.35000 0.0048542483825544
4.37000 0.0047948011956100
4.39000 0.0047363487712942
4.41000 0.0046788672002576
4.43000 0.0046223320834757
4.45000 0.0045667286607878
4.47000 0.0045120387378358
4.49000 0.0044582383065354
4.51000 0.0044053114470171
4.53000 0.0043532431844769
4.55000 0.0043020130127315
4.57000 0.0042516031161504
4.59000 0.0042019990989112
4.61000 0.0041531857625666
4.63000 0.0041051443765959
4.65000 0.0040578600230800
4.67000 0.0040113193320133
4.69000 0.0039655079338546
4.71000 0.0039204092437452
4.73000 0.0038760097231602
4.75000 0.0038322970451372
4.77000 0.0037892582239295
4.79000 0.0037468783376972
4.81000 0.0037051449875882
4.83000 0.0036640466122920
4.85000 0.0036235715108879
4.87000 0.0035837066974150
4.89000 0.0035444404390828
4.91000 0.0035057617641093
4.93000 0.0034676601588964
4.95000 0.0034301247278512
4.97000 0.0033931439894202
4.99000 0.0033567078672221
5.01000 0.0033208065203557
5.03000 0.0032854304117131
5.05000 0.0032505696708768
5.07000 0.0032162142231453
5.09000 0.0031823550526201
5.11000 0.0031489833371018
5.13000 0.0031160904591116
5.15000 0.0030836676907844
5.17000 0.0030517060619027
5.19000 0.0030201973404547
5.21000 0.0029891337482788
5.23000 0.0029585073627076
5.25000 0.0029283105425649
5.27000 0.0028985352897807
5.29000 0.0028691741692580
5.31000 0.0028402201810174
5.33000 0.0028116656922526
5.35000 0.0027835048990125
5.37000 0.0027557293385931
5.39000 0.0027283343340152
5.41000 0.0027013104368327
5.43000 0.0026746546932712
5.45000 0.0026483574606303
5.47000 0.0026224155534778
5.49000 0.0025968211573180
5.51000 0.0025715683421029
5.53000 0.0025466527515631
5.55000 0.0025220666740808
5.57000 0.0024978061564640
5.59000 0.0024738655665194
5.61000 0.0024502385706967
5.63000 0.0024269212766375
5.65000 0.0024039078140089
5.67000 0.0023811925869948
5.69000 0.0023587721484277
5.71000 0.0023366406646525
5.73000 0.0023147932501124
5.75000 0.0022932262710735
5.77000 0.0022719344585677
5.79000 0.0022509130401567
5.81000 0.0022301583736007
5.83000 0.0022096661319905
5.85000 0.0021894313787657
5.87000 0.0021694506009059
5.89000 0.0021497201820909
5.91000 0.0021302351990339
5.93000 0.0021109920534355
5.95000 0.0020919873884064
5.97000 0.0020732171668083
5.99000 0.0020546774578649
6.01000 0.0020363649027756
6.03000 0.0020182763744153
6.05000 0.0020004078653789
6.07000 0.0019827558619117
6.09000 0.0019653174685464
6.11000 0.0019480894287704
6.13000 0.0019310681221493
6.15000 0.0019142504889894
6.17000 0.0018976336819965
6.19000 0.0018812147181951
6.21000 0.0018649902877617
6.23000 0.0018489574580855
6.25000 0.0018331135695204
6.27000 0.0018174559122952
6.29000 0.0018019813605713
6.31000 0.0017866872636275
6.33000 0.0017715710561953
6.35000 0.0017566302833461
6.37000 0.0017418621118456
6.39000 0.0017272639659663
6.41000 0.0017128334446412
6.43000 0.0016985682028669
6.45000 0.0016844658335902
6.47000 0.0016705237779841
6.49000 0.0016567397858623
6.51000 0.0016431116353878
6.53000 0.0016296372477607
6.55000 0.0016163142081563
6.57000 0.0016031403660089
6.59000 0.0015901135789987
6.61000 0.0015772318890175
6.63000 0.0015644932030347
6.65000 0.0015518955464623
6.67000 0.0015394366756161
6.69000 0.0015271149941531
6.71000 0.0015149282360689
6.73000 0.0015028750360221
6.75000 0.0014909530000523
6.77000 0.0014791606007238
6.79000 0.0014674959508701
6.81000 0.0014559572271827
6.83000 0.0014445430261039
6.85000 0.0014332512660133
6.87000 0.0014220804159624
6.89000 0.0014110289111672
6.91000 0.0014000948810204
6.93000 0.0013892770987717
6.95000 0.0013785738287624
6.97000 0.0013679833918539
6.99000 0.0013575044955919
7.01000 0.0013471355060403
7.03000 0.0013368749209909
7.05000 0.0013267215504883
7.07000 0.0013166737703125
7.09000 0.0013067301120965
7.11000 0.0012968894391628
7.13000 0.0012871501934407
7.15000 0.0012775110749428
7.17000 0.0012679709355193
7.19000 0.0012585284154910
7.21000 0.0012491820767692
7.23000 0.0012399308465996
7.25000 0.0012307735029141
7.27000 0.0012217086887819
7.29000 0.0012127353512271
7.31000 0.0012038523667099
7.33000 0.0011950584390333
7.35000 0.0011863524138255
7.37000 0.0011777333159899
7.39000 0.0011691999975659
7.41000 0.0011607512889466
7.43000 0.0011523862072420
7.45000 0.0011441037546739
7.47000 0.0011359027976381
7.49000 0.0011277822786774
7.51000 0.0011197412593556
7.53000 0.0011117788395147
7.55000 0.0011038938977035
7.57000 0.0010960855312805
7.59000 0.0010883528285876
7.61000 0.0010806948484594
7.63000 0.0010731106225804
7.65000 0.0010655992429024
7.67000 0.0010581598933884
7.69000 0.0010507917156394
7.71000 0.0010434937559346
7.73000 0.0010362651833663
7.75000 0.0010291051919341
7.77000 0.0010220129824885
7.79000 0.0010149876666675
7.81000 0.0010080284471358
7.83000 0.0010011345755005
7.85000 0.0009943053152876
7.87000 0.0009875398407558
7.89000 0.0009808373586347
7.91000 0.0009741971692872
7.93000 0.0009676185429427
7.95000 0.0009611007841202
7.97000 0.0009546430810514
7.99000 0.0009482448171218
8.01000 0.0009419052443343
8.03000 0.0009356237859181
8.05000 0.0009293996410381
8.07000 0.0009232321752205
8.09000 0.0009171207530911
8.11000 0.0009110647122140
8.13000 0.0009050634863696
8.15000 0.0008991163414085
8.17000 0.0008932227062569
8.19000 0.0008873819827502
8.21000 0.0008815935397021
8.23000 0.0008758568472905
8.25000 0.0008701712256700
8.27000 0.0008645361253438
8.29000 0.0008589510156297
8.31000 0.0008534153093555
8.33000 0.0008479284565590
8.35000 0.0008424899267560
8.37000 0.0008370991390049
8.39000 0.0008317555556398
8.41000 0.0008264587241088
8.43000 0.0008212080843826
8.45000 0.0008160030867127
8.47000 0.0008108432872761
8.49000 0.0008057281468844
8.51000 0.0008006571733315
8.53000 0.0007956299615871
8.55000 0.0007906459521811
8.57000 0.0007857046729247
8.59000 0.0007808056872545
8.61000 0.0007759485344018
8.63000 0.0007711327418541
8.65000 0.0007663579014468
8.67000 0.0007616235420246
8.69000 0.0007569292259559
8.71000 0.0007522745045530
8.73000 0.0007476590261413
8.75000 0.0007430823110551
8.77000 0.0007385439473627
8.79000 0.0007340435675254
8.81000 0.0007295807134605
8.83000 0.0007251550265530
8.85000 0.0007207660829752
8.87000 0.0007164135458453
8.89000 0.0007120970072936
8.91000 0.0007078160675257
8.93000 0.0007035703659417
8.95000 0.0006993595598832
8.97000 0.0006951832566028
8.99000 0.0006910410984542
9.01000 0.0006869327538695
9.03000 0.0006828578657487
9.05000 0.0006788160701974
9.07000 0.0006748070178683
9.09000 0.0006708304110482
9.11000 0.0006668859060116
9.13000 0.0006629731621905
9.15000 0.0006590918516846
9.17000 0.0006552416711500
9.19000 0.0006514222869068
9.21000 0.0006476333928587
9.23000 0.0006438746713953
9.25000 0.0006401458419901
9.27000 0.0006364465962323
9.29000 0.0006327766244564
9.31000 0.0006291356182027
9.33000 0.0006255233209691
9.35000 0.0006219394225754
9.37000 0.0006183836668509
9.39000 0.0006148557452126
9.41000 0.0006113553846311
9.43000 0.0006078823303115
9.45000 0.0006044363057289
9.47000 0.0006010170127754
9.49000 0.0005976242322238
9.51000 0.0005942576725149
9.53000 0.0005909171073929
9.55000 0.0005876022709147
9.57000 0.0005843128795498
9.59000 0.0005810487251704
9.61000 0.0005778095425778
9.63000 0.0005745951109649
9.65000 0.0005714051605314
9.67000 0.0005682394663012
9.69000 0.0005650977993284
9.71000 0.0005619799397684
9.73000 0.0005588856461031
9.75000 0.0005558146679727
9.77000 0.0005527668167797
9.79000 0.0005497418629274
9.81000 0.0005467395785066
9.83000 0.0005437597804303
9.85000 0.0005408022114864
9.87000 0.0005378666741914
9.89000 0.0005349529767441
9.91000 0.0005320609135073
9.93000 0.0005291902424280
9.95000 0.0005263408117149
9.97000 0.0005235123915779
9.99000 0.0005207047893572
10.01000 0.0005179178261651
10.03000 0.0005151513160784
10.05000 0.0005124050178635
10.07000 0.0005096787943342
10.09000 0.0005069724363363
10.11000 0.0005042857777670
10.13000 0.0005016186188587
10.15000 0.0004989707951030
10.17000 0.0004963421195734
10.19000 0.0004937324090875
10.21000 0.0004911414987106
10.23000 0.0004885692371590
10.25000 0.0004860154181552
10.27000 0.0004834798829851
10.29000 0.0004809624858133
10.31000 0.0004784630418108
10.33000 0.0004759813892119
10.35000 0.0004735173963928
10.37000 0.0004710708684776
10.39000 0.0004686416570680
10.41000 0.0004662296122825
10.43000 0.0004638345734697
10.45000 0.0004614564061220
10.47000 0.0004590949444419
10.49000 0.0004567500355698
10.51000 0.0004544215389887
10.53000 0.0004521093212451
10.55000 0.0004498132106908
10.57000 0.0004475330856899
10.59000 0.0004452688040690
10.61000 0.0004430202205013
10.63000 0.0004407871919881
10.65000 0.0004385695840505
10.67000 0.0004363672660018
10.69000 0.0004341801305334
10.71000 0.0004320079834633
10.73000 0.0004298507496952
10.75000 0.0004277082662881
10.77000 0.0004255804262008
10.79000 0.0004234670880173
10.81000 0.0004213681323379
10.83000 0.0004192834356113
10.85000 0.0004172128838893
10.87000 0.0004151563294356
10.89000 0.0004131136791203
10.91000 0.0004110847966965
10.93000 0.0004090695714934
10.95000 0.0004070678920910
10.97000 0.0004050796395148
10.99000 0.0004031046835117
11.01000 0.0004011429319735
11.03000 0.0003991942624521
11.05000 0.0003972585756026
11.07000 0.0003953357382358
11.09000 0.0003934256758208
11.11000 0.0003915282490753
11.13000 0.0003896433730990
11.15000 0.0003877709391983
11.17000 0.0003859108136436
11.19000 0.0003840629391426
11.21000 0.0003822271874964
11.23000 0.0003804034714745
11.25000 0.0003785916679331
11.27000 0.0003767917063022
11.29000 0.0003750034599168
11.31000 0.0003732268603028
11.33000 0.0003714617934558
11.35000 0.0003697081673920
11.37000 0.0003679658916195
11.39000 0.0003662348647959
11.41000 0.0003645150114289
11.43000 0.0003628062199583
11.45000 0.0003611084162840
11.47000 0.0003594214874596
11.49000 0.0003577453784554
11.51000 0.0003560799879968
11.53000 0.0003544252082128
11.55000 0.0003527809822899
11.57000 0.0003511472117347
11.59000 0.0003495238032076
11.61000 0.0003479106957330
11.63000 0.0003463077946471
11.65000 0.0003447149993215
11.67000 0.0003431322727704
11.69000 0.0003415594879803
11.71000 0.0003399965957312
11.73000 0.0003384435086235
11.75000 0.0003369001457800
11.77000 0.0003353664201466
11.79000 0.0003338422809651
11.81000 0.0003323276384680
11.83000 0.0003308224152115
11.85000 0.0003293265256433
11.87000 0.0003278399290148
11.89000 0.0003263625226275
11.91000 0.0003248942380754
11.93000 0.0003234350194484
11.95000 0.0003219847868466
11.97000 0.0003205434648470
11.99000 0.0003191109886767
12.01000 0.0003176872905222
12.03000 0.0003162723037110
12.05000 0.0003148659560237
12.07000 0.0003134681793752
12.09000 0.0003120789150785
12.11000 0.0003106980829892
12.13000 0.0003093256425452
12.15000 0.0003079614957447
12.17000 0.0003066056232963
12.19000 0.0003052579090817
12.21000 0.0003039183406545
12.23000 0.0003025868095697
12.25000 0.0003012632885056
12.27000 0.0002999477103644
12.29000 0.0002986399991594
12.31000 0.0002973401157973
12.33000 0.0002960479812368
12.35000 0.0002947635527415
12.37000 0.0002934867610787
12.39000 0.0002922175492669
12.41000 0.0002909558744759
12.43000 0.0002897016588716
12.45000 0.0002884548669817
12.47000 0.0002872154152012
12.49000 0.0002859832868825
12.51000 0.0002847583891400
12.53000 0.0002835407040350
12.55000 0.0002823301435608
12.57000 0.0002811266733077
12.59000 0.0002799302425769
12.61000 0.0002787407905244
12.63000 0.0002775582664674
12.65000 0.0002763826282131
12.67000 0.0002752138111330
12.69000 0.0002740517819477
12.71000 0.0002728964666121
12.73000 0.0002717478483962
12.75000 0.0002706058407663
12.77000 0.0002694704278683
12.79000 0.0002683415401414
12.81000 0.0002672191456709
12.83000 0.0002661031850195
12.85000 0.0002649936118468
12.87000 0.0002638903837419
12.89000 0.0002627934637681
12.91000 0.0002617027878172
12.93000 0.0002606183220708
12.95000 0.0002595400192505
12.97000 0.0002584678311584
12.99000 0.0002574017252628
13.01000 0.0002563416428517
13.03000 0.0002552875441265
13.05000 0.0002542394118062
13.07000 0.0002531971447754
13.09000 0.0002521607773845
13.11000 0.0002511301978927
13.13000 0.0002501054051623
13.15000 0.0002490863584764
13.17000 0.0002480729788488
13.19000 0.0002470652800459
13.21000 0.0002460631853207
13.23000 0.0002450666579043
13.25000 0.0002440756804523
13.27000 0.0002430901876943
13.29000 0.0002421101517099
13.31000 0.0002411355385550
13.33000 0.0002401663088426
13.35000 0.0002392024208454
13.37000 0.0002382438313991
13.39000 0.0002372905213409
13.41000 0.0002363424319460
13.43000 0.0002353995453208
13.45000 0.0002344618164216
13.47000 0.0002335292105931
13.49000 0.0002326016894603
13.51000 0.0002316792345903
13.53000 0.0002307617728645
13.55000 0.0002298493176056
13.57000 0.0002289418048167
13.59000 0.0002280391885031
13.61000 0.0002271414817533
13.63000 0.0002262486020957
13.65000 0.0002253605400268
13.67000 0.0002244772664495
13.69000 0.0002235987348169
13.71000 0.0002227249211812
13.73000 0.0002218557846361
13.75000 0.0002209913159456
13.77000 0.0002201314514323
13.79000 0.0002192761831832
13.81000 0.0002184254785535
13.83000 0.0002175792811589
13.85000 0.0002167376031281
13.87000 0.0002159003803847
13.89000 0.0002150675899755
13.91000 0.0002142392141266
13.93000 0.0002134152089483
13.95000 0.0002125955481103
13.97000 0.0002117802221481
13.99000 0.0002109691641594
14.01000 0.0002101623798731
14.03000 0.0002093598236513
14.05000 0.0002085614701702
14.07000 0.0002077672921136
14.09000 0.0002069772638653
14.11000 0.0002061913620804
14.13000 0.0002054095384121
14.15000 0.0002046318033439
14.17000 0.0002038580838194
14.19000 0.0002030883940243
14.21000 0.0002023226805421
14.23000 0.0002015609403876
14.25000 0.0002008031179023
14.27000 0.0002000492128866
14.29000 0.0001992991885370
14.31000 0.0001985530227892
14.33000 0.0001978106931409
14.35000 0.0001970721588927
14.37000 0.0001963374207514
14.39000 0.0001956064287700
14.41000 0.0001948791745207
14.43000 0.0001941556395779
14.45000 0.0001934357705046
14.47000 0.0001927195746000
14.49000 0.0001920070186844
14.51000 0.0001912980721906
14.53000 0.0001905927134417
14.55000 0.0001898909262775
14.57000 0.0001891926878818
14.59000 0.0001884979591614
14.61000 0.0001878067517200
14.63000 0.0001871189899338
14.65000 0.0001864347183303
14.67000 0.0001857538551693
14.69000 0.0001850764132502
14.71000 0.0001844023526657
14.73000 0.0001837316679311
14.75000 0.0001830643331210
14.77000 0.0001824003086374
14.79000 0.0001817396017446
14.81000 0.0001810821700386
14.83000 0.0001804280051233
14.85000 0.0001797770855244
14.87000 0.0001791293745062
14.89000 0.0001784848865262
14.91000 0.0001778435568632
14.93000 0.0001772054058930
14.95000 0.0001765703812950
14.97000 0.0001759384943449
14.99000 0.0001753096968476
15.01000 0.0001746839895245
15.03000 0.0001740613448774
15.05000 0.0001734417466462
15.07000 0.0001728251656138
15.09000 0.0001722116039080
15.11000 0.0001716010177401
15.13000 0.0001709934172193
15.15000 0.0001703887575506
15.17000 0.0001697870261877
15.19000 0.0001691882264207
15.21000 0.0001685923109090
15.23000 0.0001679992826378
15.25000 0.0001674091087573
15.27000 0.0001668217856967
15.29000 0.0001662372890587
15.31000 0.0001656555978545
15.33000 0.0001650767038067
15.35000 0.0001645005806890
15.37000 0.0001639272233581
15.39000 0.0001633566020171
15.41000 0.0001627887021782
15.43000 0.0001622235181227
15.45000 0.0001616610264086
15.47000 0.0001611012110057
15.49000 0.0001605440453798
15.51000 0.0001599895404049
15.53000 0.0001594376474046
15.55000 0.0001588883708747
15.57000 0.0001583416982615
15.59000 0.0001577975965577
15.61000 0.0001572560646559
15.63000 0.0001567170827485
15.65000 0.0001561806369851
15.67000 0.0001556467068469
15.69000 0.0001551152800144
15.71000 0.0001545863466893
15.73000 0.0001540598909338
15.75000 0.0001535358842306
15.77000 0.0001530143348818
15.79000 0.0001524952092438
15.81000 0.0001519785044066
15.83000 0.0001514641946544
15.85000 0.0001509522853330
15.87000 0.0001504427338652
15.89000 0.0001499355544278
15.91000 0.0001494307212199
15.93000 0.0001489282127828
15.95000 0.0001484280285702
15.97000 0.0001479301422937
15.99000 0.0001474345589841
16.01000 0.0001469412467788
16.03000 0.0001464501974451
16.05000 0.0001459614061358
16.07000 0.0001454748473377
16.09000 0.0001449905132472
16.11000 0.0001445084051062
16.13000 0.0001440284717836
16.15000 0.0001435507557731
16.17000 0.0001430751870668
16.19000 0.0001426017951596
16.21000 0.0001421305476871
16.23000 0.0001416614402678
16.25000 0.0001411944549459
16.27000 0.0001407295776816
16.29000 0.0001402668064323
16.31000 0.0001398061287413
16.33000 0.0001393475129426
16.35000 0.0001388909716780
16.37000 0.0001384364810098
16.39000 0.0001379840270920
16.41000 0.0001375336060981
16.43000 0.0001370852069201
16.45000 0.0001366388032147
16.47000 0.0001361943965129
16.49000 0.0001357519890423
16.51000 0.0001353115254869
16.53000 0.0001348730504248
16.55000 0.0001344365077550
16.57000 0.0001340019132202
16.59000 0.0001335692341612
16.61000 0.0001331384904754
16.63000 0.0001327096354929
16.65000 0.0001322826898772
16.67000 0.0001318576181864
16.69000 0.0001314344284595
16.71000 0.0001310131000750
16.73000 0.0001305936164735
16.75000 0.0001301759946842
16.77000 0.0001297601909906
16.79000 0.0001293462118373
16.81000 0.0001289340491520
16.83000 0.0001285236879582
16.85000 0.0001281151136842
16.87000 0.0001277083249626
16.89000 0.0001273033134680
16.91000 0.0001269000624966
16.93000 0.0001264985588732
16.95000 0.0001260987984676
16.97000 0.0001257007776397
16.99000 0.0001253044851068
17.01000 0.0001249098891783
17.03000 0.0001245170161583
17.05000 0.0001241258376870
17.07000 0.0001237363300782
17.09000 0.0001233485118256
17.11000 0.0001229623650123
17.13000 0.0001225778699217
17.15000 0.0001221950257371
17.17000 0.0001218138215413
17.19000 0.0001214342566953
17.21000 0.0001210563061368
17.23000 0.0001206799716292
17.25000 0.0001203052467195
17.27000 0.0001199321142109
17.29000 0.0001195605747493
17.31000 0.0001191906080373
17.33000 0.0001188222143551
17.35000 0.0001184553975236
17.37000 0.0001180901043300
17.39000 0.0001177263869231
17.41000 0.0001173641931051
17.43000 0.0001170035307240
17.45000 0.0001166443868520
17.47000 0.0001162867559002
17.49000 0.0001159306361716
17.51000 0.0001155760068133
17.53000 0.0001152228692305
17.55000 0.0001148712117528
17.57000 0.0001145210235945
17.59000 0.0001141723029516
17.61000 0.0001138250485663
17.63000 0.0001134792253062
17.65000 0.0001131348653447
17.67000 0.0001127919111336
17.69000 0.0001124504219978
17.71000 0.0001121103125648
17.73000 0.0001117716435826
17.75000 0.0001114343646474
17.77000 0.0001110984850116
17.79000 0.0001107639896202
17.81000 0.0001104308984476
17.83000 0.0001100991477711
17.85000 0.0001097687943001
17.87000 0.0001094397863095
17.89000 0.0001091121345930
17.91000 0.0001087858281654
17.93000 0.0001084608700451
17.95000 0.0001081372306717
17.97000 0.0001078149154163
17.99000 0.0001074939398113
18.01000 0.0001071742552648
18.03000 0.0001068558861981
18.05000 0.0001065388003903
18.07000 0.0001062230272651
18.09000 0.0001059085210474
18.11000 0.0001055953062483
18.13000 0.0001052833484290
18.15000 0.0001049726678664
18.17000 0.0001046632413954
18.19000 0.0001043550616782
18.21000 0.0001040481370998
18.23000 0.0001037424426471
18.25000 0.0001034379879276
18.27000 0.0001031347497769
18.29000 0.0001028327459751
18.31000 0.0001025319419284
18.33000 0.0001022323518267
18.35000 0.0001019339656961
18.37000 0.0001016367762832
18.39000 0.0001013407577791
18.41000 0.0001010459450719
18.43000 0.0001007523037663
18.45000 0.0001004598268801
18.47000 0.0001001685157708
18.49000 0.0000998783771610
18.51000 0.0000995893713893
18.53000 0.0000993015333901
18.55000 0.0000990148232907
18.57000 0.0000987292537987
18.59000 0.0000984448181415
18.61000 0.0000981615006380
18.63000 0.0000978793067321
18.65000 0.0000975982327132
18.67000 0.0000973182456069
18.69000 0.0000970393820550
18.71000 0.0000967616091411
18.73000 0.0000964849222754
18.75000 0.0000962093246918
18.77000 0.0000959348152929
18.79000 0.0000956613627476
18.81000 0.0000953889972103
18.83000 0.0000951176906242
18.85000 0.0000948474375168
18.87000 0.0000945782463559
18.89000 0.0000943100998699
18.91000 0.0000940429969423
18.93000 0.0000937769362019
18.95000 0.0000935119001316
18.97000 0.0000932478985484
18.99000 0.0000929849234445
19.01000 0.0000927229578318
19.03000 0.0000924620048025
19.05000 0.0000922020693215
19.07000 0.0000919431305259
19.09000 0.0000916851945667
19.11000 0.0000914282400266
19.13000 0.0000911722869243
19.15000 0.0000909173120701
19.17000 0.0000906633143394
19.19000 0.0000904102924695
19.21000 0.0000901582445629
19.23000 0.0000899071504796
19.25000 0.0000896570248895
19.27000 0.0000894078537472
19.29000 0.0000891596283471
19.31000 0.0000889123485731
19.33000 0.0000886660208015
19.35000 0.0000884206184891
19.37000 0.0000881761467379
19.39000 0.0000879326167884
19.41000 0.0000876899942821
19.43000 0.0000874483043248
19.45000 0.0000872075198173
19.47000 0.0000869676415308
19.49000 0.0000867286858165
19.51000 0.0000864906141079
19.53000 0.0000862534455361
19.55000 0.0000860171700527
19.57000 0.0000857817883429
19.59000 0.0000855472740086
19.61000 0.0000853136665443
19.63000 0.0000850809047535
19.65000 0.0000848490408800
19.67000 0.0000846180208671
19.69000 0.0000843878859254
19.71000 0.0000841585982045
19.73000 0.0000839301615158
19.75000 0.0000837025877609
19.77000 0.0000834758518559
19.79000 0.0000832499688529
19.81000 0.0000830249072711
19.83000 0.0000828007038230
19.85000 0.0000825773123087
19.87000 0.0000823547576438
19.89000 0.0000821330183285
19.91000 0.0000819121141264
19.93000 0.0000816920129112
19.95000 0.0000814727228340
19.97000 0.0000812542481758
19.99000 0.0000810365646295
20.01000 0.0000808197081033
20.03000 0.0000806036123090
20.05000 0.0000803883378896
20.07000 0.0000801738416982
20.09000 0.0000799601326131
20.11000 0.0000797472026624
20.13000 0.0000795350592721
20.15000 0.0000793236726398
20.17000 0.0000791130830840
20.19000 0.0000789032412013
20.21000 0.0000786941690248
20.23000 0.0000784858645545
20.25000 0.0000782782975664
20.27000 0.0000780715086893
20.29000 0.0000778654482327
20.31000 0.0000776601539391
20.33000 0.0000774555822894
20.35000 0.0000772517663684
20.37000 0.0000770486839412
20.39000 0.0000768463226610
20.41000 0.0000766447082971
20.43000 0.0000764438063443
20.45000 0.0000762436314683
20.47000 0.0000760441798890
20.49000 0.0000758454428617
20.51000 0.0000756474133638
20.53000 0.0000754501012254
20.55000 0.0000752534920930
20.57000 0.0000750575808855
20.59000 0.0000748623849160
20.61000 0.0000746678701464
20.63000 0.0000744740529923
20.65000 0.0000742809351507
20.67000 0.0000740884934255
20.69000 0.0000738967431416
20.71000 0.0000737056683648
20.73000 0.0000735152855084
20.75000 0.0000733255541853
20.77000 0.0000731365122385
20.79000 0.0000729481431193
20.81000 0.0000727604280443
20.83000 0.0000725733731053
20.85000 0.0000723869949962
20.87000 0.0000722012601406
20.89000 0.0000720161899479
20.91000 0.0000718317586395
20.93000 0.0000716479816615
20.95000 0.0000714648552496
20.97000 0.0000712823639264
20.99000 0.0000711005158070
21.01000 0.0000709193051630
21.03000 0.0000707387228373
21.05000 0.0000705587770727
21.07000 0.0000703794646657
21.09000 0.0000702007663162
21.11000 0.0000700226960978
21.13000 0.0000698452509175
21.15000 0.0000696684152671
21.17000 0.0000694921921157
21.19000 0.0000693165948822
21.21000 0.0000691415950802
21.23000 0.0000689672041546
21.25000 0.0000687934164762
21.27000 0.0000686202348300
21.29000 0.0000684476446970
21.31000 0.0000682756554505
21.33000 0.0000681042512041
21.35000 0.0000679334530426
21.37000 0.0000677632352271
21.39000 0.0000675935919555
21.41000 0.0000674245528383
21.43000 0.0000672560722696
21.45000 0.0000670881902173
21.47000 0.0000669208630409
21.49000 0.0000667541317015
21.51000 0.0000665879468940
21.53000 0.0000664223483594
21.55000 0.0000662572994914
21.57000 0.0000660928389282
21.59000 0.0000659289052793
21.61000 0.0000657655543435
21.63000 0.0000656027490758
21.65000 0.0000654405033418
21.67000 0.0000652788007590
21.69000 0.0000651176536354
21.71000 0.0000649570446404
21.73000 0.0000647969888618
21.75000 0.0000646374692355
21.77000 0.0000644784883197
21.79000 0.0000643200459828
21.81000 0.0000641621372916
21.83000 0.0000640047643090
21.85000 0.0000638479161389
21.87000 0.0000636915949611
21.89000 0.0000635358018454
21.91000 0.0000633805366350
21.93000 0.0000632257892807
21.95000 0.0000630715473302
21.97000 0.0000629178441530
21.99000 0.0000627646432715
22.01000 0.0000626119532646
22.03000 0.0000624597746607
22.05000 0.0000623081091648
22.07000 0.0000621569421107
22.09000 0.0000620062866706
22.11000 0.0000618561169545
22.13000 0.0000617064708951
22.15000 0.0000615572937394
22.17000 0.0000614086372623
22.19000 0.0000612604588917
22.21000 0.0000611127724851
22.23000 0.0000609655797619
22.25000 0.0000608188677690
22.27000 0.0000606726510526
22.29000 0.0000605269011914
22.31000 0.0000603816488591
22.33000 0.0000602368662040
22.35000 0.0000600925503759
22.37000 0.0000599487311854
22.39000 0.0000598053687273
22.41000 0.0000596624831281
22.43000 0.0000595200654764
22.45000 0.0000593781060656
22.47000 0.0000592366278808
22.49000 0.0000590956010371
22.51000 0.0000589550357209
22.53000 0.0000588149322105
22.55000 0.0000586752862660
22.57000 0.0000585360944713
22.59000 0.0000583973495233
22.61000 0.0000582590740790
22.63000 0.0000581212251034
22.65000 0.0000579838402488
22.67000 0.0000578468991581
22.69000 0.0000577103956478
22.71000 0.0000575743404225
22.73000 0.0000574387217802
22.75000 0.0000573035391505
22.77000 0.0000571687991702
22.79000 0.0000570344987138
22.81000 0.0000569006210161
22.83000 0.0000567671737301
22.85000 0.0000566341653370
22.87000 0.0000565015841673
22.89000 0.0000563694205159
22.91000 0.0000562376890289
22.93000 0.0000561063731109
22.95000 0.0000559754857468
22.97000 0.0000558450184598
22.99000 0.0000557149578137
23.01000 0.0000555853210783
23.03000 0.0000554561037716
23.05000 0.0000553272823534
23.07000 0.0000551988889355
23.09000 0.0000550708946414
23.11000 0.0000549433133416
23.13000 0.0000548161337899
23.15000 0.0000546893557466
23.17000 0.0000545629931305
23.19000 0.0000544370171134
23.21000 0.0000543114455608
23.23000 0.0000541862680702
23.25000 0.0000540614988091
23.27000 0.0000539371137771
23.29000 0.0000538131223147
23.31000 0.0000536895231608
23.33000 0.0000535663158368
23.35000 0.0000534434966196
23.37000 0.0000533210559011
23.39000 0.0000531990130471
23.41000 0.0000530773488753
23.43000 0.0000529560601172
23.45000 0.0000528351594225
23.47000 0.0000527146385881
23.49000 0.0000525944908422
23.51000 0.0000524747164081
23.53000 0.0000523553261906
23.55000 0.0000522362930775
23.57000 0.0000521176598695
23.59000 0.0000519993606420
23.61000 0.0000518814562261
23.63000 0.0000517639122610
23.65000 0.0000516467280379
23.67000 0.0000515299156268
23.69000 0.0000514134588216
23.71000 0.0000512973704898
23.73000 0.0000511816347023
23.75000 0.0000510662604354
23.77000 0.0000509512561453
23.79000 0.0000508365823374
23.81000 0.0000507222870613
23.83000 0.0000506083251181
23.85000 0.0000504947197987
23.87000 0.0000503814804047
23.89000 0.0000502685685019
23.91000 0.0000501560179327
23.93000 0.0000500438073952
23.95000 0.0000499319392452
23.97000 0.0000498204184107
23.99000 0.0000497092458443
24.01000 0.0000495983983412
24.03000 0.0000494879058703
24.05000 0.0000493777326131
24.07000 0.0000492679230355
24.09000 0.0000491584277914
24.11000 0.0000490492664945
24.13000 0.0000489404533790
24.15000 0.0000488319576058
24.17000 0.0000487237955053
24.19000 0.0000486159655747
24.21000 0.0000485084605072
24.23000 0.0000484012874897
24.25000 0.0000482944263783
24.27000 0.0000481879033435
24.29000 0.0000480816976641
24.31000 0.0000479758112874
24.33000 0.0000478702473024
24.35000 0.0000477650023917
24.37000 0.0000476600715968
24.39000 0.0000475554641983
24.41000 0.0000474511673696
24.43000 0.0000473471847521
24.45000 0.0000472435121825
24.47000 0.0000471401644116
24.49000 0.0000470371066214
24.51000 0.0000469343703189
24.53000 0.0000468319504335
24.55000 0.0000467298167428
24.57000 0.0000466280051065
24.59000 0.0000465264959755
24.61000 0.0000464252747197
24.63000 0.0000463243851641
24.65000 0.0000462237709784
24.67000 0.0000461234642298
24.69000 0.0000460234604015
24.71000 0.0000459237513642
24.73000 0.0000458243385736
24.75000 0.0000457252235540
24.77000 0.0000456264000482
24.79000 0.0000455278710984
24.81000 0.0000454296406006
24.83000 0.0000453316796427
24.85000 0.0000452340320886
24.87000 0.0000451366721328
24.89000 0.0000450395879251
24.91000 0.0000449427885091
24.93000 0.0000448462914648
24.95000 0.0000447500641296
24.97000 0.0000446541278982
24.99000 0.0000445584713571
25.01000 0.0000444630886478
25.03000 0.0000443680100096
25.05000 0.0000442731795206
25.07000 0.0000441786458263
25.09000 0.0000440843960324
25.11000 0.0000439903952125
25.13000 0.0000438966975500
25.15000 0.0000438032636667
25.17000 0.0000437100963829
25.19000 0.0000436172138808
25.21000 0.0000435245868130
25.23000 0.0000434322410567
25.25000 0.0000433401703624
25.27000 0.0000432483509212
25.29000 0.0000431568056718
25.31000 0.0000430655289352
25.33000 0.0000429745177631
25.35000 0.0000428837715917
25.37000 0.0000427932734438
25.39000 0.0000427030678389
25.41000 0.0000426130917647
25.43000 0.0000425233963211
25.45000 0.0000424339506097
25.47000 0.0000423447660421
25.49000 0.0000422558417712
25.51000 0.0000421671650461
25.53000 0.0000420787546358
25.55000 0.0000419905990324
25.57000 0.0000419026759088
25.59000 0.0000418150388454
25.61000 0.0000417276259495
25.63000 0.0000416404796422
25.65000 0.0000415535751446
25.67000 0.0000414669241638
25.69000 0.0000413805161216
25.71000 0.0000412943610686
25.73000 0.0000412084510352
25.75000 0.0000411227860669
25.77000 0.0000410373649652
25.79000 0.0000409521841843
25.81000 0.0000408672494117
25.83000 0.0000407825642405
25.85000 0.0000406981025732
25.87000 0.0000406138963671
25.89000 0.0000405299213505
25.91000 0.0000404461935479
25.93000 0.0000403626893518
25.95000 0.0000402794399881
25.97000 0.0000401964023315
25.99000 0.0000401136263572
26.01000 0.0000400310633246
26.03000 0.0000399487472182
26.05000 0.0000398666529794
26.07000 0.0000397847997971
26.09000 0.0000397031725241
26.11000 0.0000396217751252
26.13000 0.0000395406098951
26.15000 0.0000394596664465
26.17000 0.0000393789593635
26.19000 0.0000392984728483
26.21000 0.0000392182159028
26.23000 0.0000391381784093
26.25000 0.0000390583724854
26.27000 0.0000389787814634
26.29000 0.0000388994249977
26.31000 0.0000388202778871
26.33000 0.0000387413606136
26.35000 0.0000386626564798
26.37000 0.0000385841769342
26.39000 0.0000385059227458
26.41000 0.0000384278707697
26.43000 0.0000383500472546
26.45000 0.0000382724310237
26.47000 0.0000381950526748
26.49000 0.0000381178561711
26.51000 0.0000380408959556
26.53000 0.0000379641476603
26.55000 0.0000378876057929
26.57000 0.0000378112780517
26.59000 0.0000377351589913
26.61000 0.0000376592582654
26.63000 0.0000375835632971
26.65000 0.0000375080684813
26.67000 0.0000374327994195
26.69000 0.0000373577175690
26.71000 0.0000372828570779
26.73000 0.0000372082016471
26.75000 0.0000371337428341
26.77000 0.0000370594961728
26.79000 0.0000369854537108
26.81000 0.0000369116071324
26.83000 0.0000368379696394
26.85000 0.0000367645346191
26.87000 0.0000366912964204
26.89000 0.0000366182553579
26.91000 0.0000365454274517
26.93000 0.0000364727800941
26.95000 0.0000364003503627
26.97000 0.0000363281014754
26.99000 0.0000362560586610
27.01000 0.0000361842076152
27.03000 0.0000361125651850
27.05000 0.0000360410905966
27.07000 0.0000359698371110
27.09000 0.0000358987627696
27.11000 0.0000358278829304
27.13000 0.0000357572067853
27.15000 0.0000356867005962
27.17000 0.0000356164029902
27.19000 0.0000355462904575
27.21000 0.0000354763668326
27.23000 0.0000354066308484
27.25000 0.0000353370803293
27.27000 0.0000352677237450
27.29000 0.0000351985623410
27.31000 0.0000351295634928
27.33000 0.0000350607663468
27.35000 0.0000349921612570
27.37000 0.0000349237144716
27.39000 0.0000348554799209
27.41000 0.0000347874105209
27.43000 0.0000347195317960
27.45000 0.0000346518325557
27.47000 0.0000345843128629
27.49000 0.0000345169804046
27.51000 0.0000344498163366
27.53000 0.0000343828456664
27.55000 0.0000343160394024
27.57000 0.0000342494240036
27.59000 0.0000341829810790
27.61000 0.0000341167113664
27.63000 0.0000340506229744
27.65000 0.0000339847135293
27.67000 0.0000339189682685
27.69000 0.0000338534089159
27.71000 0.0000337880181075
27.73000 0.0000337228001730
27.75000 0.0000336577540137
27.77000 0.0000335928894005
27.79000 0.0000335281887309
27.81000 0.0000334636535257
27.83000 0.0000333992986863
27.85000 0.0000333351181966
27.87000 0.0000332710864603
27.89000 0.0000332072475717
27.91000 0.0000331435660167
27.93000 0.0000330800412598
27.95000 0.0000330167039874
27.97000 0.0000329535185735
27.99000 0.0000328905130692
28.01000 0.0000328276560478
28.03000 0.0000327649809628
28.05000 0.0000327024457962
28.07000 0.0000326401105883
28.09000 0.0000325779065306
28.11000 0.0000325158769116
28.13000 0.0000324540166030
28.15000 0.0000323923078717
28.17000 0.0000323307535200
28.19000 0.0000322693879155
28.21000 0.0000322081526821
28.23000 0.0000321470912563
28.25000 0.0000320861820620
28.27000 0.0000320254472775
28.29000 0.0000319648395311
28.31000 0.0000319044245442
28.33000 0.0000318441418424
28.35000 0.0000317840273523
28.37000 0.0000317240653524
28.39000 0.0000316642580356
28.41000 0.0000316045981689
28.43000 0.0000315451099154
28.45000 0.0000314857678666
28.47000 0.0000314265635600
28.49000 0.0000313675417924
28.51000 0.0000313086451252
28.53000 0.0000312499206062
28.55000 0.0000311913294954
28.57000 0.0000311329018858
28.59000 0.0000310746209537
28.61000 0.0000310164927321
28.63000 0.0000309585040358
28.65000 0.0000309006749897
28.67000 0.0000308429896105
28.69000 0.0000307854472651
28.71000 0.0000307280682229
28.73000 0.0000306708200583
28.75000 0.0000306137245704
28.77000 0.0000305567723222
28.79000 0.0000304999704796
28.81000 0.0000304433107427
28.83000 0.0000303867921053
28.85000 0.0000303304281379
28.87000 0.0000302741972832
28.89000 0.0000302181075142
28.91000 0.0000301621715466
28.93000 0.0000301063727413
28.95000 0.0000300507133551
28.97000 0.0000299951966404
28.99000 0.0000299398238927
29.01000 0.0000298845906290
29.03000 0.0000298294874652
29.05000 0.0000297745423087
29.07000 0.0000297197139742
29.09000 0.0000296650482759
29.11000 0.0000296104962056
29.13000 0.0000295561077826
29.15000 0.0000295018332210
29.17000 0.0000294477097076
29.19000 0.0000293937136697
29.21000 0.0000293398603004
29.23000 0.0000292861451640
29.25000 0.0000292325551063
29.27000 0.0000291791034231
29.29000 0.0000291257907238
29.31000 0.0000290726058216
29.33000 0.0000290195605769
29.35000 0.0000289666423833
29.37000 0.0000289138561365
29.39000 0.0000288612144904
29.41000 0.0000288086784506
29.43000 0.0000287563032465
29.45000 0.0000287040450704
29.47000 0.0000286519083444
29.49000 0.0000285999231444
29.51000 0.0000285480452581
29.53000 0.0000284963139428
29.55000 0.0000284447012508
29.57000 0.0000283932195767
29.59000 0.0000283418678457
29.61000 0.0000282906411795
29.63000 0.0000282395410109
29.65000 0.0000281885735247
29.67000 0.0000281377252047
29.69000 0.0000280870069065
29.71000 0.0000280364099312
29.73000 0.0000279859454968
29.75000 0.0000279355992469
29.77000 0.0000278853789011
29.79000 0.0000278352844181
29.81000 0.0000277853086221
29.83000 0.0000277354681619
29.85000 0.0000276857397815
29.87000 0.0000276361263380
29.89000 0.0000275866561719
29.91000 0.0000275372884145
29.93000 0.0000274880594285
29.95000 0.0000274389327029
29.97000 0.0000273899397188
29.99000 0.0000273410635437
30.01000 0.0000272923068693
30.03000 0.0000272436598223
30.05000 0.0000271951592777
30.07000 0.0000271467375322
30.09000 0.0000270984805284
30.11000 0.0000270502931115
30.13000 0.0000270022603120
30.15000 0.0000269543282124
30.17000 0.0000269065176295
30.19000 0.0000268588165959
30.21000 0.0000268112418291
30.23000 0.0000267637822798
30.25000 0.0000267164233914
30.27000 0.0000266691980768
30.29000 0.0000266220761271
30.31000 0.0000265750738747
30.33000 0.0000265281790169
30.35000 0.0000264814089291
30.37000 0.0000264347398825
30.39000 0.0000263881910088
30.41000 0.0000263417589774
30.43000 0.0000262954218028
30.45000 0.0000262492161557
30.47000 0.0000262031180412
30.49000 0.0000261571162213
30.51000 0.0000261112383509
30.53000 0.0000260654728248
30.55000 0.0000260198187945
30.57000 0.0000259742534418
30.59000 0.0000259288273505
30.61000 0.0000258834889669
30.63000 0.0000258382671494
30.65000 0.0000257931626542
30.67000 0.0000257481482728
30.69000 0.0000257032513336
30.71000 0.0000256584629462
30.73000 0.0000256137818724
30.75000 0.0000255692046001
30.77000 0.0000255247335384
30.79000 0.0000254803739711
30.81000 0.0000254361126779
30.83000 0.0000253919639098
30.85000 0.0000253479192887
30.87000 0.0000253039742668
30.89000 0.0000252601359028
30.91000 0.0000252164123877
30.93000 0.0000251727709771
30.95000 0.0000251292538861
30.97000 0.0000250858354322
30.99000 0.0000250425071355
31.01000 0.0000249992992944
31.03000 0.0000249561853445
31.05000 0.0000249131684076
31.07000 0.0000248702676111
31.09000 0.0000248274525309
31.11000 0.0000247847490115
31.13000 0.0000247421425514
31.15000 0.0000246996403249
31.17000 0.0000246572293522
31.19000 0.0000246149324180
31.21000 0.0000245727200610
31.23000 0.0000245306142420
31.25000 0.0000244886179361
31.27000 0.0000244466939581
31.29000 0.0000244048991411
31.31000 0.0000243631800267
31.33000 0.0000243215671098
31.35000 0.0000242800537069
31.37000 0.0000242386392872
31.39000 0.0000241973084018
31.41000 0.0000241560862459
31.43000 0.0000241149661069
31.45000 0.0000240739272151
31.47000 0.0000240329932127
31.49000 0.0000239921552749
31.51000 0.0000239514042222
31.53000 0.0000239107521825
31.55000 0.0000238702085102
31.57000 0.0000238297375987
31.59000 0.0000237893798410
31.61000 0.0000237490983989
31.63000 0.0000237089251024
31.65000 0.0000236688341488
31.67000 0.0000236288484482
31.69000 0.0000235889384704
31.71000 0.0000235491467356
31.73000 0.0000235094129523
31.75000 0.0000234698102532
31.77000 0.0000234302583780
31.79000 0.0000233908322883
31.81000 0.0000233514829384
31.83000 0.0000233122191408
31.85000 0.0000232730532856
31.87000 0.0000232339832168
31.89000 0.0000231949911932
31.91000 0.0000231560918790
31.93000 0.0000231172898568
31.95000 0.0000230785731584
31.97000 0.0000230399349440
31.99000 0.0000230014078061
32.01000 0.0000229629468167
32.03000 0.0000229245909322
32.05000 0.0000228863084553
32.07000 0.0000228481308555
32.09000 0.0000228100150458
32.11000 0.0000227720198854
32.13000 0.0000227340836513
32.15000 0.0000226962499590
32.17000 0.0000226584971185
32.19000 0.0000226208276358
32.21000 0.0000225832538050
32.23000 0.0000225457499046
32.25000 0.0000225083531349
32.27000 0.0000224710221712
32.29000 0.0000224337830813
32.31000 0.0000223966337186
32.33000 0.0000223595557181
32.35000 0.0000223225872053
32.37000 0.0000222856698554
32.39000 0.0000222488627529
32.41000 0.0000222121250639
32.43000 0.0000221754747522
32.45000 0.0000221389066093
32.47000 0.0000221024215401
32.49000 0.0000220660285703
32.51000 0.0000220296982291
32.53000 0.0000219934663544
32.55000 0.0000219573095701
32.57000 0.0000219212342600
32.59000 0.0000218852429076
32.61000 0.0000218493358186
32.63000 0.0000218135027547
32.65000 0.0000217777489676
32.67000 0.0000217420813254
32.69000 0.0000217064967722
32.71000 0.0000216709805707
32.73000 0.0000216355593814
32.75000 0.0000216002066335
32.77000 0.0000215649366658
32.79000 0.0000215297430246
32.81000 0.0000214946371943
32.83000 0.0000214595926619
32.85000 0.0000214246475465
32.87000 0.0000213897684858
32.89000 0.0000213549648790
32.91000 0.0000213202445173
32.93000 0.0000212856133927
32.95000 0.0000212510298949
32.97000 0.0000212165468469
32.99000 0.0000211821364348
33.01000 0.0000211477995200
33.03000 0.0000211135428238
33.05000 0.0000210793526926
33.07000 0.0000210452527468
33.09000 0.0000210112206959
33.11000 0.0000209772557997
33.13000 0.0000209433940438
33.15000 0.0000209095705926
33.17000 0.0000208758501805
33.19000 0.0000208421917724
33.21000 0.0000208086089209
33.23000 0.0000207751092205
33.25000 0.0000207416692220
33.27000 0.0000207083159344
33.29000 0.0000206750281225
33.31000 0.0000206418216656
33.33000 0.0000206086739695
33.35000 0.0000205756204717
33.37000 0.0000205426147946
33.39000 0.0000205097130186
33.41000 0.0000204768469874
33.43000 0.0000204440862720
33.45000 0.0000204113737797
33.47000 0.0000203787547283
33.49000 0.0000203461796044
33.51000 0.0000203137067468
33.53000 0.0000202812781832
33.55000 0.0000202489420565
33.57000 0.0000202166648288
33.59000 0.0000201844582122
33.61000 0.0000201523268739
33.63000 0.0000201202664057
33.65000 0.0000200882645674
33.67000 0.0000200563503421
33.69000 0.0000200244929969
33.71000 0.0000199927057505
33.73000 0.0000199609996660
33.75000 0.0000199293442036
33.77000 0.0000198977718041
33.79000 0.0000198662643071
33.81000 0.0000198348277104
33.83000 0.0000198034498840
33.85000 0.0000197721474855
33.87000 0.0000197409191171
33.89000 0.0000197097448511
33.91000 0.0000196786471970
33.93000 0.0000196476199524
33.95000 0.0000196166512006
33.97000 0.0000195857455688
33.99000 0.0000195549277935
34.01000 0.0000195241490090
34.03000 0.0000194934635267
34.05000 0.0000194628261178
34.07000 0.0000194322635038
34.09000 0.0000194017576188
34.11000 0.0000193713295115
34.13000 0.0000193409565692
34.15000 0.0000193106591055
34.17000 0.0000192804179913
34.19000 0.0000192502442596
34.21000 0.0000192201345811
34.23000 0.0000191901025691
34.25000 0.0000191601089906
34.27000 0.0000191302057087
34.29000 0.0000191003484831
34.31000 0.0000190705666370
34.33000 0.0000190408390971
34.35000 0.0000190111865067
34.37000 0.0000189815888492
34.39000 0.0000189520580616
34.41000 0.0000189225786328
34.43000 0.0000188931912534
34.45000 0.0000188638339476
34.47000 0.0000188345580321
34.49000 0.0000188053416639
34.51000 0.0000187761796056
34.53000 0.0000187470914002
34.55000 0.0000187180575589
34.57000 0.0000186890845652
34.59000 0.0000186601798994
34.61000 0.0000186313366565
34.63000 0.0000186025365475
34.65000 0.0000185738294507
34.67000 0.0000185451551764
34.69000 0.0000185165501833
34.71000 0.0000184880123284
34.73000 0.0000184595312517
34.75000 0.0000184311085831
34.77000 0.0000184027392948
34.79000 0.0000183744491931
34.81000 0.0000183462040178
34.83000 0.0000183180133822
34.85000 0.0000182899010780
34.87000 0.0000182618340805
34.89000 0.0000182338219812
34.91000 0.0000182058863753
34.93000 0.0000181780005321
34.95000 0.0000181501675618
34.97000 0.0000181223958156
34.99000 0.0000180946907595
35.01000 0.0000180670351415
35.03000 0.0000180394393238
35.05000 0.0000180119002670
35.07000 0.0000179844309012
35.09000 0.0000179569980211
35.11000 0.0000179296409852
35.13000 0.0000179023301406
35.15000 0.0000178750830153
35.17000 0.0000178478876014
35.19000 0.0000178207585010
35.21000 0.0000177936716634
35.23000 0.0000177666453641
35.25000 0.0000177396914346
35.27000 0.0000177127727900
35.29000 0.0000176859218525
35.31000 0.0000176591189183
35.33000 0.0000176323831425
35.35000 0.0000176056920764
35.37000 0.0000175790637378
35.39000 0.0000175524828150
35.41000 0.0000175259671684
35.43000 0.0000174994976821
35.45000 0.0000174730957813
35.47000 0.0000174467208736
35.49000 0.0000174204400536
35.51000 0.0000173941797894
35.53000 0.0000173679962917
35.55000 0.0000173418506002
35.57000 0.0000173157643613
35.59000 0.0000172897438026
35.61000 0.0000172637560056
35.63000 0.0000172378450359
35.65000 0.0000172119604268
35.67000 0.0000171861569023
35.69000 0.0000171603874961
35.71000 0.0000171346793077
35.73000 0.0000171090205696
35.75000 0.0000170834142333
35.77000 0.0000170578664063
35.79000 0.0000170323703730
35.81000 0.0000170069130661
35.83000 0.0000169815272391
35.85000 0.0000169561785699
35.87000 0.0000169308940153
35.89000 0.0000169056497505
35.91000 0.0000168804635902
35.93000 0.0000168553245045
35.95000 0.0000168302544774
35.97000 0.0000168052032692
35.99000 0.0000167802341380
36.01000 0.0000167552962881
36.03000 0.0000167304210004
36.05000 0.0000167055851169
36.07000 0.0000166808164431
36.09000 0.0000166560808801
36.11000 0.0000166314067488
36.13000 0.0000166067773472
36.15000 0.0000165821990557
36.17000 0.0000165576705016
36.19000 0.0000165332001713
36.21000 0.0000165087664329
36.23000 0.0000164843902554
36.25000 0.0000164600596065
36.27000 0.0000164357766589
36.29000 0.0000164115546225
36.31000 0.0000163873678198
36.33000 0.0000163632360280
36.35000 0.0000163391545194
36.37000 0.0000163151148190
36.39000 0.0000162911387498
36.41000 0.0000162671897010
36.43000 0.0000162433052064
36.45000 0.0000162194617741
36.47000 0.0000161956749104
36.49000 0.0000161719184940
36.51000 0.0000161482327083
36.53000 0.0000161245753432
36.55000 0.0000161009758369
36.57000 0.0000160774240174
36.59000 0.0000160539028599
36.61000 0.0000160304650789
36.63000 0.0000160070320822
36.65000 0.0000159836801144
36.67000 0.0000159603479550
36.69000 0.0000159370879442
36.71000 0.0000159138538451
36.73000 0.0000158906753265
36.75000 0.0000158675439028
36.77000 0.0000158444564030
36.79000 0.0000158214186132
36.81000 0.0000157984144618
36.83000 0.0000157754801525
36.85000 0.0000157525695605
36.87000 0.0000157297129257
36.89000 0.0000157068961244
36.91000 0.0000156841401889
36.93000 0.0000156614084584
36.95000 0.0000156387399435
36.97000 0.0000156161094176
36.99000 0.0000155935191640
37.01000 0.0000155709849275
37.03000 0.0000155484848644
37.05000 0.0000155260347439
37.07000 0.0000155036187288
37.09000 0.0000154812741634
37.11000 0.0000154589409857
37.13000 0.0000154366723896
37.15000 0.0000154144481662
37.17000 0.0000153922501213
37.19000 0.0000153701210953
37.21000 0.0000153480140092
37.23000 0.0000153259644580
37.25000 0.0000153039470817
37.27000 0.0000152819858807
37.29000 0.0000152600602330
37.31000 0.0000152381794617
37.33000 0.0000152163436213
37.35000 0.0000151945375928
37.37000 0.0000151727996992
37.39000 0.0000151510822175
37.41000 0.0000151294124559
37.43000 0.0000151077969875
37.45000 0.0000150862162816
37.47000 0.0000150646664819
37.49000 0.0000150431784065
37.51000 0.0000150217207611
37.53000 0.0000150003065322
37.55000 0.0000149789318644
37.57000 0.0000149576131219
37.59000 0.0000149363210327
37.61000 0.0000149150754580
37.63000 0.0000148938615210
37.65000 0.0000148727141569
37.67000 0.0000148515856420
37.69000 0.0000148305064453
37.71000 0.0000148094615824
37.73000 0.0000147884713532
37.75000 0.0000147675120815
37.77000 0.0000147465925090
37.79000 0.0000147257178839
37.81000 0.0000147048838311
37.83000 0.0000146840830944
37.85000 0.0000146633386394
37.87000 0.0000146426249923
37.89000 0.0000146219383404
37.91000 0.0000146013132292
37.93000 0.0000145807243803
37.95000 0.0000145601583575
37.97000 0.0000145396557402
37.99000 0.0000145191706827
38.01000 0.0000144987485754
38.03000 0.0000144783431200
38.05000 0.0000144579884805
38.07000 0.0000144376750587
38.09000 0.0000144174009688
38.11000 0.0000143971503057
38.13000 0.0000143769668002
38.15000 0.0000143567984331
38.17000 0.0000143366737478
38.19000 0.0000143166007001
38.21000 0.0000142965435114
38.23000 0.0000142765556885
38.25000 0.0000142565711262
38.27000 0.0000142366535256
38.29000 0.0000142167559640
38.31000 0.0000141969143010
38.33000 0.0000141770911164
38.35000 0.0000141573147245
38.37000 0.0000141375840780
38.39000 0.0000141178739525
38.41000 0.0000140982200986
38.43000 0.0000140785869905
38.45000 0.0000140590073690
38.47000 0.0000140394534547
38.49000 0.0000140199372944
38.51000 0.0000140004673183
38.53000 0.0000139810271303
38.55000 0.0000139616259649
38.57000 0.0000139422551007
38.59000 0.0000139229433140
38.61000 0.0000139036414362
38.63000 0.0000138843836298
38.65000 0.0000138651751018
38.67000 0.0000138459921841
38.69000 0.0000138268488607
38.71000 0.0000138077402123
38.73000 0.0000137886620199
38.75000 0.0000137696396386
38.77000 0.0000137506260783
38.79000 0.0000137316710390
38.81000 0.0000137127422358
38.83000 0.0000136938506346
38.85000 0.0000136749960856
38.87000 0.0000136561786214
38.89000 0.0000136373831867
38.91000 0.0000136186483582
38.93000 0.0000135999222170
38.95000 0.0000135812514707
38.97000 0.0000135626030278
38.99000 0.0000135440010791
39.01000 0.0000135254244566
39.03000 0.0000135068906284
39.05000 0.0000134883826612
39.07000 0.0000134699141323
39.09000 0.0000134514842544
39.11000 0.0000134330838748
39.13000 0.0000134147221536
39.15000 0.0000133963889786
39.17000 0.0000133780950901
39.19000 0.0000133598367836
39.21000 0.0000133416050899
39.23000 0.0000133234145714
39.25000 0.0000133052570191
39.27000 0.0000132871343203
39.29000 0.0000132690392846
39.31000 0.0000132509816213
39.33000 0.0000132329680156
39.35000 0.0000132149699307
39.37000 0.0000131970191285
39.39000 0.0000131790847679
39.41000 0.0000131612164663
39.43000 0.0000131433462963
39.45000 0.0000131255293223
39.47000 0.0000131077407869
39.49000 0.0000130899838574
39.51000 0.0000130722542983
39.53000 0.0000130545762807
39.55000 0.0000130369139355
39.57000 0.0000130192899632
39.59000 0.0000130016989102
39.61000 0.0000129841430352
39.63000 0.0000129666125681
39.65000 0.0000129491161500
39.67000 0.0000129316636797
39.69000 0.0000129142237124
39.71000 0.0000128968397629
39.73000 0.0000128794687711
39.75000 0.0000128621362859
39.77000 0.0000128448338713
39.79000 0.0000128275712491
39.81000 0.0000128103321592
39.83000 0.0000127931251349
39.85000 0.0000127759545485
39.87000 0.0000127588176200
39.89000 0.0000127417032618
39.91000 0.0000127246255235
39.93000 0.0000127075766215
39.95000 0.0000126905661341
39.97000 0.0000126735812058
39.99000 0.0000126566257807
40.01000 0.0000126397036826
40.03000 0.0000126228184798
40.05000 0.0000126059577685
40.07000 0.0000125891207629
40.09000 0.0000125723337954
40.11000 0.0000125555650996
40.13000 0.0000125388234077
40.15000 0.0000125221232681
40.17000 0.0000125054485510
40.19000 0.0000124887971210
40.21000 0.0000124721883262
40.23000 0.0000124556037323
40.25000 0.0000124390588577
40.27000 0.0000124225188397
40.29000 0.0000124060392746
40.31000 0.0000123895696241
40.33000 0.0000123731429464
40.35000 0.0000123567281422
40.37000 0.0000123403728122
40.39000 0.0000123240158732
40.41000 0.0000123077072571
40.43000 0.0000122914211376
40.45000 0.0000122751628502
40.47000 0.0000122589513880
40.49000 0.0000122427469725
40.51000 0.0000122265815528
40.53000 0.0000122104465572
40.55000 0.0000121943391091
40.57000 0.0000121782600237
40.59000 0.0000121622117267
40.61000 0.0000121461868283
40.63000 0.0000121302047783
40.65000 0.0000121142409356
40.67000 0.0000120983043274
40.69000 0.0000120823981072
40.71000 0.0000120665285280
40.73000 0.0000120506757813
40.75000 0.0000120348636410
40.77000 0.0000120190686845
40.79000 0.0000120033037748
40.81000 0.0000119875830927
40.83000 0.0000119718690574
40.85000 0.0000119561963122
40.87000 0.0000119405444256
40.89000 0.0000119249270636
40.91000 0.0000119093341981
40.93000 0.0000118937675948
40.95000 0.0000118782430477
40.97000 0.0000118627179795
40.99000 0.0000118472477886
41.01000 0.0000118317940543
41.03000 0.0000118163699846
41.05000 0.0000118009638057
41.07000 0.0000117856111921
41.09000 0.0000117702517257
41.11000 0.0000117549472095
41.13000 0.0000117396591464
41.15000 0.0000117243938646
41.17000 0.0000117091665855
41.19000 0.0000116939493173
41.21000 0.0000116787890462
41.23000 0.0000116636276527
41.25000 0.0000116485005893
41.27000 0.0000116334106844
41.29000 0.0000116183316042
41.31000 0.0000116032909207
41.33000 0.0000115882735742
41.35000 0.0000115732870994
41.37000 0.0000115583227545
41.39000 0.0000115433773036
41.41000 0.0000115284776965
41.43000 0.0000115135909104
41.45000 0.0000114987231976
41.47000 0.0000114839069497
41.49000 0.0000114690951376
41.51000 0.0000114543108888
41.53000 0.0000114395608495
41.55000 0.0000114248397440
41.57000 0.0000114101364555
41.59000 0.0000113954570216
41.61000 0.0000113808132095
41.63000 0.0000113661909116
41.65000 0.0000113515908645
41.67000 0.0000113370189979
41.69000 0.0000113224834022
41.71000 0.0000113079519981
41.73000 0.0000112934570759
41.75000 0.0000112789976895
41.77000 0.0000112645452991
41.79000 0.0000112501265530
41.81000 0.0000112357473470
41.83000 0.0000112213688869
41.85000 0.0000112070274314
41.87000 0.0000111927151011
41.89000 0.0000111784182923
41.91000 0.0000111641548415
41.93000 0.0000111499108116
41.95000 0.0000111357010888
41.97000 0.0000111214945644
41.99000 0.0000111073417875
42.01000 0.0000110931982415
42.03000 0.0000110790699531
42.05000 0.0000110649907104
42.07000 0.0000110509108924
42.09000 0.0000110368783781
42.11000 0.0000110228501283
42.13000 0.0000110088637880
42.15000 0.0000109948791051
42.17000 0.0000109809543598
42.19000 0.0000109670169112
42.21000 0.0000109531250223
42.23000 0.0000109392507856
42.25000 0.0000109254063001
42.27000 0.0000109115736151
42.29000 0.0000108977764233
42.31000 0.0000108840024558
42.33000 0.0000108702492103
42.35000 0.0000108565172643
42.37000 0.0000108428104422
42.39000 0.0000108291342618
42.41000 0.0000108154738276
42.43000 0.0000108018396694
42.45000 0.0000107882303937
42.47000 0.0000107746408880
42.49000 0.0000107610812817
42.51000 0.0000107475383967
42.53000 0.0000107340246912
42.55000 0.0000107205255964
42.57000 0.0000107070670768
42.59000 0.0000106936052432
42.61000 0.0000106801960765
42.63000 0.0000106667887356
42.65000 0.0000106534078195
42.67000 0.0000106400651563
42.69000 0.0000106267244281
42.71000 0.0000106134210347
42.73000 0.0000106001299983
42.75000 0.0000105868756152
42.77000 0.0000105736337264
42.79000 0.0000105604111444
42.81000 0.0000105472214267
42.83000 0.0000105340522763
42.85000 0.0000105209004320
42.87000 0.0000105077733045
42.89000 0.0000104946690386
42.91000 0.0000104815916529
42.93000 0.0000104685265245
42.95000 0.0000104555006298
42.97000 0.0000104424705999
42.99000 0.0000104294929998
43.01000 0.0000104165142166
43.03000 0.0000104035663005
43.05000 0.0000103906466750
43.07000 0.0000103777393717
43.09000 0.0000103648615920
43.11000 0.0000103519925466
43.13000 0.0000103391692119
43.15000 0.0000103263386116
43.17000 0.0000103135571531
43.19000 0.0000103007737229
43.21000 0.0000102880298566
43.23000 0.0000102753087520
43.25000 0.0000102625833728
43.27000 0.0000102499084249
43.29000 0.0000102372443443
43.31000 0.0000102246044321
43.33000 0.0000102119779762
43.35000 0.0000101993797689
43.37000 0.0000101868006601
43.39000 0.0000101742407562
43.41000 0.0000101617180158
43.43000 0.0000101491911598
43.45000 0.0000101367018418
43.47000 0.0000101242244955
43.49000 0.0000101117878386
43.51000 0.0000100993398272
43.53000 0.0000100869412989
43.55000 0.0000100745468095
43.57000 0.0000100621937959
43.59000 0.0000100498271055
43.61000 0.0000100375140657
43.63000 0.0000100252106826
43.65000 0.0000100129180077
43.67000 0.0000100006619833
43.69000 0.0000099884153646
43.71000 0.0000099761925471
43.73000 0.0000099639968332
43.75000 0.0000099518072617
43.77000 0.0000099396569693
43.79000 0.0000099275027261
43.81000 0.0000099153987603
43.83000 0.0000099032825249
43.85000 0.0000098912207035
43.87000 0.0000098791516041
43.89000 0.0000098671058542
43.91000 0.0000098551034969
43.93000 0.0000098430957366
43.95000 0.0000098311166210
43.97000 0.0000098191679021
43.99000 0.0000098072096819
44.01000 0.0000097953095085
44.03000 0.0000097834028379
44.05000 0.0000097715272744
44.07000 0.0000097596627597
44.09000 0.0000097478340648
44.11000 0.0000097360040306
44.13000 0.0000097242061365
44.15000 0.0000097124281924
44.17000 0.0000097006716071
44.19000 0.0000096889268266
44.21000 0.0000096771996456
44.23000 0.0000096655077908
44.25000 0.0000096538223010
44.27000 0.0000096421512362
44.29000 0.0000096305186019
44.31000 0.0000096188903377
44.33000 0.0000096072868953
44.35000 0.0000095956947083
44.37000 0.0000095841274175
44.39000 0.0000095725931363
44.41000 0.0000095610517311
44.43000 0.0000095495460353
44.45000 0.0000095380566806
44.47000 0.0000095265866571
44.49000 0.0000095151282592
44.51000 0.0000095037028919
44.53000 0.0000094922864700
44.55000 0.0000094808805721
44.57000 0.0000094695151640
44.59000 0.0000094581527065
44.61000 0.0000094468160609
44.63000 0.0000094354964040
44.65000 0.0000094241857439
44.67000 0.0000094129081360
44.69000 0.0000094016428374
44.71000 0.0000093903943880
44.73000 0.0000093791717549
44.75000 0.0000093679537182
44.77000 0.0000093567698670
44.79000 0.0000093455952482
44.81000 0.0000093344384508
44.83000 0.0000093233049413
44.85000 0.0000093121853739
44.87000 0.0000093010881260
44.89000 0.0000092900001147
44.91000 0.0000092789411318
44.93000 0.0000092678996574
44.95000 0.0000092568675410
44.97000 0.0000092458577571
44.99000 0.0000092348712459
45.01000 0.0000092238953021
45.03000 0.0000092129379552
45.05000 0.0000092020045873
45.07000 0.0000091910797730
45.09000 0.0000091801759272
45.11000 0.0000091693122532
45.13000 0.0000091584155414
45.15000 0.0000091475890491
45.17000 0.0000091367489052
45.19000 0.0000091259399878
45.21000 0.0000091151383454
45.23000 0.0000091043671466
45.25000 0.0000090936004242
45.27000 0.0000090828596901
45.29000 0.0000090721351908
45.31000 0.0000090614257236
45.33000 0.0000090507350298
45.35000 0.0000090400564710
45.37000 0.0000090294087962
45.39000 0.0000090187624484
45.41000 0.0000090081399284
45.43000 0.0000089975439476
45.45000 0.0000089869494890
45.47000 0.0000089763777690
45.49000 0.0000089658303221
45.51000 0.0000089552898177
45.53000 0.0000089447767408
45.55000 0.0000089342563230
45.57000 0.0000089237961436
45.59000 0.0000089133033043
45.61000 0.0000089028749607
45.63000 0.0000088924208094
45.65000 0.0000088820130764
45.67000 0.0000088716096615
45.69000 0.0000088612237853
45.71000 0.0000088508565010
45.73000 0.0000088405085603
45.75000 0.0000088301693250
45.77000 0.0000088198543738
45.79000 0.0000088095520982
45.81000 0.0000087992695733
45.83000 0.0000087889972730
45.85000 0.0000087787483901
45.87000 0.0000087685115007
45.89000 0.0000087582915551
45.91000 0.0000087480883424
45.93000 0.0000087379074130
45.95000 0.0000087277326598
45.97000 0.0000087175847321
45.99000 0.0000087074364385
46.01000 0.0000086973233715
46.03000 0.0000086872117753
46.05000 0.0000086771379260
46.07000 0.0000086670428943
46.09000 0.0000086570043271
46.11000 0.0000086469531231
46.13000 0.0000086369306390
46.15000 0.0000086269294985
46.17000 0.0000086169188842
46.19000 0.0000086069627040
46.21000 0.0000085969847958
46.23000 0.0000085870509654
46.25000 0.0000085771105915
46.27000 0.0000085672091665
46.29000 0.0000085573022727
46.31000 0.0000085474227840
46.33000 0.0000085375548471
46.35000 0.0000085277053163
46.37000 0.0000085178721859
46.39000 0.0000085080478058
46.41000 0.0000084982447403
46.43000 0.0000084884588638
46.45000 0.0000084786859615
46.47000 0.0000084689223379
46.49000 0.0000084591892143
46.51000 0.0000084494515500
46.53000 0.0000084397449439
46.55000 0.0000084300546470
46.57000 0.0000084203620935
46.59000 0.0000084107083039
46.61000 0.0000084010466502
46.63000 0.0000083914254639
46.65000 0.0000083817878925
46.67000 0.0000083721987459
46.69000 0.0000083626001198
46.71000 0.0000083530260537
46.73000 0.0000083434729929
46.75000 0.0000083339189803
46.77000 0.0000083243971019
46.79000 0.0000083148834801
46.81000 0.0000083053707878
46.83000 0.0000082959049692
46.85000 0.0000082864179877
46.87000 0.0000082769782839
46.89000 0.0000082675271056
46.91000 0.0000082581033085
46.93000 0.0000082486954716
46.95000 0.0000082392994163
46.97000 0.0000082299216118
46.99000 0.0000082205458781
47.01000 0.0000082112007175
47.03000 0.0000082018597028
47.05000 0.0000081925444199
47.07000 0.0000081832291594
47.09000 0.0000081739400426
47.11000 0.0000081646572402
47.13000 0.0000081553912314
47.15000 0.0000081461504657
47.17000 0.0000081369025450
47.19000 0.0000081276912479
47.21000 0.0000081184758923
47.23000 0.0000081092924288
47.25000 0.0000081001066228
47.27000 0.0000080909451433
47.29000 0.0000080818008254
47.31000 0.0000080726530640
47.33000 0.0000080635391832
47.35000 0.0000080544354621
47.37000 0.0000080453337106
47.39000 0.0000080362604028
47.41000 0.0000080271977216
47.43000 0.0000080181345858
47.45000 0.0000080091147812
47.47000 0.0000080000809854
47.49000 0.0000079910747854
47.51000 0.0000079820787444
47.53000 0.0000079730982045
47.55000 0.0000079641312165
47.57000 0.0000079551809620
47.59000 0.0000079462366844
47.61000 0.0000079373127443
47.63000 0.0000079284034438
47.65000 0.0000079194999531
47.67000 0.0000079106218747
47.69000 0.0000079017406709
47.71000 0.0000078928998320
47.73000 0.0000078840472403
47.75000 0.0000078752081194
47.77000 0.0000078664076519
47.79000 0.0000078575959187
47.81000 0.0000078488119158
47.83000 0.0000078400324333
47.85000 0.0000078312751321
47.87000 0.0000078225128241
47.89000 0.0000078137998386
47.91000 0.0000078050567506
47.93000 0.0000077963613632
47.95000 0.0000077876672349
47.97000 0.0000077789695222
47.99000 0.0000077703197161
48.01000 0.0000077616537134
48.03000 0.0000077530174258
48.05000 0.0000077443803771
48.07000 0.0000077357739369
48.09000 0.0000077271680569
48.11000 0.0000077185773990
48.13000 0.0000077100046168
48.15000 0.0000077014337478
48.17000 0.0000076928984146
48.19000 0.0000076843457082
48.21000 0.0000076758316897
48.23000 0.0000076673133597
48.25000 0.0000076588280090
48.27000 0.0000076503195142
48.29000 0.0000076418793009
48.31000 0.0000076333949614
48.33000 0.0000076249580492
48.35000 0.0000076165192527
48.37000 0.0000076081084112
48.39000 0.0000075996894693
48.41000 0.0000075913028728
48.43000 0.0000075829177883
48.45000 0.0000075745458177
48.47000 0.0000075661902857
48.49000 0.0000075578480504
48.51000 0.0000075495131667
48.53000 0.0000075411984151
48.55000 0.0000075328836080
48.57000 0.0000075245953262
48.59000 0.0000075163184856
48.61000 0.0000075080427473
48.63000 0.0000074997870327
48.65000 0.0000074915459014
48.67000 0.0000074833129963
48.69000 0.0000074750908971
48.71000 0.0000074668936832
48.73000 0.0000074586859584
48.75000 0.0000074505187031
48.77000 0.0000074423394046
48.79000 0.0000074341871230
48.81000 0.0000074260379645
48.83000 0.0000074179076510
48.85000 0.0000074097866059
48.87000 0.0000074016809970
48.89000 0.0000073935766147
48.91000 0.0000073855015427
48.93000 0.0000073774324634
48.95000 0.0000073693636183
48.97000 0.0000073613203489
48.99000 0.0000073532833735
49.01000 0.0000073452617932
49.03000 0.0000073372497632
49.05000 0.0000073292502919
49.07000 0.0000073212638968
49.09000 0.0000073132910911
49.11000 0.0000073053207140
49.13000 0.0000072973732482
49.15000 0.0000072894367315
49.17000 0.0000072815002559
49.19000 0.0000072735920441
49.21000 0.0000072656887726
49.23000 0.0000072577858899
49.25000 0.0000072499213736
49.27000 0.0000072420412267
49.29000 0.0000072341808108
49.31000 0.0000072263498592
49.33000 0.0000072184992879
49.35000 0.0000072106946022
49.37000 0.0000072028732732
49.39000 0.0000071950745441
49.41000 0.0000071872934940
49.43000 0.0000071795108516
49.45000 0.0000071717499965
49.47000 0.0000071639992094
49.49000 0.0000071562597608
49.51000 0.0000071485257478
49.53000 0.0000071408038922
49.55000 0.0000071331137199
49.57000 0.0000071254049189
49.59000 0.0000071177209056
49.61000 0.0000071100571221
49.63000 0.0000071023870299
49.65000 0.0000070947444610
49.67000 0.0000070871024121
49.69000 0.0000070794754867
49.71000 0.0000070718618035
49.73000 0.0000070642592011
49.75000 0.0000070566638965
49.77000 0.0000070490752265
49.79000 0.0000070415134827
49.81000 0.0000070339499000
49.83000 0.0000070264065866
49.85000 0.0000070188654089
49.87000 0.0000070113339368
49.89000 0.0000070038270380
49.91000 0.0000069963198613
49.93000 0.0000069888292845
49.95000 0.0000069813390377
49.97000 0.0000069738822200
49.99000 0.0000069664049522
50.01000 0.0000069589725591
50.03000 0.0000069515199897
50.05000 0.0000069441032655
50.07000 0.0000069366825059
50.09000 0.0000069292822742
50.11000 0.0000069218663451
50.13000 0.0000069145566338
50.15000 0.0000069069298924
50.17000 0.0000069004777565
50.19000 0.0000068897866738
50.21000 0.0000068947822061
50.23000 0.0000068915604430
50.25000 0.0000068537995375
