0.25000 -6067.6293234748063696
0.27000 -4719.6240368404205583
0.29000 -3537.4719472245137695
0.31000 -4691.9818373374291696
0.33000 -3482.2088631129386158
0.35000 -2654.7246426168276230
0.37000 -2001.1977218001300116
0.39000 -1520.7111504810893621
0.41000 -1157.8622297396420890
0.43000 -886.1184284103657092
0.45000 -681.1428277665733049
0.47000 -526.1119300442827580
0.49000 -408.2564996535828072
0.51000 -318.2466750012204670
0.53000 -249.1623048838515047
0.55000 -195.8908545895745306
0.57000 -154.5964055172285043
0.59000 -122.4723788431867888
0.61000 -97.3189818945461695
0.63000 -77.6087058850655325
0.65000 -62.0268873670222050
0.67000 -49.7237114349911451
0.69000 -39.9318062619530352
0.71000 -32.1473083673394981
0.73000 -25.8850187662256417
0.75000 -20.9125432965087228
0.77000 -16.8697520654704611
0.79000 -13.6365930286479209
0.81000 -11.0060623747555724
0.83000 -8.8953833062242289
0.85000 -7.1610521169424484
0.87000 -5.7656499443993949
0.89000 -4.6290191933924536
0.91000 -3.6997544447930450
0.93000 -2.9334149455560272
0.95000 -2.3255972375855567
0.97000 -1.8228634410660343
0.99000 -1.4018777803534446
1.01000 -1.0750360164568651
1.03000 -0.7940935237785626
1.05000 -0.5736134876405582
1.07000 -0.4002171139922314
1.09000 -0.2423824991988159
1.11000 -0.1304283685973444
1.13000 -0.0353045418998813
1.15000 0.0428665122495509
1.17000 0.1017621834309886
1.19000 0.1476783896559031
1.21000 0.1860560508900229
1.23000 0.2140364941128255
1.25000 0.2338127850186334
1.27000 0.2483591592800094
1.29000 0.2585694900668808
1.31000 0.2657338361508610
1.33000 0.2680442815044167
1.35000 0.2682182790395468
1.37000 0.2668415062407707
1.39000 0.2634998038629951
1.41000 0.2592114975788484
1.43000 0.2545316659698094
1.45000 0.2465068787404120
1.47000 0.2445631293255165
1.49000 0.2262314999108376
1.51000 0.2401654505765812
1.53000 0.1989413152154544
1.55000 0.2350766891331032
1.57000 0.1845540675143864
1.59000 0.2044891888921171
1.61000 0.1930685027938991
1.63000 0.1741067666196268
1.65000 0.1769317106598926
1.67000 0.1721318123627802
1.69000 0.1578158985727126
1.71000 0.1534734546335589
1.73000 0.1500959213110905
1.75000 0.1438243302231967
1.77000 0.1350139191419464
1.79000 0.1304250457634382
1.81000 0.1258614464964373
1.83000 0.1214497930464760
1.85000 0.1153478942280776
1.87000 0.1101681325159365
1.89000 0.1060608230002887
1.91000 0.1018874333860720
1.93000 0.0980274732047259
1.95000 0.0938305151458596
1.97000 0.0896409059538787
1.99000 0.0860968370960484
2.01000 0.0827099425985504
2.03000 0.0794363211204889
2.05000 0.0762912255938830
2.07000 0.0732995808436684
2.09000 0.0702028275789690
2.11000 0.0674171169121977
2.13000 0.0648000605142178
2.15000 0.0622797796841212
2.17000 0.0598850549878016
2.19000 0.0575241468463624
2.21000 0.0553756574738403
2.23000 0.0531949653452315
2.25000 0.0512001320102558
2.27000 0.0491734260515270
2.29000 0.0473437434077064
2.31000 0.0456762395846059
2.33000 0.0438158738313756
2.35000 0.0423353423353636
2.37000 0.0407066648907180
2.39000 0.0392144001154273
2.41000 0.0378645578288696
2.43000 0.0363832616233813
2.45000 0.0351383165764450
2.47000 0.0338887404683491
2.49000 0.0326660172146840
2.51000 0.0314901806020007
2.53000 0.0304686063271747
2.55000 0.0293389508289795
2.57000 0.0283181648558691
2.59000 0.0274233333957818
2.61000 0.0264067177990999
2.63000 0.0255383891407020
2.65000 0.0246801258538728
2.67000 0.0238675466687997
2.69000 0.0230592052252500
2.71000 0.0222309660552940
2.73000 0.0216746120472918
2.75000 0.0207051709689525
2.77000 0.0204266041870423
2.79000 0.0191080972370093
2.81000 0.0195124939354289
2.83000 0.0175945244484943
2.85000 0.0184032352291280
2.87000 0.0166659677956297
2.89000 0.0168056180661439
2.91000 0.0162744347223058
2.93000 0.0153116800055003
2.95000 0.0153227773206967
2.97000 0.0147195919804795
2.99000 0.0140676347596310
3.01000 0.0138971384891727
3.03000 0.0134496038004667
3.05000 0.0128785279749494
3.07000 0.0126228103201435
3.09000 0.0123299064823853
3.11000 0.0118265181935778
3.13000 0.0114950819551698
3.15000 0.0112385999667443
3.17000 0.0109230952697233
3.19000 0.0105329333073787
3.21000 0.0102546771277070
3.23000 0.0100073450683598
3.25000 0.0097252638957037
3.27000 0.0094137621309276
3.29000 0.0091635928156873
3.31000 0.0089282077390951
3.33000 0.0086985855150823
3.35000 0.0084307943005318
3.37000 0.0082059935091241
3.39000 0.0079910844579210
3.41000 0.0077897092133165
3.43000 0.0075813125742508
3.45000 0.0073676202870058
3.47000 0.0071721755849167
3.49000 0.0069905125380428
3.51000 0.0068195530241362
3.53000 0.0066391809006490
3.55000 0.0064619443043007
3.57000 0.0062966941990344
3.59000 0.0061343520107310
3.61000 0.0059896584653912
3.63000 0.0058372904744817
3.65000 0.0056869580225549
3.67000 0.0055481730899346
3.69000 0.0054074041396189
3.71000 0.0052736178126946
3.73000 0.0051504708917932
3.75000 0.0050234647749429
3.77000 0.0049025019720900
3.79000 0.0047791145896027
3.81000 0.0046704380525046
3.83000 0.0045542851608016
3.85000 0.0044471530769262
3.87000 0.0043465326101065
3.89000 0.0042414275072446
3.91000 0.0041422617650759
3.93000 0.0040438973205927
3.95000 0.0039554736945326
3.97000 0.0038572624116764
3.99000 0.0037762307025559
4.01000 0.0036801200686369
4.03000 0.0036159920977635
4.05000 0.0035027124430098
4.07000 0.0034685367280897
4.09000 0.0033282948879582
4.11000 0.0033359635944844
4.13000 0.0031693155767611
4.15000 0.0031859085248415
4.17000 0.0030544366659789
4.19000 0.0030104310248339
4.21000 0.0029635789915855
4.23000 0.0028541435852468
4.25000 0.0028335352149124
4.27000 0.0027613535879175
4.29000 0.0026818915577903
4.31000 0.0026551698484543
4.33000 0.0025853201234919
4.35000 0.0025179799507021
4.37000 0.0024886525276889
4.39000 0.0024272260127726
4.41000 0.0023644609273982
4.43000 0.0023297992296963
4.45000 0.0022847285839854
4.47000 0.0022223401793577
4.49000 0.0021837284584769
4.51000 0.0021474330271174
4.53000 0.0020947682824457
4.55000 0.0020500540501289
4.57000 0.0020148391780226
4.59000 0.0019772962347314
4.61000 0.0019292161618223
4.63000 0.0018922709608728
4.65000 0.0018593389270368
4.67000 0.0018236025970536
4.69000 0.0017812344625899
4.71000 0.0017476782029670
4.73000 0.0017172294546989
4.75000 0.0016849642485670
4.77000 0.0016468972019457
4.79000 0.0016161616749749
4.81000 0.0015874633927983
4.83000 0.0015584004862031
4.85000 0.0015255003712790
4.87000 0.0014962294279710
4.89000 0.0014688704101420
4.91000 0.0014427416871142
4.93000 0.0014155274464152
4.95000 0.0013864822050874
4.97000 0.0013614760071649
4.99000 0.0013368830059183
5.01000 0.0013131529717769
5.03000 0.0012884466497193
5.05000 0.0012630420147264
5.07000 0.0012406418485137
5.09000 0.0012185990353371
5.11000 0.0011971127937318
5.13000 0.0011753089387140
5.15000 0.0011527130956932
5.17000 0.0011321790004358
5.19000 0.0011128391610993
5.21000 0.0010929712285686
5.23000 0.0010739669136645
5.25000 0.0010538159899108
5.27000 0.0010352516587042
5.29000 0.0010179173620904
5.31000 0.0009984576389057
5.33000 0.0009846495869816
5.35000 0.0009624883355597
5.37000 0.0009521256179312
5.39000 0.0009267358726482
5.41000 0.0009214311749948
5.43000 0.0008952522317224
5.45000 0.0008890453766693
5.47000 0.0008684743607138
5.49000 0.0008536878380131
5.51000 0.0008435981080357
5.53000 0.0008231691225648
5.55000 0.0008141633056393
5.57000 0.0007999344097999
5.59000 0.0007835803331422
5.61000 0.0007745750366337
5.63000 0.0007595265851442
5.65000 0.0007452296736885
5.67000 0.0007373600283596
5.69000 0.0007222303050752
5.71000 0.0007099578014600
5.73000 0.0007013595722712
5.75000 0.0006878330081432
5.77000 0.0006757857294593
5.79000 0.0006669946713000
5.81000 0.0006561619737139
5.83000 0.0006434748856439
5.85000 0.0006349549069399
5.87000 0.0006261162884454
5.89000 0.0006133647553983
5.91000 0.0006045430793698
5.93000 0.0005963184084255
5.95000 0.0005860902330586
5.97000 0.0005761760715530
5.99000 0.0005678461751738
6.01000 0.0005602152711633
6.03000 0.0005499629975962
6.05000 0.0005411513251397
6.07000 0.0005340860855426
6.09000 0.0005259458522635
6.11000 0.0005167337767166
6.13000 0.0005091400536126
6.15000 0.0005020901229502
6.17000 0.0004946629911240
6.19000 0.0004862658163860
6.21000 0.0004789488395005
6.23000 0.0004723624269509
6.25000 0.0004656474569357
6.27000 0.0004576820693269
6.29000 0.0004511145580352
6.31000 0.0004447072484565
6.33000 0.0004386492037656
6.35000 0.0004314592158665
6.37000 0.0004250288561496
6.39000 0.0004190495968166
6.41000 0.0004132111392057
6.43000 0.0004072053964276
6.45000 0.0004007301941088
6.47000 0.0003951477816830
6.49000 0.0003895819792344
6.51000 0.0003844624271720
6.53000 0.0003783263777489
6.55000 0.0003729870289941
6.57000 0.0003676061986641
6.59000 0.0003627630314196
6.61000 0.0003574934040925
6.63000 0.0003526126439446
6.65000 0.0003468590504517
6.67000 0.0003430757197428
6.69000 0.0003371665287822
6.71000 0.0003340590246555
6.73000 0.0003277713965406
6.75000 0.0003241453907949
6.77000 0.0003193612764287
6.79000 0.0003147471866471
6.81000 0.0003114162501367
6.83000 0.0003060117769714
6.85000 0.0003022779437057
6.87000 0.0002984098500710
6.89000 0.0002935805317022
6.91000 0.0002907020688984
6.93000 0.0002862716718769
6.95000 0.0002820169878875
6.97000 0.0002789062889784
6.99000 0.0002747438561379
7.01000 0.0002709590147740
7.03000 0.0002681084376501
7.05000 0.0002639494308884
7.07000 0.0002602485501407
7.09000 0.0002575317491089
7.11000 0.0002535252534528
7.13000 0.0002502906013233
7.15000 0.0002474839054754
7.17000 0.0002440611731810
7.19000 0.0002403901730452
7.21000 0.0002377955688262
7.23000 0.0002347381403839
7.25000 0.0002312721556509
7.27000 0.0002287022567854
7.29000 0.0002259121420027
7.31000 0.0002226169191118
7.33000 0.0002197239858231
7.35000 0.0002173474291170
7.37000 0.0002144518648310
7.39000 0.0002114918266558
7.41000 0.0002090692780935
7.43000 0.0002065959238175
7.45000 0.0002037253467776
7.47000 0.0002010725281299
7.49000 0.0001987428089577
7.51000 0.0001965350914420
7.53000 0.0001936586091142
7.55000 0.0001914376426479
7.57000 0.0001891647718096
7.59000 0.0001868110267172
7.61000 0.0001843740148981
7.63000 0.0001820988021831
7.65000 0.0001800831041001
7.67000 0.0001779456428851
7.69000 0.0001755239400006
7.71000 0.0001734615272600
7.73000 0.0001714522331978
7.75000 0.0001694693286166
7.77000 0.0001672184237143
7.79000 0.0001652306113112
7.81000 0.0001633675182980
7.83000 0.0001615436444914
7.85000 0.0001594583261729
7.87000 0.0001574641242050
7.89000 0.0001557353132448
7.91000 0.0001539030549414
7.93000 0.0001521869146907
7.95000 0.0001501075594842
7.97000 0.0001486170995296
7.99000 0.0001467016323235
8.01000 0.0001453222958636
8.03000 0.0001432571220215
8.05000 0.0001416962901180
8.07000 0.0001401132392979
8.09000 0.0001384381903095
8.11000 0.0001370648025055
8.13000 0.0001351756019040
8.15000 0.0001337781375838
8.17000 0.0001322841937263
8.19000 0.0001306854653429
8.21000 0.0001294004689280
8.23000 0.0001276550118505
8.25000 0.0001262988484051
8.27000 0.0001249861036427
8.29000 0.0001235023946537
8.31000 0.0001221304958207
8.33000 0.0001208158645465
8.35000 0.0001193468501109
8.37000 0.0001179963245168
8.39000 0.0001168976807714
8.41000 0.0001154777300981
8.43000 0.0001140878913332
8.45000 0.0001130112207518
8.47000 0.0001116394231111
8.49000 0.0001104029844975
8.51000 0.0001094301443442
8.53000 0.0001079916393578
8.55000 0.0001068185036951
8.57000 0.0001057380528621
8.59000 0.0001045835437928
8.61000 0.0001033899239370
8.63000 0.0001023903979542
8.65000 0.0001011968359226
8.67000 0.0001001085716060
8.69000 0.0000989705930057
8.71000 0.0000981283413901
8.73000 0.0000968971141750
8.75000 0.0000958707650304
8.77000 0.0000949738985373
8.79000 0.0000937987318025
8.81000 0.0000929273296045
8.83000 0.0000918446669991
8.85000 0.0000910279447305
8.87000 0.0000899956902981
8.89000 0.0000889891820533
8.91000 0.0000880922432801
8.93000 0.0000872473895792
8.95000 0.0000862507548022
8.97000 0.0000853583985901
8.99000 0.0000845385755034
9.01000 0.0000836422366553
9.03000 0.0000827285578005
9.05000 0.0000818488144737
9.07000 0.0000811213220440
9.09000 0.0000802544734950
9.11000 0.0000794007004243
9.13000 0.0000785791137020
9.15000 0.0000778302552615
9.17000 0.0000769862038702
9.19000 0.0000762267636165
9.21000 0.0000754255165270
9.23000 0.0000747349158831
9.25000 0.0000739598052940
9.27000 0.0000731844417244
9.29000 0.0000724051894829
9.31000 0.0000717807974518
9.33000 0.0000709890768854
9.35000 0.0000703648944667
9.37000 0.0000695790502760
9.39000 0.0000688990169894
9.41000 0.0000682698111006
9.43000 0.0000675776275216
9.45000 0.0000668159971795
9.47000 0.0000662923925823
9.49000 0.0000655421029949
9.51000 0.0000649931714350
9.53000 0.0000643246162354
9.55000 0.0000636003113600
9.57000 0.0000631010796277
9.59000 0.0000624224558039
9.61000 0.0000618850312430
9.63000 0.0000611956449056
9.65000 0.0000606407357777
9.67000 0.0000600670771803
9.69000 0.0000595228366017
9.71000 0.0000589160086458
9.73000 0.0000582778544751
9.75000 0.0000578236605010
9.77000 0.0000572426654688
9.79000 0.0000566666577666
9.81000 0.0000562276353949
9.83000 0.0000555628026228
9.85000 0.0000550770872775
9.87000 0.0000546026982309
9.89000 0.0000540907668771
9.91000 0.0000534651822236
9.93000 0.0000531129827619
9.95000 0.0000525203867665
9.97000 0.0000520414874389
9.99000 0.0000515989522521
10.01000 0.0000511412743751
10.03000 0.0000505123431508
10.05000 0.0000501977149084
10.07000 0.0000496572328974
10.09000 0.0000492539386013
10.11000 0.0000487435974107
10.13000 0.0000483413511767
10.15000 0.0000478703376129
10.17000 0.0000474089734484
10.19000 0.0000469985306460
10.21000 0.0000466309138294
10.23000 0.0000460982019339
10.25000 0.0000457071302103
10.27000 0.0000453517215102
10.29000 0.0000448786335062
10.31000 0.0000444738213271
10.33000 0.0000441599881662
10.35000 0.0000436545620254
10.37000 0.0000432908194246
10.39000 0.0000429182080500
10.41000 0.0000425109166619
10.43000 0.0000421838056384
10.45000 0.0000417622316937
10.47000 0.0000413795516949
10.49000 0.0000410293110251
10.51000 0.0000407036311485
10.53000 0.0000402600912677
10.55000 0.0000399670964726
10.57000 0.0000396089411270
10.59000 0.0000392447865293
10.61000 0.0000388859228382
10.63000 0.0000385504200900
10.65000 0.0000382213141345
10.67000 0.0000379703213316
10.69000 0.0000374517618885
10.71000 0.0000372970534665
10.73000 0.0000368671600771
10.75000 0.0000366135145928
10.77000 0.0000362515862236
10.79000 0.0000359567627409
10.81000 0.0000356462906068
10.83000 0.0000353676072803
10.85000 0.0000349842261641
10.87000 0.0000347675953421
10.89000 0.0000344152440920
10.91000 0.0000341431743989
10.93000 0.0000338660378676
10.95000 0.0000335684388272
10.97000 0.0000332348370468
10.99000 0.0000330158860321
11.01000 0.0000327018215747
11.03000 0.0000324615334613
11.05000 0.0000321144586618
11.07000 0.0000319480119443
11.09000 0.0000315806697922
11.11000 0.0000313810464882
11.13000 0.0000311087816387
11.15000 0.0000307582012522
11.17000 0.0000306387727689
11.19000 0.0000303009353719
11.21000 0.0000300943587180
11.23000 0.0000297729505980
11.25000 0.0000296135873346
11.27000 0.0000292786483715
11.29000 0.0000291241567899
11.31000 0.0000288285093135
11.33000 0.0000286016942191
11.35000 0.0000283771342651
11.37000 0.0000281181472781
11.39000 0.0000279396659165
11.41000 0.0000276487238775
11.43000 0.0000274752587579
11.45000 0.0000271775296134
11.47000 0.0000270571108921
11.49000 0.0000267972999115
11.51000 0.0000265178215035
11.53000 0.0000263916565107
11.55000 0.0000261375339775
11.57000 0.0000258998334932
11.59000 0.0000257585402660
11.61000 0.0000255168210057
11.63000 0.0000252540465392
11.65000 0.0000251865151998
11.67000 0.0000248418328732
11.69000 0.0000247369471550
11.71000 0.0000245118956961
11.73000 0.0000243112676980
11.75000 0.0000240866282359
11.77000 0.0000239724472911
11.79000 0.0000237403051500
11.81000 0.0000235491603070
11.83000 0.0000233266458811
11.85000 0.0000232426563528
11.87000 0.0000229698060341
11.89000 0.0000228024269027
11.91000 0.0000226687736869
11.93000 0.0000224645822777
11.95000 0.0000222749264057
11.97000 0.0000221150571814
11.99000 0.0000219450976488
12.01000 0.0000217793881888
12.03000 0.0000215970326114
12.05000 0.0000214264153295
12.07000 0.0000212843559328
12.09000 0.0000210741941837
12.11000 0.0000209884121078
12.13000 0.0000207217489695
12.15000 0.0000207007443594
12.17000 0.0000203793723795
12.19000 0.0000203793290114
12.21000 0.0000200802554561
12.23000 0.0000200310399055
12.25000 0.0000198590998970
12.27000 0.0000196612040884
12.29000 0.0000195757183611
12.31000 0.0000193664022897
12.33000 0.0000192693372832
12.35000 0.0000190896994393
12.37000 0.0000189472280458
12.39000 0.0000188478500746
12.41000 0.0000186412372806
12.43000 0.0000185666586272
12.45000 0.0000183394532199
12.47000 0.0000183207109784
12.49000 0.0000180648464937
12.51000 0.0000180424830169
12.53000 0.0000178027948286
12.55000 0.0000177278041783
12.57000 0.0000176004754752
12.59000 0.0000174448852354
12.61000 0.0000173187636107
12.63000 0.0000172184315417
12.65000 0.0000170481612045
12.67000 0.0000169763436526
12.69000 0.0000167753325698
12.71000 0.0000167539304189
12.73000 0.0000165152613807
12.75000 0.0000164954927611
12.77000 0.0000163071307036
12.79000 0.0000162374526440
12.81000 0.0000160822599451
12.83000 0.0000159681151403
12.85000 0.0000158621669040
12.87000 0.0000157746139646
12.89000 0.0000156054784257
12.91000 0.0000155274375533
12.93000 0.0000154070116040
12.95000 0.0000152840269376
12.97000 0.0000152097518608
12.99000 0.0000150550795788
13.01000 0.0000149555425914
13.03000 0.0000149293916350
13.05000 0.0000146417817107
13.07000 0.0000147722112320
13.09000 0.0000144521258387
13.11000 0.0000144728341001
13.13000 0.0000143712009885
13.15000 0.0000141524451302
13.17000 0.0000142169479314
13.19000 0.0000140038010123
13.21000 0.0000139149903984
13.23000 0.0000138825872094
13.25000 0.0000137055297666
13.27000 0.0000136425593045
13.29000 0.0000135579626230
13.31000 0.0000134592640852
13.33000 0.0000133541398425
13.35000 0.0000132427705954
13.37000 0.0000132046861871
13.39000 0.0000130451205393
13.41000 0.0000130113367997
13.43000 0.0000128927684501
13.45000 0.0000128081862246
13.47000 0.0000127086853772
13.49000 0.0000126742872563
13.51000 0.0000124691706613
13.53000 0.0000125289680251
13.55000 0.0000123533995533
13.57000 0.0000122316436493
13.59000 0.0000122896484656
13.61000 0.0000120558149690
13.63000 0.0000120466787587
13.65000 0.0000119743552458
13.67000 0.0000118509802666
13.69000 0.0000117971026466
13.71000 0.0000116876054552
13.73000 0.0000116784692449
13.75000 0.0000115014913103
13.77000 0.0000114942705238
13.79000 0.0000114124566279
13.81000 0.0000112573289810
13.83000 0.0000113108885684
13.85000 0.0000111316048971
13.87000 0.0000110797583492
13.89000 0.0000110408571753
13.91000 0.0000109236187804
13.93000 0.0000108580173209
13.95000 0.0000108466115141
13.97000 0.0000106581048963
13.99000 0.0000106926981736
14.01000 0.0000105668656695
14.03000 0.0000105069020614
14.05000 0.0000104385900965
14.07000 0.0000103745860282
14.09000 0.0000103199566948
14.11000 0.0000101856601857
14.13000 0.0000102347311760
14.15000 0.0000100247139872
14.17000 0.0000100845113510
14.19000 0.0000099332940600
14.21000 0.0000099418953972
14.23000 0.0000097855317599
14.25000 0.0000097995107399
14.27000 0.0000096992292670
14.29000 0.0000096464286212
14.31000 0.0000095930714183
14.33000 0.0000094820129757
14.35000 0.0000094984856207
14.37000 0.0000093586958206
14.39000 0.0000093458660949
14.41000 0.0000093040375751
14.43000 0.0000091547212519
14.45000 0.0000091895602817
14.47000 0.0000090994341691
14.49000 0.0000090218269776
14.51000 0.0000089683830385
14.53000 0.0000089300167376
14.55000 0.0000088743610261
14.57000 0.0000087661431933
14.59000 0.0000088169272230
14.61000 0.0000085949548983
14.63000 0.0000087455288960
14.65000 0.0000085063105286
14.67000 0.0000085607808458
14.69000 0.0000084478575755
14.71000 0.0000084429208416
14.73000 0.0000083770664017
14.75000 0.0000082681113113
14.77000 0.0000083021046635
14.79000 0.0000081824737957
14.81000 0.0000081690586009
14.83000 0.0000081154990135
14.85000 0.0000080133454849
14.87000 0.0000080698974702
14.89000 0.0000078823304943
14.91000 0.0000079580150340
14.93000 0.0000078059231532
14.95000 0.0000078535485407
14.97000 0.0000077158187247
14.99000 0.0000077297904767
15.01000 0.0000076552985594
15.03000 0.0000076180598288
15.05000 0.0000075381974968
15.07000 0.0000075555375035
15.09000 0.0000074304278008
15.11000 0.0000074728923859
15.13000 0.0000073466912530
15.15000 0.0000073181333678
15.17000 0.0000073373309743
15.19000 0.0000072024995921
15.21000 0.0000072235837104
15.23000 0.0000071313108775
15.25000 0.0000071305663920
15.27000 0.0000070654130694
15.29000 0.0000070112824690
15.31000 0.0000069959446222
15.33000 0.0000069241342983
15.35000 0.0000069184386229
15.37000 0.0000068376438770
15.39000 0.0000068025807788
15.41000 0.0000067921001578
15.43000 0.0000067301054775
15.45000 0.0000066922162256
15.47000 0.0000066184977059
15.49000 0.0000066609622910
15.51000 0.0000065215411196
15.53000 0.0000065436660720
15.55000 0.0000065130626586
15.57000 0.0000064222571127
15.59000 0.0000064273600909
15.61000 0.0000063743136926
15.63000 0.0000063416358391
15.65000 0.0000062872956263
15.67000 0.0000062579498875
15.69000 0.0000062348563812
15.71000 0.0000061959479792
15.73000 0.0000061167289405
15.75000 0.0000061503319798
15.77000 0.0000060542066152
15.79000 0.0000060553052734
15.81000 0.0000059830468126
15.83000 0.0000060083882314
15.85000 0.0000058855625813
15.87000 0.0000059365273114
15.89000 0.0000058649338279
15.91000 0.0000058085119469
15.93000 0.0000058145111989
15.95000 0.0000057399831416
15.97000 0.0000057633657684
15.99000 0.0000056734998644
16.01000 0.0000056565429424
16.03000 0.0000056483536020
16.05000 0.0000055783502817
16.07000 0.0000055604175778
16.09000 0.0000055731244272
16.11000 0.0000054223263611
16.13000 0.0000055614294998
16.15000 0.0000053524820571
16.17000 0.0000054519612204
16.19000 0.0000053571079864
16.21000 0.0000053523519529
16.23000 0.0000053047482495
16.25000 0.0000052682540043
16.27000 0.0000052669312777
16.29000 0.0000052370434378
16.31000 0.0000051472570419
16.33000 0.0000051923526243
16.35000 0.0000051249658452
16.37000 0.0000050901412714
16.39000 0.0000050835204102
16.41000 0.0000050569285449
16.43000 0.0000049839761947
16.45000 0.0000049925124798
16.47000 0.0000050073226815
16.49000 0.0000048437165737
16.51000 0.0000049872721693
16.53000 0.0000048199942301
16.55000 0.0000048776087336
16.57000 0.0000047804642189
16.59000 0.0000048489135161
16.61000 0.0000047110246838
16.63000 0.0000047820399261
16.65000 0.0000046779203774
16.67000 0.0000047092899603
16.69000 0.0000046528463952
16.71000 0.0000046067172068
16.73000 0.0000046645196386
16.75000 0.0000045371331113
16.77000 0.0000045635659603
16.79000 0.0000045426553144
16.81000 0.0000045036384922
16.83000 0.0000044648312825
16.85000 0.0000044650264389
16.87000 0.0000044446217540
16.89000 0.0000044005742337
16.91000 0.0000043669278263
16.93000 0.0000043581674727
16.95000 0.0000043505708295
16.97000 0.0000043238344039
16.99000 0.0000042321109002
17.01000 0.0000043162233047
17.03000 0.0000042354791549
17.05000 0.0000041700800799
17.07000 0.0000042293136585
17.09000 0.0000041790355898
17.11000 0.0000041260397876
17.13000 0.0000041286996969
17.15000 0.0000040985444205
17.17000 0.0000041023608122
17.19000 0.0000040315479543
17.21000 0.0000040414720182
17.23000 0.0000040257510867
17.25000 0.0000039781618393
17.27000 0.0000039861198832
17.29000 0.0000039282668553
17.31000 0.0000039323651395
17.33000 0.0000039510929251
17.35000 0.0000037924235511
17.37000 0.0000039563476916
17.39000 0.0000037997021617
17.41000 0.0000038314476013
17.43000 0.0000037951051445
17.45000 0.0000037819140181
17.47000 0.0000037813140929
17.49000 0.0000037225286511
17.51000 0.0000037315708972
17.53000 0.0000037003747867
17.55000 0.0000036718458135
17.57000 0.0000036690485719
17.59000 0.0000036707471553
17.61000 0.0000035670721296
17.63000 0.0000036721132500
17.65000 0.0000034960785713
17.67000 0.0000036857922675
17.69000 0.0000034260029709
17.71000 0.0000036186620829
17.73000 0.0000034659666630
17.75000 0.0000035014381441
17.77000 0.0000034556378303
17.79000 0.0000035238558310
17.81000 0.0000033318616963
17.83000 0.0000035102274097
17.85000 0.0000033538999124
17.87000 0.0000033936142380
17.89000 0.0000033611857510
17.91000 0.0000033760393208
17.93000 0.0000032907632059
17.95000 0.0000033089488904
17.97000 0.0000033595449917
17.99000 0.0000032161050443
18.01000 0.0000032973009450
18.03000 0.0000031988915278
18.05000 0.0000032935712895
18.07000 0.0000031563871887
18.09000 0.0000032375288792
18.11000 0.0000031339658877
18.13000 0.0000032000516241
18.15000 0.0000031325419689
18.17000 0.0000031139876557
18.19000 0.0000031430840280
18.21000 0.0000030696437868
18.23000 0.0000031043780104
18.25000 0.0000030349890714
18.27000 0.0000030942081941
18.29000 0.0000029914872662
18.31000 0.0000030384259923
18.33000 0.0000030096187406
18.35000 0.0000029943025779
18.37000 0.0000029173278376
18.39000 0.0000030261419817
18.41000 0.0000029242161354
18.43000 0.0000029095035120
18.45000 0.0000029136126382
18.47000 0.0000029387878126
18.49000 0.0000028201941650
18.51000 0.0000029314369219
18.53000 0.0000028113543033
18.55000 0.0000028545453038
18.57000 0.0000028362331291
18.59000 0.0000027918278222
18.61000 0.0000028107688341
18.63000 0.0000028042455510
18.65000 0.0000027059120280
18.67000 0.0000028201616389
18.69000 0.0000027222075867
18.71000 0.0000027133388129
18.73000 0.0000027242205887
18.75000 0.0000027253517730
18.77000 0.0000026321465262
18.79000 0.0000027271660046
18.81000 0.0000026438306116
18.83000 0.0000026313297606
18.85000 0.0000026590347401
18.87000 0.0000026090349499
18.89000 0.0000026088072674
18.91000 0.0000026080483259
18.93000 0.0000025571088938
18.95000 0.0000025892916283
18.97000 0.0000025677846712
18.99000 0.0000025201050737
19.01000 0.0000025312000759
19.03000 0.0000025480449637
19.05000 0.0000024874199922
19.07000 0.0000025112182299
19.09000 0.0000024468816730
19.11000 0.0000025105532526
19.13000 0.0000024420533593
19.15000 0.0000024425231802
19.17000 0.0000024400584273
19.19000 0.0000024378538829
19.21000 0.0000023787178824
19.23000 0.0000024258517648
19.25000 0.0000023853604277
19.27000 0.0000023627837245
19.29000 0.0000023632065633
19.31000 0.0000023854760759
19.33000 0.0000023083278633
19.35000 0.0000023254582577
19.37000 0.0000023620247829
19.39000 0.0000022592930131
19.41000 0.0000023398745326
19.43000 0.0000022592677150
19.45000 0.0000022631744569
19.47000 0.0000023155269658
19.49000 0.0000022007207977
19.51000 0.0000022621191668
19.53000 0.0000022317289799
19.55000 0.0000022382956310
19.57000 0.0000021579454080
19.59000 0.0000022830623387
19.61000 0.0000020960121659
19.63000 0.0000022615156275
19.65000 0.0000020946532992
19.67000 0.0000022254767473
19.69000 0.0000021113391706
19.71000 0.0000021258927778
19.73000 0.0000021635218212
19.75000 0.0000020881155601
19.77000 0.0000021394380769
19.79000 0.0000020424742626
19.81000 0.0000021585634033
19.83000 0.0000020184085884
19.85000 0.0000020989901079
19.87000 0.0000020321526580
19.89000 0.0000020962723744
19.91000 0.0000020008372852
19.93000 0.0000020282097761
19.95000 0.0000020430091357
19.97000 0.0000019685099904
19.99000 0.0000020835799810
20.01000 0.0000018818352548
20.03000 0.0000020700093838
20.05000 0.0000019376752806
20.07000 0.0000019701109956
20.09000 0.0000019459152172
20.11000 0.0000019720734016
20.13000 0.0000018810148751
20.15000 0.0000020071112018
20.17000 0.0000018575924942
20.19000 0.0000019279716712
20.21000 0.0000019237252127
20.23000 0.0000018324173197
20.25000 0.0000019596376027
20.27000 0.0000018073108114
20.29000 0.0000019280258813
20.31000 0.0000017943256834
20.33000 0.0000018986042484
20.35000 0.0000018321101291
20.37000 0.0000017967145422
20.39000 0.0000018768912928
20.41000 0.0000017730391808
20.43000 0.0000018204224297
20.45000 0.0000018091900952
20.47000 0.0000017858110823
20.49000 0.0000017660171647
20.51000 0.0000017975566059
20.53000 0.0000017558437343
20.55000 0.0000017414202314
20.57000 0.0000017962808613
20.59000 0.0000016947453279
20.61000 0.0000017464147894
20.63000 0.0000017522152710
20.65000 0.0000016839719723
20.67000 0.0000017332128209
20.69000 0.0000016840261824
20.71000 0.0000017387856201
20.73000 0.0000016160467062
20.75000 0.0000017321719869
20.77000 0.0000016827793499
20.79000 0.0000016307159616
20.81000 0.0000016487209456
20.83000 0.0000017003434251
20.85000 0.0000015994186589
20.87000 0.0000016688762640
20.89000 0.0000015905498851
20.91000 0.0000016388547059
20.93000 0.0000016283018047
20.95000 0.0000015836254472
20.97000 0.0000016102968207
20.99000 0.0000015941783484
21.01000 0.0000015680526900
21.03000 0.0000015934194068
21.05000 0.0000015863178826
21.07000 0.0000015293864265
21.09000 0.0000015735640511
21.11000 0.0000015646808213
21.13000 0.0000015206405290
21.15000 0.0000015298707035
21.17000 0.0000015716016451
21.19000 0.0000014870230336
21.21000 0.0000015247496552
21.23000 0.0000015068747754
21.25000 0.0000015179480936
21.27000 0.0000014751293358
21.29000 0.0000015058230993
21.31000 0.0000014568171611
21.33000 0.0000015227185832
21.35000 0.0000014475400045
21.37000 0.0000014305686265
21.39000 0.0000015225667949
21.41000 0.0000013826974866
21.43000 0.0000015093684404
21.45000 0.0000013740491673
21.47000 0.0000015036330109
21.49000 0.0000013525277541
21.51000 0.0000014771676359
21.53000 0.0000013626722725
21.55000 0.0000014864339505
21.57000 0.0000012984549778
21.59000 0.0000014715333986
21.61000 0.0000013562718656
21.63000 0.0000014033876781
21.65000 0.0000013533951159
21.67000 0.0000013932503877
21.69000 0.0000013401497793
21.71000 0.0000013881763216
21.73000 0.0000013370489611
21.75000 0.0000013473922499
21.77000 0.0000013473018997
21.79000 0.0000013329904310
21.81000 0.0000013413749278
21.83000 0.0000013099511348
21.85000 0.0000013177790745
21.87000 0.0000013205329480
21.89000 0.0000013216135362
21.91000 0.0000012949313207
21.93000 0.0000012559072705
21.95000 0.0000013586101283
21.97000 0.0000012487985183
21.99000 0.0000012781587131
22.01000 0.0000012784984298
22.03000 0.0000012852060272
22.05000 0.0000012415885739
22.07000 0.0000012849747308
22.09000 0.0000012043534572
22.11000 0.0000013237277304
22.13000 0.0000011553330630
22.15000 0.0000013167273984
22.17000 0.0000011863484732
22.19000 0.0000012317873862
22.21000 0.0000012364530696
22.23000 0.0000011976097197
22.25000 0.0000012449893547
22.27000 0.0000011578014300
22.29000 0.0000012533521674
22.31000 0.0000011698541441
22.33000 0.0000011618165920
22.35000 0.0000012526980321
22.37000 0.0000011320696984
22.39000 0.0000011965399736
22.41000 0.0000011699300383
22.43000 0.0000011405409314
22.45000 0.0000012118416802
22.47000 0.0000011217517077
22.49000 0.0000011554306412
22.51000 0.0000011554306412
22.53000 0.0000011440609744
22.55000 0.0000011358210379
22.57000 0.0000011127708997
22.59000 0.0000011841005607
22.61000 0.0000010530927981
22.63000 0.0000011697999340
22.65000 0.0000011073462749
22.67000 0.0000010911229964
22.69000 0.0000011245272653
22.71000 0.0000010896737794
22.73000 0.0000010886076473
22.75000 0.0000011085714233
22.77000 0.0000011008735879
22.79000 0.0000010525506971
22.81000 0.0000010758646578
22.83000 0.0000011010795863
22.85000 0.0000010676427913
22.87000 0.0000010399125137
22.89000 0.0000010854381630
22.91000 0.0000010342349084
22.93000 0.0000010751237863
22.95000 0.0000010510834101
22.97000 0.0000010114196806
22.99000 0.0000010633999468
23.01000 0.0000010515568451
23.03000 0.0000009807801273
23.05000 0.0000010797786276
23.07000 0.0000009911161880
23.09000 0.0000010363671726
23.11000 0.0000010023810485
23.13000 0.0000010013076884
23.15000 0.0000010454672429
23.17000 0.0000009587672091
23.19000 0.0000010153336505
23.21000 0.0000009813800525
23.23000 0.0000010267719834
23.25000 0.0000009551423599
23.27000 0.0000009853663024
23.29000 0.0000009808957755
23.31000 0.0000009802018861
23.33000 0.0000009709897816
23.35000 0.0000009417994451
23.37000 0.0000010008017274
23.39000 0.0000009441340938
23.41000 0.0000009358616312
23.43000 0.0000009734364645
23.45000 0.0000009494575265
23.47000 0.0000009314019463
23.49000 0.0000009317344350
23.51000 0.0000009665300967
23.53000 0.0000008820273794
23.55000 0.0000010166527631
23.57000 0.0000008148140727
23.59000 0.0000010020702439
23.61000 0.0000008961328496
23.63000 0.0000008971230876
23.65000 0.0000009339281374
23.67000 0.0000008846077805
23.69000 0.0000009254063083
23.71000 0.0000008772315918
23.73000 0.0000009041125776
23.75000 0.0000009326090247
23.77000 0.0000008120493572
23.79000 0.0000009610584897
23.81000 0.0000008223456638
23.83000 0.0000008939536033
23.85000 0.0000009228259071
23.87000 0.0000008069680630
23.89000 0.0000009121971118
23.91000 0.0000008464366361
23.93000 0.0000008551716916
23.95000 0.0000008692916179
23.97000 0.0000008742789478
23.99000 0.0000008041021552
24.01000 0.0000008979217832
24.03000 0.0000007853635277
24.05000 0.0000009243004221
24.07000 0.0000007746588382
24.09000 0.0000008356379824
24.11000 0.0000008779182531
24.13000 0.0000007858188926
24.15000 0.0000008370799713
24.17000 0.0000008313951379
24.19000 0.0000008101230913
24.21000 0.0000008344056060
24.23000 0.0000007721796293
24.25000 0.0000008527828328
24.27000 0.0000007897690025
24.29000 0.0000007978101686
24.31000 0.0000008069897470
24.33000 0.0000007979294309
24.35000 0.0000007828879327
24.37000 0.0000008120854972
24.39000 0.0000007737083543
24.41000 0.0000007864910979
24.43000 0.0000007722302254
24.45000 0.0000008198989809
24.47000 0.0000007142037251
24.49000 0.0000008097580766
24.51000 0.0000007951177332
24.53000 0.0000007046013079
24.55000 0.0000008142719716
24.57000 0.0000007551431991
24.59000 0.0000007101379669
24.61000 0.0000008454463981
24.63000 0.0000006744135054
24.65000 0.0000007742287714
24.67000 0.0000007583343675
24.69000 0.0000007352119492
24.71000 0.0000007407052402
24.73000 0.0000007457287103
24.75000 0.0000007270876609
24.77000 0.0000007362816953
24.79000 0.0000007511244231
24.81000 0.0000006619234963
24.83000 0.0000007948719807
24.85000 0.0000007170226507
24.87000 0.0000006852302290
24.89000 0.0000007107162081
24.91000 0.0000007640734110
24.93000 0.0000006654543814
24.95000 0.0000007327471963
24.97000 0.0000006981864450
24.99000 0.0000006789274004
25.01000 0.0000007739035107
25.03000 0.0000006035102973
25.05000 0.0000007520026268
25.07000 0.0000007132966093
25.09000 0.0000006077928959
25.11000 0.0000007730903591
25.13000 0.0000006526644098
25.15000 0.0000006638100081
25.17000 0.0000007195741399
25.19000 0.0000006296865517
25.21000 0.0000007088224683
25.23000 0.0000006905898018
25.25000 0.0000006202792909
25.27000 0.0000006900982968
25.29000 0.0000006710958467
25.31000 0.0000006636762899
25.33000 0.0000006647496500
25.35000 0.0000006105503834
25.37000 0.0000007484934258
25.39000 0.0000005554873691
25.41000 0.0000007146337920
25.43000 0.0000006179085021
25.45000 0.0000006548111301
25.47000 0.0000006526427257
25.49000 0.0000006137776919
25.51000 0.0000006708175682
25.53000 0.0000006384432913
25.55000 0.0000005690073702
25.57000 0.0000007337229782
25.59000 0.0000005438430377
25.61000 0.0000006770698007
25.63000 0.0000005989277361
25.65000 0.0000006371603187
25.67000 0.0000006040921525
25.69000 0.0000006355159454
25.71000 0.0000006112045187
25.73000 0.0000006128452780
25.75000 0.0000006098131259
25.77000 0.0000005991192785
25.79000 0.0000006155883095
25.81000 0.0000006286674017
25.83000 0.0000005492315225
25.85000 0.0000006476120277
25.87000 0.0000005718913479
25.89000 0.0000006242763829
25.91000 0.0000005503663208
25.93000 0.0000006486275637
25.95000 0.0000005146490872
25.97000 0.0000006698454002
25.99000 0.0000005192208064
26.01000 0.0000006262604729
26.03000 0.0000005476522014
26.05000 0.0000006082410328
26.07000 0.0000005619311440
26.09000 0.0000005750246922
26.11000 0.0000005824912312
26.13000 0.0000005505687052
26.15000 0.0000005958775140
26.17000 0.0000005474751150
26.19000 0.0000005769545721
26.21000 0.0000005452416585
26.23000 0.0000005834272591
26.25000 0.0000005316385353
26.27000 0.0000005937597058
26.29000 0.0000005160296380
26.31000 0.0000005803228268
26.33000 0.0000005283787007
26.35000 0.0000005632683267
26.37000 0.0000005671895245
26.39000 0.0000004974427988
26.41000 0.0000005785953314
26.43000 0.0000005104785229
26.45000 0.0000006082374188
26.47000 0.0000004367274771
26.49000 0.0000006033404390
26.51000 0.0000005271029562
26.53000 0.0000005135287450
26.55000 0.0000005373089126
26.57000 0.0000005193256126
26.59000 0.0000005495676252
26.61000 0.0000005129505038
26.63000 0.0000004953213765
26.65000 0.0000005746271514
26.67000 0.0000004563226244
26.69000 0.0000005613890429
26.71000 0.0000005114796029
26.73000 0.0000004872693684
26.75000 0.0000005342189364
26.77000 0.0000005106230832
26.79000 0.0000004862863584
26.81000 0.0000005259862280
26.83000 0.0000005060622060
26.85000 0.0000004909917958
26.87000 0.0000004905761850
26.89000 0.0000005406952374
26.91000 0.0000004403595544
26.93000 0.0000005556969815
26.95000 0.0000004421737860
26.97000 0.0000005212374224
26.99000 0.0000004749058496
27.01000 0.0000005304856670
27.03000 0.0000004043965683
27.05000 0.0000005681183244
27.07000 0.0000004386718130
27.09000 0.0000004870416859
27.11000 0.0000005160802341
27.13000 0.0000004133448502
27.15000 0.0000005316132372
27.17000 0.0000004585633089
27.19000 0.0000004730048818
27.21000 0.0000004690619999
27.23000 0.0000004619966157
27.25000 0.0000004863261125
27.27000 0.0000004932758484
27.29000 0.0000003943351722
27.31000 0.0000005126071731
27.33000 0.0000004838613595
27.35000 0.0000003814982184
27.37000 0.0000005467631556
27.39000 0.0000004014547664
27.41000 0.0000004822711964
27.43000 0.0000004467997153
27.45000 0.0000004475875689
27.47000 0.0000004723109924
27.49000 0.0000004140387396
27.51000 0.0000004919711918
27.53000 0.0000004022498480
27.55000 0.0000004844612847
27.57000 0.0000004281767360
27.59000 0.0000004316425689
27.61000 0.0000004551083179
27.63000 0.0000004493295204
27.65000 0.0000004045339006
27.67000 0.0000004710569319
27.69000 0.0000004178876573
27.71000 0.0000004329255415
27.73000 0.0000004280177196
27.75000 0.0000004583753805
27.77000 0.0000004066553228
27.79000 0.0000004111619899
27.81000 0.0000004547866713
27.83000 0.0000004386898830
27.85000 0.0000003605261344
27.87000 0.0000004951587462
27.89000 0.0000003874866284
27.91000 0.0000003868577912
27.93000 0.0000004793763766
27.95000 0.0000003697201688
27.97000 0.0000004589355516
27.99000 0.0000003610573935
28.01000 0.0000004664635287
28.03000 0.0000003339306551
28.05000 0.0000005206302692
28.07000 0.0000003099661731
28.09000 0.0000004436916691
28.11000 0.0000004256324749
28.13000 0.0000003752495999
28.15000 0.0000003810898356
28.17000 0.0000004870272299
28.19000 0.0000003094457561
28.21000 0.0000004446782930
28.23000 0.0000003740895036
28.25000 0.0000004468539254
28.27000 0.0000002995216922
28.29000 0.0000005022169023
28.31000 0.0000003155751123
28.33000 0.0000004285345227
28.35000 0.0000003785564165
28.37000 0.0000003879311513
28.39000 0.0000003635944266
28.41000 0.0000004373454723
28.43000 0.0000003625174524
28.45000 0.0000003357232027
28.47000 0.0000004729651277
28.49000 0.0000002963413658
28.51000 0.0000004438073173
28.53000 0.0000003227742148
28.55000 0.0000004160842677
28.57000 0.0000003633739721
28.59000 0.0000003845628966
28.61000 0.0000003433415300
28.63000 0.0000004050976857
28.65000 0.0000003564567623
28.67000 0.0000003542377618
28.69000 0.0000004166335968
28.71000 0.0000003184952302
28.73000 0.0000003863554442
28.75000 0.0000003555785585
28.77000 0.0000003783540321
28.79000 0.0000003538619051
28.81000 0.0000003505948425
28.83000 0.0000003922751880
28.85000 0.0000003277579307
28.87000 0.0000003519247972
28.89000 0.0000003893153161
28.91000 0.0000003397998029
28.93000 0.0000003481445456
28.95000 0.0000003571108976
28.97000 0.0000003610754635
28.99000 0.0000003493696941
29.01000 0.0000003194673981
29.03000 0.0000004061059937
29.05000 0.0000002782460315
29.07000 0.0000004215233486
29.09000 0.0000002686074742
29.11000 0.0000004249024454
29.13000 0.0000002710216311
29.15000 0.0000003870312635
29.17000 0.0000003125754863
29.19000 0.0000003597708069
29.21000 0.0000003470314314
29.23000 0.0000003080435212
29.25000 0.0000003481011775
29.27000 0.0000003492034497
29.29000 0.0000003155823404
29.31000 0.0000003530089993
29.33000 0.0000003146463125
29.35000 0.0000003286903446
29.37000 0.0000003695466965
29.39000 0.0000002490918351
29.41000 0.0000004182382161
29.43000 0.0000002848994189
29.45000 0.0000002994891661
29.47000 0.0000003908693392
29.49000 0.0000002550621751
29.51000 0.0000003772806720
29.53000 0.0000002901252733
29.55000 0.0000003296010744
29.57000 0.0000003254305101
29.59000 0.0000003116539145
29.61000 0.0000003155534283
29.63000 0.0000003348160869
29.65000 0.0000002937862627
29.67000 0.0000003280904194
29.69000 0.0000003001902835
29.71000 0.0000003352461538
29.73000 0.0000002920298552
29.75000 0.0000003160304773
29.77000 0.0000003156004104
29.79000 0.0000002932007935
29.81000 0.0000003450003593
29.83000 0.0000002756258763
29.85000 0.0000002832369755
29.87000 0.0000003694599603
29.89000 0.0000002437792445
29.91000 0.0000003582493098
29.93000 0.0000002450875151
29.95000 0.0000003419971193
29.97000 0.0000002891820175
29.99000 0.0000003003818259
30.01000 0.0000002670642931
30.03000 0.0000003827378229
30.05000 0.0000001728290543
30.07000 0.0000004403993085
30.09000 0.0000001453192312
30.11000 0.0000004084840105
30.13000 0.0000002402664294
30.15000 0.0000003084952722
30.17000 0.0000002693447317
30.19000 0.0000003202769358
30.21000 0.0000002884122339
30.23000 0.0000002439599448
30.25000 0.0000003441691376
30.27000 0.0000002512999935
30.29000 0.0000003034681881
30.31000 0.0000002639417909
30.33000 0.0000003185060722
30.35000 0.0000002456874403
30.37000 0.0000003041440074
30.39000 0.0000002949752711
30.41000 0.0000002275089839
30.43000 0.0000003388529330
30.45000 0.0000002667173484
30.47000 0.0000002338949347
30.49000 0.0000003163629659
30.51000 0.0000002795398461
30.53000 0.0000002815962163
30.55000 0.0000002099123826
30.57000 0.0000003647292248
30.59000 0.0000002064357076
30.61000 0.0000002957667386
30.63000 0.0000002979748971
30.65000 0.0000002162585793
30.67000 0.0000002993952019
30.69000 0.0000002704578459
30.71000 0.0000002684484579
30.73000 0.0000002582822555
30.75000 0.0000002651452553
30.77000 0.0000002815636902
30.79000 0.0000002411193351
30.81000 0.0000002852066095
30.83000 0.0000002599916810
30.85000 0.0000002469089747
30.87000 0.0000002669631009
30.89000 0.0000002934826861
30.91000 0.0000001931180910
30.93000 0.0000003218923970
30.95000 0.0000002440394530
30.97000 0.0000002190124528
30.99000 0.0000003106636765
31.01000 0.0000002299737368
31.03000 0.0000002397568544
31.05000 0.0000002982278776
31.07000 0.0000002051202090
31.09000 0.0000002852427496
31.11000 0.0000002393846117
31.13000 0.0000002636815824
31.15000 0.0000002225505659
31.17000 0.0000002934320900
31.19000 0.0000002030674529
31.21000 0.0000002695760282
31.23000 0.0000002800421931
31.25000 0.0000001657166881
31.27000 0.0000003406274105
31.29000 0.0000001760021527
31.31000 0.0000002711661914
31.33000 0.0000002483871037
31.35000 0.0000002498580047
31.37000 0.0000002021603371
31.39000 0.0000002770859352
31.41000 0.0000002574618759
31.43000 0.0000001957165622
31.45000 0.0000002675702541
31.47000 0.0000002403459376
31.49000 0.0000002134288117
31.51000 0.0000002483798757
31.53000 0.0000002781412253
31.55000 0.0000001695945178
31.57000 0.0000002951270594
31.59000 0.0000001799197365
31.61000 0.0000002794350399
31.63000 0.0000001983656295
31.65000 0.0000002710939112
31.67000 0.0000001783115033
31.69000 0.0000003118273868
31.71000 0.0000001238773262
31.73000 0.0000003516031505
31.75000 0.0000001023378431
31.77000 0.0000003343173539
31.79000 0.0000001827205921
31.81000 0.0000002128939386
31.83000 0.0000002475631101
31.85000 0.0000002420951171
31.87000 0.0000001896414160
31.89000 0.0000002336202701
31.91000 0.0000002463054355
31.93000 0.0000002121133130
31.95000 0.0000001899196946
31.97000 0.0000002899445730
31.99000 0.0000001519039524
32.01000 0.0000002737502065
32.03000 0.0000001736855740
32.05000 0.0000002736743124
32.07000 0.0000001384453894
32.09000 0.0000003207214587
32.11000 0.0000001307222559
32.13000 0.0000002664932800
32.15000 0.0000001984053836
32.17000 0.0000002066561621
32.19000 0.0000002449321128
32.21000 0.0000001649360625
32.23000 0.0000002803060157
32.25000 0.0000001537579381
32.27000 0.0000002342201953
32.29000 0.0000002267319723
32.31000 0.0000001695222377
32.33000 0.0000002888748268
32.35000 0.0000001090490545
32.37000 0.0000002912492296
32.39000 0.0000001643650493
32.41000 0.0000002219940088
32.43000 0.0000002046142480
32.45000 0.0000002066055660
32.47000 0.0000002361500752
32.49000 0.0000001460420326
32.51000 0.0000002556404162
32.53000 0.0000001830856069
32.55000 0.0000002040034808
32.57000 0.0000002105737459
32.59000 0.0000002123518375
32.61000 0.0000001824314715
32.63000 0.0000001978524404
32.65000 0.0000002173247115
32.67000 0.0000002096449461
32.69000 0.0000001640542447
32.71000 0.0000002460777531
32.73000 0.0000001646252579
32.75000 0.0000002099232246
32.77000 0.0000001880693228
32.79000 0.0000002253947896
32.81000 0.0000001430026525
32.83000 0.0000002599446989
32.85000 0.0000001582682191
32.87000 0.0000001885355298
32.89000 0.0000002089582847
32.91000 0.0000002306098021
32.93000 0.0000001035340795
32.95000 0.0000002639490189
32.97000 0.0000001773248793
32.99000 0.0000001826013299
33.01000 0.0000002035083618
33.03000 0.0000001604004834
33.05000 0.0000002331540632
33.07000 0.0000001660419487
33.09000 0.0000001622725392
33.11000 0.0000002737935746
33.13000 0.0000000750304043
33.15000 0.0000002744657800
33.17000 0.0000001466058178
33.19000 0.0000001895655218
33.21000 0.0000002128469565
33.23000 0.0000001412679291
33.25000 0.0000002243828676
33.27000 0.0000001580802908
33.29000 0.0000002091173010
33.31000 0.0000001379611124
33.33000 0.0000002483762617
33.35000 0.0000001037473059
33.37000 0.0000002794205839
33.39000 0.0000000676072335
33.41000 0.0000002831646954
33.43000 0.0000001046544217
33.45000 0.0000002481919473
33.47000 0.0000000930643005
33.49000 0.0000002740790812
33.51000 0.0000000939099782
33.53000 0.0000002440358390
33.55000 0.0000001401512008
33.57000 0.0000001774043875
33.59000 0.0000001901618330
33.61000 0.0000001782789772
33.63000 0.0000001399415884
33.65000 0.0000002285425899
33.67000 0.0000001350193105
33.69000 0.0000001756226819
33.71000 0.0000002096449461
33.73000 0.0000001163854892
33.75000 0.0000002156911802
33.77000 0.0000001585717957
33.79000 0.0000001799884027
33.81000 0.0000001421389048
33.83000 0.0000001916471900
33.85000 0.0000001878886225
33.87000 0.0000001281237847
33.89000 0.0000001963164874
33.91000 0.0000001772815112
33.93000 0.0000001432267210
33.95000 0.0000001547879302
33.97000 0.0000002313687436
33.99000 0.0000000811236206
34.01000 0.0000002490773791
34.03000 0.0000001091791588
34.05000 0.0000001938155944
34.07000 0.0000001357710241
34.09000 0.0000002014122376
34.11000 0.0000001312607430
34.13000 0.0000001949576206
34.15000 0.0000001360276186
34.17000 0.0000001704763356
34.19000 0.0000001577658721
34.21000 0.0000002023301954
34.23000 0.0000000813910571
34.25000 0.0000002410904231
34.27000 0.0000001035449215
34.29000 0.0000001959767707
34.31000 0.0000001294754234
34.33000 0.0000001935951399
34.35000 0.0000001323196471
34.37000 0.0000001709786826
34.39000 0.0000001196923058
34.41000 0.0000002466849063
34.43000 0.0000000569170000
34.45000 0.0000002151816052
34.47000 0.0000001463672933
34.49000 0.0000001317486340
34.51000 0.0000001910978609
34.53000 0.0000001316618978
34.55000 0.0000001518316722
34.57000 0.0000001734542776
34.59000 0.0000001551023488
34.61000 0.0000000970469365
34.63000 0.0000002501398972
34.65000 0.0000000665808554
34.67000 0.0000001793559514
34.69000 0.0000001695836758
34.71000 0.0000001400789207
34.73000 0.0000001468877103
34.75000 0.0000001289044103
34.77000 0.0000002078126444
34.79000 0.0000001049507703
34.81000 0.0000001339459504
34.83000 0.0000002052936814
34.85000 0.0000001060530425
34.87000 0.0000001352975891
34.89000 0.0000001995618659
34.91000 0.0000001196055697
34.93000 0.0000001308885003
34.95000 0.0000001537398681
34.97000 0.0000001705847558
34.99000 0.0000001189586624
35.01000 0.0000001515353236
35.03000 0.0000001397392040
35.05000 0.0000001815026717
35.07000 0.0000000793093889
35.09000 0.0000002005231918
35.11000 0.0000001081310967
35.13000 0.0000001636928440
35.15000 0.0000001253626832
35.17000 0.0000001719219385
35.19000 0.0000000986732397
35.21000 0.0000001526845779
35.23000 0.0000001888933165
35.25000 0.0000000771301426
35.27000 0.0000001772634412
35.29000 0.0000001140436125
35.31000 0.0000001743866914
35.33000 0.0000001054025212
35.35000 0.0000001618424723
35.37000 0.0000001134798274
35.39000 0.0000001690090487
35.41000 0.0000001092911930
35.43000 0.0000001784596776
35.45000 0.0000000505671893
35.47000 0.0000002575811381
35.49000 0.0000000307009915
35.51000 0.0000002066742321
35.53000 0.0000000849219422
35.55000 0.0000001511486249
35.57000 0.0000001703823714
35.59000 0.0000000695551834
35.61000 0.0000002069597387
35.63000 0.0000000493131288
35.65000 0.0000002189293307
35.67000 0.0000000735342053
35.69000 0.0000001590633007
35.71000 0.0000001212607850
35.73000 0.0000001303427852
35.75000 0.0000001485899077
35.77000 0.0000001302885751
35.79000 0.0000000893382590
35.81000 0.0000001893775935
35.83000 0.0000000831293946
35.85000 0.0000001681597570
35.87000 0.0000000940436964
35.89000 0.0000001496343558
35.91000 0.0000001128437621
35.93000 0.0000001840216347
35.95000 0.0000000288903739
35.97000 0.0000002235408039
35.99000 0.0000000654388291
36.01000 0.0000001645638197
36.03000 0.0000000909248082
36.05000 0.0000001777151921
36.07000 0.0000000728330879
36.09000 0.0000001607691121
36.11000 0.0000001083407091
36.13000 0.0000001287562360
36.15000 0.0000001231978929
36.17000 0.0000001503210172
36.19000 0.0000000846039095
36.21000 0.0000001491139388
36.23000 0.0000001114632113
36.25000 0.0000001174082533
36.27000 0.0000001585754097
36.29000 0.0000000805164673
36.31000 0.0000001414919975
36.33000 0.0000001265119375
36.35000 0.0000000999164582
36.37000 0.0000001683512993
36.39000 0.0000000557532897
36.41000 0.0000001711774530
36.43000 0.0000000969096042
36.45000 0.0000001476574939
36.47000 0.0000000658399839
36.49000 0.0000001897498362
36.51000 0.0000000595516113
36.53000 0.0000001509173284
36.55000 0.0000001201296007
36.57000 0.0000000657677038
36.59000 0.0000002294677758
36.61000 -0.0000000125803592
36.63000 0.0000002241840972
36.65000 0.0000000318791579
36.67000 0.0000001958322104
36.69000 0.0000000527608917
36.71000 0.0000001449578305
36.73000 0.0000001170938346
36.75000 0.0000001085322515
36.77000 0.0000001276178237
36.79000 0.0000000759483622
36.81000 0.0000001878633244
36.83000 0.0000000470579883
36.85000 0.0000001416654699
36.87000 0.0000000945099034
36.89000 0.0000001614015634
36.91000 0.0000000482722947
36.93000 0.0000001684597196
36.95000 0.0000000905128114
36.97000 0.0000000985539775
36.99000 0.0000001462444170
37.01000 0.0000000795695974
37.03000 0.0000001296886499
37.05000 0.0000000770181083
37.07000 0.0000001940396628
37.09000 0.0000000102601666
37.11000 0.0000001731434729
37.13000 0.0000001105705516
37.15000 0.0000000556376415
37.17000 0.0000001870971549
37.19000 0.0000000418538179
37.21000 0.0000001532592051
37.23000 0.0000000727824918
37.25000 0.0000001477839841
37.27000 0.0000000842714209
37.29000 0.0000001135376515
37.31000 0.0000001146037836
37.33000 0.0000000662411387
37.35000 0.0000001841734230
37.37000 0.0000000387999817
37.39000 0.0000001223666712
37.41000 0.0000001404909175
37.43000 0.0000000841196326
37.45000 0.0000000715681854
37.47000 0.0000001644481715
37.49000 0.0000000690347663
37.51000 0.0000001106970418
37.53000 0.0000000959338222
37.55000 0.0000001472635671
37.57000 0.0000000587962838
37.59000 0.0000001213366791
37.61000 0.0000000714850632
37.63000 0.0000001797896323
37.65000 0.0000000346727855
37.67000 0.0000001301765408
37.69000 0.0000000805742915
37.71000 0.0000001436567879
37.73000 0.0000000722584608
37.75000 0.0000000998622481
37.77000 0.0000001141917868
37.79000 0.0000001017343039
37.81000 0.0000000785143073
37.83000 0.0000001487706081
37.85000 0.0000000733824170
37.87000 0.0000000611743006
37.89000 0.0000001640000346
37.91000 0.0000000886262996
37.93000 0.0000000482867508
37.95000 0.0000001721676910
37.97000 0.0000000294830711
37.99000 0.0000001717846062
38.01000 0.0000000289373560
38.03000 0.0000001339567924
38.05000 0.0000001024824034
38.07000 0.0000001002742449
38.09000 0.0000000489770261
38.11000 0.0000001834289375
38.13000 0.0000000246836695
38.15000 0.0000001125257295
38.17000 0.0000001360167765
38.19000 0.0000000256016273
38.21000 0.0000001923663775
38.23000 -0.0000000125153071
38.25000 0.0000001849504346
38.27000 0.0000000374700271
38.29000 0.0000001511486249
38.31000 0.0000000355401472
38.33000 0.0000001217595180
38.35000 0.0000001183478951
38.37000 0.0000000414635051
38.39000 0.0000001518461283
38.41000 0.0000000410225962
38.43000 0.0000001432086510
38.45000 0.0000000578566419
38.47000 0.0000000949255142
38.49000 0.0000001195260615
38.51000 0.0000000704478432
38.53000 0.0000000999128442
38.55000 0.0000000700250043
38.57000 0.0000001604402375
38.59000 0.0000000112142645
38.61000 0.0000001146399237
38.63000 0.0000001280912587
38.65000 0.0000000579253081
38.67000 0.0000001018318820
38.69000 0.0000000863675451
38.71000 0.0000000717199737
38.73000 0.0000001510257486
38.75000 0.0000000064004068
38.77000 0.0000001594933676
38.79000 0.0000000588468799
38.81000 0.0000000943508871
38.83000 0.0000000927426538
38.85000 0.0000000947448138
38.87000 0.0000000465881674
38.89000 0.0000001661106148
38.91000 0.0000000061076722
38.93000 0.0000001508305922
38.95000 0.0000000469206560
38.97000 0.0000001232304189
38.99000 0.0000000574446451
39.01000 0.0000001123775552
39.03000 0.0000000596564175
39.05000 0.0000001009211522
39.07000 0.0000000980118764
39.09000 0.0000000706863676
39.11000 0.0000000996923898
39.13000 0.0000000680625984
39.15000 0.0000001005922776
39.17000 0.0000000898261500
39.19000 0.0000000626957976
39.21000 0.0000001064614253
39.23000 0.0000000809031661
39.25000 0.0000000882793549
39.27000 0.0000000662230687
39.29000 0.0000000940220124
39.31000 0.0000001156952138
39.33000 0.0000000290891443
39.35000 0.0000001277407000
39.37000 0.0000000289554260
39.39000 0.0000001837252861
39.41000 -0.0000000243981629
39.43000 0.0000001453445292
39.45000 0.0000000672060787
39.47000 0.0000000796238075
39.49000 0.0000000639101041
39.51000 0.0000001385646517
39.53000 0.0000000295119831
39.55000 0.0000001001585967
39.57000 0.0000000814452672
39.59000 0.0000000900032363
39.61000 0.0000000600684144
39.63000 0.0000000850918005
39.65000 0.0000001165698036
39.67000 0.0000000193421668
39.69000 0.0000001537470961
39.71000 0.0000000214852731
39.73000 0.0000001012464129
39.75000 0.0000000726017915
39.77000 0.0000001037111658
39.79000 0.0000000548281039
39.81000 0.0000000806827117
39.83000 0.0000000924535333
39.85000 0.0000000853845351
39.87000 0.0000000523850350
39.89000 0.0000000949977944
39.91000 0.0000000694792892
39.93000 0.0000000997213018
39.95000 0.0000000611670726
39.97000 0.0000000736028715
39.99000 0.0000000833932171
40.01000 0.0000000950881445
40.03000 0.0000000591070884
40.05000 0.0000000548714719
40.07000 0.0000001347265760
40.09000 0.0000000389481560
40.11000 0.0000000663712430
40.13000 0.0000001090960366
40.15000 0.0000000611237045
40.17000 0.0000000547232977
40.19000 0.0000001126124656
40.21000 0.0000000553340649
40.23000 0.0000001071300167
40.25000 -0.0000000022479125
40.27000 0.0000001681380729
40.29000 0.0000000116371033
40.31000 0.0000001169601164
40.33000 0.0000000176002153
40.35000 0.0000001657925822
40.37000 -0.0000000219189539
40.39000 0.0000001329087303
40.41000 0.0000000511165184
40.43000 0.0000000674951992
40.45000 0.0000001264324293
40.47000 0.0000000059125158
40.49000 0.0000001036930958
40.51000 0.0000000753159109
40.53000 0.0000000680481424
40.55000 0.0000000706321575
40.57000 0.0000000783010809
40.59000 0.0000000544630891
40.61000 0.0000001141701028
40.63000 0.0000000400721123
40.65000 0.0000000687095057
40.67000 0.0000000757712758
40.69000 0.0000000957061398
40.71000 0.0000000351968165
40.73000 0.0000001092008428
40.75000 0.0000000368990139
40.77000 0.0000000752219467
40.79000 0.0000001189116803
40.81000 0.0000000048969798
40.83000 0.0000001119655584
40.85000 0.0000000468664459
40.87000 0.0000000899526402
40.89000 0.0000000593528409
40.91000 0.0000000637944558
40.93000 0.0000001141809448
40.95000 -0.0000000170292021
40.97000 0.0000001523737733
40.99000 0.0000000330862363
41.01000 0.0000000775855075
41.03000 0.0000000376724115
41.05000 0.0000001491356228
41.07000 -0.0000000367002435
41.09000 0.0000001535302556
41.11000 0.0000000340837023
41.13000 0.0000000553196088
41.15000 0.0000001017668299
41.17000 0.0000000133140027
41.19000 0.0000001592801412
41.21000 -0.0000000179254759
41.23000 0.0000000909211942
41.25000 0.0000000978203340
41.27000 0.0000000182471226
41.29000 0.0000001029088562
41.31000 0.0000000550413303
41.33000 0.0000000796924737
41.35000 0.0000000542823888
41.37000 0.0000000424971112
41.39000 0.0000001246507238
41.41000 0.0000000253739448
41.43000 0.0000000435415592
41.45000 0.0000001416726979
41.47000 -0.0000000004770490
41.49000 0.0000000711887146
41.51000 0.0000000877878499
41.53000 0.0000000732956809
41.55000 0.0000000415430132
41.57000 0.0000000586372675
41.59000 0.0000000933281230
41.61000 0.0000000514273230
41.63000 0.0000000544016510
41.65000 0.0000000703141249
41.67000 0.0000000971806547
41.69000 -0.0000000001770864
41.71000 0.0000000967542019
41.73000 0.0000000933606491
41.75000 0.0000000083628128
41.77000 0.0000000876974997
41.79000 0.0000001061795328
41.81000 -0.0000000106504793
41.83000 0.0000000995839695
41.85000 0.0000000739028341
41.87000 0.0000000335090751
41.89000 0.0000000884961953
41.91000 0.0000000441523265
41.93000 0.0000000928077060
41.95000 -0.0000000048933658
41.97000 0.0000001496198998
41.99000 0.0000000149150079
42.01000 0.0000000335741273
42.03000 0.0000001360998987
42.05000 -0.0000000168232037
42.07000 0.0000001323991553
42.09000 -0.0000000016841274
42.11000 0.0000001165770316
42.13000 -0.0000000110082661
42.15000 0.0000001706823340
42.17000 -0.0000000527211376
42.19000 0.0000001272311249
42.21000 0.0000000382542667
42.23000 0.0000000788504100
42.25000 0.0000000228947359
42.27000 0.0000000945243594
42.29000 0.0000000565808974
42.31000 0.0000000512827628
42.33000 0.0000000525512793
42.35000 0.0000000627572358
42.37000 0.0000000799599102
42.39000 0.0000000352546406
42.41000 0.0000000676216895
42.43000 0.0000000628150599
42.45000 0.0000000469278840
42.47000 0.0000000786010435
42.49000 0.0000000377302356
42.51000 0.0000000768337940
42.53000 0.0000000304082569
42.55000 0.0000001123197311
42.57000 -0.0000000241307264
42.59000 0.0000001488248182
42.61000 -0.0000000075099070
42.63000 0.0000000679722482
42.65000 0.0000001035774475
42.67000 -0.0000000067148255
42.69000 0.0000001026631037
42.71000 0.0000000234621350
42.73000 0.0000000993996552
42.75000 0.0000000262919027
42.77000 0.0000000469893222
42.79000 0.0000000866711217
42.81000 0.0000000499564221
42.83000 0.0000000412502787
42.85000 0.0000000633933010
42.87000 0.0000000564760912
42.89000 0.0000000700900564
42.91000 0.0000000241560244
42.93000 0.0000001090237565
42.95000 -0.0000000262015525
42.97000 0.0000001486838719
42.99000 -0.0000000165593812
43.01000 0.0000000825258554
43.03000 0.0000000732234007
43.05000 0.0000000252510686
43.07000 0.0000000796418776
43.09000 0.0000000129200759
43.11000 0.0000001284635014
43.13000 -0.0000000354750951
43.15000 0.0000001398620803
43.17000 -0.0000000197035675
43.19000 0.0000001084455153
43.21000 0.0000000584276551
43.23000 -0.0000000239970081
43.25000 0.0000001414486294
43.27000 0.0000000191867644
43.29000 0.0000000637836138
43.31000 0.0000000296529294
43.33000 0.0000000744015671
43.35000 0.0000000461689425
43.37000 0.0000000452401427
43.39000 0.0000001023017030
43.41000 -0.0000000236392214
43.43000 0.0000001044556513
43.45000 0.0000000217960777
43.47000 0.0000001143652592
43.49000 -0.0000000463713269
43.51000 0.0000001405378996
43.53000 -0.0000000025551031
43.55000 0.0000001179684244
43.57000 -0.0000000537149896
43.59000 0.0000001519798465
43.61000 0.0000000170653422
43.63000 0.0000000223237227
43.65000 0.0000001003898932
43.67000 0.0000000167473096
43.69000 0.0000000610622664
43.71000 0.0000000715465014
43.73000 0.0000000067184395
43.75000 0.0000001100501345
43.77000 -0.0000000251028943
43.79000 0.0000001440434866
43.81000 -0.0000000508635379
43.83000 0.0000001564431455
43.85000 -0.0000000331043063
43.87000 0.0000000600431163
43.89000 0.0000001198802342
43.91000 -0.0000000270472302
43.93000 0.0000000769638982
43.95000 0.0000000824318912
43.97000 -0.0000000409105620
43.99000 0.0000001661720530
44.01000 -0.0000000323706629
44.03000 0.0000000863169490
44.05000 0.0000000208961899
44.07000 0.0000000993635151
44.09000 -0.0000000148246577
44.11000 0.0000000877011137
44.13000 0.0000000480446123
44.15000 0.0000000550160322
44.17000 0.0000000267906357
44.19000 0.0000000422549727
44.21000 0.0000000961651187
44.23000 0.0000000096963814
44.25000 0.0000000334548650
44.27000 0.0000001056555017
44.29000 0.0000000022045444
44.31000 0.0000000670506764
44.33000 0.0000000237512556
44.35000 0.0000000634583532
44.37000 0.0000000901297266
44.39000 -0.0000000312720047
44.41000 0.0000000992731649
44.43000 0.0000000376398854
44.45000 0.0000000497901778
44.47000 0.0000000243620228
44.49000 0.0000000900719025
44.51000 0.0000000179254759
44.53000 0.0000000218177617
44.55000 0.0000001120956626
44.57000 -0.0000000022659825
44.59000 0.0000000694720612
44.61000 0.0000000422116046
44.63000 0.0000000172243585
44.65000 0.0000000901875507
44.67000 0.0000000266280054
44.69000 0.0000000415827673
44.71000 0.0000000693455710
44.73000 0.0000000034730610
44.75000 0.0000000942496949
44.77000 0.0000000177375475
44.79000 0.0000000450016182
44.81000 0.0000000607044796
44.83000 0.0000000321104543
44.85000 0.0000000590962464
44.87000 0.0000000177953717
44.89000 0.0000000778240319
44.91000 0.0000000433247188
44.93000 0.0000000197577776
44.95000 0.0000000580590263
44.97000 0.0000000605454633
44.99000 0.0000000228513678
45.01000 0.0000000470073922
45.03000 0.0000000634005290
45.05000 0.0000000166678014
45.07000 0.0000000519332841
45.09000 0.0000001148748342
45.11000 -0.0000001109536363
45.13000 0.0000002054310136
45.15000 -0.0000000543691249
45.17000 0.0000000884998093
45.19000 0.0000000110769322
45.21000 0.0000000837546178
45.23000 0.0000000036212353
45.25000 0.0000000698876720
45.27000 0.0000000393565389
45.29000 0.0000000366243494
45.31000 0.0000000483698729
45.33000 0.0000000263641828
45.35000 0.0000000850014503
45.37000 -0.0000000052475385
45.39000 0.0000000628475859
45.41000 0.0000000709104361
45.43000 -0.0000000038525317
45.45000 0.0000000600033622
45.47000 0.0000000638811920
45.49000 0.0000000114347189
45.51000 0.0000000770289503
45.53000 -0.0000000342644027
45.55000 0.0000001760744328
45.57000 -0.0000001117487179
45.59000 0.0000001907870563
45.61000 -0.0000000901730947
45.63000 0.0000001340832827
45.65000 0.0000000022732106
45.67000 0.0000000454569831
45.69000 0.0000000466351494
45.71000 0.0000000500576143
45.73000 0.0000000174917950
45.75000 0.0000000650629724
45.77000 0.0000000289373560
45.79000 0.0000000518573899
45.81000 0.0000000220635142
45.83000 0.0000000625150973
45.85000 0.0000000272496146
45.87000 0.0000000430175282
45.89000 0.0000000410840343
45.91000 0.0000000589842122
45.93000 0.0000000096746974
45.95000 0.0000000744196371
45.97000 -0.0000000108384077
45.99000 0.0000000988828521
46.01000 -0.0000000070617702
46.03000 0.0000001090020724
46.05000 -0.0000000746906877
46.07000 0.0000001645023816
46.09000 -0.0000000490456923
46.11000 0.0000000794756333
46.13000 0.0000000571266125
46.15000 -0.0000000386481934
46.17000 0.0000001584200074
46.19000 -0.0000000767398298
46.21000 0.0000001283550812
46.23000 -0.0000000311671985
46.25000 0.0000001115897016
46.27000 -0.0000000259196599
46.29000 0.0000000760856945
46.31000 0.0000000254100849
46.33000 0.0000000473796349
46.35000 0.0000000418176778
46.37000 0.0000000185506992
46.39000 0.0000000560749364
46.41000 0.0000000431982286
46.43000 0.0000000320020341
46.45000 0.0000000192879566
46.47000 0.0000000851785367
46.49000 -0.0000000227574036
46.51000 0.0000000858290580
46.53000 0.0000000413948389
46.55000 -0.0000000152872506
46.57000 0.0000001108271461
46.59000 -0.0000000344667871
46.61000 0.0000001174082533
46.63000 -0.0000000601515365
46.65000 0.0000001405848817
46.67000 -0.0000000382289686
46.69000 0.0000000672747448
46.71000 0.0000000557930438
46.73000 -0.0000000113371407
46.75000 0.0000000898333780
46.77000 0.0000000178242837
46.79000 -0.0000000059992520
46.81000 0.0000001353301152
46.83000 -0.0000000744738472
46.85000 0.0000001382574610
46.87000 -0.0000000441161864
46.89000 0.0000000762519388
46.91000 0.0000000390276642
46.93000 0.0000000277085935
46.95000 0.0000000491179724
46.97000 -0.0000000018720558
46.99000 0.0000000852291328
47.01000 0.0000000030213101
47.03000 0.0000000716838336
47.05000 -0.0000000081604284
47.07000 0.0000000727355097
47.09000 0.0000000109685120
47.11000 0.0000000425043392
47.13000 0.0000000696852876
47.15000 -0.0000000300324002
47.17000 0.0000001049579983
47.19000 -0.0000000221141103
47.21000 0.0000000905959335
47.23000 -0.0000000155221611
47.25000 0.0000000663170329
47.27000 0.0000000450449863
47.29000 -0.0000000179760720
47.31000 0.0000000947520419
47.33000 0.0000000229742440
47.35000 -0.0000000010516761
47.37000 0.0000000784962373
47.39000 0.0000000251173503
47.41000 -0.0000000098770818
47.43000 0.0000001245459176
47.45000 -0.0000000508057138
47.47000 0.0000000782540988
47.49000 0.0000000220924263
47.51000 0.0000000398046758
47.53000 0.0000000331657445
47.55000 0.0000000439824681
47.57000 0.0000000109323719
47.59000 0.0000000541956526
47.61000 0.0000000369640661
47.63000 0.0000000099168359
47.65000 0.0000000710116283
47.67000 -0.0000000191144843
47.69000 0.0000001162373149
47.71000 -0.0000000420525883
47.73000 0.0000000336355654
47.75000 0.0000001092080708
47.77000 -0.0000000425802333
47.79000 0.0000000790455664
47.81000 0.0000000049981720
47.83000 0.0000000621320125
47.85000 -0.0000000250992803
47.87000 0.0000001445855877
47.89000 -0.0000001003609811
47.91000 0.0000001393163652
47.93000 -0.0000000035164290
47.95000 -0.0000000180555802
47.97000 0.0000001384887575
47.99000 -0.0000000579289221
48.01000 0.0000000859627762
48.03000 -0.0000000113479827
48.05000 0.0000000862916509
48.07000 -0.0000000058040956
48.09000 0.0000000399673061
48.11000 0.0000000474772131
48.13000 -0.0000000029128898
48.15000 0.0000001025727535
48.17000 -0.0000000608960220
48.19000 0.0000001123016610
48.21000 -0.0000000229670160
48.23000 0.0000000966240976
48.25000 -0.0000000809103941
48.27000 0.0000002031216630
48.29000 -0.0000001427785841
48.31000 0.0000001405270576
48.33000 -0.0000000165991353
48.35000 0.0000000799165421
48.37000 -0.0000000323453648
48.39000 0.0000000922836749
48.41000 -0.0000000028369957
48.43000 0.0000000338704759
48.45000 0.0000000423706209
48.47000 0.0000000336753195
48.49000 0.0000000153992849
48.51000 0.0000000554569411
48.53000 -0.0000000075315911
48.55000 0.0000000732017167
48.57000 0.0000000279543460
48.59000 -0.0000000021792464
48.61000 0.0000000542101086
48.63000 0.0000000368809439
48.65000 0.0000000188795738
48.67000 0.0000000254317690
48.69000 0.0000000698659880
48.71000 -0.0000000399420080
48.73000 0.0000001176287077
48.75000 -0.0000000445137272
48.77000 0.0000000772457908
48.79000 0.0000000017419515
48.81000 0.0000000510478523
48.83000 0.0000000208275237
48.85000 0.0000000416514335
48.87000 -0.0000000038200057
48.89000 0.0000000819259302
48.91000 0.0000000119623640
48.93000 -0.0000000045536491
48.95000 0.0000000711851006
48.97000 0.0000000113371407
48.99000 0.0000000407154056
49.01000 0.0000000225333352
49.03000 0.0000000317671237
49.05000 0.0000000328043437
49.07000 0.0000000357533736
49.09000 0.0000000009974660
49.11000 0.0000000626452015
49.13000 0.0000000270110901
49.15000 -0.0000000062233205
49.17000 0.0000000791937407
49.19000 0.0000000091868064
49.21000 -0.0000000056703774
49.23000 0.0000001109355663
49.25000 -0.0000000536174114
49.27000 0.0000000535957274
49.29000 0.0000000831330086
49.31000 -0.0000000674120771
49.33000 0.0000001352216950
49.35000 -0.0000000578385719
49.37000 0.0000000635234053
49.39000 0.0000000467110436
49.41000 -0.0000000110118801
49.43000 0.0000000600250463
49.45000 0.0000000232272245
49.47000 0.0000000292590026
49.49000 0.0000000111130723
49.51000 0.0000000288325498
49.53000 0.0000000903827071
49.55000 -0.0000000618194009
49.57000 0.0000000696617966
49.59000 0.0000000543402129
49.61000 -0.0000000255401892
49.63000 0.0000000784113081
49.65000 -0.0000000051300833
49.67000 0.0000000402871457
49.69000 0.0000000333898129
49.71000 0.0000000279091709
49.73000 0.0000000175803382
49.75000 0.0000000133049677
49.77000 0.0000000753954191
49.79000 -0.0000000126056573
49.81000 0.0000000569332631
49.83000 0.0000000011600963
49.85000 0.0000000231621724
49.87000 0.0000000679234591
49.89000 -0.0000000073761888
49.91000 0.0000000463749409
49.93000 -0.0000000066533873
49.95000 0.0000000971372866
49.97000 -0.0000000699744082
49.99000 0.0000001327009249
50.01000 -0.0000000694991663
50.03000 0.0000001046815268
50.05000 -0.0000000199619690
50.07000 0.0000000597792938
50.09000 -0.0000000615031752
50.11000 0.0000003421814337
50.13000 -0.0000010604238118
50.15000 0.0000038985832068
50.17000 -0.0000141241402254
50.19000 0.0000522276883200
50.21000 -0.0000070705810998
50.23000 0.0000262053833494
50.25000 -0.0000966529373897
