0.25000 3.04063908
0.27000 2.96436167
0.29000 2.89638181
0.31000 2.83512973
0.33000 2.77943254
0.35000 2.72839491
0.37000 2.68132009
0.39000 2.63765634
0.41000 2.59695979
0.43000 2.55886834
0.45000 2.52308276
0.47000 2.48935296
0.49000 2.45746775
0.51000 2.42724712
0.53000 2.39853635
0.55000 2.37120142
0.57000 2.34512547
0.59000 2.32020591
0.61000 2.29635222
0.63000 2.27348406
0.65000 2.25152980
0.67000 2.23042530
0.69000 2.21011287
0.71000 2.19054045
0.73000 2.17166086
0.75000 2.15343126
0.77000 2.13581258
0.79000 2.11876909
0.81000 2.10226808
0.83000 2.08627947
0.85000 2.07077555
0.87000 2.05573078
0.89000 2.04112149
0.91000 2.02692579
0.93000 2.01312333
0.95000 1.99969518
0.97000 1.98662373
0.99000 1.97389251
1.01000 1.96148617
1.03000 1.94939030
1.05000 1.93759144
1.07000 1.92607692
1.09000 1.91483487
1.11000 1.90385409
1.13000 1.89312406
1.15000 1.88263484
1.17000 1.87237706
1.19000 1.86234186
1.21000 1.85252087
1.23000 1.84290615
1.25000 1.83349020
1.27000 1.82426588
1.29000 1.81522643
1.31000 1.80636543
1.33000 1.79767675
1.35000 1.78915460
1.37000 1.78079343
1.39000 1.77258796
1.41000 1.76453317
1.43000 1.75662426
1.45000 1.74885663
1.47000 1.74122591
1.49000 1.73372792
1.51000 1.72635864
1.53000 1.71911424
1.55000 1.71199105
1.57000 1.70498554
1.59000 1.69809434
1.61000 1.69131422
1.63000 1.68464206
1.65000 1.67807487
1.67000 1.67160979
1.69000 1.66524407
1.71000 1.65897504
1.73000 1.65280017
1.75000 1.64671698
1.77000 1.64072312
1.79000 1.63481631
1.81000 1.62899435
1.83000 1.62325512
1.85000 1.61759658
1.87000 1.61201676
1.89000 1.60651375
1.91000 1.60108572
1.93000 1.59573089
1.95000 1.59044754
1.97000 1.58523402
1.99000 1.58008872
2.01000 1.57501009
2.03000 1.56999662
2.05000 1.56504687
2.07000 1.56015942
2.09000 1.55533291
2.11000 1.55056602
2.13000 1.54585747
2.15000 1.54120601
2.17000 1.53661044
2.19000 1.53206960
2.21000 1.52758234
2.23000 1.52314757
2.25000 1.51876423
2.27000 1.51443126
2.29000 1.51014767
2.31000 1.50591248
2.33000 1.50172473
2.35000 1.49758350
2.37000 1.49348789
2.39000 1.48943702
2.41000 1.48543005
2.43000 1.48146614
2.45000 1.47754449
2.47000 1.47366432
2.49000 1.46982486
2.51000 1.46602537
2.53000 1.46226512
2.55000 1.45854341
2.57000 1.45485955
2.59000 1.45121286
2.61000 1.44760271
2.63000 1.44402844
2.65000 1.44048944
2.67000 1.43698510
2.69000 1.43351483
2.71000 1.43007805
2.73000 1.42667421
2.75000 1.42330274
2.77000 1.41996312
2.79000 1.41665481
2.81000 1.41337732
2.83000 1.41013013
2.85000 1.40691276
2.87000 1.40372473
2.89000 1.40056558
2.91000 1.39743485
2.93000 1.39433209
2.95000 1.39125688
2.97000 1.38820877
2.99000 1.38518737
3.01000 1.38219225
3.03000 1.37922302
3.05000 1.37627929
3.07000 1.37336068
3.09000 1.37046682
3.11000 1.36759733
3.13000 1.36475187
3.15000 1.36193007
3.17000 1.35913161
3.19000 1.35635613
3.21000 1.35360332
3.23000 1.35087284
3.25000 1.34816439
3.27000 1.34547765
3.29000 1.34281232
3.31000 1.34016811
3.33000 1.33754471
3.35000 1.33494185
3.37000 1.33235924
3.39000 1.32979662
3.41000 1.32725370
3.43000 1.32473023
3.45000 1.32222595
3.47000 1.31974059
3.49000 1.31727392
3.51000 1.31482569
3.53000 1.31239566
3.55000 1.30998358
3.57000 1.30758924
3.59000 1.30521240
3.61000 1.30285283
3.63000 1.30051033
3.65000 1.29818467
3.67000 1.29587565
3.69000 1.29358305
3.71000 1.29130667
3.73000 1.28904632
3.75000 1.28680179
3.77000 1.28457289
3.79000 1.28235944
3.81000 1.28016124
3.83000 1.27797811
3.85000 1.27580987
3.87000 1.27365635
3.89000 1.27151737
3.91000 1.26939276
3.93000 1.26728234
3.95000 1.26518596
3.97000 1.26310346
3.99000 1.26103466
4.01000 1.25897942
4.03000 1.25693758
4.05000 1.25490899
4.07000 1.25289349
4.09000 1.25089094
4.11000 1.24890120
4.13000 1.24692412
4.15000 1.24495955
4.17000 1.24300737
4.19000 1.24106744
4.21000 1.23913962
4.23000 1.23722378
4.25000 1.23531978
4.27000 1.23342751
4.29000 1.23154684
4.31000 1.22967764
4.33000 1.22781978
4.35000 1.22597316
4.37000 1.22413765
4.39000 1.22231313
4.41000 1.22049950
4.43000 1.21869663
4.45000 1.21690441
4.47000 1.21512274
4.49000 1.21335150
4.51000 1.21159060
4.53000 1.20983992
4.55000 1.20809936
4.57000 1.20636881
4.59000 1.20464819
4.61000 1.20293739
4.63000 1.20123630
4.65000 1.19954485
4.67000 1.19786292
4.69000 1.19619042
4.71000 1.19452727
4.73000 1.19287338
4.75000 1.19122864
4.77000 1.18959298
4.79000 1.18796630
4.81000 1.18634853
4.83000 1.18473957
4.85000 1.18313934
4.87000 1.18154776
4.89000 1.17996475
4.91000 1.17839022
4.93000 1.17682410
4.95000 1.17526631
4.97000 1.17371677
4.99000 1.17217540
5.01000 1.17064214
5.03000 1.16911690
5.05000 1.16759961
5.07000 1.16609020
5.09000 1.16458860
5.11000 1.16309474
5.13000 1.16160854
5.15000 1.16012995
5.17000 1.15865888
5.19000 1.15719528
5.21000 1.15573908
5.23000 1.15429021
5.25000 1.15284861
5.27000 1.15141421
5.29000 1.14998696
5.31000 1.14856678
5.33000 1.14715362
5.35000 1.14574742
5.37000 1.14434812
5.39000 1.14295566
5.41000 1.14156998
5.43000 1.14019102
5.45000 1.13881873
5.47000 1.13745304
5.49000 1.13609391
5.51000 1.13474128
5.53000 1.13339510
5.55000 1.13205530
5.57000 1.13072185
5.59000 1.12939468
5.61000 1.12807374
5.63000 1.12675899
5.65000 1.12545036
5.67000 1.12414782
5.69000 1.12285132
5.71000 1.12156079
5.73000 1.12027621
5.75000 1.11899751
5.77000 1.11772465
5.79000 1.11645759
5.81000 1.11519627
5.83000 1.11394066
5.85000 1.11269071
5.87000 1.11144637
5.89000 1.11020760
5.91000 1.10897435
5.93000 1.10774659
5.95000 1.10652426
5.97000 1.10530734
5.99000 1.10409577
6.01000 1.10288951
6.03000 1.10168853
6.05000 1.10049278
6.07000 1.09930223
6.09000 1.09811684
6.11000 1.09693655
6.13000 1.09576135
6.15000 1.09459118
6.17000 1.09342602
6.19000 1.09226582
6.21000 1.09111055
6.23000 1.08996016
6.25000 1.08881463
6.27000 1.08767392
6.29000 1.08653800
6.31000 1.08540682
6.33000 1.08428035
6.35000 1.08315856
6.37000 1.08204142
6.39000 1.08092889
6.41000 1.07982094
6.43000 1.07871753
6.45000 1.07761864
6.47000 1.07652423
6.49000 1.07543426
6.51000 1.07434871
6.53000 1.07326755
6.55000 1.07219074
6.57000 1.07111826
6.59000 1.07005007
6.61000 1.06898614
6.63000 1.06792645
6.65000 1.06687096
6.67000 1.06581965
6.69000 1.06477248
6.71000 1.06372943
6.73000 1.06269047
6.75000 1.06165558
6.77000 1.06062471
6.79000 1.05959786
6.81000 1.05857498
6.83000 1.05755605
6.85000 1.05654105
6.87000 1.05552995
6.89000 1.05452272
6.91000 1.05351934
6.93000 1.05251978
6.95000 1.05152402
6.97000 1.05053202
6.99000 1.04954377
7.01000 1.04855925
7.03000 1.04757842
7.05000 1.04660126
7.07000 1.04562775
7.09000 1.04465786
7.11000 1.04369158
7.13000 1.04272887
7.15000 1.04176972
7.17000 1.04081410
7.19000 1.03986199
7.21000 1.03891336
7.23000 1.03796820
7.25000 1.03702648
7.27000 1.03608818
7.29000 1.03515327
7.31000 1.03422175
7.33000 1.03329358
7.35000 1.03236874
7.37000 1.03144722
7.39000 1.03052898
7.41000 1.02961403
7.43000 1.02870232
7.45000 1.02779384
7.47000 1.02688858
7.49000 1.02598650
7.51000 1.02508760
7.53000 1.02419185
7.55000 1.02329924
7.57000 1.02240974
7.59000 1.02152333
7.61000 1.02064000
7.63000 1.01975973
7.65000 1.01888249
7.67000 1.01800828
7.69000 1.01713707
7.71000 1.01626884
7.73000 1.01540358
7.75000 1.01454127
7.77000 1.01368189
7.79000 1.01282542
7.81000 1.01197185
7.83000 1.01112116
7.85000 1.01027333
7.87000 1.00942835
7.89000 1.00858619
7.91000 1.00774685
7.93000 1.00691031
7.95000 1.00607654
7.97000 1.00524554
7.99000 1.00441728
8.01000 1.00359176
8.03000 1.00276895
8.05000 1.00194885
8.07000 1.00113142
8.09000 1.00031667
8.11000 0.99950457
8.13000 0.99869511
8.15000 0.99788828
8.17000 0.99708405
8.19000 0.99628242
8.21000 0.99548337
8.23000 0.99468688
8.25000 0.99389294
8.27000 0.99310154
8.29000 0.99231267
8.31000 0.99152630
8.33000 0.99074243
8.35000 0.98996103
8.37000 0.98918211
8.39000 0.98840563
8.41000 0.98763160
8.43000 0.98685999
8.45000 0.98609080
8.47000 0.98532400
8.49000 0.98455960
8.51000 0.98379756
8.53000 0.98303789
8.55000 0.98228057
8.57000 0.98152558
8.59000 0.98077291
8.61000 0.98002256
8.63000 0.97927450
8.65000 0.97852873
8.67000 0.97778523
8.69000 0.97704399
8.71000 0.97630500
8.73000 0.97556825
8.75000 0.97483373
8.77000 0.97410142
8.79000 0.97337131
8.81000 0.97264339
8.83000 0.97191765
8.85000 0.97119408
8.87000 0.97047266
8.89000 0.96975339
8.91000 0.96903626
8.93000 0.96832124
8.95000 0.96760834
8.97000 0.96689754
8.99000 0.96618883
9.01000 0.96548220
9.03000 0.96477764
9.05000 0.96407513
9.07000 0.96337467
9.09000 0.96267626
9.11000 0.96197986
9.13000 0.96128549
9.15000 0.96059312
9.17000 0.95990274
9.19000 0.95921436
9.21000 0.95852795
9.23000 0.95784350
9.25000 0.95716101
9.27000 0.95648047
9.29000 0.95580187
9.31000 0.95512519
9.33000 0.95445043
9.35000 0.95377758
9.37000 0.95310662
9.39000 0.95243756
9.41000 0.95177038
9.43000 0.95110506
9.45000 0.95044161
9.47000 0.94978002
9.49000 0.94912026
9.51000 0.94846234
9.53000 0.94780625
9.55000 0.94715197
9.57000 0.94649950
9.59000 0.94584883
9.61000 0.94519995
9.63000 0.94455285
9.65000 0.94390753
9.67000 0.94326397
9.69000 0.94262216
9.71000 0.94198211
9.73000 0.94134379
9.75000 0.94070721
9.77000 0.94007235
9.79000 0.93943920
9.81000 0.93880777
9.83000 0.93817803
9.85000 0.93754998
9.87000 0.93692361
9.89000 0.93629892
9.91000 0.93567590
9.93000 0.93505454
9.95000 0.93443482
9.97000 0.93381676
9.99000 0.93320033
10.01000 0.93258552
10.03000 0.93197234
10.05000 0.93136078
10.07000 0.93075082
10.09000 0.93014246
10.11000 0.92953569
10.13000 0.92893050
10.15000 0.92832689
10.17000 0.92772486
10.19000 0.92712438
10.21000 0.92652546
10.23000 0.92592809
10.25000 0.92533226
10.27000 0.92473797
10.29000 0.92414521
10.31000 0.92355396
10.33000 0.92296423
10.35000 0.92237601
10.37000 0.92178929
10.39000 0.92120406
10.41000 0.92062032
10.43000 0.92003806
10.45000 0.91945727
10.47000 0.91887796
10.49000 0.91830010
10.51000 0.91772370
10.53000 0.91714874
10.55000 0.91657523
10.57000 0.91600316
10.59000 0.91543251
10.61000 0.91486328
10.63000 0.91429548
10.65000 0.91372908
10.67000 0.91316409
10.69000 0.91260050
10.71000 0.91203830
10.73000 0.91147748
10.75000 0.91091805
10.77000 0.91035999
10.79000 0.90980330
10.81000 0.90924797
10.83000 0.90869400
10.85000 0.90814138
10.87000 0.90759011
10.89000 0.90704017
10.91000 0.90649157
10.93000 0.90594430
10.95000 0.90539835
10.97000 0.90485372
10.99000 0.90431039
11.01000 0.90376838
11.03000 0.90322766
11.05000 0.90268824
11.07000 0.90215011
11.09000 0.90161327
11.11000 0.90107770
11.13000 0.90054341
11.15000 0.90001038
11.17000 0.89947862
11.19000 0.89894811
11.21000 0.89841886
11.23000 0.89789086
11.25000 0.89736409
11.27000 0.89683857
11.29000 0.89631428
11.31000 0.89579121
11.33000 0.89526936
11.35000 0.89474874
11.37000 0.89422932
11.39000 0.89371111
11.41000 0.89319411
11.43000 0.89267830
11.45000 0.89216368
11.47000 0.89165025
11.49000 0.89113801
11.51000 0.89062694
11.53000 0.89011704
11.55000 0.88960832
11.57000 0.88910075
11.59000 0.88859435
11.61000 0.88808910
11.63000 0.88758500
11.65000 0.88708205
11.67000 0.88658024
11.69000 0.88607956
11.71000 0.88558002
11.73000 0.88508160
11.75000 0.88458431
11.77000 0.88408813
11.79000 0.88359307
11.81000 0.88309912
11.83000 0.88260628
11.85000 0.88211453
11.87000 0.88162388
11.89000 0.88113433
11.91000 0.88064586
11.93000 0.88015848
11.95000 0.87967218
11.97000 0.87918695
11.99000 0.87870279
12.01000 0.87821970
12.03000 0.87773768
12.05000 0.87725671
12.07000 0.87677680
12.09000 0.87629794
12.11000 0.87582013
12.13000 0.87534335
12.15000 0.87486762
12.17000 0.87439293
12.19000 0.87391926
12.21000 0.87344662
12.23000 0.87297501
12.25000 0.87250441
12.27000 0.87203483
12.29000 0.87156626
12.31000 0.87109870
12.33000 0.87063215
12.35000 0.87016659
12.37000 0.86970203
12.39000 0.86923846
12.41000 0.86877589
12.43000 0.86831429
12.45000 0.86785368
12.47000 0.86739405
12.49000 0.86693539
12.51000 0.86647771
12.53000 0.86602099
12.55000 0.86556523
12.57000 0.86511044
12.59000 0.86465660
12.61000 0.86420371
12.63000 0.86375177
12.65000 0.86330078
12.67000 0.86285074
12.69000 0.86240163
12.71000 0.86195346
12.73000 0.86150622
12.75000 0.86105990
12.77000 0.86061452
12.79000 0.86017005
12.81000 0.85972651
12.83000 0.85928388
12.85000 0.85884216
12.87000 0.85840136
12.89000 0.85796145
12.91000 0.85752246
12.93000 0.85708436
12.95000 0.85664715
12.97000 0.85621084
12.99000 0.85577542
13.01000 0.85534088
13.03000 0.85490723
13.05000 0.85447446
13.07000 0.85404256
13.09000 0.85361154
13.11000 0.85318139
13.13000 0.85275211
13.15000 0.85232369
13.17000 0.85189613
13.19000 0.85146944
13.21000 0.85104359
13.23000 0.85061860
13.25000 0.85019446
13.27000 0.84977117
13.29000 0.84934872
13.31000 0.84892711
13.33000 0.84850634
13.35000 0.84808640
13.37000 0.84766730
13.39000 0.84724902
13.41000 0.84683158
13.43000 0.84641495
13.45000 0.84599914
13.47000 0.84558416
13.49000 0.84516998
13.51000 0.84475662
13.53000 0.84434407
13.55000 0.84393233
13.57000 0.84352139
13.59000 0.84311125
13.61000 0.84270191
13.63000 0.84229336
13.65000 0.84188561
13.67000 0.84147865
13.69000 0.84107247
13.71000 0.84066708
13.73000 0.84026247
13.75000 0.83985864
13.77000 0.83945559
13.79000 0.83905331
13.81000 0.83865181
13.83000 0.83825107
13.85000 0.83785110
13.87000 0.83745190
13.89000 0.83705345
13.91000 0.83665577
13.93000 0.83625884
13.95000 0.83586266
13.97000 0.83546724
13.99000 0.83507256
14.01000 0.83467863
14.03000 0.83428545
14.05000 0.83389300
14.07000 0.83350130
14.09000 0.83311033
14.11000 0.83272010
14.13000 0.83233060
14.15000 0.83194182
14.17000 0.83155378
14.19000 0.83116646
14.21000 0.83077986
14.23000 0.83039398
14.25000 0.83000882
14.27000 0.82962437
14.29000 0.82924064
14.31000 0.82885761
14.33000 0.82847530
14.35000 0.82809369
14.37000 0.82771278
14.39000 0.82733258
14.41000 0.82695307
14.43000 0.82657427
14.45000 0.82619615
14.47000 0.82581873
14.49000 0.82544200
14.51000 0.82506596
14.53000 0.82469060
14.55000 0.82431593
14.57000 0.82394194
14.59000 0.82356862
14.61000 0.82319599
14.63000 0.82282403
14.65000 0.82245274
14.67000 0.82208212
14.69000 0.82171218
14.71000 0.82134289
14.73000 0.82097428
14.75000 0.82060632
14.77000 0.82023902
14.79000 0.81987239
14.81000 0.81950641
14.83000 0.81914108
14.85000 0.81877640
14.87000 0.81841238
14.89000 0.81804900
14.91000 0.81768627
14.93000 0.81732418
14.95000 0.81696274
14.97000 0.81660193
14.99000 0.81624176
15.01000 0.81588223
15.03000 0.81552333
15.05000 0.81516507
15.07000 0.81480743
15.09000 0.81445042
15.11000 0.81409404
15.13000 0.81373828
15.15000 0.81338315
15.17000 0.81302863
15.19000 0.81267474
15.21000 0.81232146
15.23000 0.81196879
15.25000 0.81161674
15.27000 0.81126530
15.29000 0.81091447
15.31000 0.81056424
15.33000 0.81021463
15.35000 0.80986561
15.37000 0.80951720
15.39000 0.80916938
15.41000 0.80882217
15.43000 0.80847555
15.45000 0.80812953
15.47000 0.80778410
15.49000 0.80743926
15.51000 0.80709501
15.53000 0.80675134
15.55000 0.80640827
15.57000 0.80606577
15.59000 0.80572386
15.61000 0.80538253
15.63000 0.80504178
15.65000 0.80470161
15.67000 0.80436201
15.69000 0.80402298
15.71000 0.80368453
15.73000 0.80334665
15.75000 0.80300933
15.77000 0.80267258
15.79000 0.80233640
15.81000 0.80200078
15.83000 0.80166573
15.85000 0.80133123
15.87000 0.80099729
15.89000 0.80066391
15.91000 0.80033109
15.93000 0.79999882
15.95000 0.79966710
15.97000 0.79933593
15.99000 0.79900531
16.01000 0.79867524
16.03000 0.79834572
16.05000 0.79801673
16.07000 0.79768830
16.09000 0.79736040
16.11000 0.79703304
16.13000 0.79670622
16.15000 0.79637994
16.17000 0.79605419
16.19000 0.79572897
16.21000 0.79540429
16.23000 0.79508014
16.25000 0.79475651
16.27000 0.79443342
16.29000 0.79411084
16.31000 0.79378880
16.33000 0.79346727
16.35000 0.79314627
16.37000 0.79282579
16.39000 0.79250582
16.41000 0.79218638
16.43000 0.79186744
16.45000 0.79154903
16.47000 0.79123112
16.49000 0.79091373
16.51000 0.79059684
16.53000 0.79028047
16.55000 0.78996460
16.57000 0.78964923
16.59000 0.78933437
16.61000 0.78902001
16.63000 0.78870616
16.65000 0.78839280
16.67000 0.78807994
16.69000 0.78776758
16.71000 0.78745572
16.73000 0.78714434
16.75000 0.78683347
16.77000 0.78652308
16.79000 0.78621318
16.81000 0.78590377
16.83000 0.78559485
16.85000 0.78528642
16.87000 0.78497847
16.89000 0.78467100
16.91000 0.78436402
16.93000 0.78405751
16.95000 0.78375149
16.97000 0.78344594
16.99000 0.78314088
17.01000 0.78283628
17.03000 0.78253216
17.05000 0.78222852
17.07000 0.78192534
17.09000 0.78162264
17.11000 0.78132040
17.13000 0.78101863
17.15000 0.78071733
17.17000 0.78041650
17.19000 0.78011613
17.21000 0.77981622
17.23000 0.77951677
17.25000 0.77921778
17.27000 0.77891926
17.29000 0.77862119
17.31000 0.77832357
17.33000 0.77802642
17.35000 0.77772971
17.37000 0.77743346
17.39000 0.77713766
17.41000 0.77684231
17.43000 0.77654741
17.45000 0.77625296
17.47000 0.77595896
17.49000 0.77566540
17.51000 0.77537229
17.53000 0.77507962
17.55000 0.77478739
17.57000 0.77449560
17.59000 0.77420425
17.61000 0.77391335
17.63000 0.77362287
17.65000 0.77333284
17.67000 0.77304324
17.69000 0.77275408
17.71000 0.77246534
17.73000 0.77217704
17.75000 0.77188917
17.77000 0.77160173
17.79000 0.77131472
17.81000 0.77102814
17.83000 0.77074198
17.85000 0.77045625
17.87000 0.77017094
17.89000 0.76988605
17.91000 0.76960159
17.93000 0.76931755
17.95000 0.76903392
17.97000 0.76875072
17.99000 0.76846793
18.01000 0.76818556
18.03000 0.76790361
18.05000 0.76762206
18.07000 0.76734094
18.09000 0.76706022
18.11000 0.76677992
18.13000 0.76650002
18.15000 0.76622053
18.17000 0.76594146
18.19000 0.76566279
18.21000 0.76538452
18.23000 0.76510666
18.25000 0.76482920
18.27000 0.76455215
18.29000 0.76427550
18.31000 0.76399925
18.33000 0.76372340
18.35000 0.76344794
18.37000 0.76317289
18.39000 0.76289823
18.41000 0.76262397
18.43000 0.76235010
18.45000 0.76207662
18.47000 0.76180354
18.49000 0.76153085
18.51000 0.76125855
18.53000 0.76098664
18.55000 0.76071512
18.57000 0.76044399
18.59000 0.76017325
18.61000 0.75990289
18.63000 0.75963291
18.65000 0.75936332
18.67000 0.75909411
18.69000 0.75882528
18.71000 0.75855684
18.73000 0.75828878
18.75000 0.75802109
18.77000 0.75775378
18.79000 0.75748685
18.81000 0.75722030
18.83000 0.75695412
18.85000 0.75668832
18.87000 0.75642289
18.89000 0.75615783
18.91000 0.75589314
18.93000 0.75562883
18.95000 0.75536488
18.97000 0.75510131
18.99000 0.75483810
19.01000 0.75457526
19.03000 0.75431279
19.05000 0.75405068
19.07000 0.75378894
19.09000 0.75352756
19.11000 0.75326654
19.13000 0.75300588
19.15000 0.75274559
19.17000 0.75248566
19.19000 0.75222608
19.21000 0.75196687
19.23000 0.75170801
19.25000 0.75144950
19.27000 0.75119136
19.29000 0.75093357
19.31000 0.75067613
19.33000 0.75041905
19.35000 0.75016232
19.37000 0.74990594
19.39000 0.74964991
19.41000 0.74939423
19.43000 0.74913890
19.45000 0.74888392
19.47000 0.74862928
19.49000 0.74837500
19.51000 0.74812105
19.53000 0.74786746
19.55000 0.74761420
19.57000 0.74736129
19.59000 0.74710873
19.61000 0.74685650
19.63000 0.74660462
19.65000 0.74635307
19.67000 0.74610187
19.69000 0.74585100
19.71000 0.74560047
19.73000 0.74535028
19.75000 0.74510042
19.77000 0.74485090
19.79000 0.74460172
19.81000 0.74435286
19.83000 0.74410434
19.85000 0.74385616
19.87000 0.74360830
19.89000 0.74336078
19.91000 0.74311358
19.93000 0.74286671
19.95000 0.74262017
19.97000 0.74237396
19.99000 0.74212808
20.01000 0.74188252
20.03000 0.74163729
20.05000 0.74139238
20.07000 0.74114780
20.09000 0.74090353
20.11000 0.74065959
20.13000 0.74041598
20.15000 0.74017268
20.17000 0.73992970
20.19000 0.73968704
20.21000 0.73944471
20.23000 0.73920268
20.25000 0.73896098
20.27000 0.73871959
20.29000 0.73847852
20.31000 0.73823776
20.33000 0.73799732
20.35000 0.73775719
20.37000 0.73751737
20.39000 0.73727787
20.41000 0.73703867
20.43000 0.73679979
20.45000 0.73656122
20.47000 0.73632295
20.49000 0.73608500
20.51000 0.73584735
20.53000 0.73561001
20.55000 0.73537298
20.57000 0.73513625
20.59000 0.73489983
20.61000 0.73466371
20.63000 0.73442789
20.65000 0.73419238
20.67000 0.73395717
20.69000 0.73372226
20.71000 0.73348766
20.73000 0.73325335
20.75000 0.73301934
20.77000 0.73278563
20.79000 0.73255222
20.81000 0.73231911
20.83000 0.73208630
20.85000 0.73185378
20.87000 0.73162155
20.89000 0.73138963
20.91000 0.73115799
20.93000 0.73092665
20.95000 0.73069560
20.97000 0.73046485
20.99000 0.73023439
21.01000 0.73000421
21.03000 0.72977433
21.05000 0.72954474
21.07000 0.72931544
21.09000 0.72908642
21.11000 0.72885770
21.13000 0.72862926
21.15000 0.72840110
21.17000 0.72817324
21.19000 0.72794565
21.21000 0.72771836
21.23000 0.72749135
21.25000 0.72726462
21.27000 0.72703817
21.29000 0.72681201
21.31000 0.72658612
21.33000 0.72636052
21.35000 0.72613520
21.37000 0.72591016
21.39000 0.72568540
21.41000 0.72546091
21.43000 0.72523671
21.45000 0.72501278
21.47000 0.72478913
21.49000 0.72456575
21.51000 0.72434265
21.53000 0.72411983
21.55000 0.72389728
21.57000 0.72367500
21.59000 0.72345300
21.61000 0.72323127
21.63000 0.72300981
21.65000 0.72278862
21.67000 0.72256771
21.69000 0.72234706
21.71000 0.72212668
21.73000 0.72190658
21.75000 0.72168674
21.77000 0.72146717
21.79000 0.72124787
21.81000 0.72102883
21.83000 0.72081006
21.85000 0.72059155
21.87000 0.72037332
21.89000 0.72015534
21.91000 0.71993763
21.93000 0.71972018
21.95000 0.71950300
21.97000 0.71928608
21.99000 0.71906942
22.01000 0.71885302
22.03000 0.71863688
22.05000 0.71842100
22.07000 0.71820538
22.09000 0.71799002
22.11000 0.71777492
22.13000 0.71756008
22.15000 0.71734549
22.17000 0.71713117
22.19000 0.71691709
22.21000 0.71670328
22.23000 0.71648972
22.25000 0.71627641
22.27000 0.71606336
22.29000 0.71585056
22.31000 0.71563801
22.33000 0.71542572
22.35000 0.71521368
22.37000 0.71500189
22.39000 0.71479035
22.41000 0.71457906
22.43000 0.71436803
22.45000 0.71415724
22.47000 0.71394670
22.49000 0.71373641
22.51000 0.71352637
22.53000 0.71331657
22.55000 0.71310702
22.57000 0.71289772
22.59000 0.71268866
22.61000 0.71247985
22.63000 0.71227129
22.65000 0.71206297
22.67000 0.71185489
22.69000 0.71164705
22.71000 0.71143946
22.73000 0.71123211
22.75000 0.71102501
22.77000 0.71081814
22.79000 0.71061152
22.81000 0.71040513
22.83000 0.71019899
22.85000 0.70999308
22.87000 0.70978742
22.89000 0.70958199
22.91000 0.70937680
22.93000 0.70917185
22.95000 0.70896714
22.97000 0.70876266
22.99000 0.70855841
23.01000 0.70835441
23.03000 0.70815064
23.05000 0.70794710
23.07000 0.70774380
23.09000 0.70754073
23.11000 0.70733789
23.13000 0.70713529
23.15000 0.70693292
23.17000 0.70673078
23.19000 0.70652887
23.21000 0.70632720
23.23000 0.70612575
23.25000 0.70592453
23.27000 0.70572355
23.29000 0.70552279
23.31000 0.70532226
23.33000 0.70512196
23.35000 0.70492189
23.37000 0.70472204
23.39000 0.70452242
23.41000 0.70432303
23.43000 0.70412386
23.45000 0.70392492
23.47000 0.70372620
23.49000 0.70352771
23.51000 0.70332945
23.53000 0.70313140
23.55000 0.70293358
23.57000 0.70273598
23.59000 0.70253861
23.61000 0.70234145
23.63000 0.70214452
23.65000 0.70194781
23.67000 0.70175132
23.69000 0.70155505
23.71000 0.70135900
23.73000 0.70116317
23.75000 0.70096755
23.77000 0.70077216
23.79000 0.70057698
23.81000 0.70038202
23.83000 0.70018728
23.85000 0.69999276
23.87000 0.69979845
23.89000 0.69960436
23.91000 0.69941048
23.93000 0.69921682
23.95000 0.69902337
23.97000 0.69883014
23.99000 0.69863712
24.01000 0.69844431
24.03000 0.69825172
24.05000 0.69805934
24.07000 0.69786717
24.09000 0.69767522
24.11000 0.69748347
24.13000 0.69729194
24.15000 0.69710062
24.17000 0.69690950
24.19000 0.69671860
24.21000 0.69652790
24.23000 0.69633742
24.25000 0.69614714
24.27000 0.69595707
24.29000 0.69576721
24.31000 0.69557756
24.33000 0.69538811
24.35000 0.69519887
24.37000 0.69500984
24.39000 0.69482101
24.41000 0.69463239
24.43000 0.69444397
24.45000 0.69425576
24.47000 0.69406775
24.49000 0.69387994
24.51000 0.69369234
24.53000 0.69350494
24.55000 0.69331774
24.57000 0.69313075
24.59000 0.69294396
24.61000 0.69275737
24.63000 0.69257098
24.65000 0.69238479
24.67000 0.69219880
24.69000 0.69201301
24.71000 0.69182742
24.73000 0.69164204
24.75000 0.69145684
24.77000 0.69127185
24.79000 0.69108706
24.81000 0.69090246
24.83000 0.69071806
24.85000 0.69053386
24.87000 0.69034986
24.89000 0.69016605
24.91000 0.68998243
24.93000 0.68979902
24.95000 0.68961579
24.97000 0.68943277
24.99000 0.68924993
25.01000 0.68906729
25.03000 0.68888485
25.05000 0.68870260
25.07000 0.68852054
25.09000 0.68833867
25.11000 0.68815700
25.13000 0.68797552
25.15000 0.68779422
25.17000 0.68761313
25.19000 0.68743222
25.21000 0.68725150
25.23000 0.68707097
25.25000 0.68689063
25.27000 0.68671048
25.29000 0.68653053
25.31000 0.68635076
25.33000 0.68617117
25.35000 0.68599178
25.37000 0.68581257
25.39000 0.68563355
25.41000 0.68545472
25.43000 0.68527608
25.45000 0.68509762
25.47000 0.68491935
25.49000 0.68474126
25.51000 0.68456336
25.53000 0.68438564
25.55000 0.68420811
25.57000 0.68403076
25.59000 0.68385360
25.61000 0.68367662
25.63000 0.68349982
25.65000 0.68332321
25.67000 0.68314677
25.69000 0.68297053
25.71000 0.68279446
25.73000 0.68261857
25.75000 0.68244287
25.77000 0.68226735
25.79000 0.68209201
25.81000 0.68191685
25.83000 0.68174186
25.85000 0.68156706
25.87000 0.68139244
25.89000 0.68121800
25.91000 0.68104373
25.93000 0.68086965
25.95000 0.68069574
25.97000 0.68052201
25.99000 0.68034846
26.01000 0.68017508
26.03000 0.68000188
26.05000 0.67982886
26.07000 0.67965601
26.09000 0.67948334
26.11000 0.67931085
26.13000 0.67913853
26.15000 0.67896639
26.17000 0.67879442
26.19000 0.67862262
26.21000 0.67845100
26.23000 0.67827955
26.25000 0.67810828
26.27000 0.67793718
26.29000 0.67776625
26.31000 0.67759550
26.33000 0.67742491
26.35000 0.67725450
26.37000 0.67708426
26.39000 0.67691419
26.41000 0.67674430
26.43000 0.67657457
26.45000 0.67640501
26.47000 0.67623563
26.49000 0.67606641
26.51000 0.67589736
26.53000 0.67572849
26.55000 0.67555978
26.57000 0.67539124
26.59000 0.67522286
26.61000 0.67505466
26.63000 0.67488662
26.65000 0.67471876
26.67000 0.67455105
26.69000 0.67438352
26.71000 0.67421615
26.73000 0.67404895
26.75000 0.67388191
26.77000 0.67371504
26.79000 0.67354834
26.81000 0.67338180
26.83000 0.67321542
26.85000 0.67304921
26.87000 0.67288317
26.89000 0.67271728
26.91000 0.67255157
26.93000 0.67238601
26.95000 0.67222062
26.97000 0.67205539
26.99000 0.67189032
27.01000 0.67172542
27.03000 0.67156068
27.05000 0.67139610
27.07000 0.67123168
27.09000 0.67106742
27.11000 0.67090332
27.13000 0.67073939
27.15000 0.67057561
27.17000 0.67041199
27.19000 0.67024854
27.21000 0.67008524
27.23000 0.66992210
27.25000 0.66975912
27.27000 0.66959630
27.29000 0.66943364
27.31000 0.66927114
27.33000 0.66910880
27.35000 0.66894661
27.37000 0.66878458
27.39000 0.66862270
27.41000 0.66846099
27.43000 0.66829943
27.45000 0.66813802
27.47000 0.66797678
27.49000 0.66781569
27.51000 0.66765475
27.53000 0.66749397
27.55000 0.66733334
27.57000 0.66717287
27.59000 0.66701255
27.61000 0.66685239
27.63000 0.66669238
27.65000 0.66653253
27.67000 0.66637283
27.69000 0.66621328
27.71000 0.66605388
27.73000 0.66589464
27.75000 0.66573555
27.77000 0.66557661
27.79000 0.66541783
27.81000 0.66525919
27.83000 0.66510071
27.85000 0.66494238
27.87000 0.66478419
27.89000 0.66462616
27.91000 0.66446828
27.93000 0.66431055
27.95000 0.66415297
27.97000 0.66399554
27.99000 0.66383826
28.01000 0.66368113
28.03000 0.66352414
28.05000 0.66336731
28.07000 0.66321062
28.09000 0.66305409
28.11000 0.66289770
28.13000 0.66274145
28.15000 0.66258536
28.17000 0.66242941
28.19000 0.66227361
28.21000 0.66211795
28.23000 0.66196245
28.25000 0.66180708
28.27000 0.66165187
28.29000 0.66149680
28.31000 0.66134187
28.33000 0.66118709
28.35000 0.66103246
28.37000 0.66087797
28.39000 0.66072362
28.41000 0.66056942
28.43000 0.66041537
28.45000 0.66026145
28.47000 0.66010768
28.49000 0.65995406
28.51000 0.65980057
28.53000 0.65964723
28.55000 0.65949404
28.57000 0.65934098
28.59000 0.65918807
28.61000 0.65903530
28.63000 0.65888267
28.65000 0.65873018
28.67000 0.65857783
28.69000 0.65842563
28.71000 0.65827356
28.73000 0.65812164
28.75000 0.65796986
28.77000 0.65781821
28.79000 0.65766671
28.81000 0.65751534
28.83000 0.65736412
28.85000 0.65721303
28.87000 0.65706209
28.89000 0.65691128
28.91000 0.65676061
28.93000 0.65661008
28.95000 0.65645969
28.97000 0.65630943
28.99000 0.65615932
29.01000 0.65600934
29.03000 0.65585949
29.05000 0.65570979
29.07000 0.65556022
29.09000 0.65541079
29.11000 0.65526149
29.13000 0.65511233
29.15000 0.65496331
29.17000 0.65481442
29.19000 0.65466567
29.21000 0.65451705
29.23000 0.65436857
29.25000 0.65422022
29.27000 0.65407201
29.29000 0.65392393
29.31000 0.65377599
29.33000 0.65362818
29.35000 0.65348050
29.37000 0.65333296
29.39000 0.65318555
29.41000 0.65303827
29.43000 0.65289113
29.45000 0.65274412
29.47000 0.65259724
29.49000 0.65245049
29.51000 0.65230388
29.53000 0.65215740
29.55000 0.65201105
29.57000 0.65186483
29.59000 0.65171874
29.61000 0.65157278
29.63000 0.65142696
29.65000 0.65128126
29.67000 0.65113570
29.69000 0.65099026
29.71000 0.65084496
29.73000 0.65069978
29.75000 0.65055474
29.77000 0.65040982
29.79000 0.65026504
29.81000 0.65012038
29.83000 0.64997585
29.85000 0.64983145
29.87000 0.64968718
29.89000 0.64954303
29.91000 0.64939902
29.93000 0.64925513
29.95000 0.64911137
29.97000 0.64896774
29.99000 0.64882423
30.01000 0.64868085
30.03000 0.64853760
30.05000 0.64839448
30.07000 0.64825148
30.09000 0.64810861
30.11000 0.64796586
30.13000 0.64782324
30.15000 0.64768075
30.17000 0.64753838
30.19000 0.64739613
30.21000 0.64725401
30.23000 0.64711202
30.25000 0.64697015
30.27000 0.64682841
30.29000 0.64668679
30.31000 0.64654529
30.33000 0.64640392
30.35000 0.64626267
30.37000 0.64612154
30.39000 0.64598054
30.41000 0.64583966
30.43000 0.64569891
30.45000 0.64555827
30.47000 0.64541776
30.49000 0.64527738
30.51000 0.64513711
30.53000 0.64499697
30.55000 0.64485694
30.57000 0.64471704
30.59000 0.64457727
30.61000 0.64443761
30.63000 0.64429807
30.65000 0.64415866
30.67000 0.64401936
30.69000 0.64388019
30.71000 0.64374113
30.73000 0.64360220
30.75000 0.64346339
30.77000 0.64332469
30.79000 0.64318612
30.81000 0.64304767
30.83000 0.64290933
30.85000 0.64277112
30.87000 0.64263302
30.89000 0.64249504
30.91000 0.64235718
30.93000 0.64221944
30.95000 0.64208182
30.97000 0.64194431
30.99000 0.64180692
31.01000 0.64166965
31.03000 0.64153250
31.05000 0.64139547
31.07000 0.64125855
31.09000 0.64112175
31.11000 0.64098507
31.13000 0.64084850
31.15000 0.64071205
31.17000 0.64057571
31.19000 0.64043950
31.21000 0.64030339
31.23000 0.64016741
31.25000 0.64003154
31.27000 0.63989578
31.29000 0.63976014
31.31000 0.63962462
31.33000 0.63948921
31.35000 0.63935391
31.37000 0.63921873
31.39000 0.63908366
31.41000 0.63894871
31.43000 0.63881387
31.45000 0.63867915
31.47000 0.63854454
31.49000 0.63841004
31.51000 0.63827566
31.53000 0.63814139
31.55000 0.63800723
31.57000 0.63787319
31.59000 0.63773925
31.61000 0.63760544
31.63000 0.63747173
31.65000 0.63733813
31.67000 0.63720465
31.69000 0.63707128
31.71000 0.63693802
31.73000 0.63680488
31.75000 0.63667184
31.77000 0.63653891
31.79000 0.63640610
31.81000 0.63627340
31.83000 0.63614081
31.85000 0.63600833
31.87000 0.63587596
31.89000 0.63574369
31.91000 0.63561154
31.93000 0.63547950
31.95000 0.63534757
31.97000 0.63521575
31.99000 0.63508404
32.01000 0.63495244
32.03000 0.63482095
32.05000 0.63468956
32.07000 0.63455829
32.09000 0.63442712
32.11000 0.63429606
32.13000 0.63416511
32.15000 0.63403427
32.17000 0.63390354
32.19000 0.63377291
32.21000 0.63364239
32.23000 0.63351198
32.25000 0.63338168
32.27000 0.63325149
32.29000 0.63312140
32.31000 0.63299142
32.33000 0.63286154
32.35000 0.63273177
32.37000 0.63260211
32.39000 0.63247256
32.41000 0.63234311
32.43000 0.63221377
32.45000 0.63208453
32.47000 0.63195540
32.49000 0.63182637
32.51000 0.63169745
32.53000 0.63156864
32.55000 0.63143993
32.57000 0.63131132
32.59000 0.63118282
32.61000 0.63105443
32.63000 0.63092614
32.65000 0.63079795
32.67000 0.63066987
32.69000 0.63054189
32.71000 0.63041402
32.73000 0.63028625
32.75000 0.63015858
32.77000 0.63003102
32.79000 0.62990356
32.81000 0.62977620
32.83000 0.62964895
32.85000 0.62952180
32.87000 0.62939475
32.89000 0.62926780
32.91000 0.62914096
32.93000 0.62901422
32.95000 0.62888758
32.97000 0.62876105
32.99000 0.62863461
33.01000 0.62850828
33.03000 0.62838205
33.05000 0.62825592
33.07000 0.62812989
33.09000 0.62800397
33.11000 0.62787814
33.13000 0.62775242
33.15000 0.62762679
33.17000 0.62750127
33.19000 0.62737585
33.21000 0.62725052
33.23000 0.62712530
33.25000 0.62700018
33.27000 0.62687516
33.29000 0.62675024
33.31000 0.62662541
33.33000 0.62650069
33.35000 0.62637606
33.37000 0.62625154
33.39000 0.62612711
33.41000 0.62600279
33.43000 0.62587856
33.45000 0.62575443
33.47000 0.62563040
33.49000 0.62550647
33.51000 0.62538263
33.53000 0.62525890
33.55000 0.62513526
33.57000 0.62501172
33.59000 0.62488828
33.61000 0.62476493
33.63000 0.62464168
33.65000 0.62451853
33.67000 0.62439548
33.69000 0.62427253
33.71000 0.62414967
33.73000 0.62402691
33.75000 0.62390424
33.77000 0.62378167
33.79000 0.62365920
33.81000 0.62353682
33.83000 0.62341454
33.85000 0.62329236
33.87000 0.62317027
33.89000 0.62304828
33.91000 0.62292638
33.93000 0.62280458
33.95000 0.62268287
33.97000 0.62256126
33.99000 0.62243974
34.01000 0.62231832
34.03000 0.62219700
34.05000 0.62207577
34.07000 0.62195463
34.09000 0.62183359
34.11000 0.62171264
34.13000 0.62159178
34.15000 0.62147102
34.17000 0.62135036
34.19000 0.62122978
34.21000 0.62110931
34.23000 0.62098892
34.25000 0.62086863
34.27000 0.62074843
34.29000 0.62062832
34.31000 0.62050831
34.33000 0.62038839
34.35000 0.62026856
34.37000 0.62014883
34.39000 0.62002919
34.41000 0.61990964
34.43000 0.61979018
34.45000 0.61967082
34.47000 0.61955154
34.49000 0.61943236
34.51000 0.61931327
34.53000 0.61919428
34.55000 0.61907537
34.57000 0.61895656
34.59000 0.61883783
34.61000 0.61871920
34.63000 0.61860066
34.65000 0.61848221
34.67000 0.61836385
34.69000 0.61824558
34.71000 0.61812740
34.73000 0.61800931
34.75000 0.61789132
34.77000 0.61777341
34.79000 0.61765559
34.81000 0.61753786
34.83000 0.61742023
34.85000 0.61730268
34.87000 0.61718522
34.89000 0.61706785
34.91000 0.61695057
34.93000 0.61683338
34.95000 0.61671628
34.97000 0.61659927
34.99000 0.61648234
35.01000 0.61636551
35.03000 0.61624876
35.05000 0.61613211
35.07000 0.61601554
35.09000 0.61589906
35.11000 0.61578266
35.13000 0.61566636
35.15000 0.61555014
35.17000 0.61543401
35.19000 0.61531797
35.21000 0.61520202
35.23000 0.61508615
35.25000 0.61497037
35.27000 0.61485468
35.29000 0.61473908
35.31000 0.61462356
35.33000 0.61450813
35.35000 0.61439278
35.37000 0.61427753
35.39000 0.61416236
35.41000 0.61404727
35.43000 0.61393227
35.45000 0.61381736
35.47000 0.61370254
35.49000 0.61358780
35.51000 0.61347314
35.53000 0.61335858
35.55000 0.61324409
35.57000 0.61312970
35.59000 0.61301538
35.61000 0.61290116
35.63000 0.61278702
35.65000 0.61267296
35.67000 0.61255899
35.69000 0.61244510
35.71000 0.61233130
35.73000 0.61221759
35.75000 0.61210395
35.77000 0.61199041
35.79000 0.61187694
35.81000 0.61176356
35.83000 0.61165027
35.85000 0.61153706
35.87000 0.61142393
35.89000 0.61131089
35.91000 0.61119793
35.93000 0.61108505
35.95000 0.61097226
35.97000 0.61085955
35.99000 0.61074692
36.01000 0.61063438
36.03000 0.61052192
36.05000 0.61040954
36.07000 0.61029725
36.09000 0.61018503
36.11000 0.61007291
36.13000 0.60996086
36.15000 0.60984889
36.17000 0.60973701
36.19000 0.60962521
36.21000 0.60951349
36.23000 0.60940186
36.25000 0.60929030
36.27000 0.60917883
36.29000 0.60906744
36.31000 0.60895613
36.33000 0.60884490
36.35000 0.60873376
36.37000 0.60862269
36.39000 0.60851171
36.41000 0.60840080
36.43000 0.60828998
36.45000 0.60817924
36.47000 0.60806858
36.49000 0.60795800
36.51000 0.60784750
36.53000 0.60773708
36.55000 0.60762674
36.57000 0.60751648
36.59000 0.60740630
36.61000 0.60729620
36.63000 0.60718619
36.65000 0.60707625
36.67000 0.60696639
36.69000 0.60685661
36.71000 0.60674691
36.73000 0.60663729
36.75000 0.60652774
36.77000 0.60641828
36.79000 0.60630890
36.81000 0.60619959
36.83000 0.60609037
36.85000 0.60598122
36.87000 0.60587215
36.89000 0.60576316
36.91000 0.60565425
36.93000 0.60554542
36.95000 0.60543666
36.97000 0.60532799
36.99000 0.60521939
37.01000 0.60511087
37.03000 0.60500243
37.05000 0.60489406
37.07000 0.60478577
37.09000 0.60467756
37.11000 0.60456943
37.13000 0.60446138
37.15000 0.60435340
37.17000 0.60424550
37.19000 0.60413768
37.21000 0.60402993
37.23000 0.60392226
37.25000 0.60381467
37.27000 0.60370715
37.29000 0.60359972
37.31000 0.60349235
37.33000 0.60338507
37.35000 0.60327786
37.37000 0.60317072
37.39000 0.60306367
37.41000 0.60295669
37.43000 0.60284978
37.45000 0.60274295
37.47000 0.60263620
37.49000 0.60252952
37.51000 0.60242292
37.53000 0.60231639
37.55000 0.60220994
37.57000 0.60210356
37.59000 0.60199726
37.61000 0.60189104
37.63000 0.60178489
37.65000 0.60167881
37.67000 0.60157281
37.69000 0.60146688
37.71000 0.60136103
37.73000 0.60125526
37.75000 0.60114955
37.77000 0.60104393
37.79000 0.60093837
37.81000 0.60083289
37.83000 0.60072749
37.85000 0.60062215
37.87000 0.60051690
37.89000 0.60041171
37.91000 0.60030660
37.93000 0.60020157
37.95000 0.60009660
37.97000 0.59999171
37.99000 0.59988690
38.01000 0.59978216
38.03000 0.59967749
38.05000 0.59957289
38.07000 0.59946837
38.09000 0.59936392
38.11000 0.59925954
38.13000 0.59915523
38.15000 0.59905100
38.17000 0.59894684
38.19000 0.59884276
38.21000 0.59873874
38.23000 0.59863480
38.25000 0.59853093
38.27000 0.59842713
38.29000 0.59832340
38.31000 0.59821975
38.33000 0.59811617
38.35000 0.59801266
38.37000 0.59790922
38.39000 0.59780585
38.41000 0.59770256
38.43000 0.59759933
38.45000 0.59749618
38.47000 0.59739310
38.49000 0.59729009
38.51000 0.59718715
38.53000 0.59708428
38.55000 0.59698148
38.57000 0.59687876
38.59000 0.59677610
38.61000 0.59667352
38.63000 0.59657100
38.65000 0.59646856
38.67000 0.59636618
38.69000 0.59626388
38.71000 0.59616165
38.73000 0.59605948
38.75000 0.59595739
38.77000 0.59585537
38.79000 0.59575342
38.81000 0.59565153
38.83000 0.59554972
38.85000 0.59544798
38.87000 0.59534630
38.89000 0.59524470
38.91000 0.59514316
38.93000 0.59504170
38.95000 0.59494030
38.97000 0.59483897
38.99000 0.59473771
39.01000 0.59463653
39.03000 0.59453540
39.05000 0.59443435
39.07000 0.59433337
39.09000 0.59423246
39.11000 0.59413161
39.13000 0.59403083
39.15000 0.59393012
39.17000 0.59382948
39.19000 0.59372891
39.21000 0.59362841
39.23000 0.59352797
39.25000 0.59342760
39.27000 0.59332730
39.29000 0.59322707
39.31000 0.59312691
39.33000 0.59302681
39.35000 0.59292678
39.37000 0.59282682
39.39000 0.59272693
39.41000 0.59262710
39.43000 0.59252734
39.45000 0.59242765
39.47000 0.59232802
39.49000 0.59222847
39.51000 0.59212897
39.53000 0.59202955
39.55000 0.59193019
39.57000 0.59183090
39.59000 0.59173168
39.61000 0.59163252
39.63000 0.59153343
39.65000 0.59143441
39.67000 0.59133545
39.69000 0.59123656
39.71000 0.59113773
39.73000 0.59103897
39.75000 0.59094028
39.77000 0.59084165
39.79000 0.59074309
39.81000 0.59064459
39.83000 0.59054616
39.85000 0.59044780
39.87000 0.59034950
39.89000 0.59025127
39.91000 0.59015310
39.93000 0.59005500
39.95000 0.58995696
39.97000 0.58985899
39.99000 0.58976108
40.01000 0.58966324
40.03000 0.58956546
40.05000 0.58946775
40.07000 0.58937010
40.09000 0.58927252
40.11000 0.58917500
40.13000 0.58907755
40.15000 0.58898016
40.17000 0.58888284
40.19000 0.58878558
40.21000 0.58868838
40.23000 0.58859125
40.25000 0.58849418
40.27000 0.58839718
40.29000 0.58830024
40.31000 0.58820336
40.33000 0.58810655
40.35000 0.58800981
40.37000 0.58791312
40.39000 0.58781650
40.41000 0.58771994
40.43000 0.58762345
40.45000 0.58752702
40.47000 0.58743065
40.49000 0.58733435
40.51000 0.58723811
40.53000 0.58714193
40.55000 0.58704582
40.57000 0.58694977
40.59000 0.58685378
40.61000 0.58675786
40.63000 0.58666199
40.65000 0.58656619
40.67000 0.58647046
40.69000 0.58637478
40.71000 0.58627917
40.73000 0.58618362
40.75000 0.58608813
40.77000 0.58599271
40.79000 0.58589735
40.81000 0.58580204
40.83000 0.58570681
40.85000 0.58561163
40.87000 0.58551651
40.89000 0.58542146
40.91000 0.58532647
40.93000 0.58523154
40.95000 0.58513667
40.97000 0.58504187
40.99000 0.58494712
41.01000 0.58485244
41.03000 0.58475781
41.05000 0.58466325
41.07000 0.58456875
41.09000 0.58447432
41.11000 0.58437994
41.13000 0.58428562
41.15000 0.58419137
41.17000 0.58409717
41.19000 0.58400304
41.21000 0.58390896
41.23000 0.58381495
41.25000 0.58372100
41.27000 0.58362711
41.29000 0.58353328
41.31000 0.58343951
41.33000 0.58334580
41.35000 0.58325215
41.37000 0.58315856
41.39000 0.58306503
41.41000 0.58297156
41.43000 0.58287815
41.45000 0.58278480
41.47000 0.58269151
41.49000 0.58259828
41.51000 0.58250510
41.53000 0.58241199
41.55000 0.58231894
41.57000 0.58222595
41.59000 0.58213302
41.61000 0.58204014
41.63000 0.58194733
41.65000 0.58185458
41.67000 0.58176188
41.69000 0.58166924
41.71000 0.58157667
41.73000 0.58148415
41.75000 0.58139169
41.77000 0.58129929
41.79000 0.58120695
41.81000 0.58111466
41.83000 0.58102244
41.85000 0.58093027
41.87000 0.58083817
41.89000 0.58074612
41.91000 0.58065413
41.93000 0.58056220
41.95000 0.58047032
41.97000 0.58037851
41.99000 0.58028675
42.01000 0.58019505
42.03000 0.58010341
42.05000 0.58001182
42.07000 0.57992030
42.09000 0.57982883
42.11000 0.57973742
42.13000 0.57964607
42.15000 0.57955477
42.17000 0.57946353
42.19000 0.57937235
42.21000 0.57928123
42.23000 0.57919017
42.25000 0.57909916
42.27000 0.57900821
42.29000 0.57891732
42.31000 0.57882648
42.33000 0.57873570
42.35000 0.57864498
42.37000 0.57855431
42.39000 0.57846370
42.41000 0.57837315
42.43000 0.57828266
42.45000 0.57819222
42.47000 0.57810184
42.49000 0.57801151
42.51000 0.57792124
42.53000 0.57783103
42.55000 0.57774088
42.57000 0.57765078
42.59000 0.57756073
42.61000 0.57747075
42.63000 0.57738082
42.65000 0.57729094
42.67000 0.57720112
42.69000 0.57711136
42.71000 0.57702165
42.73000 0.57693200
42.75000 0.57684240
42.77000 0.57675286
42.79000 0.57666338
42.81000 0.57657395
42.83000 0.57648458
42.85000 0.57639526
42.87000 0.57630600
42.89000 0.57621679
42.91000 0.57612764
42.93000 0.57603854
42.95000 0.57594950
42.97000 0.57586052
42.99000 0.57577158
43.01000 0.57568271
43.03000 0.57559389
43.05000 0.57550512
43.07000 0.57541641
43.09000 0.57532775
43.11000 0.57523915
43.13000 0.57515060
43.15000 0.57506211
43.17000 0.57497367
43.19000 0.57488528
43.21000 0.57479695
43.23000 0.57470868
43.25000 0.57462046
43.27000 0.57453229
43.29000 0.57444418
43.31000 0.57435612
43.33000 0.57426811
43.35000 0.57418016
43.37000 0.57409227
43.39000 0.57400442
43.41000 0.57391663
43.43000 0.57382890
43.45000 0.57374122
43.47000 0.57365359
43.49000 0.57356601
43.51000 0.57347849
43.53000 0.57339102
43.55000 0.57330361
43.57000 0.57321625
43.59000 0.57312894
43.61000 0.57304169
43.63000 0.57295449
43.65000 0.57286734
43.67000 0.57278024
43.69000 0.57269320
43.71000 0.57260621
43.73000 0.57251927
43.75000 0.57243239
43.77000 0.57234556
43.79000 0.57225878
43.81000 0.57217206
43.83000 0.57208538
43.85000 0.57199876
43.87000 0.57191220
43.89000 0.57182568
43.91000 0.57173922
43.93000 0.57165281
43.95000 0.57156645
43.97000 0.57148014
43.99000 0.57139389
44.01000 0.57130769
44.03000 0.57122154
44.05000 0.57113544
44.07000 0.57104939
44.09000 0.57096340
44.11000 0.57087746
44.13000 0.57079157
44.15000 0.57070573
44.17000 0.57061994
44.19000 0.57053421
44.21000 0.57044852
44.23000 0.57036289
44.25000 0.57027731
44.27000 0.57019178
44.29000 0.57010630
44.31000 0.57002087
44.33000 0.56993550
44.35000 0.56985017
44.37000 0.56976490
44.39000 0.56967968
44.41000 0.56959451
44.43000 0.56950939
44.45000 0.56942432
44.47000 0.56933930
44.49000 0.56925433
44.51000 0.56916941
44.53000 0.56908455
44.55000 0.56899973
44.57000 0.56891497
44.59000 0.56883025
44.61000 0.56874559
44.63000 0.56866098
44.65000 0.56857641
44.67000 0.56849190
44.69000 0.56840744
44.71000 0.56832302
44.73000 0.56823866
44.75000 0.56815435
44.77000 0.56807009
44.79000 0.56798588
44.81000 0.56790171
44.83000 0.56781760
44.85000 0.56773354
44.87000 0.56764953
44.89000 0.56756556
44.91000 0.56748165
44.93000 0.56739779
44.95000 0.56731397
44.97000 0.56723021
44.99000 0.56714650
45.01000 0.56706283
45.03000 0.56697922
45.05000 0.56689565
45.07000 0.56681213
45.09000 0.56672866
45.11000 0.56664524
45.13000 0.56656188
45.15000 0.56647855
45.17000 0.56639528
45.19000 0.56631206
45.21000 0.56622889
45.23000 0.56614576
45.25000 0.56606269
45.27000 0.56597966
45.29000 0.56589668
45.31000 0.56581375
45.33000 0.56573087
45.35000 0.56564804
45.37000 0.56556526
45.39000 0.56548252
45.41000 0.56539983
45.43000 0.56531719
45.45000 0.56523460
45.47000 0.56515206
45.49000 0.56506957
45.51000 0.56498712
45.53000 0.56490473
45.55000 0.56482238
45.57000 0.56474008
45.59000 0.56465782
45.61000 0.56457562
45.63000 0.56449346
45.65000 0.56441135
45.67000 0.56432929
45.69000 0.56424728
45.71000 0.56416531
45.73000 0.56408339
45.75000 0.56400152
45.77000 0.56391970
45.79000 0.56383792
45.81000 0.56375619
45.83000 0.56367451
45.85000 0.56359288
45.87000 0.56351129
45.89000 0.56342975
45.91000 0.56334826
45.93000 0.56326682
45.95000 0.56318542
45.97000 0.56310407
45.99000 0.56302277
46.01000 0.56294151
46.03000 0.56286030
46.05000 0.56277914
46.07000 0.56269802
46.09000 0.56261695
46.11000 0.56253593
46.13000 0.56245496
46.15000 0.56237403
46.17000 0.56229314
46.19000 0.56221231
46.21000 0.56213152
46.23000 0.56205078
46.25000 0.56197008
46.27000 0.56188943
46.29000 0.56180883
46.31000 0.56172827
46.33000 0.56164776
46.35000 0.56156729
46.37000 0.56148688
46.39000 0.56140650
46.41000 0.56132618
46.43000 0.56124590
46.45000 0.56116566
46.47000 0.56108547
46.49000 0.56100533
46.51000 0.56092523
46.53000 0.56084518
46.55000 0.56076518
46.57000 0.56068522
46.59000 0.56060530
46.61000 0.56052543
46.63000 0.56044561
46.65000 0.56036583
46.67000 0.56028610
46.69000 0.56020641
46.71000 0.56012677
46.73000 0.56004717
46.75000 0.55996762
46.77000 0.55988812
46.79000 0.55980866
46.81000 0.55972924
46.83000 0.55964987
46.85000 0.55957055
46.87000 0.55949127
46.89000 0.55941203
46.91000 0.55933284
46.93000 0.55925370
46.95000 0.55917460
46.97000 0.55909554
46.99000 0.55901653
47.01000 0.55893756
47.03000 0.55885864
47.05000 0.55877976
47.07000 0.55870093
47.09000 0.55862214
47.11000 0.55854340
47.13000 0.55846470
47.15000 0.55838605
47.17000 0.55830743
47.19000 0.55822887
47.21000 0.55815035
47.23000 0.55807187
47.25000 0.55799344
47.27000 0.55791505
47.29000 0.55783670
47.31000 0.55775840
47.33000 0.55768014
47.35000 0.55760193
47.37000 0.55752376
47.39000 0.55744563
47.41000 0.55736755
47.43000 0.55728951
47.45000 0.55721152
47.47000 0.55713357
47.49000 0.55705566
47.51000 0.55697780
47.53000 0.55689998
47.55000 0.55682220
47.57000 0.55674447
47.59000 0.55666678
47.61000 0.55658913
47.63000 0.55651153
47.65000 0.55643397
47.67000 0.55635646
47.69000 0.55627898
47.71000 0.55620155
47.73000 0.55612417
47.75000 0.55604682
47.77000 0.55596952
47.79000 0.55589226
47.81000 0.55581505
47.83000 0.55573788
47.85000 0.55566075
47.87000 0.55558366
47.89000 0.55550662
47.91000 0.55542962
47.93000 0.55535266
47.95000 0.55527575
47.97000 0.55519888
47.99000 0.55512205
48.01000 0.55504526
48.03000 0.55496851
48.05000 0.55489181
48.07000 0.55481515
48.09000 0.55473854
48.11000 0.55466196
48.13000 0.55458543
48.15000 0.55450894
48.17000 0.55443249
48.19000 0.55435608
48.21000 0.55427972
48.23000 0.55420340
48.25000 0.55412712
48.27000 0.55405088
48.29000 0.55397468
48.31000 0.55389853
48.33000 0.55382242
48.35000 0.55374635
48.37000 0.55367032
48.39000 0.55359433
48.41000 0.55351839
48.43000 0.55344249
48.45000 0.55336663
48.47000 0.55329081
48.49000 0.55321503
48.51000 0.55313929
48.53000 0.55306360
48.55000 0.55298794
48.57000 0.55291233
48.59000 0.55283676
48.61000 0.55276123
48.63000 0.55268574
48.65000 0.55261030
48.67000 0.55253489
48.69000 0.55245953
48.71000 0.55238420
48.73000 0.55230892
48.75000 0.55223368
48.77000 0.55215848
48.79000 0.55208332
48.81000 0.55200820
48.83000 0.55193312
48.85000 0.55185809
48.87000 0.55178309
48.89000 0.55170814
48.91000 0.55163322
48.93000 0.55155835
48.95000 0.55148352
48.97000 0.55140872
48.99000 0.55133397
49.01000 0.55125926
49.03000 0.55118459
49.05000 0.55110996
49.07000 0.55103537
49.09000 0.55096082
49.11000 0.55088631
49.13000 0.55081185
49.15000 0.55073742
49.17000 0.55066303
49.19000 0.55058868
49.21000 0.55051437
49.23000 0.55044011
49.25000 0.55036588
49.27000 0.55029169
49.29000 0.55021755
49.31000 0.55014344
49.33000 0.55006937
49.35000 0.54999534
49.37000 0.54992136
49.39000 0.54984741
49.41000 0.54977350
49.43000 0.54969963
49.45000 0.54962581
49.47000 0.54955202
49.49000 0.54947827
49.51000 0.54940456
49.53000 0.54933089
49.55000 0.54925726
49.57000 0.54918367
49.59000 0.54911012
49.61000 0.54903660
49.63000 0.54896313
49.65000 0.54888970
49.67000 0.54881630
49.69000 0.54874295
49.71000 0.54866963
49.73000 0.54859636
49.75000 0.54852312
49.77000 0.54844992
49.79000 0.54837677
49.81000 0.54830365
49.83000 0.54823056
49.85000 0.54815752
49.87000 0.54808452
49.89000 0.54801156
49.91000 0.54793863
49.93000 0.54786575
49.95000 0.54779290
49.97000 0.54772009
49.99000 0.54764732
50.01000 0.54757459
50.03000 0.54750190
50.05000 0.54742924
50.07000 0.54735663
50.09000 0.54728405
50.11000 0.54721151
50.13000 0.54713901
50.15000 0.54706655
50.17000 0.54699413
50.19000 0.54692174
50.21000 0.54684940
50.23000 0.54677709
50.25000 0.54670482
