0.25000 3.04063908
0.27000 2.96440776
0.29000 2.89641445
0.31000 2.83516409
0.33000 2.77946432
0.35000 2.72842421
0.37000 2.68134553
0.39000 2.63767668
0.41000 2.59697372
0.43000 2.55887461
0.45000 2.52308023
0.47000 2.48934066
0.49000 2.45744487
0.51000 2.42721304
0.53000 2.39849061
0.55000 2.37114371
0.57000 2.34505563
0.59000 2.32012392
0.61000 2.29625813
0.63000 2.27337804
0.65000 2.25141208
0.67000 2.23029616
0.69000 2.20997265
0.71000 2.19038952
0.73000 2.17149962
0.75000 2.15326012
0.77000 2.13563196
0.79000 2.11857943
0.81000 2.10206980
0.83000 2.08607299
0.85000 2.07056131
0.87000 2.05550916
0.89000 2.04089291
0.91000 2.02669062
0.93000 2.01288195
0.95000 1.99944794
0.97000 1.98637097
0.99000 1.97363457
1.01000 1.96122335
1.03000 1.94912291
1.05000 1.93731976
1.07000 1.92580123
1.09000 1.91455541
1.11000 1.90357112
1.13000 1.89283781
1.15000 1.88234553
1.17000 1.87208490
1.19000 1.86204706
1.21000 1.85222361
1.23000 1.84260661
1.25000 1.83318856
1.27000 1.82396230
1.29000 1.81492106
1.31000 1.80605842
1.33000 1.79736825
1.35000 1.78884474
1.37000 1.78048234
1.39000 1.77227577
1.41000 1.76421999
1.43000 1.75631021
1.45000 1.74854182
1.47000 1.74091045
1.49000 1.73341190
1.51000 1.72604217
1.53000 1.71879741
1.55000 1.71167395
1.57000 1.70466826
1.59000 1.69777697
1.61000 1.69099684
1.63000 1.68432475
1.65000 1.67775772
1.67000 1.67129287
1.69000 1.66492745
1.71000 1.65865881
1.73000 1.65248438
1.75000 1.64640172
1.77000 1.64040845
1.79000 1.63450229
1.81000 1.62868105
1.83000 1.62294261
1.85000 1.61728492
1.87000 1.61170601
1.89000 1.60620398
1.91000 1.60077698
1.93000 1.59542323
1.95000 1.59014103
1.97000 1.58492871
1.99000 1.57978467
2.01000 1.57470734
2.03000 1.56969523
2.05000 1.56474689
2.07000 1.55986090
2.09000 1.55503590
2.11000 1.55027056
2.13000 1.54556360
2.15000 1.54091379
2.17000 1.53631991
2.19000 1.53178079
2.21000 1.52729531
2.23000 1.52286235
2.25000 1.51848085
2.27000 1.51414977
2.29000 1.50986810
2.31000 1.50563486
2.33000 1.50144910
2.35000 1.49730989
2.37000 1.49321632
2.39000 1.48916754
2.41000 1.48516267
2.43000 1.48120090
2.45000 1.47728141
2.47000 1.47340342
2.49000 1.46956617
2.51000 1.46576890
2.53000 1.46201090
2.55000 1.45829146
2.57000 1.45460989
2.59000 1.45096551
2.61000 1.44735767
2.63000 1.44378574
2.65000 1.44024908
2.67000 1.43674710
2.69000 1.43327920
2.71000 1.42984481
2.73000 1.42644335
2.75000 1.42307428
2.77000 1.41973706
2.79000 1.41643116
2.81000 1.41315608
2.83000 1.40991131
2.85000 1.40669636
2.87000 1.40351075
2.89000 1.40035402
2.91000 1.39722571
2.93000 1.39412537
2.95000 1.39105257
2.97000 1.38800688
2.99000 1.38498788
3.01000 1.38199516
3.03000 1.37902833
3.05000 1.37608699
3.07000 1.37317077
3.09000 1.37027928
3.11000 1.36741216
3.13000 1.36456905
3.15000 1.36174960
3.17000 1.35895347
3.19000 1.35618032
3.21000 1.35342982
3.23000 1.35070164
3.25000 1.34799547
3.27000 1.34531101
3.29000 1.34264793
3.31000 1.34000596
3.33000 1.33738479
3.35000 1.33478414
3.37000 1.33220373
3.39000 1.32964328
3.41000 1.32710253
3.43000 1.32458120
3.45000 1.32207904
3.47000 1.31959580
3.49000 1.31713122
3.51000 1.31468506
3.53000 1.31225708
3.55000 1.30984704
3.57000 1.30745471
3.59000 1.30507986
3.61000 1.30272227
3.63000 1.30038172
3.65000 1.29805800
3.67000 1.29575089
3.69000 1.29346018
3.71000 1.29118568
3.73000 1.28892718
3.75000 1.28668448
3.77000 1.28445740
3.79000 1.28224573
3.81000 1.28004930
3.83000 1.27786792
3.85000 1.27570141
3.87000 1.27354960
3.89000 1.27141230
3.91000 1.26928935
3.93000 1.26718058
3.95000 1.26508583
3.97000 1.26300492
3.99000 1.26093771
4.01000 1.25888403
4.03000 1.25684373
4.05000 1.25481665
4.07000 1.25280266
4.09000 1.25080159
4.11000 1.24881330
4.13000 1.24683765
4.15000 1.24487451
4.17000 1.24292373
4.19000 1.24098517
4.21000 1.23905871
4.23000 1.23714420
4.25000 1.23524153
4.27000 1.23335056
4.29000 1.23147116
4.31000 1.22960322
4.33000 1.22774661
4.35000 1.22590121
4.37000 1.22406691
4.39000 1.22224358
4.41000 1.22043111
4.43000 1.21862939
4.45000 1.21683830
4.47000 1.21505775
4.49000 1.21328761
4.51000 1.21152779
4.53000 1.20977817
4.55000 1.20803865
4.57000 1.20630914
4.59000 1.20458953
4.61000 1.20287973
4.63000 1.20117962
4.65000 1.19948913
4.67000 1.19780815
4.69000 1.19613659
4.71000 1.19447436
4.73000 1.19282136
4.75000 1.19117752
4.77000 1.18954273
4.79000 1.18791691
4.81000 1.18629998
4.83000 1.18469185
4.85000 1.18309244
4.87000 1.18150166
4.89000 1.17991943
4.91000 1.17834568
4.93000 1.17678032
4.95000 1.17522328
4.97000 1.17367448
4.99000 1.17213383
5.01000 1.17060128
5.03000 1.16907674
5.05000 1.16756014
5.07000 1.16605140
5.09000 1.16455046
5.11000 1.16305725
5.13000 1.16157169
5.15000 1.16009373
5.17000 1.15862328
5.19000 1.15716028
5.21000 1.15570468
5.23000 1.15425639
5.25000 1.15281537
5.27000 1.15138153
5.29000 1.14995483
5.31000 1.14853520
5.33000 1.14712258
5.35000 1.14571691
5.37000 1.14431812
5.39000 1.14292617
5.41000 1.14154098
5.43000 1.14016251
5.45000 1.13879070
5.47000 1.13742549
5.49000 1.13606682
5.51000 1.13471464
5.53000 1.13336890
5.55000 1.13202955
5.57000 1.13069652
5.59000 1.12936977
5.61000 1.12804925
5.63000 1.12673490
5.65000 1.12542668
5.67000 1.12412453
5.69000 1.12282841
5.71000 1.12153827
5.73000 1.12025405
5.75000 1.11897572
5.77000 1.11770322
5.79000 1.11643651
5.81000 1.11517554
5.83000 1.11392027
5.85000 1.11267065
5.87000 1.11142663
5.89000 1.11018818
5.91000 1.10895525
5.93000 1.10772780
5.95000 1.10650577
5.97000 1.10528915
5.99000 1.10407787
6.01000 1.10287190
6.03000 1.10167120
6.05000 1.10047574
6.07000 1.09928546
6.09000 1.09810033
6.11000 1.09692031
6.13000 1.09574536
6.15000 1.09457545
6.17000 1.09341053
6.19000 1.09225057
6.21000 1.09109554
6.23000 1.08994539
6.25000 1.08880009
6.27000 1.08765961
6.29000 1.08652391
6.31000 1.08539294
6.33000 1.08426669
6.35000 1.08314512
6.37000 1.08202818
6.39000 1.08091585
6.41000 1.07980810
6.43000 1.07870489
6.45000 1.07760619
6.47000 1.07651196
6.49000 1.07542218
6.51000 1.07433682
6.53000 1.07325583
6.55000 1.07217920
6.57000 1.07110689
6.59000 1.07003887
6.61000 1.06897511
6.63000 1.06791558
6.65000 1.06686025
6.67000 1.06580910
6.69000 1.06476209
6.71000 1.06371919
6.73000 1.06268038
6.75000 1.06164563
6.77000 1.06061491
6.79000 1.05958820
6.81000 1.05856546
6.83000 1.05754667
6.85000 1.05653180
6.87000 1.05552083
6.89000 1.05451374
6.91000 1.05351048
6.93000 1.05251105
6.95000 1.05151541
6.97000 1.05052353
6.99000 1.04953541
7.01000 1.04855100
7.03000 1.04757028
7.05000 1.04659324
7.07000 1.04561984
7.09000 1.04465006
7.11000 1.04368388
7.13000 1.04272128
7.15000 1.04176223
7.17000 1.04080671
7.19000 1.03985470
7.21000 1.03890617
7.23000 1.03796111
7.25000 1.03701948
7.27000 1.03608128
7.29000 1.03514646
7.31000 1.03421503
7.33000 1.03328695
7.35000 1.03236220
7.37000 1.03144076
7.39000 1.03052261
7.41000 1.02960774
7.43000 1.02869611
7.45000 1.02778772
7.47000 1.02688253
7.49000 1.02598054
7.51000 1.02508171
7.53000 1.02418604
7.55000 1.02329350
7.57000 1.02240407
7.59000 1.02151773
7.61000 1.02063447
7.63000 1.01975427
7.65000 1.01887710
7.67000 1.01800296
7.69000 1.01713181
7.71000 1.01626365
7.73000 1.01539845
7.75000 1.01453620
7.77000 1.01367688
7.79000 1.01282048
7.81000 1.01196697
7.83000 1.01111634
7.85000 1.01026857
7.87000 1.00942364
7.89000 1.00858154
7.91000 1.00774226
7.93000 1.00690577
7.95000 1.00607206
7.97000 1.00524111
7.99000 1.00441290
8.01000 1.00358743
8.03000 1.00276468
8.05000 1.00194462
8.07000 1.00112725
8.09000 1.00031254
8.11000 0.99950049
8.13000 0.99869108
8.15000 0.99788429
8.17000 0.99708011
8.19000 0.99627852
8.21000 0.99547951
8.23000 0.99468307
8.25000 0.99388918
8.27000 0.99309782
8.29000 0.99230898
8.31000 0.99152266
8.33000 0.99073882
8.35000 0.98995747
8.37000 0.98917858
8.39000 0.98840215
8.41000 0.98762815
8.43000 0.98685658
8.45000 0.98608743
8.47000 0.98532067
8.49000 0.98455630
8.51000 0.98379430
8.53000 0.98303466
8.55000 0.98227737
8.57000 0.98152242
8.59000 0.98076978
8.61000 0.98001946
8.63000 0.97927144
8.65000 0.97852570
8.67000 0.97778223
8.69000 0.97704102
8.71000 0.97630207
8.73000 0.97556535
8.75000 0.97483085
8.77000 0.97409857
8.79000 0.97336849
8.81000 0.97264060
8.83000 0.97191489
8.85000 0.97119134
8.87000 0.97046996
8.89000 0.96975071
8.91000 0.96903360
8.93000 0.96831862
8.95000 0.96760574
8.97000 0.96689497
8.99000 0.96618628
9.01000 0.96547967
9.03000 0.96477514
9.05000 0.96407266
9.07000 0.96337222
9.09000 0.96267383
9.11000 0.96197746
9.13000 0.96128311
9.15000 0.96059076
9.17000 0.95990041
9.19000 0.95921204
9.21000 0.95852566
9.23000 0.95784123
9.25000 0.95715877
9.27000 0.95647824
9.29000 0.95579966
9.31000 0.95512300
9.33000 0.95444826
9.35000 0.95377543
9.37000 0.95310450
9.39000 0.95243546
9.41000 0.95176829
9.43000 0.95110300
9.45000 0.95043957
9.47000 0.94977799
9.49000 0.94911825
9.51000 0.94846035
9.53000 0.94780427
9.55000 0.94715001
9.57000 0.94649756
9.59000 0.94584691
9.61000 0.94519805
9.63000 0.94455096
9.65000 0.94390566
9.67000 0.94326211
9.69000 0.94262033
9.71000 0.94198029
9.73000 0.94134199
9.75000 0.94070542
9.77000 0.94007058
9.79000 0.93943745
9.81000 0.93880602
9.83000 0.93817630
9.85000 0.93754826
9.87000 0.93692191
9.89000 0.93629724
9.91000 0.93567423
9.93000 0.93505288
9.95000 0.93443318
9.97000 0.93381513
9.99000 0.93319871
10.01000 0.93258392
10.03000 0.93197076
10.05000 0.93135920
10.07000 0.93074926
10.09000 0.93014091
10.11000 0.92953415
10.13000 0.92892898
10.15000 0.92832538
10.17000 0.92772336
10.19000 0.92712290
10.21000 0.92652399
10.23000 0.92592663
10.25000 0.92533082
10.27000 0.92473653
10.29000 0.92414378
10.31000 0.92355255
10.33000 0.92296283
10.35000 0.92237462
10.37000 0.92178791
10.39000 0.92120269
10.41000 0.92061896
10.43000 0.92003671
10.45000 0.91945594
10.47000 0.91887663
10.49000 0.91829878
10.51000 0.91772239
10.53000 0.91714745
10.55000 0.91657394
10.57000 0.91600188
10.59000 0.91543124
10.61000 0.91486203
10.63000 0.91429423
10.65000 0.91372784
10.67000 0.91316286
10.69000 0.91259928
10.71000 0.91203709
10.73000 0.91147628
10.75000 0.91091686
10.77000 0.91035881
10.79000 0.90980213
10.81000 0.90924681
10.83000 0.90869284
10.85000 0.90814023
10.87000 0.90758897
10.89000 0.90703904
10.91000 0.90649045
10.93000 0.90594318
10.95000 0.90539724
10.97000 0.90485262
10.99000 0.90430930
11.01000 0.90376730
11.03000 0.90322659
11.05000 0.90268718
11.07000 0.90214906
11.09000 0.90161222
11.11000 0.90107666
11.13000 0.90054237
11.15000 0.90000935
11.17000 0.89947760
11.19000 0.89894710
11.21000 0.89841786
11.23000 0.89788986
11.25000 0.89736310
11.27000 0.89683758
11.29000 0.89631330
11.31000 0.89579024
11.33000 0.89526840
11.35000 0.89474778
11.37000 0.89422837
11.39000 0.89371017
11.41000 0.89319317
11.43000 0.89267737
11.45000 0.89216276
11.47000 0.89164933
11.49000 0.89113709
11.51000 0.89062603
11.53000 0.89011614
11.55000 0.88960742
11.57000 0.88909987
11.59000 0.88859347
11.61000 0.88808823
11.63000 0.88758413
11.65000 0.88708119
11.67000 0.88657938
11.69000 0.88607871
11.71000 0.88557917
11.73000 0.88508076
11.75000 0.88458347
11.77000 0.88408730
11.79000 0.88359225
11.81000 0.88309830
11.83000 0.88260546
11.85000 0.88211372
11.87000 0.88162308
11.89000 0.88113353
11.91000 0.88064507
11.93000 0.88015769
11.95000 0.87967139
11.97000 0.87918617
11.99000 0.87870202
12.01000 0.87821894
12.03000 0.87773692
12.05000 0.87725595
12.07000 0.87677605
12.09000 0.87629719
12.11000 0.87581938
12.13000 0.87534262
12.15000 0.87486689
12.17000 0.87439220
12.19000 0.87391854
12.21000 0.87344590
12.23000 0.87297429
12.25000 0.87250370
12.27000 0.87203413
12.29000 0.87156556
12.31000 0.87109801
12.33000 0.87063145
12.35000 0.87016590
12.37000 0.86970135
12.39000 0.86923778
12.41000 0.86877521
12.43000 0.86831362
12.45000 0.86785302
12.47000 0.86739339
12.49000 0.86693473
12.51000 0.86647705
12.53000 0.86602034
12.55000 0.86556458
12.57000 0.86510979
12.59000 0.86465596
12.61000 0.86420308
12.63000 0.86375114
12.65000 0.86330016
12.67000 0.86285011
12.69000 0.86240101
12.71000 0.86195284
12.73000 0.86150560
12.75000 0.86105930
12.77000 0.86061391
12.79000 0.86016945
12.81000 0.85972591
12.83000 0.85928329
12.85000 0.85884157
12.87000 0.85840077
12.89000 0.85796087
12.91000 0.85752187
12.93000 0.85708378
12.95000 0.85664658
12.97000 0.85621027
12.99000 0.85577485
13.01000 0.85534032
13.03000 0.85490667
13.05000 0.85447390
13.07000 0.85404201
13.09000 0.85361099
13.11000 0.85318084
13.13000 0.85275156
13.15000 0.85232315
13.17000 0.85189560
13.19000 0.85146890
13.21000 0.85104306
13.23000 0.85061807
13.25000 0.85019394
13.27000 0.84977065
13.29000 0.84934820
13.31000 0.84892659
13.33000 0.84850583
13.35000 0.84808589
13.37000 0.84766679
13.39000 0.84724852
13.41000 0.84683107
13.43000 0.84641445
13.45000 0.84599865
13.47000 0.84558366
13.49000 0.84516949
13.51000 0.84475614
13.53000 0.84434359
13.55000 0.84393185
13.57000 0.84352091
13.59000 0.84311077
13.61000 0.84270143
13.63000 0.84229289
13.65000 0.84188514
13.67000 0.84147818
13.69000 0.84107200
13.71000 0.84066662
13.73000 0.84026201
13.75000 0.83985819
13.77000 0.83945514
13.79000 0.83905286
13.81000 0.83865136
13.83000 0.83825062
13.85000 0.83785066
13.87000 0.83745145
13.89000 0.83705301
13.91000 0.83665533
13.93000 0.83625840
13.95000 0.83586223
13.97000 0.83546681
13.99000 0.83507213
14.01000 0.83467821
14.03000 0.83428502
14.05000 0.83389258
14.07000 0.83350088
14.09000 0.83310991
14.11000 0.83271968
14.13000 0.83233018
14.15000 0.83194141
14.17000 0.83155337
14.19000 0.83116605
14.21000 0.83077945
14.23000 0.83039358
14.25000 0.83000842
14.27000 0.82962397
14.29000 0.82924024
14.31000 0.82885722
14.33000 0.82847491
14.35000 0.82809330
14.37000 0.82771240
14.39000 0.82733219
14.41000 0.82695269
14.43000 0.82657388
14.45000 0.82619577
14.47000 0.82581835
14.49000 0.82544163
14.51000 0.82506558
14.53000 0.82469023
14.55000 0.82431556
14.57000 0.82394157
14.59000 0.82356826
14.61000 0.82319562
14.63000 0.82282367
14.65000 0.82245238
14.67000 0.82208176
14.69000 0.82171182
14.71000 0.82134254
14.73000 0.82097392
14.75000 0.82060597
14.77000 0.82023867
14.79000 0.81987204
14.81000 0.81950606
14.83000 0.81914073
14.85000 0.81877606
14.87000 0.81841204
14.89000 0.81804866
14.91000 0.81768593
14.93000 0.81732385
14.95000 0.81696240
14.97000 0.81660160
14.99000 0.81624143
15.01000 0.81588190
15.03000 0.81552300
15.05000 0.81516474
15.07000 0.81480710
15.09000 0.81445010
15.11000 0.81409372
15.13000 0.81373796
15.15000 0.81338283
15.17000 0.81302832
15.19000 0.81267442
15.21000 0.81232114
15.23000 0.81196848
15.25000 0.81161643
15.27000 0.81126499
15.29000 0.81091416
15.31000 0.81056394
15.33000 0.81021432
15.35000 0.80986531
15.37000 0.80951689
15.39000 0.80916908
15.41000 0.80882187
15.43000 0.80847525
15.45000 0.80812923
15.47000 0.80778380
15.49000 0.80743896
15.51000 0.80709471
15.53000 0.80675105
15.55000 0.80640798
15.57000 0.80606548
15.59000 0.80572357
15.61000 0.80538224
15.63000 0.80504149
15.65000 0.80470132
15.67000 0.80436172
15.69000 0.80402270
15.71000 0.80368425
15.73000 0.80334637
15.75000 0.80300905
15.77000 0.80267231
15.79000 0.80233613
15.81000 0.80200051
15.83000 0.80166546
15.85000 0.80133096
15.87000 0.80099702
15.89000 0.80066365
15.91000 0.80033082
15.93000 0.79999855
15.95000 0.79966684
15.97000 0.79933567
15.99000 0.79900505
16.01000 0.79867498
16.03000 0.79834546
16.05000 0.79801648
16.07000 0.79768804
16.09000 0.79736014
16.11000 0.79703278
16.13000 0.79670597
16.15000 0.79637968
16.17000 0.79605394
16.19000 0.79572872
16.21000 0.79540404
16.23000 0.79507989
16.25000 0.79475626
16.27000 0.79443317
16.29000 0.79411060
16.31000 0.79378855
16.33000 0.79346703
16.35000 0.79314603
16.37000 0.79282555
16.39000 0.79250558
16.41000 0.79218614
16.43000 0.79186721
16.45000 0.79154879
16.47000 0.79123088
16.49000 0.79091349
16.51000 0.79059661
16.53000 0.79028023
16.55000 0.78996436
16.57000 0.78964900
16.59000 0.78933414
16.61000 0.78901979
16.63000 0.78870593
16.65000 0.78839257
16.67000 0.78807972
16.69000 0.78776736
16.71000 0.78745549
16.73000 0.78714412
16.75000 0.78683324
16.77000 0.78652286
16.79000 0.78621296
16.81000 0.78590355
16.83000 0.78559463
16.85000 0.78528620
16.87000 0.78497825
16.89000 0.78467079
16.91000 0.78436380
16.93000 0.78405730
16.95000 0.78375128
16.97000 0.78344573
16.99000 0.78314066
17.01000 0.78283607
17.03000 0.78253195
17.05000 0.78222831
17.07000 0.78192513
17.09000 0.78162243
17.11000 0.78132020
17.13000 0.78101843
17.15000 0.78071713
17.17000 0.78041630
17.19000 0.78011592
17.21000 0.77981602
17.23000 0.77951657
17.25000 0.77921758
17.27000 0.77891906
17.29000 0.77862099
17.31000 0.77832338
17.33000 0.77802622
17.35000 0.77772952
17.37000 0.77743327
17.39000 0.77713747
17.41000 0.77684212
17.43000 0.77654722
17.45000 0.77625277
17.47000 0.77595877
17.49000 0.77566521
17.51000 0.77537210
17.53000 0.77507943
17.55000 0.77478720
17.57000 0.77449541
17.59000 0.77420407
17.61000 0.77391316
17.63000 0.77362269
17.65000 0.77333266
17.67000 0.77304306
17.69000 0.77275389
17.71000 0.77246516
17.73000 0.77217686
17.75000 0.77188899
17.77000 0.77160155
17.79000 0.77131454
17.81000 0.77102796
17.83000 0.77074180
17.85000 0.77045607
17.87000 0.77017076
17.89000 0.76988588
17.91000 0.76960142
17.93000 0.76931737
17.95000 0.76903375
17.97000 0.76875055
17.99000 0.76846776
18.01000 0.76818539
18.03000 0.76790343
18.05000 0.76762189
18.07000 0.76734077
18.09000 0.76706005
18.11000 0.76677975
18.13000 0.76649985
18.15000 0.76622037
18.17000 0.76594129
18.19000 0.76566262
18.21000 0.76538436
18.23000 0.76510650
18.25000 0.76482904
18.27000 0.76455199
18.29000 0.76427534
18.31000 0.76399909
18.33000 0.76372323
18.35000 0.76344778
18.37000 0.76317273
18.39000 0.76289807
18.41000 0.76262381
18.43000 0.76234994
18.45000 0.76207647
18.47000 0.76180339
18.49000 0.76153070
18.51000 0.76125840
18.53000 0.76098649
18.55000 0.76071497
18.57000 0.76044384
18.59000 0.76017309
18.61000 0.75990273
18.63000 0.75963276
18.65000 0.75936317
18.67000 0.75909396
18.69000 0.75882513
18.71000 0.75855669
18.73000 0.75828863
18.75000 0.75802094
18.77000 0.75775363
18.79000 0.75748670
18.81000 0.75722015
18.83000 0.75695397
18.85000 0.75668817
18.87000 0.75642274
18.89000 0.75615768
18.91000 0.75589300
18.93000 0.75562869
18.95000 0.75536474
18.97000 0.75510117
18.99000 0.75483796
19.01000 0.75457512
19.03000 0.75431265
19.05000 0.75405054
19.07000 0.75378880
19.09000 0.75352742
19.11000 0.75326640
19.13000 0.75300575
19.15000 0.75274545
19.17000 0.75248552
19.19000 0.75222594
19.21000 0.75196673
19.23000 0.75170787
19.25000 0.75144937
19.27000 0.75119122
19.29000 0.75093343
19.31000 0.75067600
19.33000 0.75041891
19.35000 0.75016218
19.37000 0.74990580
19.39000 0.74964978
19.41000 0.74939410
19.43000 0.74913877
19.45000 0.74888379
19.47000 0.74862915
19.49000 0.74837487
19.51000 0.74812092
19.53000 0.74786733
19.55000 0.74761408
19.57000 0.74736117
19.59000 0.74710860
19.61000 0.74685637
19.63000 0.74660449
19.65000 0.74635295
19.67000 0.74610174
19.69000 0.74585088
19.71000 0.74560035
19.73000 0.74535016
19.75000 0.74510030
19.77000 0.74485078
19.79000 0.74460159
19.81000 0.74435274
19.83000 0.74410422
19.85000 0.74385603
19.87000 0.74360818
19.89000 0.74336065
19.91000 0.74311346
19.93000 0.74286659
19.95000 0.74262005
19.97000 0.74237384
19.99000 0.74212796
20.01000 0.74188240
20.03000 0.74163717
20.05000 0.74139226
20.07000 0.74114768
20.09000 0.74090342
20.11000 0.74065948
20.13000 0.74041586
20.15000 0.74017256
20.17000 0.73992959
20.19000 0.73968693
20.21000 0.73944459
20.23000 0.73920257
20.25000 0.73896087
20.27000 0.73871948
20.29000 0.73847841
20.31000 0.73823765
20.33000 0.73799721
20.35000 0.73775708
20.37000 0.73751726
20.39000 0.73727776
20.41000 0.73703856
20.43000 0.73679968
20.45000 0.73656111
20.47000 0.73632284
20.49000 0.73608489
20.51000 0.73584724
20.53000 0.73560990
20.55000 0.73537287
20.57000 0.73513614
20.59000 0.73489972
20.61000 0.73466360
20.63000 0.73442779
20.65000 0.73419228
20.67000 0.73395707
20.69000 0.73372216
20.71000 0.73348755
20.73000 0.73325325
20.75000 0.73301924
20.77000 0.73278553
20.79000 0.73255212
20.81000 0.73231901
20.83000 0.73208619
20.85000 0.73185368
20.87000 0.73162145
20.89000 0.73138952
20.91000 0.73115789
20.93000 0.73092655
20.95000 0.73069550
20.97000 0.73046475
20.99000 0.73023429
21.01000 0.73000411
21.03000 0.72977423
21.05000 0.72954464
21.07000 0.72931534
21.09000 0.72908632
21.11000 0.72885760
21.13000 0.72862916
21.15000 0.72840101
21.17000 0.72817314
21.19000 0.72794556
21.21000 0.72771826
21.23000 0.72749125
21.25000 0.72726452
21.27000 0.72703807
21.29000 0.72681191
21.31000 0.72658603
21.33000 0.72636043
21.35000 0.72613511
21.37000 0.72591007
21.39000 0.72568530
21.41000 0.72546082
21.43000 0.72523662
21.45000 0.72501269
21.47000 0.72478904
21.49000 0.72456566
21.51000 0.72434256
21.53000 0.72411974
21.55000 0.72389719
21.57000 0.72367491
21.59000 0.72345291
21.61000 0.72323118
21.63000 0.72300972
21.65000 0.72278853
21.67000 0.72256762
21.69000 0.72234697
21.71000 0.72212660
21.73000 0.72190649
21.75000 0.72168665
21.77000 0.72146708
21.79000 0.72124778
21.81000 0.72102874
21.83000 0.72080997
21.85000 0.72059147
21.87000 0.72037323
21.89000 0.72015525
21.91000 0.71993754
21.93000 0.71972010
21.95000 0.71950291
21.97000 0.71928599
21.99000 0.71906933
22.01000 0.71885293
22.03000 0.71863679
22.05000 0.71842092
22.07000 0.71820530
22.09000 0.71798994
22.11000 0.71777484
22.13000 0.71756000
22.15000 0.71734541
22.17000 0.71713108
22.19000 0.71691701
22.21000 0.71670319
22.23000 0.71648963
22.25000 0.71627633
22.27000 0.71606328
22.29000 0.71585048
22.31000 0.71563793
22.33000 0.71542564
22.35000 0.71521360
22.37000 0.71500181
22.39000 0.71479027
22.41000 0.71457898
22.43000 0.71436795
22.45000 0.71415716
22.47000 0.71394662
22.49000 0.71373633
22.51000 0.71352629
22.53000 0.71331649
22.55000 0.71310694
22.57000 0.71289764
22.59000 0.71268859
22.61000 0.71247978
22.63000 0.71227121
22.65000 0.71206289
22.67000 0.71185481
22.69000 0.71164698
22.71000 0.71143939
22.73000 0.71123204
22.75000 0.71102493
22.77000 0.71081807
22.79000 0.71061144
22.81000 0.71040506
22.83000 0.71019891
22.85000 0.70999301
22.87000 0.70978734
22.89000 0.70958192
22.91000 0.70937673
22.93000 0.70917178
22.95000 0.70896706
22.97000 0.70876258
22.99000 0.70855834
23.01000 0.70835433
23.03000 0.70815056
23.05000 0.70794703
23.07000 0.70774372
23.09000 0.70754066
23.11000 0.70733782
23.13000 0.70713522
23.15000 0.70693285
23.17000 0.70673071
23.19000 0.70652880
23.21000 0.70632713
23.23000 0.70612568
23.25000 0.70592446
23.27000 0.70572348
23.29000 0.70552272
23.31000 0.70532219
23.33000 0.70512189
23.35000 0.70492182
23.37000 0.70472197
23.39000 0.70452235
23.41000 0.70432296
23.43000 0.70412379
23.45000 0.70392485
23.47000 0.70372614
23.49000 0.70352764
23.51000 0.70332938
23.53000 0.70313133
23.55000 0.70293351
23.57000 0.70273592
23.59000 0.70253854
23.61000 0.70234139
23.63000 0.70214445
23.65000 0.70194774
23.67000 0.70175125
23.69000 0.70155498
23.71000 0.70135893
23.73000 0.70116310
23.75000 0.70096749
23.77000 0.70077209
23.79000 0.70057692
23.81000 0.70038196
23.83000 0.70018722
23.85000 0.69999269
23.87000 0.69979839
23.89000 0.69960429
23.91000 0.69941042
23.93000 0.69921676
23.95000 0.69902331
23.97000 0.69883008
23.99000 0.69863706
24.01000 0.69844425
24.03000 0.69825166
24.05000 0.69805928
24.07000 0.69786711
24.09000 0.69767515
24.11000 0.69748341
24.13000 0.69729188
24.15000 0.69710055
24.17000 0.69690944
24.19000 0.69671854
24.21000 0.69652784
24.23000 0.69633736
24.25000 0.69614708
24.27000 0.69595701
24.29000 0.69576715
24.31000 0.69557750
24.33000 0.69538805
24.35000 0.69519881
24.37000 0.69500978
24.39000 0.69482095
24.41000 0.69463233
24.43000 0.69444391
24.45000 0.69425570
24.47000 0.69406769
24.49000 0.69387988
24.51000 0.69369228
24.53000 0.69350488
24.55000 0.69331769
24.57000 0.69313069
24.59000 0.69294390
24.61000 0.69275731
24.63000 0.69257092
24.65000 0.69238473
24.67000 0.69219874
24.69000 0.69201296
24.71000 0.69182737
24.73000 0.69164198
24.75000 0.69145679
24.77000 0.69127180
24.79000 0.69108700
24.81000 0.69090241
24.83000 0.69071801
24.85000 0.69053381
24.87000 0.69034980
24.89000 0.69016599
24.91000 0.68998238
24.93000 0.68979896
24.95000 0.68961574
24.97000 0.68943271
24.99000 0.68924988
25.01000 0.68906724
25.03000 0.68888479
25.05000 0.68870254
25.07000 0.68852048
25.09000 0.68833862
25.11000 0.68815694
25.13000 0.68797546
25.15000 0.68779417
25.17000 0.68761307
25.19000 0.68743216
25.21000 0.68725145
25.23000 0.68707092
25.25000 0.68689058
25.27000 0.68671043
25.29000 0.68653047
25.31000 0.68635070
25.33000 0.68617112
25.35000 0.68599173
25.37000 0.68581252
25.39000 0.68563350
25.41000 0.68545467
25.43000 0.68527602
25.45000 0.68509757
25.47000 0.68491929
25.49000 0.68474121
25.51000 0.68456330
25.53000 0.68438559
25.55000 0.68420806
25.57000 0.68403071
25.59000 0.68385355
25.61000 0.68367657
25.63000 0.68349977
25.65000 0.68332316
25.67000 0.68314672
25.69000 0.68297048
25.71000 0.68279441
25.73000 0.68261852
25.75000 0.68244282
25.77000 0.68226730
25.79000 0.68209196
25.81000 0.68191680
25.83000 0.68174181
25.85000 0.68156701
25.87000 0.68139239
25.89000 0.68121795
25.91000 0.68104368
25.93000 0.68086960
25.95000 0.68069569
25.97000 0.68052196
25.99000 0.68034841
26.01000 0.68017503
26.03000 0.68000183
26.05000 0.67982881
26.07000 0.67965597
26.09000 0.67948330
26.11000 0.67931080
26.13000 0.67913848
26.15000 0.67896634
26.17000 0.67879437
26.19000 0.67862258
26.21000 0.67845095
26.23000 0.67827951
26.25000 0.67810823
26.27000 0.67793713
26.29000 0.67776621
26.31000 0.67759545
26.33000 0.67742487
26.35000 0.67725446
26.37000 0.67708422
26.39000 0.67691415
26.41000 0.67674425
26.43000 0.67657452
26.45000 0.67640497
26.47000 0.67623558
26.49000 0.67606637
26.51000 0.67589732
26.53000 0.67572844
26.55000 0.67555973
26.57000 0.67539119
26.59000 0.67522282
26.61000 0.67505462
26.63000 0.67488658
26.65000 0.67471871
26.67000 0.67455101
26.69000 0.67438348
26.71000 0.67421611
26.73000 0.67404891
26.75000 0.67388187
26.77000 0.67371500
26.79000 0.67354829
26.81000 0.67338175
26.83000 0.67321538
26.85000 0.67304917
26.87000 0.67288312
26.89000 0.67271724
26.91000 0.67255152
26.93000 0.67238597
26.95000 0.67222058
26.97000 0.67205535
26.99000 0.67189028
27.01000 0.67172538
27.03000 0.67156063
27.05000 0.67139605
27.07000 0.67123163
27.09000 0.67106738
27.11000 0.67090328
27.13000 0.67073934
27.15000 0.67057557
27.17000 0.67041195
27.19000 0.67024850
27.21000 0.67008520
27.23000 0.66992206
27.25000 0.66975908
27.27000 0.66959626
27.29000 0.66943360
27.31000 0.66927110
27.33000 0.66910875
27.35000 0.66894657
27.37000 0.66878454
27.39000 0.66862266
27.41000 0.66846095
27.43000 0.66829939
27.45000 0.66813798
27.47000 0.66797674
27.49000 0.66781565
27.51000 0.66765471
27.53000 0.66749393
27.55000 0.66733330
27.57000 0.66717283
27.59000 0.66701252
27.61000 0.66685235
27.63000 0.66669234
27.65000 0.66653249
27.67000 0.66637279
27.69000 0.66621324
27.71000 0.66605384
27.73000 0.66589460
27.75000 0.66573551
27.77000 0.66557657
27.79000 0.66541779
27.81000 0.66525915
27.83000 0.66510067
27.85000 0.66494234
27.87000 0.66478416
27.89000 0.66462613
27.91000 0.66446825
27.93000 0.66431051
27.95000 0.66415293
27.97000 0.66399550
27.99000 0.66383822
28.01000 0.66368109
28.03000 0.66352411
28.05000 0.66336727
28.07000 0.66321059
28.09000 0.66305405
28.11000 0.66289766
28.13000 0.66274142
28.15000 0.66258532
28.17000 0.66242937
28.19000 0.66227357
28.21000 0.66211792
28.23000 0.66196241
28.25000 0.66180705
28.27000 0.66165183
28.29000 0.66149676
28.31000 0.66134184
28.33000 0.66118706
28.35000 0.66103242
28.37000 0.66087793
28.39000 0.66072359
28.41000 0.66056939
28.43000 0.66041533
28.45000 0.66026142
28.47000 0.66010765
28.49000 0.65995402
28.51000 0.65980054
28.53000 0.65964720
28.55000 0.65949400
28.57000 0.65934095
28.59000 0.65918803
28.61000 0.65903526
28.63000 0.65888263
28.65000 0.65873015
28.67000 0.65857780
28.69000 0.65842559
28.71000 0.65827353
28.73000 0.65812161
28.75000 0.65796982
28.77000 0.65781818
28.79000 0.65766667
28.81000 0.65751531
28.83000 0.65736409
28.85000 0.65721300
28.87000 0.65706205
28.89000 0.65691125
28.91000 0.65676058
28.93000 0.65661005
28.95000 0.65645965
28.97000 0.65630940
28.99000 0.65615928
29.01000 0.65600930
29.03000 0.65585946
29.05000 0.65570976
29.07000 0.65556019
29.09000 0.65541076
29.11000 0.65526146
29.13000 0.65511230
29.15000 0.65496328
29.17000 0.65481439
29.19000 0.65466564
29.21000 0.65451702
29.23000 0.65436854
29.25000 0.65422019
29.27000 0.65407198
29.29000 0.65392390
29.31000 0.65377595
29.33000 0.65362814
29.35000 0.65348047
29.37000 0.65333292
29.39000 0.65318551
29.41000 0.65303824
29.43000 0.65289109
29.45000 0.65274408
29.47000 0.65259721
29.49000 0.65245046
29.51000 0.65230385
29.53000 0.65215736
29.55000 0.65201101
29.57000 0.65186479
29.59000 0.65171871
29.61000 0.65157275
29.63000 0.65142692
29.65000 0.65128123
29.67000 0.65113566
29.69000 0.65099023
29.71000 0.65084493
29.73000 0.65069975
29.75000 0.65055471
29.77000 0.65040979
29.79000 0.65026500
29.81000 0.65012035
29.83000 0.64997582
29.85000 0.64983142
29.87000 0.64968715
29.89000 0.64954300
29.91000 0.64939899
29.93000 0.64925510
29.95000 0.64911134
29.97000 0.64896771
29.99000 0.64882420
30.01000 0.64868082
30.03000 0.64853757
30.05000 0.64839445
30.07000 0.64825145
30.09000 0.64810858
30.11000 0.64796583
30.13000 0.64782321
30.15000 0.64768072
30.17000 0.64753835
30.19000 0.64739610
30.21000 0.64725399
30.23000 0.64711199
30.25000 0.64697012
30.27000 0.64682838
30.29000 0.64668676
30.31000 0.64654526
30.33000 0.64640389
30.35000 0.64626264
30.37000 0.64612151
30.39000 0.64598051
30.41000 0.64583963
30.43000 0.64569888
30.45000 0.64555825
30.47000 0.64541773
30.49000 0.64527735
30.51000 0.64513708
30.53000 0.64499694
30.55000 0.64485692
30.57000 0.64471702
30.59000 0.64457724
30.61000 0.64443758
30.63000 0.64429804
30.65000 0.64415863
30.67000 0.64401933
30.69000 0.64388016
30.71000 0.64374111
30.73000 0.64360217
30.75000 0.64346336
30.77000 0.64332467
30.79000 0.64318609
30.81000 0.64304764
30.83000 0.64290930
30.85000 0.64277109
30.87000 0.64263299
30.89000 0.64249501
30.91000 0.64235715
30.93000 0.64221941
30.95000 0.64208179
30.97000 0.64194428
30.99000 0.64180690
31.01000 0.64166963
31.03000 0.64153248
31.05000 0.64139544
31.07000 0.64125852
31.09000 0.64112172
31.11000 0.64098504
31.13000 0.64084847
31.15000 0.64071202
31.17000 0.64057569
31.19000 0.64043947
31.21000 0.64030337
31.23000 0.64016738
31.25000 0.64003151
31.27000 0.63989576
31.29000 0.63976012
31.31000 0.63962459
31.33000 0.63948918
31.35000 0.63935388
31.37000 0.63921870
31.39000 0.63908364
31.41000 0.63894869
31.43000 0.63881385
31.45000 0.63867912
31.47000 0.63854451
31.49000 0.63841002
31.51000 0.63827563
31.53000 0.63814136
31.55000 0.63800720
31.57000 0.63787316
31.59000 0.63773923
31.61000 0.63760541
31.63000 0.63747170
31.65000 0.63733811
31.67000 0.63720463
31.69000 0.63707126
31.71000 0.63693800
31.73000 0.63680485
31.75000 0.63667181
31.77000 0.63653889
31.79000 0.63640608
31.81000 0.63627337
31.83000 0.63614078
31.85000 0.63600830
31.87000 0.63587593
31.89000 0.63574367
31.91000 0.63561152
31.93000 0.63547948
31.95000 0.63534755
31.97000 0.63521573
31.99000 0.63508402
32.01000 0.63495241
32.03000 0.63482092
32.05000 0.63468954
32.07000 0.63455826
32.09000 0.63442710
32.11000 0.63429604
32.13000 0.63416509
32.15000 0.63403425
32.17000 0.63390351
32.19000 0.63377289
32.21000 0.63364237
32.23000 0.63351196
32.25000 0.63338166
32.27000 0.63325146
32.29000 0.63312137
32.31000 0.63299139
32.33000 0.63286152
32.35000 0.63273175
32.37000 0.63260209
32.39000 0.63247253
32.41000 0.63234309
32.43000 0.63221374
32.45000 0.63208451
32.47000 0.63195537
32.49000 0.63182635
32.51000 0.63169743
32.53000 0.63156861
32.55000 0.63143990
32.57000 0.63131130
32.59000 0.63118280
32.61000 0.63105440
32.63000 0.63092611
32.65000 0.63079793
32.67000 0.63066985
32.69000 0.63054187
32.71000 0.63041399
32.73000 0.63028622
32.75000 0.63015856
32.77000 0.63003100
32.79000 0.62990354
32.81000 0.62977618
32.83000 0.62964893
32.85000 0.62952178
32.87000 0.62939473
32.89000 0.62926778
32.91000 0.62914094
32.93000 0.62901420
32.95000 0.62888756
32.97000 0.62876103
32.99000 0.62863459
33.01000 0.62850826
33.03000 0.62838203
33.05000 0.62825590
33.07000 0.62812987
33.09000 0.62800395
33.11000 0.62787812
33.13000 0.62775240
33.15000 0.62762677
33.17000 0.62750125
33.19000 0.62737583
33.21000 0.62725050
33.23000 0.62712528
33.25000 0.62700016
33.27000 0.62687514
33.29000 0.62675021
33.31000 0.62662539
33.33000 0.62650067
33.35000 0.62637604
33.37000 0.62625152
33.39000 0.62612709
33.41000 0.62600277
33.43000 0.62587854
33.45000 0.62575441
33.47000 0.62563038
33.49000 0.62550645
33.51000 0.62538261
33.53000 0.62525888
33.55000 0.62513524
33.57000 0.62501170
33.59000 0.62488826
33.61000 0.62476491
33.63000 0.62464166
33.65000 0.62451851
33.67000 0.62439546
33.69000 0.62427251
33.71000 0.62414965
33.73000 0.62402688
33.75000 0.62390422
33.77000 0.62378165
33.79000 0.62365918
33.81000 0.62353680
33.83000 0.62341452
33.85000 0.62329234
33.87000 0.62317025
33.89000 0.62304826
33.91000 0.62292636
33.93000 0.62280456
33.95000 0.62268285
33.97000 0.62256124
33.99000 0.62243972
34.01000 0.62231830
34.03000 0.62219698
34.05000 0.62207575
34.07000 0.62195461
34.09000 0.62183357
34.11000 0.62171262
34.13000 0.62159176
34.15000 0.62147100
34.17000 0.62135034
34.19000 0.62122976
34.21000 0.62110929
34.23000 0.62098890
34.25000 0.62086861
34.27000 0.62074841
34.29000 0.62062830
34.31000 0.62050829
34.33000 0.62038837
34.35000 0.62026855
34.37000 0.62014881
34.39000 0.62002917
34.41000 0.61990962
34.43000 0.61979016
34.45000 0.61967080
34.47000 0.61955153
34.49000 0.61943235
34.51000 0.61931326
34.53000 0.61919426
34.55000 0.61907535
34.57000 0.61895654
34.59000 0.61883781
34.61000 0.61871918
34.63000 0.61860064
34.65000 0.61848219
34.67000 0.61836383
34.69000 0.61824556
34.71000 0.61812738
34.73000 0.61800930
34.75000 0.61789130
34.77000 0.61777339
34.79000 0.61765557
34.81000 0.61753785
34.83000 0.61742021
34.85000 0.61730266
34.87000 0.61718520
34.89000 0.61706783
34.91000 0.61695055
34.93000 0.61683336
34.95000 0.61671626
34.97000 0.61659925
34.99000 0.61648233
35.01000 0.61636549
35.03000 0.61624875
35.05000 0.61613209
35.07000 0.61601552
35.09000 0.61589904
35.11000 0.61578265
35.13000 0.61566634
35.15000 0.61555012
35.17000 0.61543400
35.19000 0.61531795
35.21000 0.61520200
35.23000 0.61508613
35.25000 0.61497036
35.27000 0.61485466
35.29000 0.61473906
35.31000 0.61462354
35.33000 0.61450811
35.35000 0.61439277
35.37000 0.61427751
35.39000 0.61416234
35.41000 0.61404726
35.43000 0.61393226
35.45000 0.61381735
35.47000 0.61370252
35.49000 0.61358778
35.51000 0.61347313
35.53000 0.61335856
35.55000 0.61324408
35.57000 0.61312968
35.59000 0.61301537
35.61000 0.61290114
35.63000 0.61278700
35.65000 0.61267294
35.67000 0.61255897
35.69000 0.61244509
35.71000 0.61233129
35.73000 0.61221757
35.75000 0.61210394
35.77000 0.61199039
35.79000 0.61187693
35.81000 0.61176355
35.83000 0.61165025
35.85000 0.61153704
35.87000 0.61142391
35.89000 0.61131087
35.91000 0.61119791
35.93000 0.61108503
35.95000 0.61097224
35.97000 0.61085953
35.99000 0.61074691
36.01000 0.61063436
36.03000 0.61052190
36.05000 0.61040952
36.07000 0.61029723
36.09000 0.61018502
36.11000 0.61007289
36.13000 0.60996084
36.15000 0.60984888
36.17000 0.60973700
36.19000 0.60962520
36.21000 0.60951348
36.23000 0.60940184
36.25000 0.60929029
36.27000 0.60917882
36.29000 0.60906742
36.31000 0.60895612
36.33000 0.60884489
36.35000 0.60873374
36.37000 0.60862268
36.39000 0.60851169
36.41000 0.60840079
36.43000 0.60828997
36.45000 0.60817922
36.47000 0.60806856
36.49000 0.60795798
36.51000 0.60784748
36.53000 0.60773706
36.55000 0.60762673
36.57000 0.60751647
36.59000 0.60740629
36.61000 0.60729619
36.63000 0.60718617
36.65000 0.60707623
36.67000 0.60696637
36.69000 0.60685659
36.71000 0.60674689
36.73000 0.60663727
36.75000 0.60652773
36.77000 0.60641827
36.79000 0.60630888
36.81000 0.60619958
36.83000 0.60609035
36.85000 0.60598120
36.87000 0.60587214
36.89000 0.60576315
36.91000 0.60565424
36.93000 0.60554540
36.95000 0.60543665
36.97000 0.60532797
36.99000 0.60521937
37.01000 0.60511085
37.03000 0.60500241
37.05000 0.60489405
37.07000 0.60478576
37.09000 0.60467755
37.11000 0.60456942
37.13000 0.60446136
37.15000 0.60435339
37.17000 0.60424549
37.19000 0.60413766
37.21000 0.60402992
37.23000 0.60392225
37.25000 0.60381466
37.27000 0.60370714
37.29000 0.60359970
37.31000 0.60349234
37.33000 0.60338505
37.35000 0.60327784
37.37000 0.60317071
37.39000 0.60306365
37.41000 0.60295667
37.43000 0.60284977
37.45000 0.60274294
37.47000 0.60263618
37.49000 0.60252951
37.51000 0.60242290
37.53000 0.60231638
37.55000 0.60220993
37.57000 0.60210355
37.59000 0.60199725
37.61000 0.60189102
37.63000 0.60178487
37.65000 0.60167880
37.67000 0.60157280
37.69000 0.60146687
37.71000 0.60136102
37.73000 0.60125524
37.75000 0.60114954
37.77000 0.60104391
37.79000 0.60093836
37.81000 0.60083288
37.83000 0.60072747
37.85000 0.60062214
37.87000 0.60051688
37.89000 0.60041170
37.91000 0.60030659
37.93000 0.60020155
37.95000 0.60009659
37.97000 0.59999170
37.99000 0.59988688
38.01000 0.59978214
38.03000 0.59967747
38.05000 0.59957288
38.07000 0.59946835
38.09000 0.59936390
38.11000 0.59925953
38.13000 0.59915522
38.15000 0.59905099
38.17000 0.59894683
38.19000 0.59884274
38.21000 0.59873873
38.23000 0.59863478
38.25000 0.59853091
38.27000 0.59842712
38.29000 0.59832339
38.31000 0.59821974
38.33000 0.59811615
38.35000 0.59801264
38.37000 0.59790921
38.39000 0.59780584
38.41000 0.59770254
38.43000 0.59759932
38.45000 0.59749617
38.47000 0.59739308
38.49000 0.59729007
38.51000 0.59718714
38.53000 0.59708427
38.55000 0.59698147
38.57000 0.59687874
38.59000 0.59677609
38.61000 0.59667350
38.63000 0.59657099
38.65000 0.59646854
38.67000 0.59636617
38.69000 0.59626387
38.71000 0.59616163
38.73000 0.59605947
38.75000 0.59595738
38.77000 0.59585536
38.79000 0.59575340
38.81000 0.59565152
38.83000 0.59554971
38.85000 0.59544796
38.87000 0.59534629
38.89000 0.59524469
38.91000 0.59514315
38.93000 0.59504168
38.95000 0.59494029
38.97000 0.59483896
38.99000 0.59473770
39.01000 0.59463651
39.03000 0.59453539
39.05000 0.59443434
39.07000 0.59433336
39.09000 0.59423244
39.11000 0.59413160
39.13000 0.59403082
39.15000 0.59393011
39.17000 0.59382947
39.19000 0.59372890
39.21000 0.59362840
39.23000 0.59352796
39.25000 0.59342759
39.27000 0.59332729
39.29000 0.59322706
39.31000 0.59312690
39.33000 0.59302680
39.35000 0.59292677
39.37000 0.59282681
39.39000 0.59272691
39.41000 0.59262709
39.43000 0.59252733
39.45000 0.59242764
39.47000 0.59232801
39.49000 0.59222845
39.51000 0.59212896
39.53000 0.59202954
39.55000 0.59193018
39.57000 0.59183089
39.59000 0.59173167
39.61000 0.59163251
39.63000 0.59153342
39.65000 0.59143439
39.67000 0.59133544
39.69000 0.59123654
39.71000 0.59113772
39.73000 0.59103896
39.75000 0.59094027
39.77000 0.59084164
39.79000 0.59074308
39.81000 0.59064458
39.83000 0.59054615
39.85000 0.59044779
39.87000 0.59034949
39.89000 0.59025126
39.91000 0.59015309
39.93000 0.59005498
39.95000 0.58995695
39.97000 0.58985898
39.99000 0.58976107
40.01000 0.58966323
40.03000 0.58956545
40.05000 0.58946774
40.07000 0.58937009
40.09000 0.58927251
40.11000 0.58917499
40.13000 0.58907754
40.15000 0.58898015
40.17000 0.58888282
40.19000 0.58878556
40.21000 0.58868837
40.23000 0.58859124
40.25000 0.58849417
40.27000 0.58839717
40.29000 0.58830023
40.31000 0.58820335
40.33000 0.58810654
40.35000 0.58800979
40.37000 0.58791311
40.39000 0.58781649
40.41000 0.58771993
40.43000 0.58762344
40.45000 0.58752701
40.47000 0.58743064
40.49000 0.58733434
40.51000 0.58723810
40.53000 0.58714192
40.55000 0.58704581
40.57000 0.58694976
40.59000 0.58685377
40.61000 0.58675785
40.63000 0.58666198
40.65000 0.58656618
40.67000 0.58647045
40.69000 0.58637477
40.71000 0.58627916
40.73000 0.58618361
40.75000 0.58608812
40.77000 0.58599270
40.79000 0.58589733
40.81000 0.58580203
40.83000 0.58570679
40.85000 0.58561162
40.87000 0.58551650
40.89000 0.58542145
40.91000 0.58532646
40.93000 0.58523153
40.95000 0.58513666
40.97000 0.58504185
40.99000 0.58494711
41.01000 0.58485243
41.03000 0.58475780
41.05000 0.58466324
41.07000 0.58456874
41.09000 0.58447430
41.11000 0.58437993
41.13000 0.58428561
41.15000 0.58419136
41.17000 0.58409716
41.19000 0.58400303
41.21000 0.58390895
41.23000 0.58381494
41.25000 0.58372099
41.27000 0.58362710
41.29000 0.58353327
41.31000 0.58343950
41.33000 0.58334578
41.35000 0.58325213
41.37000 0.58315854
41.39000 0.58306501
41.41000 0.58297155
41.43000 0.58287814
41.45000 0.58278479
41.47000 0.58269150
41.49000 0.58259826
41.51000 0.58250509
41.53000 0.58241198
41.55000 0.58231893
41.57000 0.58222594
41.59000 0.58213301
41.61000 0.58204013
41.63000 0.58194732
41.65000 0.58185457
41.67000 0.58176187
41.69000 0.58166923
41.71000 0.58157666
41.73000 0.58148414
41.75000 0.58139168
41.77000 0.58129928
41.79000 0.58120694
41.81000 0.58111465
41.83000 0.58102243
41.85000 0.58093026
41.87000 0.58083816
41.89000 0.58074611
41.91000 0.58065412
41.93000 0.58056219
41.95000 0.58047031
41.97000 0.58037850
41.99000 0.58028674
42.01000 0.58019504
42.03000 0.58010340
42.05000 0.58001181
42.07000 0.57992029
42.09000 0.57982882
42.11000 0.57973741
42.13000 0.57964606
42.15000 0.57955476
42.17000 0.57946353
42.19000 0.57937235
42.21000 0.57928122
42.23000 0.57919016
42.25000 0.57909915
42.27000 0.57900820
42.29000 0.57891731
42.31000 0.57882647
42.33000 0.57873569
42.35000 0.57864497
42.37000 0.57855430
42.39000 0.57846369
42.41000 0.57837314
42.43000 0.57828265
42.45000 0.57819221
42.47000 0.57810183
42.49000 0.57801150
42.51000 0.57792123
42.53000 0.57783102
42.55000 0.57774087
42.57000 0.57765077
42.59000 0.57756072
42.61000 0.57747074
42.63000 0.57738081
42.65000 0.57729093
42.67000 0.57720111
42.69000 0.57711135
42.71000 0.57702164
42.73000 0.57693199
42.75000 0.57684240
42.77000 0.57675286
42.79000 0.57666337
42.81000 0.57657394
42.83000 0.57648457
42.85000 0.57639525
42.87000 0.57630599
42.89000 0.57621678
42.91000 0.57612763
42.93000 0.57603853
42.95000 0.57594949
42.97000 0.57586051
42.99000 0.57577157
43.01000 0.57568270
43.03000 0.57559388
43.05000 0.57550511
43.07000 0.57541640
43.09000 0.57532774
43.11000 0.57523914
43.13000 0.57515059
43.15000 0.57506210
43.17000 0.57497366
43.19000 0.57488528
43.21000 0.57479695
43.23000 0.57470867
43.25000 0.57462045
43.27000 0.57453228
43.29000 0.57444417
43.31000 0.57435611
43.33000 0.57426810
43.35000 0.57418015
43.37000 0.57409226
43.39000 0.57400441
43.41000 0.57391662
43.43000 0.57382889
43.45000 0.57374121
43.47000 0.57365358
43.49000 0.57356600
43.51000 0.57347848
43.53000 0.57339102
43.55000 0.57330360
43.57000 0.57321624
43.59000 0.57312893
43.61000 0.57304168
43.63000 0.57295448
43.65000 0.57286733
43.67000 0.57278023
43.69000 0.57269319
43.71000 0.57260620
43.73000 0.57251927
43.75000 0.57243238
43.77000 0.57234555
43.79000 0.57225877
43.81000 0.57217205
43.83000 0.57208537
43.85000 0.57199875
43.87000 0.57191219
43.89000 0.57182567
43.91000 0.57173921
43.93000 0.57165280
43.95000 0.57156644
43.97000 0.57148013
43.99000 0.57139388
44.01000 0.57130768
44.03000 0.57122153
44.05000 0.57113543
44.07000 0.57104938
44.09000 0.57096339
44.11000 0.57087745
44.13000 0.57079156
44.15000 0.57070572
44.17000 0.57061993
44.19000 0.57053420
44.21000 0.57044851
44.23000 0.57036288
44.25000 0.57027730
44.27000 0.57019177
44.29000 0.57010629
44.31000 0.57002087
44.33000 0.56993549
44.35000 0.56985017
44.37000 0.56976489
44.39000 0.56967967
44.41000 0.56959450
44.43000 0.56950938
44.45000 0.56942431
44.47000 0.56933929
44.49000 0.56925432
44.51000 0.56916941
44.53000 0.56908454
44.55000 0.56899972
44.57000 0.56891496
44.59000 0.56883024
44.61000 0.56874558
44.63000 0.56866097
44.65000 0.56857640
44.67000 0.56849189
44.69000 0.56840743
44.71000 0.56832302
44.73000 0.56823865
44.75000 0.56815434
44.77000 0.56807008
44.79000 0.56798587
44.81000 0.56790171
44.83000 0.56781759
44.85000 0.56773353
44.87000 0.56764952
44.89000 0.56756556
44.91000 0.56748164
44.93000 0.56739778
44.95000 0.56731397
44.97000 0.56723020
44.99000 0.56714649
45.01000 0.56706282
45.03000 0.56697921
45.05000 0.56689564
45.07000 0.56681212
45.09000 0.56672866
45.11000 0.56664524
45.13000 0.56656187
45.15000 0.56647855
45.17000 0.56639528
45.19000 0.56631205
45.21000 0.56622888
45.23000 0.56614576
45.25000 0.56606268
45.27000 0.56597965
45.29000 0.56589667
45.31000 0.56581374
45.33000 0.56573086
45.35000 0.56564803
45.37000 0.56556525
45.39000 0.56548251
45.41000 0.56539983
45.43000 0.56531719
45.45000 0.56523460
45.47000 0.56515206
45.49000 0.56506956
45.51000 0.56498712
45.53000 0.56490472
45.55000 0.56482237
45.57000 0.56474007
45.59000 0.56465782
45.61000 0.56457561
45.63000 0.56449345
45.65000 0.56441134
45.67000 0.56432928
45.69000 0.56424727
45.71000 0.56416530
45.73000 0.56408338
45.75000 0.56400151
45.77000 0.56391969
45.79000 0.56383791
45.81000 0.56375619
45.83000 0.56367450
45.85000 0.56359287
45.87000 0.56351129
45.89000 0.56342975
45.91000 0.56334825
45.93000 0.56326681
45.95000 0.56318541
45.97000 0.56310406
45.99000 0.56302276
46.01000 0.56294150
46.03000 0.56286029
46.05000 0.56277913
46.07000 0.56269801
46.09000 0.56261695
46.11000 0.56253592
46.13000 0.56245495
46.15000 0.56237402
46.17000 0.56229314
46.19000 0.56221230
46.21000 0.56213151
46.23000 0.56205077
46.25000 0.56197007
46.27000 0.56188942
46.29000 0.56180882
46.31000 0.56172826
46.33000 0.56164775
46.35000 0.56156729
46.37000 0.56148687
46.39000 0.56140650
46.41000 0.56132617
46.43000 0.56124589
46.45000 0.56116565
46.47000 0.56108546
46.49000 0.56100532
46.51000 0.56092522
46.53000 0.56084517
46.55000 0.56076517
46.57000 0.56068521
46.59000 0.56060529
46.61000 0.56052543
46.63000 0.56044560
46.65000 0.56036582
46.67000 0.56028609
46.69000 0.56020641
46.71000 0.56012676
46.73000 0.56004717
46.75000 0.55996762
46.77000 0.55988811
46.79000 0.55980865
46.81000 0.55972924
46.83000 0.55964987
46.85000 0.55957054
46.87000 0.55949126
46.89000 0.55941203
46.91000 0.55933283
46.93000 0.55925369
46.95000 0.55917459
46.97000 0.55909553
46.99000 0.55901652
47.01000 0.55893756
47.03000 0.55885863
47.05000 0.55877976
47.07000 0.55870092
47.09000 0.55862214
47.11000 0.55854339
47.13000 0.55846469
47.15000 0.55838604
47.17000 0.55830743
47.19000 0.55822886
47.21000 0.55815034
47.23000 0.55807186
47.25000 0.55799343
47.27000 0.55791504
47.29000 0.55783669
47.31000 0.55775839
47.33000 0.55768013
47.35000 0.55760192
47.37000 0.55752375
47.39000 0.55744563
47.41000 0.55736754
47.43000 0.55728951
47.45000 0.55721151
47.47000 0.55713356
47.49000 0.55705565
47.51000 0.55697779
47.53000 0.55689997
47.55000 0.55682219
47.57000 0.55674446
47.59000 0.55666677
47.61000 0.55658913
47.63000 0.55651152
47.65000 0.55643396
47.67000 0.55635645
47.69000 0.55627898
47.71000 0.55620155
47.73000 0.55612416
47.75000 0.55604682
47.77000 0.55596952
47.79000 0.55589226
47.81000 0.55581504
47.83000 0.55573787
47.85000 0.55566074
47.87000 0.55558366
47.89000 0.55550661
47.91000 0.55542961
47.93000 0.55535266
47.95000 0.55527574
47.97000 0.55519887
47.99000 0.55512204
48.01000 0.55504525
48.03000 0.55496851
48.05000 0.55489181
48.07000 0.55481515
48.09000 0.55473853
48.11000 0.55466195
48.13000 0.55458542
48.15000 0.55450893
48.17000 0.55443248
48.19000 0.55435608
48.21000 0.55427971
48.23000 0.55420339
48.25000 0.55412711
48.27000 0.55405087
48.29000 0.55397468
48.31000 0.55389852
48.33000 0.55382241
48.35000 0.55374634
48.37000 0.55367031
48.39000 0.55359433
48.41000 0.55351838
48.43000 0.55344248
48.45000 0.55336662
48.47000 0.55329080
48.49000 0.55321502
48.51000 0.55313929
48.53000 0.55306359
48.55000 0.55298794
48.57000 0.55291232
48.59000 0.55283675
48.61000 0.55276122
48.63000 0.55268574
48.65000 0.55261029
48.67000 0.55253488
48.69000 0.55245952
48.71000 0.55238420
48.73000 0.55230891
48.75000 0.55223367
48.77000 0.55215847
48.79000 0.55208331
48.81000 0.55200819
48.83000 0.55193312
48.85000 0.55185808
48.87000 0.55178309
48.89000 0.55170813
48.91000 0.55163322
48.93000 0.55155834
48.95000 0.55148351
48.97000 0.55140872
48.99000 0.55133397
49.01000 0.55125926
49.03000 0.55118459
49.05000 0.55110996
49.07000 0.55103537
49.09000 0.55096082
49.11000 0.55088631
49.13000 0.55081184
49.15000 0.55073741
49.17000 0.55066302
49.19000 0.55058868
49.21000 0.55051437
49.23000 0.55044010
49.25000 0.55036587
49.27000 0.55029169
49.29000 0.55021754
49.31000 0.55014343
49.33000 0.55006937
49.35000 0.54999534
49.37000 0.54992135
49.39000 0.54984740
49.41000 0.54977350
49.43000 0.54969963
49.45000 0.54962580
49.47000 0.54955201
49.49000 0.54947826
49.51000 0.54940455
49.53000 0.54933088
49.55000 0.54925725
49.57000 0.54918366
49.59000 0.54911011
49.61000 0.54903660
49.63000 0.54896313
49.65000 0.54888969
49.67000 0.54881630
49.69000 0.54874294
49.71000 0.54866963
49.73000 0.54859635
49.75000 0.54852312
49.77000 0.54844992
49.79000 0.54837676
49.81000 0.54830364
49.83000 0.54823056
49.85000 0.54815752
49.87000 0.54808451
49.89000 0.54801155
49.91000 0.54793863
49.93000 0.54786574
49.95000 0.54779289
49.97000 0.54772008
49.99000 0.54764731
50.01000 0.54757458
50.03000 0.54750189
50.05000 0.54742924
50.07000 0.54735662
50.09000 0.54728405
50.11000 0.54721151
50.13000 0.54713901
50.15000 0.54706655
50.17000 0.54699412
50.19000 0.54692174
50.21000 0.54684939
50.23000 0.54677709
50.25000 0.54670482
