0.25000 3.04063908
0.27000 2.96362754
0.29000 2.89386906
0.31000 2.83024682
0.33000 2.77187450
0.35000 2.71803803
0.37000 2.66815447
0.39000 2.62174234
0.41000 2.57839979
0.43000 2.53778830
0.45000 2.49962027
0.47000 2.46364951
0.49000 2.42966380
0.51000 2.39747903
0.53000 2.36693457
0.55000 2.33788950
0.57000 2.31021957
0.59000 2.28381475
0.61000 2.25857716
0.63000 2.23441940
0.65000 2.21126313
0.67000 2.18903787
0.69000 2.16768004
0.71000 2.14713208
0.73000 2.12734172
0.75000 2.10826139
0.77000 2.08984769
0.79000 2.07206089
0.81000 2.05486457
0.83000 2.03822526
0.85000 2.02211213
0.87000 2.00649674
0.89000 1.99135279
0.91000 1.97665593
0.93000 1.96238355
0.95000 1.94851465
0.97000 1.93502968
0.99000 1.92191044
1.01000 1.90913989
1.03000 1.89670214
1.05000 1.88458231
1.07000 1.87276644
1.09000 1.86124143
1.11000 1.84999498
1.13000 1.83901552
1.15000 1.82829216
1.17000 1.81781461
1.19000 1.80757318
1.21000 1.79755872
1.23000 1.78776257
1.25000 1.77817652
1.27000 1.76879283
1.29000 1.75960413
1.31000 1.75060344
1.33000 1.74178413
1.35000 1.73313990
1.37000 1.72466475
1.39000 1.71635299
1.41000 1.70819917
1.43000 1.70019812
1.45000 1.69234490
1.47000 1.68463479
1.49000 1.67706329
1.51000 1.66962611
1.53000 1.66231912
1.55000 1.65513838
1.57000 1.64808014
1.59000 1.64114077
1.61000 1.63431682
1.63000 1.62760497
1.65000 1.62100204
1.67000 1.61450497
1.69000 1.60811082
1.71000 1.60181678
1.73000 1.59562014
1.75000 1.58951828
1.77000 1.58350870
1.79000 1.57758899
1.81000 1.57175681
1.83000 1.56600994
1.85000 1.56034620
1.87000 1.55476352
1.89000 1.54925988
1.91000 1.54383336
1.93000 1.53848207
1.95000 1.53320422
1.97000 1.52799805
1.99000 1.52286189
2.01000 1.51779409
2.03000 1.51279308
2.05000 1.50785735
2.07000 1.50298540
2.09000 1.49817581
2.11000 1.49342720
2.13000 1.48873823
2.15000 1.48410760
2.17000 1.47953405
2.19000 1.47501636
2.21000 1.47055335
2.23000 1.46614387
2.25000 1.46178680
2.27000 1.45748107
2.29000 1.45322563
2.31000 1.44901946
2.33000 1.44486156
2.35000 1.44075098
2.37000 1.43668678
2.39000 1.43266805
2.41000 1.42869392
2.43000 1.42476351
2.45000 1.42087601
2.47000 1.41703059
2.49000 1.41322646
2.51000 1.40946286
2.53000 1.40573903
2.55000 1.40205424
2.57000 1.39840779
2.59000 1.39479898
2.61000 1.39122714
2.63000 1.38769160
2.65000 1.38419174
2.67000 1.38072691
2.69000 1.37729652
2.71000 1.37389997
2.73000 1.37053667
2.75000 1.36720607
2.77000 1.36390761
2.79000 1.36064076
2.81000 1.35740497
2.83000 1.35419976
2.85000 1.35102460
2.87000 1.34787901
2.89000 1.34476252
2.91000 1.34167465
2.93000 1.33861495
2.95000 1.33558297
2.97000 1.33257827
2.99000 1.32960043
3.01000 1.32664903
3.03000 1.32372367
3.05000 1.32082393
3.07000 1.31794944
3.09000 1.31509981
3.11000 1.31227467
3.13000 1.30947365
3.15000 1.30669639
3.17000 1.30394255
3.19000 1.30121177
3.21000 1.29850372
3.23000 1.29581808
3.25000 1.29315452
3.27000 1.29051273
3.29000 1.28789239
3.31000 1.28529321
3.33000 1.28271488
3.35000 1.28015711
3.37000 1.27761963
3.39000 1.27510215
3.41000 1.27260439
3.43000 1.27012609
3.45000 1.26766698
3.47000 1.26522681
3.49000 1.26280531
3.51000 1.26040225
3.53000 1.25801738
3.55000 1.25565046
3.57000 1.25330124
3.59000 1.25096952
3.61000 1.24865504
3.63000 1.24635761
3.65000 1.24407698
3.67000 1.24181296
3.69000 1.23956533
3.71000 1.23733389
3.73000 1.23511842
3.75000 1.23291874
3.77000 1.23073465
3.79000 1.22856595
3.81000 1.22641245
3.83000 1.22427398
3.85000 1.22215034
3.87000 1.22004136
3.89000 1.21794687
3.91000 1.21586668
3.93000 1.21380063
3.95000 1.21174856
3.97000 1.20971029
3.99000 1.20768566
4.01000 1.20567453
4.03000 1.20367672
4.05000 1.20169209
4.07000 1.19972048
4.09000 1.19776175
4.11000 1.19581575
4.13000 1.19388233
4.15000 1.19196136
4.17000 1.19005269
4.19000 1.18815619
4.21000 1.18627172
4.23000 1.18439915
4.25000 1.18253835
4.27000 1.18068918
4.29000 1.17885153
4.31000 1.17702527
4.33000 1.17521027
4.35000 1.17340641
4.37000 1.17161358
4.39000 1.16983166
4.41000 1.16806052
4.43000 1.16630007
4.45000 1.16455018
4.47000 1.16281074
4.49000 1.16108165
4.51000 1.15936280
4.53000 1.15765409
4.55000 1.15595540
4.57000 1.15426664
4.59000 1.15258770
4.61000 1.15091849
4.63000 1.14925891
4.65000 1.14760886
4.67000 1.14596824
4.69000 1.14433697
4.71000 1.14271495
4.73000 1.14110208
4.75000 1.13949828
4.77000 1.13790346
4.79000 1.13631753
4.81000 1.13474040
4.83000 1.13317199
4.85000 1.13161222
4.87000 1.13006101
4.89000 1.12851826
4.91000 1.12698390
4.93000 1.12545786
4.95000 1.12394004
4.97000 1.12243038
4.99000 1.12092880
5.01000 1.11943522
5.03000 1.11794957
5.05000 1.11647178
5.07000 1.11500177
5.09000 1.11353947
5.11000 1.11208481
5.13000 1.11063773
5.15000 1.10919814
5.17000 1.10776599
5.19000 1.10634121
5.21000 1.10492373
5.23000 1.10351349
5.25000 1.10211042
5.27000 1.10071446
5.29000 1.09932554
5.31000 1.09794361
5.33000 1.09656860
5.35000 1.09520046
5.37000 1.09383911
5.39000 1.09248451
5.41000 1.09113659
5.43000 1.08979531
5.45000 1.08846059
5.47000 1.08713239
5.49000 1.08581064
5.51000 1.08449531
5.53000 1.08318632
5.55000 1.08188363
5.57000 1.08058718
5.59000 1.07929693
5.61000 1.07801281
5.63000 1.07673479
5.65000 1.07546280
5.67000 1.07419681
5.69000 1.07293675
5.71000 1.07168259
5.73000 1.07043426
5.75000 1.06919174
5.77000 1.06795496
5.79000 1.06672389
5.81000 1.06549847
5.83000 1.06427867
5.85000 1.06306443
5.87000 1.06185572
5.89000 1.06065248
5.91000 1.05945468
5.93000 1.05826227
5.95000 1.05707521
5.97000 1.05589346
5.99000 1.05471697
6.01000 1.05354572
6.03000 1.05237964
6.05000 1.05121872
6.07000 1.05006290
6.09000 1.04891214
6.11000 1.04776641
6.13000 1.04662568
6.15000 1.04548989
6.17000 1.04435902
6.19000 1.04323302
6.21000 1.04211187
6.23000 1.04099552
6.25000 1.03988394
6.27000 1.03877709
6.29000 1.03767494
6.31000 1.03657745
6.33000 1.03548459
6.35000 1.03439632
6.37000 1.03331262
6.39000 1.03223344
6.41000 1.03115875
6.43000 1.03008853
6.45000 1.02902274
6.47000 1.02796134
6.49000 1.02690431
6.51000 1.02585162
6.53000 1.02480322
6.55000 1.02375910
6.57000 1.02271923
6.59000 1.02168356
6.61000 1.02065208
6.63000 1.01962475
6.65000 1.01860154
6.67000 1.01758243
6.69000 1.01656738
6.71000 1.01555637
6.73000 1.01454938
6.75000 1.01354636
6.77000 1.01254730
6.79000 1.01155217
6.81000 1.01056094
6.83000 1.00957358
6.85000 1.00859007
6.87000 1.00761038
6.89000 1.00663448
6.91000 1.00566236
6.93000 1.00469398
6.95000 1.00372931
6.97000 1.00276835
6.99000 1.00181105
7.01000 1.00085740
7.03000 0.99990737
7.05000 0.99896093
7.07000 0.99801807
7.09000 0.99707876
7.11000 0.99614297
7.13000 0.99521069
7.15000 0.99428189
7.17000 0.99335655
7.19000 0.99243464
7.21000 0.99151614
7.23000 0.99060103
7.25000 0.98968930
7.27000 0.98878091
7.29000 0.98787585
7.31000 0.98697409
7.33000 0.98607561
7.35000 0.98518040
7.37000 0.98428843
7.39000 0.98339968
7.41000 0.98251414
7.43000 0.98163177
7.45000 0.98075256
7.47000 0.97987650
7.49000 0.97900356
7.51000 0.97813372
7.53000 0.97726696
7.55000 0.97640327
7.57000 0.97554262
7.59000 0.97468500
7.61000 0.97383039
7.63000 0.97297877
7.65000 0.97213012
7.67000 0.97128442
7.69000 0.97044166
7.71000 0.96960181
7.73000 0.96876486
7.75000 0.96793080
7.77000 0.96709960
7.79000 0.96627125
7.81000 0.96544573
7.83000 0.96462302
7.85000 0.96380311
7.87000 0.96298598
7.89000 0.96217162
7.91000 0.96136000
7.93000 0.96055112
7.95000 0.95974495
7.97000 0.95894148
7.99000 0.95814069
8.01000 0.95734257
8.03000 0.95654710
8.05000 0.95575428
8.07000 0.95496407
8.09000 0.95417647
8.11000 0.95339146
8.13000 0.95260903
8.15000 0.95182916
8.17000 0.95105184
8.19000 0.95027705
8.21000 0.94950478
8.23000 0.94873502
8.25000 0.94796774
8.27000 0.94720295
8.29000 0.94644061
8.31000 0.94568072
8.33000 0.94492327
8.35000 0.94416823
8.37000 0.94341561
8.39000 0.94266538
8.41000 0.94191753
8.43000 0.94117204
8.45000 0.94042891
8.47000 0.93968813
8.49000 0.93894967
8.51000 0.93821353
8.53000 0.93747969
8.55000 0.93674814
8.57000 0.93601887
8.59000 0.93529186
8.61000 0.93456711
8.63000 0.93384460
8.65000 0.93312432
8.67000 0.93240625
8.69000 0.93169039
8.71000 0.93097673
8.73000 0.93026524
8.75000 0.92955593
8.77000 0.92884877
8.79000 0.92814376
8.81000 0.92744089
8.83000 0.92674014
8.85000 0.92604151
8.87000 0.92534497
8.89000 0.92465053
8.91000 0.92395817
8.93000 0.92326787
8.95000 0.92257964
8.97000 0.92189345
8.99000 0.92120930
9.01000 0.92052717
9.03000 0.91984706
9.05000 0.91916896
9.07000 0.91849285
9.09000 0.91781873
9.11000 0.91714658
9.13000 0.91647640
9.15000 0.91580817
9.17000 0.91514188
9.19000 0.91447753
9.21000 0.91381511
9.23000 0.91315460
9.25000 0.91249599
9.27000 0.91183928
9.29000 0.91118446
9.31000 0.91053152
9.33000 0.90988044
9.35000 0.90923122
9.37000 0.90858385
9.39000 0.90793832
9.41000 0.90729462
9.43000 0.90665274
9.45000 0.90601268
9.47000 0.90537441
9.49000 0.90473795
9.51000 0.90410326
9.53000 0.90347036
9.55000 0.90283922
9.57000 0.90220985
9.59000 0.90158222
9.61000 0.90095634
9.63000 0.90033220
9.65000 0.89970977
9.67000 0.89908907
9.69000 0.89847008
9.71000 0.89785278
9.73000 0.89723718
9.75000 0.89662327
9.77000 0.89601103
9.79000 0.89540046
9.81000 0.89479155
9.83000 0.89418429
9.85000 0.89357868
9.87000 0.89297471
9.89000 0.89237237
9.91000 0.89177164
9.93000 0.89117254
9.95000 0.89057503
9.97000 0.88997913
9.99000 0.88938482
10.01000 0.88879210
10.03000 0.88820095
10.05000 0.88761137
10.07000 0.88702335
10.09000 0.88643689
10.11000 0.88585198
10.13000 0.88526860
10.15000 0.88468676
10.17000 0.88410645
10.19000 0.88352766
10.21000 0.88295038
10.23000 0.88237460
10.25000 0.88180033
10.27000 0.88122754
10.29000 0.88065624
10.31000 0.88008642
10.33000 0.87951808
10.35000 0.87895119
10.37000 0.87838577
10.39000 0.87782180
10.41000 0.87725927
10.43000 0.87669818
10.45000 0.87613853
10.47000 0.87558030
10.49000 0.87502349
10.51000 0.87446810
10.53000 0.87391411
10.55000 0.87336153
10.57000 0.87281034
10.59000 0.87226053
10.61000 0.87171211
10.63000 0.87116507
10.65000 0.87061940
10.67000 0.87007509
10.69000 0.86953214
10.71000 0.86899055
10.73000 0.86845030
10.75000 0.86791139
10.77000 0.86737382
10.79000 0.86683757
10.81000 0.86630265
10.83000 0.86576905
10.85000 0.86523676
10.87000 0.86470578
10.89000 0.86417610
10.91000 0.86364771
10.93000 0.86312061
10.95000 0.86259480
10.97000 0.86207027
10.99000 0.86154701
11.01000 0.86102502
11.03000 0.86050429
11.05000 0.85998482
11.07000 0.85946660
11.09000 0.85894962
11.11000 0.85843389
11.13000 0.85791940
11.15000 0.85740614
11.17000 0.85689410
11.19000 0.85638328
11.21000 0.85587368
11.23000 0.85536529
11.25000 0.85485811
11.27000 0.85435213
11.29000 0.85384734
11.31000 0.85334374
11.33000 0.85284133
11.35000 0.85234010
11.37000 0.85184005
11.39000 0.85134117
11.41000 0.85084345
11.43000 0.85034690
11.45000 0.84985150
11.47000 0.84935726
11.49000 0.84886417
11.51000 0.84837221
11.53000 0.84788140
11.55000 0.84739172
11.57000 0.84690317
11.59000 0.84641574
11.61000 0.84592943
11.63000 0.84544424
11.65000 0.84496016
11.67000 0.84447719
11.69000 0.84399532
11.71000 0.84351455
11.73000 0.84303487
11.75000 0.84255628
11.77000 0.84207878
11.79000 0.84160235
11.81000 0.84112701
11.83000 0.84065273
11.85000 0.84017952
11.87000 0.83970738
11.89000 0.83923630
11.91000 0.83876627
11.93000 0.83829729
11.95000 0.83782936
11.97000 0.83736247
11.99000 0.83689662
12.01000 0.83643181
12.03000 0.83596803
12.05000 0.83550527
12.07000 0.83504354
12.09000 0.83458282
12.11000 0.83412313
12.13000 0.83366444
12.15000 0.83320676
12.17000 0.83275008
12.19000 0.83229440
12.21000 0.83183972
12.23000 0.83138603
12.25000 0.83093333
12.27000 0.83048161
12.29000 0.83003088
12.31000 0.82958112
12.33000 0.82913233
12.35000 0.82868452
12.37000 0.82823766
12.39000 0.82779178
12.41000 0.82734685
12.43000 0.82690287
12.45000 0.82645985
12.47000 0.82601777
12.49000 0.82557664
12.51000 0.82513645
12.53000 0.82469720
12.55000 0.82425888
12.57000 0.82382149
12.59000 0.82338503
12.61000 0.82294949
12.63000 0.82251487
12.65000 0.82208117
12.67000 0.82164838
12.69000 0.82121650
12.71000 0.82078553
12.73000 0.82035546
12.75000 0.81992630
12.77000 0.81949802
12.79000 0.81907065
12.81000 0.81864416
12.83000 0.81821856
12.85000 0.81779384
12.87000 0.81737000
12.89000 0.81694704
12.91000 0.81652495
12.93000 0.81610374
12.95000 0.81568339
12.97000 0.81526391
12.99000 0.81484529
13.01000 0.81442753
13.03000 0.81401062
13.05000 0.81359457
13.07000 0.81317936
13.09000 0.81276500
13.11000 0.81235149
13.13000 0.81193881
13.15000 0.81152697
13.17000 0.81111597
13.19000 0.81070580
13.21000 0.81029645
13.23000 0.80988793
13.25000 0.80948024
13.27000 0.80907336
13.29000 0.80866730
13.31000 0.80826206
13.33000 0.80785762
13.35000 0.80745400
13.37000 0.80705117
13.39000 0.80664916
13.41000 0.80624794
13.43000 0.80584752
13.45000 0.80544789
13.47000 0.80504905
13.49000 0.80465101
13.51000 0.80425375
13.53000 0.80385727
13.55000 0.80346157
13.57000 0.80306666
13.59000 0.80267251
13.61000 0.80227914
13.63000 0.80188654
13.65000 0.80149471
13.67000 0.80110364
13.69000 0.80071333
13.71000 0.80032379
13.73000 0.79993500
13.75000 0.79954696
13.77000 0.79915968
13.79000 0.79877314
13.81000 0.79838736
13.83000 0.79800231
13.85000 0.79761801
13.87000 0.79723445
13.89000 0.79685162
13.91000 0.79646953
13.93000 0.79608817
13.95000 0.79570754
13.97000 0.79532764
13.99000 0.79494846
14.01000 0.79457000
14.03000 0.79419226
14.05000 0.79381524
14.07000 0.79343894
14.09000 0.79306335
14.11000 0.79268847
14.13000 0.79231429
14.15000 0.79194082
14.17000 0.79156806
14.19000 0.79119599
14.21000 0.79082462
14.23000 0.79045395
14.25000 0.79008398
14.27000 0.78971469
14.29000 0.78934610
14.31000 0.78897819
14.33000 0.78861097
14.35000 0.78824443
14.37000 0.78787857
14.39000 0.78751339
14.41000 0.78714888
14.43000 0.78678505
14.45000 0.78642189
14.47000 0.78605940
14.49000 0.78569758
14.51000 0.78533642
14.53000 0.78497593
14.55000 0.78461609
14.57000 0.78425692
14.59000 0.78389840
14.61000 0.78354054
14.63000 0.78318333
14.65000 0.78282677
14.67000 0.78247086
14.69000 0.78211559
14.71000 0.78176097
14.73000 0.78140699
14.75000 0.78105366
14.77000 0.78070096
14.79000 0.78034889
14.81000 0.77999746
14.83000 0.77964667
14.85000 0.77929650
14.87000 0.77894696
14.89000 0.77859805
14.91000 0.77824976
14.93000 0.77790209
14.95000 0.77755505
14.97000 0.77720862
14.99000 0.77686281
15.01000 0.77651762
15.03000 0.77617303
15.05000 0.77582906
15.07000 0.77548570
15.09000 0.77514294
15.11000 0.77480079
15.13000 0.77445924
15.15000 0.77411830
15.17000 0.77377795
15.19000 0.77343820
15.21000 0.77309905
15.23000 0.77276049
15.25000 0.77242252
15.27000 0.77208515
15.29000 0.77174836
15.31000 0.77141216
15.33000 0.77107654
15.35000 0.77074151
15.37000 0.77040706
15.39000 0.77007319
15.41000 0.76973990
15.43000 0.76940718
15.45000 0.76907504
15.47000 0.76874347
15.49000 0.76841247
15.51000 0.76808204
15.53000 0.76775218
15.55000 0.76742288
15.57000 0.76709415
15.59000 0.76676598
15.61000 0.76643838
15.63000 0.76611133
15.65000 0.76578484
15.67000 0.76545890
15.69000 0.76513352
15.71000 0.76480869
15.73000 0.76448441
15.75000 0.76416069
15.77000 0.76383750
15.79000 0.76351487
15.81000 0.76319278
15.83000 0.76287123
15.85000 0.76255023
15.87000 0.76222976
15.89000 0.76190983
15.91000 0.76159044
15.93000 0.76127158
15.95000 0.76095326
15.97000 0.76063547
15.99000 0.76031820
16.01000 0.76000147
16.03000 0.75968526
16.05000 0.75936958
16.07000 0.75905443
16.09000 0.75873979
16.11000 0.75842568
16.13000 0.75811209
16.15000 0.75779901
16.17000 0.75748645
16.19000 0.75717441
16.21000 0.75686288
16.23000 0.75655186
16.25000 0.75624135
16.27000 0.75593135
16.29000 0.75562186
16.31000 0.75531288
16.33000 0.75500440
16.35000 0.75469642
16.37000 0.75438895
16.39000 0.75408197
16.41000 0.75377550
16.43000 0.75346952
16.45000 0.75316404
16.47000 0.75285905
16.49000 0.75255456
16.51000 0.75225056
16.53000 0.75194705
16.55000 0.75164403
16.57000 0.75134149
16.59000 0.75103945
16.61000 0.75073788
16.63000 0.75043681
16.65000 0.75013621
16.67000 0.74983610
16.69000 0.74953646
16.71000 0.74923731
16.73000 0.74893863
16.75000 0.74864042
16.77000 0.74834269
16.79000 0.74804544
16.81000 0.74774865
16.83000 0.74745234
16.85000 0.74715649
16.87000 0.74686112
16.89000 0.74656620
16.91000 0.74627176
16.93000 0.74597778
16.95000 0.74568426
16.97000 0.74539120
16.99000 0.74509860
17.01000 0.74480647
17.03000 0.74451479
17.05000 0.74422356
17.07000 0.74393279
17.09000 0.74364248
17.11000 0.74335261
17.13000 0.74306320
17.15000 0.74277424
17.17000 0.74248573
17.19000 0.74219767
17.21000 0.74191005
17.23000 0.74162288
17.25000 0.74133615
17.27000 0.74104986
17.29000 0.74076402
17.31000 0.74047861
17.33000 0.74019365
17.35000 0.73990913
17.37000 0.73962504
17.39000 0.73934138
17.41000 0.73905817
17.43000 0.73877538
17.45000 0.73849303
17.47000 0.73821111
17.49000 0.73792961
17.51000 0.73764855
17.53000 0.73736792
17.55000 0.73708771
17.57000 0.73680793
17.59000 0.73652857
17.61000 0.73624963
17.63000 0.73597112
17.65000 0.73569303
17.67000 0.73541535
17.69000 0.73513810
17.71000 0.73486127
17.73000 0.73458485
17.75000 0.73430884
17.77000 0.73403325
17.79000 0.73375808
17.81000 0.73348331
17.83000 0.73320896
17.85000 0.73293501
17.87000 0.73266148
17.89000 0.73238835
17.91000 0.73211563
17.93000 0.73184332
17.95000 0.73157141
17.97000 0.73129991
17.99000 0.73102880
18.01000 0.73075810
18.03000 0.73048780
18.05000 0.73021790
18.07000 0.72994840
18.09000 0.72967929
18.11000 0.72941058
18.13000 0.72914227
18.15000 0.72887435
18.17000 0.72860682
18.19000 0.72833969
18.21000 0.72807295
18.23000 0.72780660
18.25000 0.72754063
18.27000 0.72727506
18.29000 0.72700987
18.31000 0.72674507
18.33000 0.72648066
18.35000 0.72621663
18.37000 0.72595298
18.39000 0.72568971
18.41000 0.72542683
18.43000 0.72516433
18.45000 0.72490220
18.47000 0.72464046
18.49000 0.72437909
18.51000 0.72411810
18.53000 0.72385749
18.55000 0.72359725
18.57000 0.72333738
18.59000 0.72307789
18.61000 0.72281877
18.63000 0.72256001
18.65000 0.72230163
18.67000 0.72204362
18.69000 0.72178598
18.71000 0.72152871
18.73000 0.72127180
18.75000 0.72101525
18.77000 0.72075907
18.79000 0.72050326
18.81000 0.72024781
18.83000 0.71999272
18.85000 0.71973799
18.87000 0.71948362
18.89000 0.71922961
18.91000 0.71897596
18.93000 0.71872266
18.95000 0.71846972
18.97000 0.71821714
18.99000 0.71796491
19.01000 0.71771304
19.03000 0.71746152
19.05000 0.71721035
19.07000 0.71695954
19.09000 0.71670907
19.11000 0.71645895
19.13000 0.71620919
19.15000 0.71595977
19.17000 0.71571069
19.19000 0.71546197
19.21000 0.71521358
19.23000 0.71496555
19.25000 0.71471786
19.27000 0.71447051
19.29000 0.71422350
19.31000 0.71397683
19.33000 0.71373050
19.35000 0.71348452
19.37000 0.71323887
19.39000 0.71299356
19.41000 0.71274859
19.43000 0.71250395
19.45000 0.71225965
19.47000 0.71201568
19.49000 0.71177205
19.51000 0.71152875
19.53000 0.71128578
19.55000 0.71104315
19.57000 0.71080084
19.59000 0.71055887
19.61000 0.71031722
19.63000 0.71007591
19.65000 0.70983492
19.67000 0.70959425
19.69000 0.70935392
19.71000 0.70911391
19.73000 0.70887422
19.75000 0.70863486
19.77000 0.70839581
19.79000 0.70815710
19.81000 0.70791870
19.83000 0.70768062
19.85000 0.70744287
19.87000 0.70720543
19.89000 0.70696831
19.91000 0.70673151
19.93000 0.70649503
19.95000 0.70625886
19.97000 0.70602301
19.99000 0.70578747
20.01000 0.70555225
20.03000 0.70531734
20.05000 0.70508274
20.07000 0.70484846
20.09000 0.70461448
20.11000 0.70438082
20.13000 0.70414746
20.15000 0.70391442
20.17000 0.70368168
20.19000 0.70344925
20.21000 0.70321713
20.23000 0.70298531
20.25000 0.70275380
20.27000 0.70252259
20.29000 0.70229169
20.31000 0.70206109
20.33000 0.70183079
20.35000 0.70160079
20.37000 0.70137110
20.39000 0.70114171
20.41000 0.70091261
20.43000 0.70068382
20.45000 0.70045532
20.47000 0.70022712
20.49000 0.69999922
20.51000 0.69977162
20.53000 0.69954431
20.55000 0.69931729
20.57000 0.69909057
20.59000 0.69886415
20.61000 0.69863801
20.63000 0.69841217
20.65000 0.69818662
20.67000 0.69796137
20.69000 0.69773640
20.71000 0.69751172
20.73000 0.69728733
20.75000 0.69706323
20.77000 0.69683942
20.79000 0.69661590
20.81000 0.69639266
20.83000 0.69616970
20.85000 0.69594704
20.87000 0.69572465
20.89000 0.69550256
20.91000 0.69528074
20.93000 0.69505921
20.95000 0.69483796
20.97000 0.69461699
20.99000 0.69439630
21.01000 0.69417589
21.03000 0.69395576
21.05000 0.69373591
21.07000 0.69351634
21.09000 0.69329705
21.11000 0.69307803
21.13000 0.69285929
21.15000 0.69264083
21.17000 0.69242264
21.19000 0.69220472
21.21000 0.69198708
21.23000 0.69176971
21.25000 0.69155262
21.27000 0.69133580
21.29000 0.69111925
21.31000 0.69090297
21.33000 0.69068696
21.35000 0.69047122
21.37000 0.69025575
21.39000 0.69004055
21.41000 0.68982562
21.43000 0.68961096
21.45000 0.68939656
21.47000 0.68918243
21.49000 0.68896856
21.51000 0.68875496
21.53000 0.68854162
21.55000 0.68832855
21.57000 0.68811574
21.59000 0.68790320
21.61000 0.68769092
21.63000 0.68747889
21.65000 0.68726713
21.67000 0.68705564
21.69000 0.68684440
21.71000 0.68663342
21.73000 0.68642270
21.75000 0.68621223
21.77000 0.68600203
21.79000 0.68579208
21.81000 0.68558239
21.83000 0.68537296
21.85000 0.68516378
21.87000 0.68495486
21.89000 0.68474619
21.91000 0.68453777
21.93000 0.68432961
21.95000 0.68412170
21.97000 0.68391405
21.99000 0.68370664
22.01000 0.68349949
22.03000 0.68329259
22.05000 0.68308594
22.07000 0.68287954
22.09000 0.68267338
22.11000 0.68246748
22.13000 0.68226183
22.15000 0.68205642
22.17000 0.68185126
22.19000 0.68164634
22.21000 0.68144168
22.23000 0.68123725
22.25000 0.68103308
22.27000 0.68082914
22.29000 0.68062545
22.31000 0.68042201
22.33000 0.68021881
22.35000 0.68001585
22.37000 0.67981313
22.39000 0.67961065
22.41000 0.67940842
22.43000 0.67920642
22.45000 0.67900467
22.47000 0.67880316
22.49000 0.67860188
22.51000 0.67840084
22.53000 0.67820004
22.55000 0.67799948
22.57000 0.67779916
22.59000 0.67759907
22.61000 0.67739921
22.63000 0.67719960
22.65000 0.67700022
22.67000 0.67680107
22.69000 0.67660216
22.71000 0.67640348
22.73000 0.67620503
22.75000 0.67600682
22.77000 0.67580884
22.79000 0.67561109
22.81000 0.67541357
22.83000 0.67521628
22.85000 0.67501922
22.87000 0.67482240
22.89000 0.67462580
22.91000 0.67442943
22.93000 0.67423329
22.95000 0.67403738
22.97000 0.67384169
22.99000 0.67364623
23.01000 0.67345100
23.03000 0.67325600
23.05000 0.67306122
23.07000 0.67286666
23.09000 0.67267233
23.11000 0.67247823
23.13000 0.67228435
23.15000 0.67209069
23.17000 0.67189725
23.19000 0.67170404
23.21000 0.67151105
23.23000 0.67131828
23.25000 0.67112573
23.27000 0.67093340
23.29000 0.67074130
23.31000 0.67054941
23.33000 0.67035774
23.35000 0.67016629
23.37000 0.66997506
23.39000 0.66978405
23.41000 0.66959326
23.43000 0.66940268
23.45000 0.66921232
23.47000 0.66902218
23.49000 0.66883225
23.51000 0.66864253
23.53000 0.66845304
23.55000 0.66826375
23.57000 0.66807469
23.59000 0.66788583
23.61000 0.66769719
23.63000 0.66750876
23.65000 0.66732054
23.67000 0.66713254
23.69000 0.66694475
23.71000 0.66675717
23.73000 0.66656980
23.75000 0.66638264
23.77000 0.66619569
23.79000 0.66600895
23.81000 0.66582241
23.83000 0.66563609
23.85000 0.66544998
23.87000 0.66526407
23.89000 0.66507837
23.91000 0.66489288
23.93000 0.66470760
23.95000 0.66452252
23.97000 0.66433765
23.99000 0.66415298
24.01000 0.66396852
24.03000 0.66378426
24.05000 0.66360021
24.07000 0.66341636
24.09000 0.66323272
24.11000 0.66304928
24.13000 0.66286604
24.15000 0.66268300
24.17000 0.66250017
24.19000 0.66231754
24.21000 0.66213510
24.23000 0.66195287
24.25000 0.66177084
24.27000 0.66158901
24.29000 0.66140738
24.31000 0.66122595
24.33000 0.66104472
24.35000 0.66086369
24.37000 0.66068285
24.39000 0.66050221
24.41000 0.66032177
24.43000 0.66014153
24.45000 0.65996148
24.47000 0.65978163
24.49000 0.65960198
24.51000 0.65942252
24.53000 0.65924325
24.55000 0.65906418
24.57000 0.65888531
24.59000 0.65870663
24.61000 0.65852814
24.63000 0.65834985
24.65000 0.65817175
24.67000 0.65799384
24.69000 0.65781612
24.71000 0.65763860
24.73000 0.65746126
24.75000 0.65728412
24.77000 0.65710717
24.79000 0.65693041
24.81000 0.65675384
24.83000 0.65657746
24.85000 0.65640127
24.87000 0.65622527
24.89000 0.65604945
24.91000 0.65587383
24.93000 0.65569839
24.95000 0.65552314
24.97000 0.65534808
24.99000 0.65517320
25.01000 0.65499851
25.03000 0.65482401
25.05000 0.65464969
25.07000 0.65447556
25.09000 0.65430161
25.11000 0.65412785
25.13000 0.65395427
25.15000 0.65378088
25.17000 0.65360767
25.19000 0.65343464
25.21000 0.65326180
25.23000 0.65308914
25.25000 0.65291666
25.27000 0.65274436
25.29000 0.65257225
25.31000 0.65240031
25.33000 0.65222856
25.35000 0.65205699
25.37000 0.65188560
25.39000 0.65171439
25.41000 0.65154336
25.43000 0.65137251
25.45000 0.65120183
25.47000 0.65103134
25.49000 0.65086102
25.51000 0.65069089
25.53000 0.65052093
25.55000 0.65035114
25.57000 0.65018154
25.59000 0.65001211
25.61000 0.64984286
25.63000 0.64967378
25.65000 0.64950488
25.67000 0.64933616
25.69000 0.64916761
25.71000 0.64899923
25.73000 0.64883103
25.75000 0.64866301
25.77000 0.64849516
25.79000 0.64832748
25.81000 0.64815997
25.83000 0.64799264
25.85000 0.64782548
25.87000 0.64765850
25.89000 0.64749168
25.91000 0.64732504
25.93000 0.64715857
25.95000 0.64699227
25.97000 0.64682614
25.99000 0.64666018
26.01000 0.64649439
26.03000 0.64632877
26.05000 0.64616332
26.07000 0.64599804
26.09000 0.64583293
26.11000 0.64566798
26.13000 0.64550321
26.15000 0.64533860
26.17000 0.64517417
26.19000 0.64500989
26.21000 0.64484579
26.23000 0.64468185
26.25000 0.64451808
26.27000 0.64435448
26.29000 0.64419104
26.31000 0.64402777
26.33000 0.64386466
26.35000 0.64370172
26.37000 0.64353894
26.39000 0.64337633
26.41000 0.64321388
26.43000 0.64305160
26.45000 0.64288948
26.47000 0.64272752
26.49000 0.64256573
26.51000 0.64240409
26.53000 0.64224263
26.55000 0.64208132
26.57000 0.64192017
26.59000 0.64175919
26.61000 0.64159837
26.63000 0.64143771
26.65000 0.64127721
26.67000 0.64111687
26.69000 0.64095669
26.71000 0.64079667
26.73000 0.64063681
26.75000 0.64047711
26.77000 0.64031757
26.79000 0.64015819
26.81000 0.63999897
26.83000 0.63983990
26.85000 0.63968099
26.87000 0.63952224
26.89000 0.63936365
26.91000 0.63920522
26.93000 0.63904694
26.95000 0.63888882
26.97000 0.63873085
26.99000 0.63857304
27.01000 0.63841539
27.03000 0.63825789
27.05000 0.63810055
27.07000 0.63794336
27.09000 0.63778633
27.11000 0.63762945
27.13000 0.63747273
27.15000 0.63731616
27.17000 0.63715975
27.19000 0.63700348
27.21000 0.63684737
27.23000 0.63669142
27.25000 0.63653561
27.27000 0.63637996
27.29000 0.63622446
27.31000 0.63606912
27.33000 0.63591392
27.35000 0.63575888
27.37000 0.63560398
27.39000 0.63544924
27.41000 0.63529465
27.43000 0.63514021
27.45000 0.63498592
27.47000 0.63483178
27.49000 0.63467778
27.51000 0.63452394
27.53000 0.63437025
27.55000 0.63421670
27.57000 0.63406331
27.59000 0.63391006
27.61000 0.63375696
27.63000 0.63360401
27.65000 0.63345120
27.67000 0.63329854
27.69000 0.63314603
27.71000 0.63299367
27.73000 0.63284145
27.75000 0.63268938
27.77000 0.63253746
27.79000 0.63238568
27.81000 0.63223405
27.83000 0.63208256
27.85000 0.63193122
27.87000 0.63178002
27.89000 0.63162897
27.91000 0.63147806
27.93000 0.63132729
27.95000 0.63117667
27.97000 0.63102619
27.99000 0.63087586
28.01000 0.63072567
28.03000 0.63057562
28.05000 0.63042572
28.07000 0.63027595
28.09000 0.63012633
28.11000 0.62997686
28.13000 0.62982752
28.15000 0.62967832
28.17000 0.62952927
28.19000 0.62938036
28.21000 0.62923158
28.23000 0.62908295
28.25000 0.62893446
28.27000 0.62878611
28.29000 0.62863790
28.31000 0.62848983
28.33000 0.62834190
28.35000 0.62819410
28.37000 0.62804645
28.39000 0.62789893
28.41000 0.62775156
28.43000 0.62760432
28.45000 0.62745722
28.47000 0.62731026
28.49000 0.62716343
28.51000 0.62701674
28.53000 0.62687019
28.55000 0.62672378
28.57000 0.62657750
28.59000 0.62643136
28.61000 0.62628536
28.63000 0.62613949
28.65000 0.62599376
28.67000 0.62584816
28.69000 0.62570270
28.71000 0.62555737
28.73000 0.62541218
28.75000 0.62526712
28.77000 0.62512220
28.79000 0.62497741
28.81000 0.62483276
28.83000 0.62468824
28.85000 0.62454385
28.87000 0.62439960
28.89000 0.62425548
28.91000 0.62411149
28.93000 0.62396764
28.95000 0.62382392
28.97000 0.62368033
28.99000 0.62353687
29.01000 0.62339354
29.03000 0.62325035
29.05000 0.62310729
29.07000 0.62296436
29.09000 0.62282156
29.11000 0.62267889
29.13000 0.62253635
29.15000 0.62239394
29.17000 0.62225166
29.19000 0.62210952
29.21000 0.62196750
29.23000 0.62182561
29.25000 0.62168385
29.27000 0.62154222
29.29000 0.62140072
29.31000 0.62125935
29.33000 0.62111811
29.35000 0.62097699
29.37000 0.62083600
29.39000 0.62069514
29.41000 0.62055441
29.43000 0.62041381
29.45000 0.62027333
29.47000 0.62013298
29.49000 0.61999276
29.51000 0.61985267
29.53000 0.61971270
29.55000 0.61957285
29.57000 0.61943314
29.59000 0.61929355
29.61000 0.61915408
29.63000 0.61901474
29.65000 0.61887553
29.67000 0.61873644
29.69000 0.61859748
29.71000 0.61845864
29.73000 0.61831992
29.75000 0.61818133
29.77000 0.61804287
29.79000 0.61790452
29.81000 0.61776631
29.83000 0.61762821
29.85000 0.61749024
29.87000 0.61735239
29.89000 0.61721467
29.91000 0.61707707
29.93000 0.61693959
29.95000 0.61680223
29.97000 0.61666499
29.99000 0.61652788
30.01000 0.61639089
30.03000 0.61625402
30.05000 0.61611727
30.07000 0.61598065
30.09000 0.61584414
30.11000 0.61570776
30.13000 0.61557149
30.15000 0.61543535
30.17000 0.61529933
30.19000 0.61516342
30.21000 0.61502764
30.23000 0.61489198
30.25000 0.61475644
30.27000 0.61462101
30.29000 0.61448571
30.31000 0.61435052
30.33000 0.61421545
30.35000 0.61408051
30.37000 0.61394568
30.39000 0.61381097
30.41000 0.61367637
30.43000 0.61354190
30.45000 0.61340754
30.47000 0.61327330
30.49000 0.61313918
30.51000 0.61300517
30.53000 0.61287129
30.55000 0.61273752
30.57000 0.61260386
30.59000 0.61247032
30.61000 0.61233690
30.63000 0.61220360
30.65000 0.61207041
30.67000 0.61193734
30.69000 0.61180438
30.71000 0.61167154
30.73000 0.61153881
30.75000 0.61140620
30.77000 0.61127370
30.79000 0.61114132
30.81000 0.61100905
30.83000 0.61087690
30.85000 0.61074486
30.87000 0.61061293
30.89000 0.61048112
30.91000 0.61034943
30.93000 0.61021784
30.95000 0.61008637
30.97000 0.60995502
30.99000 0.60982377
31.01000 0.60969264
31.03000 0.60956162
31.05000 0.60943072
31.07000 0.60929993
31.09000 0.60916925
31.11000 0.60903868
31.13000 0.60890822
31.15000 0.60877787
31.17000 0.60864764
31.19000 0.60851752
31.21000 0.60838751
31.23000 0.60825761
31.25000 0.60812782
31.27000 0.60799814
31.29000 0.60786857
31.31000 0.60773911
31.33000 0.60760976
31.35000 0.60748053
31.37000 0.60735140
31.39000 0.60722238
31.41000 0.60709347
31.43000 0.60696467
31.45000 0.60683599
31.47000 0.60670740
31.49000 0.60657893
31.51000 0.60645057
31.53000 0.60632232
31.55000 0.60619417
31.57000 0.60606613
31.59000 0.60593820
31.61000 0.60581038
31.63000 0.60568267
31.65000 0.60555506
31.67000 0.60542756
31.69000 0.60530017
31.71000 0.60517289
31.73000 0.60504571
31.75000 0.60491864
31.77000 0.60479168
31.79000 0.60466482
31.81000 0.60453807
31.83000 0.60441142
31.85000 0.60428488
31.87000 0.60415845
31.89000 0.60403212
31.91000 0.60390590
31.93000 0.60377979
31.95000 0.60365378
31.97000 0.60352787
31.99000 0.60340207
32.01000 0.60327638
32.03000 0.60315078
32.05000 0.60302530
32.07000 0.60289992
32.09000 0.60277464
32.11000 0.60264946
32.13000 0.60252439
32.15000 0.60239943
32.17000 0.60227457
32.19000 0.60214981
32.21000 0.60202515
32.23000 0.60190060
32.25000 0.60177615
32.27000 0.60165180
32.29000 0.60152756
32.31000 0.60140342
32.33000 0.60127938
32.35000 0.60115544
32.37000 0.60103161
32.39000 0.60090787
32.41000 0.60078424
32.43000 0.60066071
32.45000 0.60053728
32.47000 0.60041396
32.49000 0.60029073
32.51000 0.60016761
32.53000 0.60004459
32.55000 0.59992166
32.57000 0.59979884
32.59000 0.59967612
32.61000 0.59955350
32.63000 0.59943098
32.65000 0.59930856
32.67000 0.59918624
32.69000 0.59906402
32.71000 0.59894190
32.73000 0.59881988
32.75000 0.59869796
32.77000 0.59857613
32.79000 0.59845441
32.81000 0.59833278
32.83000 0.59821126
32.85000 0.59808983
32.87000 0.59796850
32.89000 0.59784727
32.91000 0.59772614
32.93000 0.59760511
32.95000 0.59748417
32.97000 0.59736333
32.99000 0.59724259
33.01000 0.59712195
33.03000 0.59700140
33.05000 0.59688096
33.07000 0.59676060
33.09000 0.59664035
33.11000 0.59652019
33.13000 0.59640013
33.15000 0.59628017
33.17000 0.59616030
33.19000 0.59604053
33.21000 0.59592086
33.23000 0.59580128
33.25000 0.59568179
33.27000 0.59556241
33.29000 0.59544312
33.31000 0.59532392
33.33000 0.59520482
33.35000 0.59508581
33.37000 0.59496690
33.39000 0.59484809
33.41000 0.59472937
33.43000 0.59461074
33.45000 0.59449221
33.47000 0.59437377
33.49000 0.59425543
33.51000 0.59413718
33.53000 0.59401903
33.55000 0.59390097
33.57000 0.59378300
33.59000 0.59366513
33.61000 0.59354735
33.63000 0.59342967
33.65000 0.59331207
33.67000 0.59319458
33.69000 0.59307717
33.71000 0.59295986
33.73000 0.59284264
33.75000 0.59272551
33.77000 0.59260847
33.79000 0.59249153
33.81000 0.59237468
33.83000 0.59225792
33.85000 0.59214125
33.87000 0.59202468
33.89000 0.59190820
33.91000 0.59179180
33.93000 0.59167550
33.95000 0.59155930
33.97000 0.59144318
33.99000 0.59132715
34.01000 0.59121122
34.03000 0.59109537
34.05000 0.59097962
34.07000 0.59086396
34.09000 0.59074838
34.11000 0.59063290
34.13000 0.59051751
34.15000 0.59040221
34.17000 0.59028700
34.19000 0.59017188
34.21000 0.59005684
34.23000 0.58994190
34.25000 0.58982705
34.27000 0.58971228
34.29000 0.58959761
34.31000 0.58948303
34.33000 0.58936853
34.35000 0.58925412
34.37000 0.58913980
34.39000 0.58902557
34.41000 0.58891143
34.43000 0.58879738
34.45000 0.58868342
34.47000 0.58856954
34.49000 0.58845575
34.51000 0.58834205
34.53000 0.58822844
34.55000 0.58811491
34.57000 0.58800148
34.59000 0.58788813
34.61000 0.58777486
34.63000 0.58766169
34.65000 0.58754860
34.67000 0.58743560
34.69000 0.58732269
34.71000 0.58720986
34.73000 0.58709712
34.75000 0.58698446
34.77000 0.58687190
34.79000 0.58675941
34.81000 0.58664702
34.83000 0.58653471
34.85000 0.58642249
34.87000 0.58631035
34.89000 0.58619830
34.91000 0.58608633
34.93000 0.58597445
34.95000 0.58586266
34.97000 0.58575095
34.99000 0.58563932
35.01000 0.58552778
35.03000 0.58541633
35.05000 0.58530496
35.07000 0.58519367
35.09000 0.58508247
35.11000 0.58497135
35.13000 0.58486032
35.15000 0.58474938
35.17000 0.58463851
35.19000 0.58452773
35.21000 0.58441704
35.23000 0.58430643
35.25000 0.58419590
35.27000 0.58408545
35.29000 0.58397509
35.31000 0.58386481
35.33000 0.58375462
35.35000 0.58364451
35.37000 0.58353448
35.39000 0.58342454
35.41000 0.58331467
35.43000 0.58320489
35.45000 0.58309520
35.47000 0.58298558
35.49000 0.58287605
35.51000 0.58276660
35.53000 0.58265723
35.55000 0.58254795
35.57000 0.58243874
35.59000 0.58232962
35.61000 0.58222058
35.63000 0.58211162
35.65000 0.58200274
35.67000 0.58189395
35.69000 0.58178523
35.71000 0.58167660
35.73000 0.58156805
35.75000 0.58145958
35.77000 0.58135119
35.79000 0.58124288
35.81000 0.58113465
35.83000 0.58102650
35.85000 0.58091843
35.87000 0.58081044
35.89000 0.58070254
35.91000 0.58059471
35.93000 0.58048696
35.95000 0.58037930
35.97000 0.58027171
35.99000 0.58016420
36.01000 0.58005677
36.03000 0.57994943
36.05000 0.57984216
36.07000 0.57973497
36.09000 0.57962786
36.11000 0.57952083
36.13000 0.57941387
36.15000 0.57930700
36.17000 0.57920020
36.19000 0.57909349
36.21000 0.57898685
36.23000 0.57888029
36.25000 0.57877381
36.27000 0.57866741
36.29000 0.57856109
36.31000 0.57845484
36.33000 0.57834867
36.35000 0.57824258
36.37000 0.57813657
36.39000 0.57803064
36.41000 0.57792478
36.43000 0.57781900
36.45000 0.57771330
36.47000 0.57760768
36.49000 0.57750213
36.51000 0.57739666
36.53000 0.57729126
36.55000 0.57718595
36.57000 0.57708071
36.59000 0.57697555
36.61000 0.57687046
36.63000 0.57676545
36.65000 0.57666052
36.67000 0.57655566
36.69000 0.57645088
36.71000 0.57634617
36.73000 0.57624155
36.75000 0.57613699
36.77000 0.57603252
36.79000 0.57592812
36.81000 0.57582379
36.83000 0.57571954
36.85000 0.57561537
36.87000 0.57551127
36.89000 0.57540724
36.91000 0.57530329
36.93000 0.57519942
36.95000 0.57509562
36.97000 0.57499190
36.99000 0.57488825
37.01000 0.57478468
37.03000 0.57468118
37.05000 0.57457775
37.07000 0.57447440
37.09000 0.57437112
37.11000 0.57426792
37.13000 0.57416479
37.15000 0.57406174
37.17000 0.57395876
37.19000 0.57385585
37.21000 0.57375302
37.23000 0.57365026
37.25000 0.57354758
37.27000 0.57344497
37.29000 0.57334243
37.31000 0.57323996
37.33000 0.57313757
37.35000 0.57303525
37.37000 0.57293301
37.39000 0.57283084
37.41000 0.57272874
37.43000 0.57262671
37.45000 0.57252475
37.47000 0.57242287
37.49000 0.57232106
37.51000 0.57221933
37.53000 0.57211766
37.55000 0.57201607
37.57000 0.57191455
37.59000 0.57181310
37.61000 0.57171172
37.63000 0.57161042
37.65000 0.57150919
37.67000 0.57140803
37.69000 0.57130694
37.71000 0.57120592
37.73000 0.57110497
37.75000 0.57100410
37.77000 0.57090329
37.79000 0.57080256
37.81000 0.57070190
37.83000 0.57060131
37.85000 0.57050079
37.87000 0.57040034
37.89000 0.57029996
37.91000 0.57019965
37.93000 0.57009942
37.95000 0.56999925
37.97000 0.56989915
37.99000 0.56979913
38.01000 0.56969917
38.03000 0.56959928
38.05000 0.56949947
38.07000 0.56939972
38.09000 0.56930005
38.11000 0.56920044
38.13000 0.56910090
38.15000 0.56900144
38.17000 0.56890204
38.19000 0.56880271
38.21000 0.56870345
38.23000 0.56860426
38.25000 0.56850514
38.27000 0.56840609
38.29000 0.56830711
38.31000 0.56820819
38.33000 0.56810935
38.35000 0.56801057
38.37000 0.56791187
38.39000 0.56781323
38.41000 0.56771466
38.43000 0.56761616
38.45000 0.56751772
38.47000 0.56741936
38.49000 0.56732106
38.51000 0.56722283
38.53000 0.56712467
38.55000 0.56702658
38.57000 0.56692855
38.59000 0.56683060
38.61000 0.56673271
38.63000 0.56663488
38.65000 0.56653713
38.67000 0.56643944
38.69000 0.56634182
38.71000 0.56624427
38.73000 0.56614678
38.75000 0.56604936
38.77000 0.56595201
38.79000 0.56585473
38.81000 0.56575751
38.83000 0.56566036
38.85000 0.56556328
38.87000 0.56546626
38.89000 0.56536931
38.91000 0.56527242
38.93000 0.56517561
38.95000 0.56507885
38.97000 0.56498217
38.99000 0.56488555
39.01000 0.56478900
39.03000 0.56469251
39.05000 0.56459609
39.07000 0.56449973
39.09000 0.56440344
39.11000 0.56430722
39.13000 0.56421106
39.15000 0.56411497
39.17000 0.56401894
39.19000 0.56392297
39.21000 0.56382708
39.23000 0.56373125
39.25000 0.56363548
39.27000 0.56353978
39.29000 0.56344414
39.31000 0.56334857
39.33000 0.56325306
39.35000 0.56315762
39.37000 0.56306224
39.39000 0.56296693
39.41000 0.56287168
39.43000 0.56277650
39.45000 0.56268138
39.47000 0.56258632
39.49000 0.56249133
39.51000 0.56239640
39.53000 0.56230154
39.55000 0.56220674
39.57000 0.56211200
39.59000 0.56201733
39.61000 0.56192272
39.63000 0.56182818
39.65000 0.56173370
39.67000 0.56163928
39.69000 0.56154493
39.71000 0.56145064
39.73000 0.56135641
39.75000 0.56126225
39.77000 0.56116815
39.79000 0.56107411
39.81000 0.56098014
39.83000 0.56088623
39.85000 0.56079238
39.87000 0.56069859
39.89000 0.56060487
39.91000 0.56051121
39.93000 0.56041761
39.95000 0.56032407
39.97000 0.56023060
39.99000 0.56013719
40.01000 0.56004384
40.03000 0.55995056
40.05000 0.55985733
40.07000 0.55976417
40.09000 0.55967107
40.11000 0.55957803
40.13000 0.55948505
40.15000 0.55939214
40.17000 0.55929929
40.19000 0.55920650
40.21000 0.55911377
40.23000 0.55902110
40.25000 0.55892849
40.27000 0.55883595
40.29000 0.55874346
40.31000 0.55865104
40.33000 0.55855868
40.35000 0.55846638
40.37000 0.55837414
40.39000 0.55828196
40.41000 0.55818984
40.43000 0.55809778
40.45000 0.55800578
40.47000 0.55791385
40.49000 0.55782197
40.51000 0.55773016
40.53000 0.55763840
40.55000 0.55754671
40.57000 0.55745508
40.59000 0.55736350
40.61000 0.55727199
40.63000 0.55718053
40.65000 0.55708914
40.67000 0.55699781
40.69000 0.55690653
40.71000 0.55681532
40.73000 0.55672417
40.75000 0.55663307
40.77000 0.55654204
40.79000 0.55645106
40.81000 0.55636014
40.83000 0.55626929
40.85000 0.55617849
40.87000 0.55608775
40.89000 0.55599707
40.91000 0.55590645
40.93000 0.55581589
40.95000 0.55572539
40.97000 0.55563495
40.99000 0.55554457
41.01000 0.55545424
41.03000 0.55536397
41.05000 0.55527377
41.07000 0.55518362
41.09000 0.55509353
41.11000 0.55500349
41.13000 0.55491352
41.15000 0.55482361
41.17000 0.55473375
41.19000 0.55464395
41.21000 0.55455421
41.23000 0.55446452
41.25000 0.55437490
41.27000 0.55428533
41.29000 0.55419582
41.31000 0.55410637
41.33000 0.55401698
41.35000 0.55392764
41.37000 0.55383836
41.39000 0.55374914
41.41000 0.55365998
41.43000 0.55357087
41.45000 0.55348183
41.47000 0.55339283
41.49000 0.55330390
41.51000 0.55321502
41.53000 0.55312620
41.55000 0.55303744
41.57000 0.55294873
41.59000 0.55286009
41.61000 0.55277149
41.63000 0.55268296
41.65000 0.55259448
41.67000 0.55250606
41.69000 0.55241769
41.71000 0.55232938
41.73000 0.55224113
41.75000 0.55215293
41.77000 0.55206479
41.79000 0.55197671
41.81000 0.55188868
41.83000 0.55180071
41.85000 0.55171279
41.87000 0.55162494
41.89000 0.55153713
41.91000 0.55144938
41.93000 0.55136169
41.95000 0.55127406
41.97000 0.55118648
41.99000 0.55109895
42.01000 0.55101148
42.03000 0.55092407
42.05000 0.55083671
42.07000 0.55074941
42.09000 0.55066216
42.11000 0.55057497
42.13000 0.55048783
42.15000 0.55040075
42.17000 0.55031372
42.19000 0.55022675
42.21000 0.55013983
42.23000 0.55005297
42.25000 0.54996617
42.27000 0.54987941
42.29000 0.54979272
42.31000 0.54970607
42.33000 0.54961948
42.35000 0.54953295
42.37000 0.54944647
42.39000 0.54936005
42.41000 0.54927368
42.43000 0.54918736
42.45000 0.54910110
42.47000 0.54901489
42.49000 0.54892874
42.51000 0.54884264
42.53000 0.54875659
42.55000 0.54867060
42.57000 0.54858466
42.59000 0.54849878
42.61000 0.54841295
42.63000 0.54832717
42.65000 0.54824145
42.67000 0.54815578
42.69000 0.54807016
42.71000 0.54798460
42.73000 0.54789909
42.75000 0.54781363
42.77000 0.54772823
42.79000 0.54764288
42.81000 0.54755759
42.83000 0.54747234
42.85000 0.54738715
42.87000 0.54730202
42.89000 0.54721693
42.91000 0.54713190
42.93000 0.54704692
42.95000 0.54696200
42.97000 0.54687713
42.99000 0.54679231
43.01000 0.54670754
43.03000 0.54662282
43.05000 0.54653816
43.07000 0.54645355
43.09000 0.54636899
43.11000 0.54628449
43.13000 0.54620004
43.15000 0.54611563
43.17000 0.54603129
43.19000 0.54594699
43.21000 0.54586274
43.23000 0.54577855
43.25000 0.54569441
43.27000 0.54561032
43.29000 0.54552629
43.31000 0.54544230
43.33000 0.54535837
43.35000 0.54527448
43.37000 0.54519065
43.39000 0.54510688
43.41000 0.54502315
43.43000 0.54493947
43.45000 0.54485585
43.47000 0.54477227
43.49000 0.54468875
43.51000 0.54460528
43.53000 0.54452186
43.55000 0.54443849
43.57000 0.54435518
43.59000 0.54427191
43.61000 0.54418869
43.63000 0.54410553
43.65000 0.54402241
43.67000 0.54393935
43.69000 0.54385634
43.71000 0.54377338
43.73000 0.54369047
43.75000 0.54360761
43.77000 0.54352480
43.79000 0.54344204
43.81000 0.54335933
43.83000 0.54327667
43.85000 0.54319406
43.87000 0.54311150
43.89000 0.54302899
43.91000 0.54294653
43.93000 0.54286412
43.95000 0.54278177
43.97000 0.54269946
43.99000 0.54261720
44.01000 0.54253499
44.03000 0.54245283
44.05000 0.54237072
44.07000 0.54228866
44.09000 0.54220665
44.11000 0.54212469
44.13000 0.54204278
44.15000 0.54196092
44.17000 0.54187911
44.19000 0.54179735
44.21000 0.54171564
44.23000 0.54163397
44.25000 0.54155236
44.27000 0.54147079
44.29000 0.54138928
44.31000 0.54130781
44.33000 0.54122639
44.35000 0.54114502
44.37000 0.54106370
44.39000 0.54098243
44.41000 0.54090121
44.43000 0.54082004
44.45000 0.54073891
44.47000 0.54065783
44.49000 0.54057681
44.51000 0.54049583
44.53000 0.54041490
44.55000 0.54033401
44.57000 0.54025318
44.59000 0.54017239
44.61000 0.54009166
44.63000 0.54001097
44.65000 0.53993033
44.67000 0.53984973
44.69000 0.53976919
44.71000 0.53968869
44.73000 0.53960825
44.75000 0.53952784
44.77000 0.53944749
44.79000 0.53936719
44.81000 0.53928693
44.83000 0.53920672
44.85000 0.53912656
44.87000 0.53904645
44.89000 0.53896638
44.91000 0.53888636
44.93000 0.53880639
44.95000 0.53872647
44.97000 0.53864659
44.99000 0.53856676
45.01000 0.53848698
45.03000 0.53840724
45.05000 0.53832756
45.07000 0.53824792
45.09000 0.53816832
45.11000 0.53808878
45.13000 0.53800928
45.15000 0.53792983
45.17000 0.53785042
45.19000 0.53777106
45.21000 0.53769175
45.23000 0.53761249
45.25000 0.53753327
45.27000 0.53745410
45.29000 0.53737497
45.31000 0.53729589
45.33000 0.53721686
45.35000 0.53713788
45.37000 0.53705894
45.39000 0.53698005
45.41000 0.53690120
45.43000 0.53682240
45.45000 0.53674365
45.47000 0.53666494
45.49000 0.53658628
45.51000 0.53650767
45.53000 0.53642910
45.55000 0.53635057
45.57000 0.53627210
45.59000 0.53619367
45.61000 0.53611528
45.63000 0.53603694
45.65000 0.53595865
45.67000 0.53588040
45.69000 0.53580220
45.71000 0.53572404
45.73000 0.53564593
45.75000 0.53556786
45.77000 0.53548984
45.79000 0.53541187
45.81000 0.53533394
45.83000 0.53525606
45.85000 0.53517822
45.87000 0.53510043
45.89000 0.53502268
45.91000 0.53494497
45.93000 0.53486732
45.95000 0.53478970
45.97000 0.53471214
45.99000 0.53463461
46.01000 0.53455714
46.03000 0.53447970
46.05000 0.53440232
46.07000 0.53432497
46.09000 0.53424767
46.11000 0.53417042
46.13000 0.53409321
46.15000 0.53401605
46.17000 0.53393893
46.19000 0.53386185
46.21000 0.53378482
46.23000 0.53370784
46.25000 0.53363089
46.27000 0.53355400
46.29000 0.53347714
46.31000 0.53340033
46.33000 0.53332357
46.35000 0.53324685
46.37000 0.53317017
46.39000 0.53309354
46.41000 0.53301695
46.43000 0.53294041
46.45000 0.53286391
46.47000 0.53278745
46.49000 0.53271104
46.51000 0.53263467
46.53000 0.53255834
46.55000 0.53248206
46.57000 0.53240582
46.59000 0.53232963
46.61000 0.53225348
46.63000 0.53217737
46.65000 0.53210131
46.67000 0.53202529
46.69000 0.53194931
46.71000 0.53187338
46.73000 0.53179749
46.75000 0.53172164
46.77000 0.53164584
46.79000 0.53157008
46.81000 0.53149436
46.83000 0.53141869
46.85000 0.53134306
46.87000 0.53126747
46.89000 0.53119193
46.91000 0.53111642
46.93000 0.53104097
46.95000 0.53096555
46.97000 0.53089018
46.99000 0.53081485
47.01000 0.53073956
47.03000 0.53066431
47.05000 0.53058911
47.07000 0.53051395
47.09000 0.53043884
47.11000 0.53036376
47.13000 0.53028873
47.15000 0.53021374
47.17000 0.53013879
47.19000 0.53006389
47.21000 0.52998902
47.23000 0.52991420
47.25000 0.52983943
47.27000 0.52976469
47.29000 0.52969000
47.31000 0.52961535
47.33000 0.52954074
47.35000 0.52946617
47.37000 0.52939164
47.39000 0.52931716
47.41000 0.52924272
47.43000 0.52916832
47.45000 0.52909396
47.47000 0.52901964
47.49000 0.52894537
47.51000 0.52887114
47.53000 0.52879695
47.55000 0.52872280
47.57000 0.52864869
47.59000 0.52857462
47.61000 0.52850060
47.63000 0.52842661
47.65000 0.52835267
47.67000 0.52827877
47.69000 0.52820491
47.71000 0.52813109
47.73000 0.52805732
47.75000 0.52798358
47.77000 0.52790989
47.79000 0.52783623
47.81000 0.52776262
47.83000 0.52768905
47.85000 0.52761552
47.87000 0.52754203
47.89000 0.52746858
47.91000 0.52739518
47.93000 0.52732181
47.95000 0.52724848
47.97000 0.52717520
47.99000 0.52710195
48.01000 0.52702875
48.03000 0.52695559
48.05000 0.52688247
48.07000 0.52680938
48.09000 0.52673634
48.11000 0.52666334
48.13000 0.52659038
48.15000 0.52651746
48.17000 0.52644458
48.19000 0.52637174
48.21000 0.52629894
48.23000 0.52622619
48.25000 0.52615347
48.27000 0.52608079
48.29000 0.52600815
48.31000 0.52593555
48.33000 0.52586300
48.35000 0.52579048
48.37000 0.52571800
48.39000 0.52564556
48.41000 0.52557316
48.43000 0.52550081
48.45000 0.52542849
48.47000 0.52535621
48.49000 0.52528397
48.51000 0.52521177
48.53000 0.52513961
48.55000 0.52506749
48.57000 0.52499541
48.59000 0.52492337
48.61000 0.52485137
48.63000 0.52477941
48.65000 0.52470749
48.67000 0.52463560
48.69000 0.52456376
48.71000 0.52449196
48.73000 0.52442019
48.75000 0.52434847
48.77000 0.52427678
48.79000 0.52420513
48.81000 0.52413353
48.83000 0.52406196
48.85000 0.52399043
48.87000 0.52391894
48.89000 0.52384749
48.91000 0.52377607
48.93000 0.52370470
48.95000 0.52363336
48.97000 0.52356207
48.99000 0.52349081
49.01000 0.52341959
49.03000 0.52334841
49.05000 0.52327727
49.07000 0.52320617
49.09000 0.52313511
49.11000 0.52306408
49.13000 0.52299310
49.15000 0.52292215
49.17000 0.52285124
49.19000 0.52278037
49.21000 0.52270953
49.23000 0.52263874
49.25000 0.52256798
49.27000 0.52249727
49.29000 0.52242659
49.31000 0.52235595
49.33000 0.52228534
49.35000 0.52221478
49.37000 0.52214425
49.39000 0.52207376
49.41000 0.52200331
49.43000 0.52193290
49.45000 0.52186252
49.47000 0.52179219
49.49000 0.52172189
49.51000 0.52165163
49.53000 0.52158141
49.55000 0.52151122
49.57000 0.52144107
49.59000 0.52137096
49.61000 0.52130089
49.63000 0.52123086
49.65000 0.52116086
49.67000 0.52109090
49.69000 0.52102098
49.71000 0.52095110
49.73000 0.52088125
49.75000 0.52081144
49.77000 0.52074167
49.79000 0.52067193
49.81000 0.52060224
49.83000 0.52053258
49.85000 0.52046295
49.87000 0.52039337
49.89000 0.52032382
49.91000 0.52025431
49.93000 0.52018484
49.95000 0.52011540
49.97000 0.52004600
49.99000 0.51997664
50.01000 0.51990731
50.03000 0.51983802
50.05000 0.51976877
50.07000 0.51969956
50.09000 0.51963038
50.11000 0.51956124
50.13000 0.51949213
50.15000 0.51942307
50.17000 0.51935403
50.19000 0.51928504
50.21000 0.51921608
50.23000 0.51914716
50.25000 0.51907828
