0.25000 0.1308564899495332
0.27000 0.1342215343314912
0.29000 0.1373723836854548
0.31000 0.1403401513426803
0.33000 0.1431525330416831
0.35000 0.1458304600940870
0.37000 0.1483909304846308
0.39000 0.1508476608496375
0.41000 0.1532119305097862
0.43000 0.1554931048307908
0.45000 0.1576990508698869
0.47000 0.1598364435457705
0.49000 0.1619110003174766
0.51000 0.1639276614311104
0.53000 0.1658907300706970
0.55000 0.1678039822680178
0.57000 0.1696707541235841
0.59000 0.1714940115391014
0.61000 0.1732764064264047
0.63000 0.1750203225827973
0.65000 0.1767279129870302
0.67000 0.1784011310839652
0.69000 0.1800417563684121
0.71000 0.1816514160659786
0.73000 0.1832316033808875
0.75000 0.1847836930587183
0.77000 0.1863089543262001
0.79000 0.1878085625088410
0.81000 0.1892836086118345
0.83000 0.1907351079143283
0.85000 0.1921640072219482
0.87000 0.1935711914896950
0.89000 0.1949574893466557
0.91000 0.1963236781534544
0.93000 0.1976704884639502
0.95000 0.1989986080177573
0.97000 0.2003086850503668
0.99000 0.2016013315808046
1.01000 0.2028771262977415
1.03000 0.2041366169122166
1.05000 0.2053803226122040
1.07000 0.2066087360112428
1.09000 0.2078223250482664
1.11000 0.2090215348098437
1.13000 0.2102067889186621
1.15000 0.2113784910500177
1.17000 0.2125370262256976
1.19000 0.2136827619633439
1.21000 0.2148160493923417
1.23000 0.2159372242787936
1.25000 0.2170466079281710
1.27000 0.2181445080340667
1.29000 0.2192312194799301
1.31000 0.2203070250782365
1.33000 0.2213721962474972
1.35000 0.2224269936258406
1.37000 0.2234716676659483
1.39000 0.2245064591847022
1.41000 0.2255315998696406
1.43000 0.2265473127548123
1.45000 0.2275538126619876
1.47000 0.2285513066031336
1.49000 0.2295399941996915
1.51000 0.2305200679638085
1.53000 0.2314917138319685
1.55000 0.2324551111154406
1.57000 0.2334104333959312
1.59000 0.2343578480288038
1.61000 0.2352975171764611
1.63000 0.2362295975820411
1.65000 0.2371542408465488
1.67000 0.2380715938965667
1.69000 0.2389817990071559
1.71000 0.2398849939416556
1.73000 0.2407813122994857
1.75000 0.2416708836617618
1.77000 0.2425538336901635
1.79000 0.2434302842879618
1.81000 0.2443003538188676
1.83000 0.2451641572356812
1.85000 0.2460218061936998
1.87000 0.2468734091608594
1.89000 0.2477190715666756
1.91000 0.2485588959328988
1.93000 0.2493929819758583
1.95000 0.2502214267060554
1.97000 0.2510443245204101
1.99000 0.2518617673031431
2.01000 0.2526738445280322
2.03000 0.2534806433447577
2.05000 0.2542822486594637
2.07000 0.2550787432122703
2.09000 0.2558702076514279
2.11000 0.2566567206045507
2.13000 0.2574383587533309
2.15000 0.2582151969008983
2.17000 0.2589873080344621
2.19000 0.2597547633852076
2.21000 0.2605176324859242
2.23000 0.2612759832264958
2.25000 0.2620298819069194
2.27000 0.2627793932879359
2.29000 0.2635245806420335
2.31000 0.2642655058008674
2.33000 0.2650022292011832
2.35000 0.2657348099246517
2.37000 0.2664633057437862
2.39000 0.2671877731582455
2.41000 0.2679082674346082
2.43000 0.2686248426440250
2.45000 0.2693375516951198
2.47000 0.2700464463714149
2.49000 0.2707515773629371
2.51000 0.2714529942976796
2.53000 0.2721507457724260
2.55000 0.2728448793828424
2.57000 0.2735354417496444
2.59000 0.2742224785474584
2.61000 0.2749060345314074
2.63000 0.2755861535602398
2.65000 0.2762628786230483
2.67000 0.2769362518615606
2.69000 0.2776063145934954
2.71000 0.2782731073339018
2.73000 0.2789366698167066
2.75000 0.2795970410167435
2.77000 0.2802542591660750
2.79000 0.2809083617774272
2.81000 0.2815593856569590
2.83000 0.2822073669320871
2.85000 0.2828523410523770
2.87000 0.2834943428283302
2.89000 0.2841334064234002
2.91000 0.2847695653907325
2.93000 0.2854028526766866
2.95000 0.2860333006342630
2.97000 0.2866609410479616
2.99000 0.2872858051372512
3.01000 0.2879079235722054
3.03000 0.2885273264921827
3.05000 0.2891440435120980
3.07000 0.2897581037348600
3.09000 0.2903695357682625
3.11000 0.2909783677332929
3.13000 0.2915846272725203
3.15000 0.2921883415652203
3.17000 0.2927895373379837
3.19000 0.2933882408723372
3.21000 0.2939844780142117
3.23000 0.2945782741865525
3.25000 0.2951696543981130
3.27000 0.2957586432509018
3.29000 0.2963452649487879
3.31000 0.2969295433081802
3.33000 0.2975115017661223
3.35000 0.2980911633874463
3.37000 0.2986685508720701
3.39000 0.2992436865639902
3.41000 0.2998165924590870
3.43000 0.3003872902122801
3.45000 0.3009558011434777
3.47000 0.3015221462450183
3.49000 0.3020863461887893
3.51000 0.3026484213332941
3.53000 0.3032083917297518
3.55000 0.3037662771275438
3.57000 0.3043220969806006
3.59000 0.3048758704537045
3.61000 0.3054276164284229
3.63000 0.3059773535089261
3.65000 0.3065251000268419
3.67000 0.3070708740465611
3.69000 0.3076146933708098
3.71000 0.3081565755457825
3.73000 0.3086965378662985
3.75000 0.3092345973806757
3.77000 0.3097707708951751
3.79000 0.3103050749785335
3.81000 0.3108375259665896
3.83000 0.3113681399670058
3.85000 0.3118969328633929
3.87000 0.3124239203197057
3.89000 0.3129491177842462
3.91000 0.3134725404935063
3.93000 0.3139942034760934
3.95000 0.3145141215567030
3.97000 0.3150323093600053
3.99000 0.3155487813141283
4.01000 0.3160635516544618
4.03000 0.3165766344269325
4.05000 0.3170880434916005
4.07000 0.3175977925255805
4.09000 0.3181058950268787
4.11000 0.3186123643169987
4.13000 0.3191172135450425
4.15000 0.3196204556894190
4.17000 0.3201221035624272
4.19000 0.3206221698116407
4.21000 0.3211206669238336
4.23000 0.3216176072274070
4.25000 0.3221130028946205
4.27000 0.3226068659454271
4.29000 0.3230992082491652
4.31000 0.3235900415273013
4.33000 0.3240793773565513
4.35000 0.3245672271705273
4.37000 0.3250536022624158
4.39000 0.3255385137878187
4.41000 0.3260219727662779
4.43000 0.3265039900837982
4.45000 0.3269845764955791
4.47000 0.3274637426276405
4.49000 0.3279414989788813
4.51000 0.3284178559236444
4.53000 0.3288928237135939
4.55000 0.3293664124792925
4.57000 0.3298386322325944
4.59000 0.3303094928685499
4.61000 0.3307790041671505
4.63000 0.3312471757949385
4.65000 0.3317140173072333
4.67000 0.3321795381498919
4.69000 0.3326437476607614
4.71000 0.3331066550713786
4.73000 0.3335682695088870
4.75000 0.3340285999976558
4.77000 0.3344876554607092
4.79000 0.3349454447211442
4.81000 0.3354019765040208
4.83000 0.3358572594378295
4.85000 0.3363113020557779
4.87000 0.3367641127972280
4.89000 0.3372157000092846
4.91000 0.3376660719481975
4.93000 0.3381152367807090
4.95000 0.3385632025852925
4.97000 0.3390099773534346
4.99000 0.3394555689911103
5.01000 0.3398999853200373
5.03000 0.3403432340788325
5.05000 0.3407853229241794
5.07000 0.3412262594320424
5.09000 0.3416660510989644
5.11000 0.3421047053432046
5.13000 0.3425422295058406
5.15000 0.3429786308517898
5.17000 0.3434139165709295
5.19000 0.3438480937792883
5.21000 0.3442811695200821
5.23000 0.3447131507646866
5.25000 0.3451440444136181
5.27000 0.3455738572975305
5.29000 0.3460025961782672
5.31000 0.3464302677498166
5.33000 0.3468568786392411
5.35000 0.3472824354076173
5.37000 0.3477069445508468
5.39000 0.3481304125006541
5.41000 0.3485528456253878
5.43000 0.3489742502310791
5.45000 0.3493946325620570
5.47000 0.3498139988019793
5.49000 0.3502323550744296
5.51000 0.3506497074438560
5.53000 0.3510660619164084
5.55000 0.3514814244406036
5.57000 0.3518958009082329
5.59000 0.3523091971550010
5.61000 0.3527216189612411
5.63000 0.3531330720527243
5.65000 0.3535435621012977
5.67000 0.3539530947256505
5.69000 0.3543616754920526
5.71000 0.3547693099149078
5.73000 0.3551760034574888
5.75000 0.3555817615326248
5.77000 0.3559865895032301
5.79000 0.3563904926830396
5.81000 0.3567934763372648
5.83000 0.3571955456831307
5.85000 0.3575967058904985
5.87000 0.3579969620825127
5.89000 0.3583963193361316
5.91000 0.3587947826826353
5.93000 0.3591923571083164
5.95000 0.3595890475550321
5.97000 0.3599848589206787
5.99000 0.3603797960597668
6.01000 0.3607738637839923
6.03000 0.3611670668627114
6.05000 0.3615594100234091
6.07000 0.3619508979522737
6.09000 0.3623415352947243
6.11000 0.3627313266558489
6.13000 0.3631202766008783
6.15000 0.3635083896557108
6.17000 0.3638956703073786
6.19000 0.3642821230044694
6.21000 0.3646677521575610
6.23000 0.3650525621397180
6.25000 0.3654365572869520
6.27000 0.3658197418986108
6.29000 0.3662021202377905
6.31000 0.3665836965318195
6.33000 0.3669644749726563
6.35000 0.3673444597172754
6.37000 0.3677236548880486
6.39000 0.3681020645731721
6.41000 0.3684796928270636
6.43000 0.3688565436707488
6.45000 0.3692326210922219
6.47000 0.3696079290468110
6.49000 0.3699824714575891
6.51000 0.3703562522157308
6.53000 0.3707292751808478
6.55000 0.3711015441813130
6.57000 0.3714730630146488
6.59000 0.3718438354478714
6.61000 0.3722138652178241
6.63000 0.3725831560315039
6.65000 0.3729517115663827
6.67000 0.3733195354707388
6.69000 0.3736866313639945
6.71000 0.3740530028370133
6.73000 0.3744186534524207
6.75000 0.3747835867448637
6.77000 0.3751478062213586
6.79000 0.3755113153615843
6.81000 0.3758741176181737
6.83000 0.3762362164170066
6.85000 0.3765976151574594
6.87000 0.3769583172127273
6.89000 0.3773183259300950
6.91000 0.3776776446312054
6.93000 0.3780362766123453
6.95000 0.3783942251446744
6.97000 0.3787514934744972
6.99000 0.3791080848235495
7.01000 0.3794640023892321
7.03000 0.3798192493448784
7.05000 0.3801738288400036
7.07000 0.3805277440005204
7.09000 0.3808809979290085
7.11000 0.3812335937049609
7.13000 0.3815855343849998
7.15000 0.3819368230031309
7.17000 0.3822874625709635
7.19000 0.3826374560779185
7.21000 0.3829868064914573
7.23000 0.3833355167573307
7.25000 0.3836835897997821
7.27000 0.3840310285217577
7.29000 0.3843778358051347
7.31000 0.3847240145109144
7.33000 0.3850695674794196
7.35000 0.3854144975305270
7.37000 0.3857588074638704
7.39000 0.3861025000590181
7.41000 0.3864455780756799
7.43000 0.3867880442539106
7.45000 0.3871299013142820
7.47000 0.3874711519580764
7.49000 0.3878117988674814
7.51000 0.3881518447057885
7.53000 0.3884912921175670
7.55000 0.3888301437288286
7.57000 0.3891684021472211
7.59000 0.3895060699621992
7.61000 0.3898431497451982
7.63000 0.3901796440498071
7.65000 0.3905155554119450
7.67000 0.3908508863500315
7.69000 0.3911856393651387
7.71000 0.3915198169411495
7.73000 0.3918534215449343
7.75000 0.3921864556265079
7.77000 0.3925189216191823
7.79000 0.3928508219397245
7.81000 0.3931821589885186
7.83000 0.3935129351497190
7.85000 0.3938431527913916
7.87000 0.3941728142656549
7.89000 0.3945019219088353
7.91000 0.3948304780416210
7.93000 0.3951584849692031
7.95000 0.3954859449814098
7.97000 0.3958128603528447
7.99000 0.3961392333430376
8.01000 0.3964650661965763
8.03000 0.3967903611432371
8.05000 0.3971151203981085
8.07000 0.3974393461617423
8.09000 0.3977630406202865
8.11000 0.3980862059456062
8.13000 0.3984088442954136
8.15000 0.3987309578133864
8.17000 0.3990525486293037
8.19000 0.3993736188591665
8.21000 0.3996941706053145
8.23000 0.4000142059565497
8.25000 0.4003337269882543
8.27000 0.4006527357625170
8.29000 0.4009712343282479
8.31000 0.4012892247212875
8.33000 0.4016067089645221
8.35000 0.4019236890679966
8.37000 0.4022401670290219
8.39000 0.4025561448322957
8.41000 0.4028716244500112
8.43000 0.4031866078419551
8.45000 0.4035010969556185
8.47000 0.4038150937263091
8.49000 0.4041286000772506
8.51000 0.4044416179196896
8.53000 0.4047541491529942
8.55000 0.4050661956647459
8.57000 0.4053777593308489
8.59000 0.4056888420156340
8.61000 0.4059994455719544
8.63000 0.4063095718412792
8.65000 0.4066192226537888
8.67000 0.4069283998284674
8.69000 0.4072371051732006
8.71000 0.4075453404848703
8.73000 0.4078531075494454
8.75000 0.4081604081420659
8.77000 0.4084672440271354
8.79000 0.4087736169584149
8.81000 0.4090795286791085
8.83000 0.4093849809219503
8.85000 0.4096899754092947
8.87000 0.4099945138531979
8.89000 0.4102985979554957
8.91000 0.4106022294078938
8.93000 0.4109054098920515
8.95000 0.4112081410796606
8.97000 0.4115104246325258
8.99000 0.4118122622026485
9.01000 0.4121136554323040
9.03000 0.4124146059541159
9.05000 0.4127151153911376
9.07000 0.4130151853569340
9.09000 0.4133148174556532
9.11000 0.4136140132820998
9.13000 0.4139127744218078
9.15000 0.4142111024511164
9.17000 0.4145089989372458
9.19000 0.4148064654383672
9.21000 0.4151035035036753
9.23000 0.4154001146734602
9.25000 0.4156963004791782
9.27000 0.4159920624435169
9.29000 0.4162874020804619
9.31000 0.4165823208953724
9.33000 0.4168768203850494
9.35000 0.4171709020377966
9.37000 0.4174645673334862
9.39000 0.4177578177436260
9.41000 0.4180506547314237
9.43000 0.4183430797518534
9.45000 0.4186350942517155
9.47000 0.4189266996697019
9.49000 0.4192178974364615
9.51000 0.4195086889746590
9.53000 0.4197990756990340
9.55000 0.4200890590164603
9.57000 0.4203786403260066
9.59000 0.4206678210190015
9.61000 0.4209566024790877
9.63000 0.4212449860822799
9.65000 0.4215329731970224
9.67000 0.4218205651842482
9.69000 0.4221077633974348
9.71000 0.4223945691826590
9.73000 0.4226809838786509
9.75000 0.4229670088168516
9.77000 0.4232526453214696
9.79000 0.4235378947095330
9.81000 0.4238227582909421
9.83000 0.4241072373685198
9.85000 0.4243913332380642
9.87000 0.4246750471884032
9.89000 0.4249583805014465
9.91000 0.4252413344522352
9.93000 0.4255239103089916
9.95000 0.4258061093331691
9.97000 0.4260879327795056
9.99000 0.4263693818960683
10.01000 0.4266504579243038
10.03000 0.4269311620990834
10.05000 0.4272114956487521
10.07000 0.4274914597951796
10.09000 0.4277710557538069
10.11000 0.4280502847336887
10.13000 0.4283291479375403
10.15000 0.4286076465617834
10.17000 0.4288857817965910
10.19000 0.4291635548259333
10.21000 0.4294409668276223
10.23000 0.4297180189733554
10.25000 0.4299947124287566
10.27000 0.4302710483534228
10.29000 0.4305470279009669
10.31000 0.4308226522190590
10.33000 0.4310979224494660
10.35000 0.4313728397280958
10.37000 0.4316474051850361
10.39000 0.4319216199445969
10.41000 0.4321954851253525
10.43000 0.4324690018401811
10.45000 0.4327421711963041
10.47000 0.4330149942953231
10.49000 0.4332874722332606
10.51000 0.4335596061006013
10.53000 0.4338313969823274
10.55000 0.4341028459579575
10.57000 0.4343739541015850
10.59000 0.4346447224819149
10.61000 0.4349151521623001
10.63000 0.4351852442007794
10.65000 0.4354549996501151
10.67000 0.4357244195578281
10.69000 0.4359935049662322
10.71000 0.4362622569124688
10.73000 0.4365306764285424
10.75000 0.4367987645413591
10.77000 0.4370665222727587
10.79000 0.4373339506395494
10.81000 0.4376010506535426
10.83000 0.4378678233215847
10.85000 0.4381342696455912
10.87000 0.4384003906225797
10.89000 0.4386661872447039
10.91000 0.4389316604992852
10.93000 0.4391968113688451
10.95000 0.4394616408311370
10.97000 0.4397261498591764
10.99000 0.4399903394212759
11.01000 0.4402542104810747
11.03000 0.4405177639975695
11.05000 0.4407810009251449
11.07000 0.4410439222136043
11.09000 0.4413065288081991
11.11000 0.4415688216496590
11.13000 0.4418308016742215
11.15000 0.4420924698136614
11.17000 0.4423538269953222
11.19000 0.4426148741421436
11.21000 0.4428756121726896
11.23000 0.4431360420011765
11.25000 0.4433961645375012
11.27000 0.4436559806872706
11.29000 0.4439154913518288
11.31000 0.4441746974282846
11.33000 0.4444335998095378
11.35000 0.4446921993843067
11.37000 0.4449504970371558
11.39000 0.4452084936485216
11.41000 0.4454661900947389
11.43000 0.4457235872480683
11.45000 0.4459806859767212
11.47000 0.4462374871448867
11.49000 0.4464939916127567
11.51000 0.4467502002365499
11.53000 0.4470061138685366
11.55000 0.4472617333570651
11.57000 0.4475170595465871
11.59000 0.4477720932776821
11.61000 0.4480268353870810
11.63000 0.4482812867076899
11.65000 0.4485354480686154
11.67000 0.4487893202951870
11.69000 0.4490429042089817
11.71000 0.4492962006278470
11.73000 0.4495492103659235
11.75000 0.4498019342336690
11.77000 0.4500543730378813
11.79000 0.4503065275817205
11.81000 0.4505583986647310
11.83000 0.4508099870828642
11.85000 0.4510612936285007
11.87000 0.4513123190904728
11.89000 0.4515630642540865
11.91000 0.4518135299011429
11.93000 0.4520637168099593
11.95000 0.4523136257553900
11.97000 0.4525632575088485
11.99000 0.4528126128383272
12.01000 0.4530616925084197
12.03000 0.4533104972803401
12.05000 0.4535590279119438
12.07000 0.4538072851577484
12.09000 0.4540552697689544
12.11000 0.4543029824934642
12.13000 0.4545504240759025
12.15000 0.4547975952576356
12.17000 0.4550444967767904
12.19000 0.4552911293682745
12.21000 0.4555374937637960
12.23000 0.4557835906918818
12.25000 0.4560294208778979
12.27000 0.4562749850440673
12.29000 0.4565202839094868
12.31000 0.4567653181901485
12.33000 0.4570100885989565
12.35000 0.4572545958457466
12.37000 0.4574988406373030
12.39000 0.4577428236773771
12.41000 0.4579865456667058
12.43000 0.4582300073030280
12.45000 0.4584732092811030
12.47000 0.4587161522927276
12.49000 0.4589588370267547
12.51000 0.4592012641691081
12.53000 0.4594434344028011
12.55000 0.4596853484079520
12.57000 0.4599270068618034
12.59000 0.4601684104387376
12.61000 0.4604095598102935
12.63000 0.4606504556451833
12.65000 0.4608910986093073
12.67000 0.4611314893657716
12.69000 0.4613716285749035
12.71000 0.4616115168942679
12.73000 0.4618511549786832
12.75000 0.4620905434802368
12.77000 0.4623296830483012
12.79000 0.4625685743295486
12.81000 0.4628072179679670
12.83000 0.4630456146048749
12.85000 0.4632837648789374
12.87000 0.4635216694261810
12.89000 0.4637593288800080
12.91000 0.4639967438712113
12.93000 0.4642339150279897
12.95000 0.4644708429759626
12.97000 0.4647075283381845
12.99000 0.4649439717351597
13.01000 0.4651801737848559
13.03000 0.4654161351027189
13.05000 0.4656518563016865
13.07000 0.4658873379922026
13.09000 0.4661225807822304
13.11000 0.4663575852772673
13.13000 0.4665923520803579
13.15000 0.4668268817921092
13.17000 0.4670611750107022
13.19000 0.4672952323319071
13.21000 0.4675290543490946
13.23000 0.4677626416532507
13.25000 0.4679959948329891
13.27000 0.4682291144745649
13.29000 0.4684620011618877
13.31000 0.4686946554765334
13.33000 0.4689270779977573
13.35000 0.4691592693025078
13.37000 0.4693912299654380
13.39000 0.4696229605589189
13.41000 0.4698544616530514
13.43000 0.4700857338156790
13.45000 0.4703167776123996
13.47000 0.4705475936065783
13.49000 0.4707781823593588
13.51000 0.4710085444296756
13.53000 0.4712386803742661
13.55000 0.4714685907476824
13.57000 0.4716982761023038
13.59000 0.4719277369883481
13.61000 0.4721569739538825
13.63000 0.4723859875448359
13.65000 0.4726147783050098
13.67000 0.4728433467760900
13.69000 0.4730716934976578
13.71000 0.4732998190072013
13.73000 0.4735277238401265
13.75000 0.4737554085297684
13.77000 0.4739828736074019
13.79000 0.4742101196022530
13.81000 0.4744371470415092
13.83000 0.4746639564503310
13.85000 0.4748905483518620
13.87000 0.4751169232672400
13.89000 0.4753430817156065
13.91000 0.4755690242141187
13.93000 0.4757947512779593
13.95000 0.4760202634203461
13.97000 0.4762455611525434
13.99000 0.4764706449838703
14.01000 0.4766955154217141
14.03000 0.4769201729715378
14.05000 0.4771446181368909
14.07000 0.4773688514194196
14.09000 0.4775928733188761
14.11000 0.4778166843331291
14.13000 0.4780402849581726
14.15000 0.4782636756881363
14.17000 0.4784868570152946
14.19000 0.4787098294300773
14.21000 0.4789325934210784
14.23000 0.4791551494750650
14.25000 0.4793774980769882
14.27000 0.4795996397099909
14.29000 0.4798215748554176
14.31000 0.4800433039928239
14.33000 0.4802648275999852
14.35000 0.4804861461529058
14.37000 0.4807072601258279
14.39000 0.4809281699912411
14.41000 0.4811488762198903
14.43000 0.4813693792807857
14.45000 0.4815896796412108
14.47000 0.4818097777667310
14.49000 0.4820296741212030
14.51000 0.4822493691667821
14.53000 0.4824688633639326
14.55000 0.4826881571714353
14.57000 0.4829072510463960
14.59000 0.4831261454442543
14.61000 0.4833448408187910
14.63000 0.4835633376221371
14.65000 0.4837816363047820
14.67000 0.4839997373155817
14.69000 0.4842176411017660
14.71000 0.4844353481089484
14.73000 0.4846528587811325
14.75000 0.4848701735607209
14.77000 0.4850872928885228
14.79000 0.4853042172037624
14.81000 0.4855209469440854
14.83000 0.4857374825455685
14.85000 0.4859538244427257
14.87000 0.4861699730685169
14.89000 0.4863859288543548
14.91000 0.4866016922301129
14.93000 0.4868172636241334
14.95000 0.4870326434632338
14.97000 0.4872478321727154
14.99000 0.4874628301763704
15.01000 0.4876776378964884
15.03000 0.4878922557538646
15.05000 0.4881066841678066
15.07000 0.4883209235561422
15.09000 0.4885349743352257
15.11000 0.4887488369199461
15.13000 0.4889625117237337
15.15000 0.4891759991585665
15.17000 0.4893892996349780
15.19000 0.4896024135620642
15.21000 0.4898153413474901
15.23000 0.4900280833974963
15.25000 0.4902406401169063
15.27000 0.4904530119091335
15.29000 0.4906651991761876
15.31000 0.4908772023186814
15.33000 0.4910890217358375
15.35000 0.4913006578254944
15.37000 0.4915121109841146
15.39000 0.4917233816067891
15.41000 0.4919344700872458
15.43000 0.4921453768178548
15.45000 0.4923561021896350
15.47000 0.4925666465922605
15.49000 0.4927770104140665
15.51000 0.4929871940420572
15.53000 0.4931971978619105
15.55000 0.4934070222579850
15.57000 0.4936166676133257
15.59000 0.4938261343096709
15.61000 0.4940354227274579
15.63000 0.4942445332458286
15.65000 0.4944534662426359
15.67000 0.4946622220944503
15.69000 0.4948708011765651
15.71000 0.4950792038630029
15.73000 0.4952874305265210
15.75000 0.4954954815386179
15.77000 0.4957033572695388
15.79000 0.4959110580882811
15.81000 0.4961185843626002
15.83000 0.4963259364590168
15.85000 0.4965331147428187
15.87000 0.4967401195780727
15.89000 0.4969469513276236
15.91000 0.4971536103531042
15.93000 0.4973600970149393
15.95000 0.4975664116723513
15.97000 0.4977725546833662
15.99000 0.4979785264048175
16.01000 0.4981843271923556
16.03000 0.4983899574004473
16.05000 0.4985954173823868
16.07000 0.4988007074902973
16.09000 0.4990058280751383
16.11000 0.4992107794867094
16.13000 0.4994155620736571
16.15000 0.4996201761834787
16.17000 0.4998246221625285
16.19000 0.5000289003560228
16.21000 0.5002330111080440
16.23000 0.5004369547615475
16.25000 0.5006407316583653
16.27000 0.5008443421392120
16.29000 0.5010477865436889
16.31000 0.5012510652102894
16.33000 0.5014541784764043
16.35000 0.5016571266783262
16.37000 0.5018599101512549
16.39000 0.5020625292293019
16.41000 0.5022649842454959
16.43000 0.5024672755317866
16.45000 0.5026694034190499
16.47000 0.5028713682370931
16.49000 0.5030731703146591
16.51000 0.5032748099794319
16.53000 0.5034762875580399
16.55000 0.5036776033760622
16.57000 0.5038787577580319
16.59000 0.5040797510274415
16.61000 0.5042805835067472
16.63000 0.5044812555173736
16.65000 0.5046817673797175
16.67000 0.5048821194131539
16.69000 0.5050823119360394
16.71000 0.5052823452657167
16.73000 0.5054822197185190
16.75000 0.5056819356097753
16.77000 0.5058814932538136
16.79000 0.5060808929639660
16.81000 0.5062801350525726
16.83000 0.5064792198309861
16.85000 0.5066781476095759
16.87000 0.5068769186977323
16.89000 0.5070755334038715
16.91000 0.5072739920354387
16.93000 0.5074722948989130
16.95000 0.5076704422998118
16.97000 0.5078684345426940
16.99000 0.5080662719311654
17.01000 0.5082639547678811
17.03000 0.5084614833545512
17.05000 0.5086588579919440
17.07000 0.5088560789798899
17.09000 0.5090531466172868
17.11000 0.5092500612021017
17.13000 0.5094468230313771
17.15000 0.5096434324012334
17.17000 0.5098398896068731
17.19000 0.5100361949425858
17.21000 0.5102323487017498
17.23000 0.5104283511768388
17.25000 0.5106242026594233
17.27000 0.5108199034401760
17.29000 0.5110154538088750
17.31000 0.5112108540544069
17.33000 0.5114061044647725
17.35000 0.5116012053270882
17.37000 0.5117961569275914
17.39000 0.5119909595516436
17.41000 0.5121856134837338
17.43000 0.5123801190074831
17.45000 0.5125744764056468
17.47000 0.5127686859601200
17.49000 0.5129627479519394
17.51000 0.5131566626612878
17.53000 0.5133504303674974
17.55000 0.5135440513490540
17.57000 0.5137375258835998
17.59000 0.5139308542479362
17.61000 0.5141240367180295
17.63000 0.5143170735690121
17.65000 0.5145099650751868
17.67000 0.5147027115100308
17.69000 0.5148953131461985
17.71000 0.5150877702555254
17.73000 0.5152800831090306
17.75000 0.5154722519769213
17.77000 0.5156642771285951
17.79000 0.5158561588326435
17.81000 0.5160478973568562
17.83000 0.5162394929682231
17.85000 0.5164309459329385
17.87000 0.5166222565164039
17.89000 0.5168134249832314
17.91000 0.5170044515972465
17.93000 0.5171953366214920
17.95000 0.5173860803182310
17.97000 0.5175766829489499
17.99000 0.5177671447743609
18.01000 0.5179574660544074
18.03000 0.5181476470482641
18.05000 0.5183376880143424
18.07000 0.5185275892102928
18.09000 0.5187173508930071
18.11000 0.5189069733186229
18.13000 0.5190964567425257
18.15000 0.5192858014193524
18.17000 0.5194750076029939
18.19000 0.5196640755465982
18.21000 0.5198530055025744
18.23000 0.5200417977225935
18.25000 0.5202304524575936
18.27000 0.5204189699577817
18.29000 0.5206073504726365
18.31000 0.5207955942509114
18.33000 0.5209837015406380
18.35000 0.5211716725891286
18.37000 0.5213595076429793
18.39000 0.5215472069480720
18.41000 0.5217347707495785
18.43000 0.5219221992919622
18.45000 0.5221094928189812
18.47000 0.5222966515736919
18.49000 0.5224836757984506
18.51000 0.5226705657349171
18.53000 0.5228573216240571
18.55000 0.5230439437061446
18.57000 0.5232304322207657
18.59000 0.5234167874068203
18.61000 0.5236030095025251
18.63000 0.5237890987454166
18.65000 0.5239750553723533
18.67000 0.5241608796195185
18.69000 0.5243465717224227
18.71000 0.5245321319159072
18.73000 0.5247175604341456
18.75000 0.5249028575106470
18.77000 0.5250880233782582
18.79000 0.5252730582691667
18.81000 0.5254579624149029
18.83000 0.5256427360463435
18.85000 0.5258273793937120
18.87000 0.5260118926865840
18.89000 0.5261962761538873
18.91000 0.5263805300239061
18.93000 0.5265646545242829
18.95000 0.5267486498820207
18.97000 0.5269325163234851
18.99000 0.5271162540744080
19.01000 0.5272998633598888
19.03000 0.5274833444043979
19.05000 0.5276666974317784
19.07000 0.5278499226652487
19.09000 0.5280330203274045
19.11000 0.5282159906402226
19.13000 0.5283988338250617
19.15000 0.5285815501026652
19.17000 0.5287641396931633
19.19000 0.5289466028160765
19.21000 0.5291289396903168
19.23000 0.5293111505341902
19.25000 0.5294932355653991
19.27000 0.5296751950010450
19.29000 0.5298570290576300
19.31000 0.5300387379510600
19.33000 0.5302203218966463
19.35000 0.5304017811091075
19.37000 0.5305831158025728
19.39000 0.5307643261905838
19.41000 0.5309454124860962
19.43000 0.5311263749014822
19.45000 0.5313072136485333
19.47000 0.5314879289384620
19.49000 0.5316685209819040
19.51000 0.5318489899889201
19.53000 0.5320293361689987
19.55000 0.5322095597310588
19.57000 0.5323896608834497
19.59000 0.5325696398339567
19.61000 0.5327494967897993
19.63000 0.5329292319576353
19.65000 0.5331088455435642
19.67000 0.5332883377531268
19.69000 0.5334677087913086
19.71000 0.5336469588625410
19.73000 0.5338260881707048
19.75000 0.5340050969191309
19.77000 0.5341839853106030
19.79000 0.5343627535473593
19.81000 0.5345414018310947
19.83000 0.5347199303629629
19.85000 0.5348983393435778
19.87000 0.5350766289730164
19.89000 0.5352547994508204
19.91000 0.5354328509759978
19.93000 0.5356107837470252
19.95000 0.5357885979618496
19.97000 0.5359662938178910
19.99000 0.5361438715120432
20.01000 0.5363213312406762
20.03000 0.5364986731996386
20.05000 0.5366758975842590
20.07000 0.5368530045893481
20.09000 0.5370299944092000
20.11000 0.5372068672375954
20.13000 0.5373836232678019
20.15000 0.5375602626925771
20.17000 0.5377367857041694
20.19000 0.5379131924943212
20.21000 0.5380894832542693
20.23000 0.5382656581747474
20.25000 0.5384417174459883
20.27000 0.5386176612577249
20.29000 0.5387934897991926
20.31000 0.5389692032591306
20.33000 0.5391448018257842
20.35000 0.5393202856869067
20.37000 0.5394956550297599
20.39000 0.5396709100411178
20.41000 0.5398460509072667
20.43000 0.5400210778140077
20.45000 0.5401959909466586
20.47000 0.5403707904900550
20.49000 0.5405454766285522
20.51000 0.5407200495460279
20.53000 0.5408945094258826
20.55000 0.5410688564510414
20.57000 0.5412430908039565
20.59000 0.5414172126666086
20.61000 0.5415912222205079
20.63000 0.5417651196466967
20.65000 0.5419389051257508
20.67000 0.5421125788377805
20.69000 0.5422861409624332
20.71000 0.5424595916788943
20.73000 0.5426329311658893
20.75000 0.5428061596016851
20.77000 0.5429792771640923
20.79000 0.5431522840304654
20.81000 0.5433251803777064
20.83000 0.5434979663822641
20.85000 0.5436706422201373
20.87000 0.5438432080668764
20.89000 0.5440156640975834
20.91000 0.5441880104869161
20.93000 0.5443602474090870
20.95000 0.5445323750378658
20.97000 0.5447043935465824
20.99000 0.5448763031081261
21.01000 0.5450481038949480
21.03000 0.5452197960790639
21.05000 0.5453913798320537
21.07000 0.5455628553250642
21.09000 0.5457342227288102
21.11000 0.5459054822135756
21.13000 0.5460766339492165
21.15000 0.5462476781051605
21.17000 0.5464186148504093
21.19000 0.5465894443535405
21.21000 0.5467601667827083
21.23000 0.5469307823056456
21.25000 0.5471012910896649
21.27000 0.5472716933016601
21.29000 0.5474419891081082
21.31000 0.5476121786750694
21.33000 0.5477822621681905
21.35000 0.5479522397527049
21.37000 0.5481221115934347
21.39000 0.5482918778547915
21.41000 0.5484615387007780
21.43000 0.5486310942949900
21.45000 0.5488005448006174
21.47000 0.5489698903804452
21.49000 0.5491391311968550
21.51000 0.5493082674118270
21.53000 0.5494772991869413
21.55000 0.5496462266833778
21.57000 0.5498150500619194
21.59000 0.5499837694829521
21.61000 0.5501523851064678
21.63000 0.5503208970920637
21.65000 0.5504893055989452
21.67000 0.5506576107859260
21.69000 0.5508258128114308
21.71000 0.5509939118334958
21.73000 0.5511619080097694
21.75000 0.5513298014975148
21.77000 0.5514975924536104
21.79000 0.5516652810345516
21.81000 0.5518328673964512
21.83000 0.5520003516950425
21.85000 0.5521677340856783
21.87000 0.5523350147233341
21.89000 0.5525021937626079
21.91000 0.5526692713577226
21.93000 0.5528362476625264
21.95000 0.5530031228304947
21.97000 0.5531698970147305
21.99000 0.5533365703679670
22.01000 0.5535031430425676
22.03000 0.5536696151905274
22.05000 0.5538359869634749
22.07000 0.5540022585126726
22.09000 0.5541684299890189
22.11000 0.5543345015430485
22.13000 0.5545004733249341
22.15000 0.5546663454844879
22.17000 0.5548321181711617
22.19000 0.5549977915340495
22.21000 0.5551633657218871
22.23000 0.5553288408830550
22.25000 0.5554942171655782
22.27000 0.5556594947171282
22.29000 0.5558246736850238
22.31000 0.5559897542162318
22.33000 0.5561547364573695
22.35000 0.5563196205547040
22.37000 0.5564844066541559
22.39000 0.5566490949012970
22.41000 0.5568136854413546
22.43000 0.5569781784192107
22.45000 0.5571425739794043
22.47000 0.5573068722661312
22.49000 0.5574710734232469
22.51000 0.5576351775942660
22.53000 0.5577991849223641
22.55000 0.5579630955503793
22.57000 0.5581269096208121
22.59000 0.5582906272758278
22.61000 0.5584542486572567
22.63000 0.5586177739065954
22.65000 0.5587812031650081
22.67000 0.5589445365733277
22.69000 0.5591077742720564
22.71000 0.5592709164013671
22.73000 0.5594339631011046
22.75000 0.5595969145107866
22.77000 0.5597597707696038
22.79000 0.5599225320164232
22.81000 0.5600851983897862
22.83000 0.5602477700279118
22.85000 0.5604102470686978
22.87000 0.5605726296497195
22.89000 0.5607349179082338
22.91000 0.5608971119811773
22.93000 0.5610592120051696
22.95000 0.5612212181165132
22.97000 0.5613831304511944
22.99000 0.5615449491448851
23.01000 0.5617066743329425
23.03000 0.5618683061504126
23.05000 0.5620298447320276
23.07000 0.5621912902122098
23.09000 0.5623526427250719
23.11000 0.5625139024044166
23.13000 0.5626750693837396
23.15000 0.5628361437962290
23.17000 0.5629971257747676
23.19000 0.5631580154519326
23.21000 0.5633188129599972
23.23000 0.5634795184309317
23.25000 0.5636401319964037
23.27000 0.5638006537877808
23.29000 0.5639610839361286
23.31000 0.5641214225722150
23.33000 0.5642816698265085
23.35000 0.5644418258291800
23.37000 0.5646018907101051
23.39000 0.5647618645988627
23.41000 0.5649217476247376
23.43000 0.5650815399167203
23.45000 0.5652412416035093
23.47000 0.5654008528135104
23.49000 0.5655603736748388
23.51000 0.5657198043153197
23.53000 0.5658791448624887
23.55000 0.5660383954435935
23.57000 0.5661975561855941
23.59000 0.5663566272151644
23.61000 0.5665156086586921
23.63000 0.5666745006422806
23.65000 0.5668333032917495
23.67000 0.5669920167326349
23.69000 0.5671506410901915
23.71000 0.5673091764893922
23.73000 0.5674676230549297
23.75000 0.5676259809112176
23.77000 0.5677842501823903
23.79000 0.5679424309923046
23.81000 0.5681005234645408
23.83000 0.5682585277224020
23.85000 0.5684164438889178
23.87000 0.5685742720868416
23.89000 0.5687320124386547
23.91000 0.5688896650665648
23.93000 0.5690472300925081
23.95000 0.5692047076381496
23.97000 0.5693620978248844
23.99000 0.5695194007738379
24.01000 0.5696766166058670
24.03000 0.5698337454415610
24.05000 0.5699907874012419
24.07000 0.5701477426049661
24.09000 0.5703046111725242
24.11000 0.5704613932234428
24.13000 0.5706180888769845
24.15000 0.5707746982521489
24.17000 0.5709312214676735
24.19000 0.5710876586420346
24.21000 0.5712440098934484
24.23000 0.5714002753398704
24.25000 0.5715564550989981
24.27000 0.5717125492882703
24.29000 0.5718685580248685
24.31000 0.5720244814257174
24.33000 0.5721803196074862
24.35000 0.5723360726865895
24.37000 0.5724917407791860
24.39000 0.5726473240011823
24.41000 0.5728028224682318
24.43000 0.5729582362957358
24.45000 0.5731135655988444
24.47000 0.5732688104924570
24.49000 0.5734239710912237
24.51000 0.5735790475095445
24.53000 0.5737340398615726
24.55000 0.5738889482612125
24.57000 0.5740437728221224
24.59000 0.5741985136577140
24.61000 0.5743531708811549
24.63000 0.5745077446053662
24.65000 0.5746622349430266
24.67000 0.5748166420065710
24.69000 0.5749709659081919
24.71000 0.5751252067598406
24.73000 0.5752793646732266
24.75000 0.5754334397598196
24.77000 0.5755874321308497
24.79000 0.5757413418973080
24.81000 0.5758951691699478
24.83000 0.5760489140592838
24.85000 0.5762025766755950
24.87000 0.5763561571289250
24.89000 0.5765096555290798
24.91000 0.5766630719856329
24.93000 0.5768164066079225
24.95000 0.5769696595050537
24.97000 0.5771228307858999
24.99000 0.5772759205591014
25.01000 0.5774289289330677
25.03000 0.5775818560159776
25.05000 0.5777347019157802
25.07000 0.5778874667401955
25.09000 0.5780401505967144
25.11000 0.5781927535926003
25.13000 0.5783452758348889
25.15000 0.5784977174303901
25.17000 0.5786500784856874
25.19000 0.5788023591071390
25.21000 0.5789545594008780
25.23000 0.5791066794728148
25.25000 0.5792587194286356
25.27000 0.5794106793738043
25.29000 0.5795625594135627
25.31000 0.5797143596529305
25.33000 0.5798660801967079
25.35000 0.5800177211494743
25.37000 0.5801692826155893
25.39000 0.5803207646991948
25.41000 0.5804721675042134
25.43000 0.5806234911343505
25.45000 0.5807747356930950
25.47000 0.5809259012837188
25.49000 0.5810769880092788
25.51000 0.5812279959726155
25.53000 0.5813789252763568
25.55000 0.5815297760229151
25.57000 0.5816805483144907
25.59000 0.5818312422530706
25.61000 0.5819818579404302
25.63000 0.5821323954781332
25.65000 0.5822828549675325
25.67000 0.5824332365097712
25.69000 0.5825835402057820
25.71000 0.5827337661562896
25.73000 0.5828839144618095
25.75000 0.5830339852226492
25.77000 0.5831839785389101
25.79000 0.5833338945104858
25.81000 0.5834837332370646
25.83000 0.5836334948181287
25.85000 0.5837831793529558
25.87000 0.5839327869406193
25.89000 0.5840823176799886
25.91000 0.5842317716697305
25.93000 0.5843811490083083
25.95000 0.5845304497939843
25.97000 0.5846796741248187
25.99000 0.5848288220986704
26.01000 0.5849778938131993
26.03000 0.5851268893658647
26.05000 0.5852758088539265
26.07000 0.5854246523744466
26.09000 0.5855734200242884
26.11000 0.5857221119001180
26.13000 0.5858707280984045
26.15000 0.5860192687154204
26.17000 0.5861677338472426
26.19000 0.5863161235897526
26.21000 0.5864644380386370
26.23000 0.5866126772893885
26.25000 0.5867608414373058
26.27000 0.5869089305774942
26.29000 0.5870569448048671
26.31000 0.5872048842141456
26.33000 0.5873527488998591
26.35000 0.5875005389563457
26.37000 0.5876482544777536
26.39000 0.5877958955580411
26.41000 0.5879434622909764
26.43000 0.5880909547701394
26.45000 0.5882383730889216
26.47000 0.5883857173405262
26.49000 0.5885329876179697
26.51000 0.5886801840140814
26.53000 0.5888273066215042
26.55000 0.5889743555326953
26.57000 0.5891213308399270
26.59000 0.5892682326352867
26.61000 0.5894150610106772
26.63000 0.5895618160578173
26.65000 0.5897084978682443
26.67000 0.5898551065333102
26.69000 0.5900016421441869
26.71000 0.5901481047918633
26.73000 0.5902944945671472
26.75000 0.5904408115606667
26.77000 0.5905870558628684
26.79000 0.5907332275640196
26.81000 0.5908793267542085
26.83000 0.5910253535233445
26.85000 0.5911713079611586
26.87000 0.5913171901572039
26.89000 0.5914630002008562
26.91000 0.5916087381813150
26.93000 0.5917544041876024
26.95000 0.5918999983085655
26.97000 0.5920455206328760
26.99000 0.5921909712490299
27.01000 0.5923363502453496
27.03000 0.5924816577099827
27.05000 0.5926268937309048
27.07000 0.5927720583959164
27.09000 0.5929171517926471
27.11000 0.5930621740085539
27.13000 0.5932071251309214
27.15000 0.5933520052468642
27.17000 0.5934968144433252
27.19000 0.5936415528070782
27.21000 0.5937862204247262
27.23000 0.5939308173827027
27.25000 0.5940753437672733
27.27000 0.5942197996645346
27.29000 0.5943641851604152
27.31000 0.5945085003406765
27.33000 0.5946527452909119
27.35000 0.5947969200965496
27.37000 0.5949410248428506
27.39000 0.5950850596149103
27.41000 0.5952290244976592
27.43000 0.5953729195758625
27.45000 0.5955167449341210
27.47000 0.5956605006568720
27.49000 0.5958041868283889
27.51000 0.5959478035327817
27.53000 0.5960913508539981
27.55000 0.5962348288758239
27.57000 0.5963782376818824
27.59000 0.5965215773556358
27.61000 0.5966648479803858
27.63000 0.5968080496392725
27.65000 0.5969511824152767
27.67000 0.5970942463912197
27.69000 0.5972372416497629
27.71000 0.5973801682734095
27.73000 0.5975230263445034
27.75000 0.5976658159452315
27.77000 0.5978085371576228
27.79000 0.5979511900635489
27.81000 0.5980937747447246
27.83000 0.5982362912827088
27.85000 0.5983787397589041
27.87000 0.5985211202545576
27.89000 0.5986634328507616
27.91000 0.5988056776284532
27.93000 0.5989478546684154
27.95000 0.5990899640512776
27.97000 0.5992320058575157
27.99000 0.5993739801674521
28.01000 0.5995158870612567
28.03000 0.5996577266189472
28.05000 0.5997994989203893
28.07000 0.5999412040452973
28.09000 0.6000828420732343
28.11000 0.6002244130836125
28.13000 0.6003659171556945
28.15000 0.6005073543685921
28.17000 0.6006487248012683
28.19000 0.6007900285325363
28.21000 0.6009312656410611
28.23000 0.6010724362053593
28.25000 0.6012135403037987
28.27000 0.6013545780146006
28.29000 0.6014955494158387
28.31000 0.6016364545854389
28.33000 0.6017772936011823
28.35000 0.6019180665407029
28.37000 0.6020587734814892
28.39000 0.6021994145008840
28.41000 0.6023399896760858
28.43000 0.6024804990841482
28.45000 0.6026209428019808
28.47000 0.6027613209063488
28.49000 0.6029016334738742
28.51000 0.6030418805810365
28.53000 0.6031820623041718
28.55000 0.6033221787194737
28.57000 0.6034622299029943
28.59000 0.6036022159306438
28.61000 0.6037421368781911
28.63000 0.6038819928212643
28.65000 0.6040217838353513
28.67000 0.6041615099957985
28.69000 0.6043011713778145
28.71000 0.6044407680564662
28.73000 0.6045803001066832
28.75000 0.6047197676032552
28.77000 0.6048591706208339
28.79000 0.6049985092339332
28.81000 0.6051377835169286
28.83000 0.6052769935440588
28.85000 0.6054161393894252
28.87000 0.6055552211269927
28.89000 0.6056942388305898
28.91000 0.6058331925739089
28.93000 0.6059720824305074
28.95000 0.6061109084738062
28.97000 0.6062496707770922
28.99000 0.6063883694135175
29.01000 0.6065270044561000
29.03000 0.6066655759777232
29.05000 0.6068040840511376
29.07000 0.6069425287489604
29.09000 0.6070809101436753
29.11000 0.6072192283076335
29.13000 0.6073574833130551
29.15000 0.6074956752320265
29.17000 0.6076338041365043
29.19000 0.6077718700983122
29.21000 0.6079098731891440
29.23000 0.6080478134805629
29.25000 0.6081856910440011
29.27000 0.6083235059507619
29.29000 0.6084612582720175
29.31000 0.6085989480788127
29.33000 0.6087365754420617
29.35000 0.6088741404325507
29.37000 0.6090116431209377
29.39000 0.6091490835777521
29.41000 0.6092864618733966
29.43000 0.6094237780781453
29.45000 0.6095610322621465
29.47000 0.6096982244954205
29.49000 0.6098353548478622
29.51000 0.6099724233892398
29.53000 0.6101094301891958
29.55000 0.6102463753172473
29.57000 0.6103832588427862
29.59000 0.6105200808350796
29.61000 0.6106568413632700
29.63000 0.6107935404963754
29.65000 0.6109301783032901
29.67000 0.6110667548527847
29.69000 0.6112032702135065
29.71000 0.6113397244539797
29.73000 0.6114761176426057
29.75000 0.6116124498476637
29.77000 0.6117487211373105
29.79000 0.6118849315795813
29.81000 0.6120210812423897
29.83000 0.6121571701935280
29.85000 0.6122931985006677
29.87000 0.6124291662313593
29.89000 0.6125650734530336
29.91000 0.6127009202330006
29.93000 0.6128367066384515
29.95000 0.6129724327364569
29.97000 0.6131080985939689
29.99000 0.6132437042778213
30.01000 0.6133792498547277
30.03000 0.6135147353912848
30.05000 0.6136501609539708
30.07000 0.6137855266091462
30.09000 0.6139208324230541
30.11000 0.6140560784618205
30.13000 0.6141912647914543
30.15000 0.6143263914778482
30.17000 0.6144614585867781
30.19000 0.6145964661839046
30.21000 0.6147314143347720
30.23000 0.6148663031048088
30.25000 0.6150011325593294
30.27000 0.6151359027635321
30.29000 0.6152706137825019
30.31000 0.6154052656812086
30.33000 0.6155398585245074
30.35000 0.6156743923771412
30.37000 0.6158088673037382
30.39000 0.6159432833688138
30.41000 0.6160776406367704
30.43000 0.6162119391718975
30.45000 0.6163461790383725
30.47000 0.6164803603002603
30.49000 0.6166144830215147
30.51000 0.6167485472659763
30.53000 0.6168825530973757
30.55000 0.6170165005793327
30.57000 0.6171503897753546
30.59000 0.6172842207488400
30.61000 0.6174179935630756
30.63000 0.6175517082812396
30.65000 0.6176853649663996
30.67000 0.6178189636815132
30.69000 0.6179525044894297
30.71000 0.6180859874528890
30.73000 0.6182194126345226
30.75000 0.6183527800968532
30.77000 0.6184860899022951
30.79000 0.6186193421131554
30.81000 0.6187525367916327
30.83000 0.6188856739998189
30.85000 0.6190187537996982
30.87000 0.6191517762531475
30.89000 0.6192847414219382
30.91000 0.6194176493677348
30.93000 0.6195505001520948
30.95000 0.6196832938364710
30.97000 0.6198160304822100
30.99000 0.6199487101505525
31.01000 0.6200813329026353
31.03000 0.6202138987994891
31.05000 0.6203464079020399
31.07000 0.6204788602711105
31.09000 0.6206112559674183
31.11000 0.6207435950515774
31.13000 0.6208758775840979
31.15000 0.6210081036253867
31.17000 0.6211402732357473
31.19000 0.6212723864753803
31.21000 0.6214044434043841
31.23000 0.6215364440827534
31.25000 0.6216683885703819
31.27000 0.6218002769270606
31.29000 0.6219321092124792
31.31000 0.6220638854862255
31.33000 0.6221956058077860
31.35000 0.6223272702365467
31.37000 0.6224588788317921
31.39000 0.6225904316527062
31.41000 0.6227219287583734
31.43000 0.6228533702077776
31.45000 0.6229847560598022
31.47000 0.6231160863732317
31.49000 0.6232473612067509
31.51000 0.6233785806189458
31.53000 0.6235097446683029
31.55000 0.6236408534132102
31.57000 0.6237719069119573
31.59000 0.6239029052227355
31.61000 0.6240338484036381
31.63000 0.6241647365126607
31.65000 0.6242955696077007
31.67000 0.6244263477465589
31.69000 0.6245570709869387
31.71000 0.6246877393864467
31.73000 0.6248183530025927
31.75000 0.6249489118927896
31.77000 0.6250794161143554
31.79000 0.6252098657245095
31.81000 0.6253402607803795
31.83000 0.6254706013389939
31.85000 0.6256008874572864
31.87000 0.6257311191920972
31.89000 0.6258612966001712
31.91000 0.6259914197381575
31.93000 0.6261214886626102
31.95000 0.6262515034299908
31.97000 0.6263814640966681
31.99000 0.6265113707189122
32.01000 0.6266412233529041
32.03000 0.6267710220547297
32.05000 0.6269007668803810
32.07000 0.6270304578857592
32.09000 0.6271600951266704
32.11000 0.6272896786588291
32.13000 0.6274192085378583
32.15000 0.6275486848192871
32.17000 0.6276781075585540
32.19000 0.6278074768110055
32.21000 0.6279367926318964
32.23000 0.6280660550763904
32.25000 0.6281952641995603
32.27000 0.6283244200563870
32.29000 0.6284535227017624
32.31000 0.6285825721904861
32.33000 0.6287115685772688
32.35000 0.6288405119167306
32.37000 0.6289694022634025
32.39000 0.6290982396717241
32.41000 0.6292270241960466
32.43000 0.6293557558906326
32.45000 0.6294844348096551
32.47000 0.6296130610071976
32.49000 0.6297416345372557
32.51000 0.6298701554537367
32.53000 0.6299986238104591
32.55000 0.6301270396611536
32.57000 0.6302554030594627
32.59000 0.6303837140589419
32.61000 0.6305119727130588
32.63000 0.6306401790751939
32.65000 0.6307683331986410
32.67000 0.6308964351366056
32.69000 0.6310244849422085
32.71000 0.6311524826684828
32.73000 0.6312804283683754
32.75000 0.6314083220947473
32.77000 0.6315361639003731
32.79000 0.6316639538379434
32.81000 0.6317916919600606
32.83000 0.6319193783192446
32.85000 0.6320470129679274
32.87000 0.6321745959584585
32.89000 0.6323021273431010
32.91000 0.6324296071740345
32.93000 0.6325570355033527
32.95000 0.6326844123830675
32.97000 0.6328117378651039
32.99000 0.6329390120013062
33.01000 0.6330662348434325
33.03000 0.6331934064431579
33.05000 0.6333205268520758
33.07000 0.6334475961216949
33.09000 0.6335746143034415
33.11000 0.6337015814486597
33.13000 0.6338284976086103
33.15000 0.6339553628344717
33.17000 0.6340821771773414
33.19000 0.6342089406882333
33.21000 0.6343356534180800
33.23000 0.6344623154177332
33.25000 0.6345889267379622
33.27000 0.6347154874294563
33.29000 0.6348419975428220
33.31000 0.6349684571285864
33.33000 0.6350948662371942
33.35000 0.6352212249190120
33.37000 0.6353475332243237
33.39000 0.6354737912033339
33.41000 0.6355999989061677
33.43000 0.6357261563828694
33.45000 0.6358522636834046
33.47000 0.6359783208576584
33.49000 0.6361043279554369
33.51000 0.6362302850264675
33.53000 0.6363561921203980
33.55000 0.6364820492867980
33.57000 0.6366078565751585
33.59000 0.6367336140348898
33.61000 0.6368593217153290
33.63000 0.6369849796657291
33.65000 0.6371105879352694
33.67000 0.6372361465730495
33.69000 0.6373616556280917
33.71000 0.6374871151493408
33.73000 0.6376125251856655
33.75000 0.6377378857858552
33.77000 0.6378631969986240
33.79000 0.6379884588726094
33.81000 0.6381136714563703
33.83000 0.6382388347983917
33.85000 0.6383639489470813
33.87000 0.6384890139507691
33.89000 0.6386140298577121
33.91000 0.6387389967160896
33.93000 0.6388639145740056
33.95000 0.6389887834794881
33.97000 0.6391136034804914
33.99000 0.6392383746248927
34.01000 0.6393630969604962
34.03000 0.6394877705350295
34.05000 0.6396123953961476
34.07000 0.6397369715914282
34.09000 0.6398614991683766
34.11000 0.6399859781744248
34.13000 0.6401104086569286
34.15000 0.6402347906631708
34.17000 0.6403591242403607
34.19000 0.6404834094356344
34.21000 0.6406076462960537
34.23000 0.6407318348686083
34.25000 0.6408559752002139
34.27000 0.6409800673377137
34.29000 0.6411041113278775
34.31000 0.6412281072174040
34.33000 0.6413520550529180
34.35000 0.6414759548809725
34.37000 0.6415998067480484
34.39000 0.6417236107005554
34.41000 0.6418473667848290
34.43000 0.6419710750471365
34.45000 0.6420947355336706
34.47000 0.6422183482905540
34.49000 0.6423419133638382
34.51000 0.6424654307995036
34.53000 0.6425889006434594
34.55000 0.6427123229415442
34.57000 0.6428356977395253
34.59000 0.6429590250831015
34.61000 0.6430823050178991
34.63000 0.6432055375894749
34.65000 0.6433287228433165
34.67000 0.6434518608248412
34.69000 0.6435749515793954
34.71000 0.6436979951522578
34.73000 0.6438209915886365
34.75000 0.6439439409336700
34.77000 0.6440668432324291
34.79000 0.6441896985299147
34.81000 0.6443125068710580
34.83000 0.6444352683007240
34.85000 0.6445579828637060
34.87000 0.6446806506047313
34.89000 0.6448032715684582
34.91000 0.6449258457994758
34.93000 0.6450483733423071
34.95000 0.6451708542414059
34.97000 0.6452932885411589
34.99000 0.6454156762858847
35.01000 0.6455380175198355
35.03000 0.6456603122871944
35.05000 0.6457825606320804
35.07000 0.6459047625985415
35.09000 0.6460269182305625
35.11000 0.6461490275720592
35.13000 0.6462710906668818
35.15000 0.6463931075588137
35.17000 0.6465150782915726
35.19000 0.6466370029088090
35.21000 0.6467588814541081
35.23000 0.6468807139709896
35.25000 0.6470025005029062
35.27000 0.6471242410932462
35.29000 0.6472459357853315
35.31000 0.6473675846224193
35.33000 0.6474891876477015
35.35000 0.6476107449043046
35.37000 0.6477322564352905
35.39000 0.6478537222836560
35.41000 0.6479751424923333
35.43000 0.6480965171041905
35.45000 0.6482178461620310
35.47000 0.6483391297085938
35.49000 0.6484603677865539
35.51000 0.6485815604385216
35.53000 0.6487027077070449
35.55000 0.6488238096346067
35.57000 0.6489448662636269
35.59000 0.6490658776364612
35.61000 0.6491868437954034
35.63000 0.6493077647826824
35.65000 0.6494286406404656
35.67000 0.6495494714108562
35.69000 0.6496702571358947
35.71000 0.6497909978575594
35.73000 0.6499116936177659
35.75000 0.6500323444583681
35.77000 0.6501529504211556
35.79000 0.6502735115478573
35.81000 0.6503940278801401
35.83000 0.6505144994596088
35.85000 0.6506349263278053
35.87000 0.6507553085262117
35.89000 0.6508756460962473
35.91000 0.6509959390792696
35.93000 0.6511161875165760
35.95000 0.6512363914494022
35.97000 0.6513565509189225
35.99000 0.6514766659662506
36.01000 0.6515967366324400
36.03000 0.6517167629584820
36.05000 0.6518367449853090
36.07000 0.6519566827537913
36.09000 0.6520765763047409
36.11000 0.6521964256789069
36.13000 0.6523162309169813
36.15000 0.6524359920595945
36.17000 0.6525557091473169
36.19000 0.6526753822206597
36.21000 0.6527950113200752
36.23000 0.6529145964859546
36.25000 0.6530341377586304
36.27000 0.6531536351783777
36.29000 0.6532730887854092
36.31000 0.6533924986198811
36.33000 0.6535118647218903
36.35000 0.6536311871314733
36.37000 0.6537504658886110
36.39000 0.6538697010332227
36.41000 0.6539888926051716
36.43000 0.6541080406442610
36.45000 0.6542271451902368
36.47000 0.6543462062827874
36.49000 0.6544652239615426
36.51000 0.6545841982660736
36.53000 0.6547031292358950
36.55000 0.6548220169104646
36.57000 0.6549408613291807
36.59000 0.6550596625313860
36.61000 0.6551784205563644
36.63000 0.6552971354433443
36.65000 0.6554158072314953
36.67000 0.6555344359599329
36.69000 0.6556530216677122
36.71000 0.6557715643938345
36.73000 0.6558900641772433
36.75000 0.6560085210568256
36.77000 0.6561269350714134
36.79000 0.6562453062597804
36.81000 0.6563636346606457
36.83000 0.6564819203126716
36.85000 0.6566001632544652
36.87000 0.6567183635245778
36.89000 0.6568365211615041
36.91000 0.6569546362036845
36.93000 0.6570727086895030
36.95000 0.6571907386572888
36.97000 0.6573087261453155
36.99000 0.6574266711918026
37.01000 0.6575445738349125
37.03000 0.6576624341127557
37.05000 0.6577802520633849
37.07000 0.6578980277247999
37.09000 0.6580157611349460
37.11000 0.6581334523317125
37.13000 0.6582511013529363
37.15000 0.6583687082363991
37.17000 0.6584862730198282
37.19000 0.6586037957408971
37.21000 0.6587212764372261
37.23000 0.6588387151463806
37.25000 0.6589561119058730
37.27000 0.6590734667531608
37.29000 0.6591907797256512
37.31000 0.6593080508606939
37.33000 0.6594252801955881
37.35000 0.6595424677675787
37.37000 0.6596596136138579
37.39000 0.6597767177715648
37.41000 0.6598937802777859
37.43000 0.6600108011695540
37.45000 0.6601277804838506
37.47000 0.6602447182576032
37.49000 0.6603616145276886
37.51000 0.6604784693309286
37.53000 0.6605952827040966
37.55000 0.6607120546839099
37.57000 0.6608287853070354
37.59000 0.6609454746100896
37.61000 0.6610621226296338
37.63000 0.6611787294021811
37.65000 0.6612952949641899
37.67000 0.6614118193520688
37.69000 0.6615283026021749
37.71000 0.6616447447508131
37.73000 0.6617611458342382
37.75000 0.6618775058886522
37.77000 0.6619938249502083
37.79000 0.6621101030550062
37.81000 0.6622263402390972
37.83000 0.6623425365384796
37.85000 0.6624586919891032
37.87000 0.6625748066268650
37.89000 0.6626908804876144
37.91000 0.6628069136071469
37.93000 0.6629229060212102
37.95000 0.6630388577655022
37.97000 0.6631547688756680
37.99000 0.6632706393873062
38.01000 0.6633864693359625
38.03000 0.6635022587571352
38.05000 0.6636180076862708
38.07000 0.6637337161587675
38.09000 0.6638493842099741
38.11000 0.6639650118751897
38.13000 0.6640805991896632
38.15000 0.6641961461885960
38.17000 0.6643116529071389
38.19000 0.6644271193803950
38.21000 0.6645425456434166
38.23000 0.6646579317312091
38.25000 0.6647732776787288
38.27000 0.6648885835208813
38.29000 0.6650038492925265
38.31000 0.6651190750284750
38.33000 0.6652342607634872
38.35000 0.6653494065322779
38.37000 0.6654645123695119
38.39000 0.6655795783098064
38.41000 0.6656946043877315
38.43000 0.6658095906378069
38.45000 0.6659245370945078
38.47000 0.6660394437922587
38.49000 0.6661543107654389
38.51000 0.6662691380483784
38.53000 0.6663839256753606
38.55000 0.6664986736806214
38.57000 0.6666133820983488
38.59000 0.6667280509626843
38.61000 0.6668426803077223
38.63000 0.6669572701675106
38.65000 0.6670718205760483
38.67000 0.6671863315672899
38.69000 0.6673008031751414
38.71000 0.6674152354334638
38.73000 0.6675296283760701
38.75000 0.6676439820367270
38.77000 0.6677582964491557
38.79000 0.6678725716470301
38.81000 0.6679868076639788
38.83000 0.6681010045335833
38.85000 0.6682151622893807
38.87000 0.6683292809648594
38.89000 0.6684433605934641
38.91000 0.6685574012085949
38.93000 0.6686714028436022
38.95000 0.6687853655317942
38.97000 0.6688992893064326
38.99000 0.6690131742007325
39.01000 0.6691270202478654
39.03000 0.6692408274809570
39.05000 0.6693545959330871
39.07000 0.6694683256372918
39.09000 0.6695820166265599
39.11000 0.6696956689338380
39.13000 0.6698092825920263
39.15000 0.6699228576339799
39.17000 0.6700363940925098
39.19000 0.6701498920003827
39.21000 0.6702633513903212
39.23000 0.6703767722950021
39.25000 0.6704901547470580
39.27000 0.6706034987790787
39.29000 0.6707168044236083
39.31000 0.6708300717131481
39.33000 0.6709433006801538
39.35000 0.6710564913570390
39.37000 0.6711696437761715
39.39000 0.6712827579698770
39.41000 0.6713958339704372
39.43000 0.6715088718100889
39.45000 0.6716218715210269
39.47000 0.6717348331354022
39.49000 0.6718477566853215
39.51000 0.6719606422028492
39.53000 0.6720734897200068
39.55000 0.6721862992687714
39.57000 0.6722990708810780
39.59000 0.6724118045888184
39.61000 0.6725245004238415
39.63000 0.6726371584179537
39.65000 0.6727497786029176
39.67000 0.6728623610104550
39.69000 0.6729749056722431
39.71000 0.6730874126199181
39.73000 0.6731998818850738
39.75000 0.6733123134992597
39.77000 0.6734247074939856
39.79000 0.6735370639007179
39.81000 0.6736493827508808
39.83000 0.6737616640758562
39.85000 0.6738739079069855
39.87000 0.6739861142755671
39.89000 0.6740982832128568
39.91000 0.6742104147500704
39.93000 0.6743225089183812
39.95000 0.6744345657489218
39.97000 0.6745465852727814
39.99000 0.6746585675210096
40.01000 0.6747705125246141
40.03000 0.6748824203145605
40.05000 0.6749942909217753
40.07000 0.6751061243771413
40.09000 0.6752179207115027
40.11000 0.6753296799556600
40.13000 0.6754414021403766
40.15000 0.6755530872963710
40.17000 0.6756647354543243
40.19000 0.6757763466448744
40.21000 0.6758879208986197
40.23000 0.6759994582461191
40.25000 0.6761109587178894
40.27000 0.6762224223444081
40.29000 0.6763338491561115
40.31000 0.6764452391833969
40.33000 0.6765565924566200
40.35000 0.6766679090060980
40.37000 0.6767791888621064
40.39000 0.6768904320548825
40.41000 0.6770016386146223
40.43000 0.6771128085714825
40.45000 0.6772239419555814
40.47000 0.6773350387969953
40.49000 0.6774460991257626
40.51000 0.6775571229718809
40.53000 0.6776681103653113
40.55000 0.6777790613359711
40.57000 0.6778899759137419
40.59000 0.6780008541284643
40.61000 0.6781116960099407
40.63000 0.6782225015879342
40.65000 0.6783332708921684
40.67000 0.6784440039523284
40.69000 0.6785547007980605
40.71000 0.6786653614589718
40.73000 0.6787759859646312
40.75000 0.6788865743445689
40.77000 0.6789971266282753
40.79000 0.6791076428452051
40.81000 0.6792181230247708
40.83000 0.6793285671963500
40.85000 0.6794389753892800
40.87000 0.6795493476328605
40.89000 0.6796596839563526
40.91000 0.6797699843889801
40.93000 0.6798802489599274
40.95000 0.6799904776983424
40.97000 0.6801006706333346
40.99000 0.6802108277939755
41.01000 0.6803209492092986
41.03000 0.6804310349083007
41.05000 0.6805410849199399
41.07000 0.6806510992731374
41.09000 0.6807610779967764
41.11000 0.6808710211197031
41.13000 0.6809809286707262
41.15000 0.6810908006786166
41.17000 0.6812006371721095
41.19000 0.6813104381799010
41.21000 0.6814202037306519
41.23000 0.6815299338529843
41.25000 0.6816396285754844
41.27000 0.6817492879267018
41.29000 0.6818589119351480
41.31000 0.6819685006292987
41.33000 0.6820780540375920
41.35000 0.6821875721884322
41.37000 0.6822970551101823
41.39000 0.6824065028311733
41.41000 0.6825159153796962
41.43000 0.6826252927840083
41.45000 0.6827346350723291
41.47000 0.6828439422728428
41.49000 0.6829532144136967
41.51000 0.6830624515230020
41.53000 0.6831716536288337
41.55000 0.6832808207592317
41.57000 0.6833899529421997
41.59000 0.6834990502057041
41.61000 0.6836081125776782
41.63000 0.6837171400860165
41.65000 0.6838261327585802
41.67000 0.6839350906231945
41.69000 0.6840440137076476
41.71000 0.6841529020396934
41.73000 0.6842617556470507
41.75000 0.6843705745574017
41.77000 0.6844793587983941
41.79000 0.6845881083976408
41.81000 0.6846968233827189
41.83000 0.6848055037811696
41.85000 0.6849141496205013
41.87000 0.6850227609281850
41.89000 0.6851313377316584
41.91000 0.6852398800583225
41.93000 0.6853483879355465
41.95000 0.6854568613906621
41.97000 0.6855653004509669
41.99000 0.6856737051437247
42.01000 0.6857820754961644
42.03000 0.6858904115354804
42.05000 0.6859987132888321
42.07000 0.6861069807833451
42.09000 0.6862152140461107
42.11000 0.6863234131041851
42.13000 0.6864315779845918
42.15000 0.6865397087143185
42.17000 0.6866478053203201
42.19000 0.6867558678295166
42.21000 0.6868638962687952
42.23000 0.6869718906650073
42.25000 0.6870798510449720
42.27000 0.6871877774354743
42.29000 0.6872956698632656
42.31000 0.6874035283550622
42.33000 0.6875113529375492
42.35000 0.6876191436373755
42.37000 0.6877269004811590
42.39000 0.6878346234954820
42.41000 0.6879423127068954
42.43000 0.6880499681419154
42.45000 0.6881575898270250
42.47000 0.6882651777886746
42.49000 0.6883727320532809
42.51000 0.6884802526472278
42.53000 0.6885877395968661
42.55000 0.6886951929285134
42.57000 0.6888026126684553
42.59000 0.6889099988429430
42.61000 0.6890173514781959
42.63000 0.6891246706004004
42.65000 0.6892319562357104
42.67000 0.6893392084102467
42.69000 0.6894464271500983
42.71000 0.6895536124813207
42.73000 0.6896607644299365
42.75000 0.6897678830219385
42.77000 0.6898749682832841
42.79000 0.6899820202399004
42.81000 0.6900890389176808
42.83000 0.6901960243424876
42.85000 0.6903029765401500
42.87000 0.6904098955364660
42.89000 0.6905167813572023
42.91000 0.6906236340280910
42.93000 0.6907304535748336
42.95000 0.6908372400231010
42.97000 0.6909439933985306
42.99000 0.6910507137267293
43.01000 0.6911574010332704
43.03000 0.6912640553436982
43.05000 0.6913706766835229
43.07000 0.6914772650782242
43.09000 0.6915838205532511
43.11000 0.6916903431340200
43.13000 0.6917968328459154
43.15000 0.6919032897142927
43.17000 0.6920097137644737
43.19000 0.6921161050217511
43.21000 0.6922224635113832
43.23000 0.6923287892586009
43.25000 0.6924350822886022
43.27000 0.6925413426265538
43.29000 0.6926475702975919
43.31000 0.6927537653268216
43.33000 0.6928599277393179
43.35000 0.6929660575601230
43.37000 0.6930721548142514
43.39000 0.6931782195266843
43.41000 0.6932842517223733
43.43000 0.6933902514262397
43.45000 0.6934962186631727
43.47000 0.6936021534580330
43.49000 0.6937080558356499
43.51000 0.6938139258208224
43.53000 0.6939197634383183
43.55000 0.6940255687128770
43.57000 0.6941313416692056
43.59000 0.6942370823319829
43.61000 0.6943427907258557
43.63000 0.6944484668754428
43.65000 0.6945541108053308
43.67000 0.6946597225400777
43.69000 0.6947653021042109
43.71000 0.6948708495222288
43.73000 0.6949763648185984
43.75000 0.6950818480177590
43.77000 0.6951872991441178
43.79000 0.6952927182220542
43.81000 0.6953981052759173
43.83000 0.6955034603300267
43.85000 0.6956087834086715
43.87000 0.6957140745361131
43.89000 0.6958193337365820
43.91000 0.6959245610342800
43.93000 0.6960297564533798
43.95000 0.6961349200180232
43.97000 0.6962400517523252
43.99000 0.6963451516803695
44.01000 0.6964502198262119
44.03000 0.6965552562138786
44.05000 0.6966602608673661
44.07000 0.6967652338106440
44.09000 0.6968701750676503
44.11000 0.6969750846622964
44.13000 0.6970799626184626
44.15000 0.6971848089600026
44.17000 0.6972896237107393
44.19000 0.6973944068944686
44.21000 0.6974991585349578
44.23000 0.6976038786559430
44.25000 0.6977085672811347
44.27000 0.6978132244342131
44.29000 0.6979178501388311
44.31000 0.6980224444186122
44.33000 0.6981270072971523
44.35000 0.6982315387980174
44.37000 0.6983360389447485
44.39000 0.6984405077608536
44.41000 0.6985449452698179
44.43000 0.6986493514950928
44.45000 0.6987537264601064
44.47000 0.6988580701882564
44.49000 0.6989623827029127
44.51000 0.6990666640274174
44.53000 0.6991709141850845
44.55000 0.6992751331992002
44.57000 0.6993793210930243
44.59000 0.6994834778897860
44.61000 0.6995876036126886
44.63000 0.6996916982849076
44.65000 0.6997957619295909
44.67000 0.6998997945698575
44.69000 0.7000037962288006
44.71000 0.7001077669294854
44.73000 0.7002117066949488
44.75000 0.7003156155482010
44.77000 0.7004194935122251
44.79000 0.7005233406099757
44.81000 0.7006271568643817
44.83000 0.7007309422983430
44.85000 0.7008346969347340
44.87000 0.7009384207964008
44.89000 0.7010421139061624
44.91000 0.7011457762868119
44.93000 0.7012494079611139
44.95000 0.7013530089518067
44.97000 0.7014565792816025
44.99000 0.7015601189731844
45.01000 0.7016636280492110
45.03000 0.7017671065323131
45.05000 0.7018705544450936
45.07000 0.7019739718101315
45.09000 0.7020773586499761
45.11000 0.7021807149871525
45.13000 0.7022840408441573
45.15000 0.7023873362434618
45.17000 0.7024906012075103
45.19000 0.7025938357587211
45.21000 0.7026970399194848
45.23000 0.7028002137121681
45.25000 0.7029033571591086
45.27000 0.7030064702826185
45.29000 0.7031095531049850
45.31000 0.7032126056484684
45.33000 0.7033156279353026
45.35000 0.7034186199876943
45.37000 0.7035215818278265
45.39000 0.7036245134778542
45.41000 0.7037274149599070
45.43000 0.7038302862960898
45.45000 0.7039331275084794
45.47000 0.7040359386191281
45.49000 0.7041387196500620
45.51000 0.7042414706232818
45.53000 0.7043441915607626
45.55000 0.7044468824844521
45.57000 0.7045495434162745
45.59000 0.7046521743781273
45.61000 0.7047547753918828
45.63000 0.7048573464793878
45.65000 0.7049598876624624
45.67000 0.7050623989629031
45.69000 0.7051648804024804
45.71000 0.7052673320029381
45.73000 0.7053697537859969
45.75000 0.7054721457733502
45.77000 0.7055745079866671
45.79000 0.7056768404475924
45.81000 0.7057791431777434
45.83000 0.7058814161987141
45.85000 0.7059836595320728
45.87000 0.7060858731993637
45.89000 0.7061880572221035
45.91000 0.7062902116217871
45.93000 0.7063923364198824
45.95000 0.7064944316378328
45.97000 0.7065964972970574
45.99000 0.7066985334189501
46.01000 0.7068005400248795
46.03000 0.7069025171361906
46.05000 0.7070044647742029
46.07000 0.7071063829602113
46.09000 0.7072082717154867
46.11000 0.7073101310612746
46.13000 0.7074119610187967
46.15000 0.7075137616092495
46.17000 0.7076155328538059
46.19000 0.7077172747736132
46.21000 0.7078189873897960
46.23000 0.7079206707234521
46.25000 0.7080223247956577
46.27000 0.7081239496274631
46.29000 0.7082255452398950
46.31000 0.7083271116539553
46.33000 0.7084286488906224
46.35000 0.7085301569708501
46.37000 0.7086316359155689
46.39000 0.7087330857456845
46.41000 0.7088345064820788
46.43000 0.7089358981456092
46.45000 0.7090372607571102
46.47000 0.7091385943373923
46.49000 0.7092398989072414
46.51000 0.7093411744874205
46.53000 0.7094424210986676
46.55000 0.7095436387616989
46.57000 0.7096448274972047
46.59000 0.7097459873258527
46.61000 0.7098471182682874
46.63000 0.7099482203451287
46.65000 0.7100492935769749
46.67000 0.7101503379843974
46.69000 0.7102513535879482
46.71000 0.7103523404081514
46.73000 0.7104532984655128
46.75000 0.7105542277805097
46.77000 0.7106551283736006
46.79000 0.7107560002652169
46.81000 0.7108568434757694
46.83000 0.7109576580256446
46.85000 0.7110584439352061
46.87000 0.7111592012247939
46.89000 0.7112599299147255
46.91000 0.7113606300252951
46.93000 0.7114613015767736
46.95000 0.7115619445894096
46.97000 0.7116625590834268
46.99000 0.7117631450790287
47.01000 0.7118637025963951
47.03000 0.7119642316556816
47.05000 0.7120647322770217
47.07000 0.7121652044805266
47.09000 0.7122656482862845
47.11000 0.7123660637143610
47.13000 0.7124664507847988
47.15000 0.7125668095176165
47.17000 0.7126671399328143
47.19000 0.7127674420503644
47.21000 0.7128677158902209
47.23000 0.7129679614723132
47.25000 0.7130681788165486
47.27000 0.7131683679428118
47.29000 0.7132685288709660
47.31000 0.7133686616208510
47.33000 0.7134687662122842
47.35000 0.7135688426650620
47.37000 0.7136688909989575
47.39000 0.7137689112337212
47.41000 0.7138689033890822
47.43000 0.7139688674847479
47.45000 0.7140688035404024
47.47000 0.7141687115757080
47.49000 0.7142685916103055
47.51000 0.7143684436638130
47.53000 0.7144682677558275
47.55000 0.7145680639059230
47.57000 0.7146678321336524
47.59000 0.7147675724585458
47.61000 0.7148672849001128
47.63000 0.7149669694778400
47.65000 0.7150666262111923
47.67000 0.7151662551196141
47.69000 0.7152658562225261
47.71000 0.7153654295393295
47.73000 0.7154649750894017
47.75000 0.7155644928920999
47.77000 0.7156639829667594
47.79000 0.7157634453326940
47.81000 0.7158628800091951
47.83000 0.7159622870155347
47.85000 0.7160616663709604
47.87000 0.7161610180947010
47.89000 0.7162603422059629
47.91000 0.7163596387239310
47.93000 0.7164589076677682
47.95000 0.7165581490566184
47.97000 0.7166573629096018
47.99000 0.7167565492458189
48.01000 0.7168557080843476
48.03000 0.7169548394442457
48.05000 0.7170539433445512
48.07000 0.7171530198042769
48.09000 0.7172520688424197
48.11000 0.7173510904779505
48.13000 0.7174500847298234
48.15000 0.7175490516169689
48.17000 0.7176479911582976
48.19000 0.7177469033726984
48.21000 0.7178457882790404
48.23000 0.7179446458961709
48.25000 0.7180434762429182
48.27000 0.7181422793380873
48.29000 0.7182410552004633
48.31000 0.7183398038488114
48.33000 0.7184385253018762
48.35000 0.7185372195783801
48.37000 0.7186358866970262
48.39000 0.7187345266764965
48.41000 0.7188331395354525
48.43000 0.7189317252925360
48.45000 0.7190302839663680
48.47000 0.7191288155755463
48.49000 0.7192273201386531
48.51000 0.7193257976742461
48.53000 0.7194242482008653
48.55000 0.7195226717370286
48.57000 0.7196210683012334
48.59000 0.7197194379119592
48.61000 0.7198177805876630
48.63000 0.7199160963467828
48.65000 0.7200143852077353
48.67000 0.7201126471889182
48.69000 0.7202108823087079
48.71000 0.7203090905854622
48.73000 0.7204072720375170
48.75000 0.7205054266831894
48.77000 0.7206035545407764
48.79000 0.7207016556285550
48.81000 0.7207997299647819
48.83000 0.7208977775676937
48.85000 0.7209957984555084
48.87000 0.7210937926464229
48.89000 0.7211917601586135
48.91000 0.7212897010102393
48.93000 0.7213876152194368
48.95000 0.7214855028043259
48.97000 0.7215833637830034
48.99000 0.7216811981735486
49.01000 0.7217790059940202
49.03000 0.7218767872624582
49.05000 0.7219745419968823
49.07000 0.7220722702152925
49.09000 0.7221699719356696
49.11000 0.7222676471759749
49.13000 0.7223652959541497
49.15000 0.7224629182881176
49.17000 0.7225605141957805
49.19000 0.7226580836950216
49.21000 0.7227556268037064
49.23000 0.7228531435396786
49.25000 0.7229506339207639
49.27000 0.7230480979647691
49.29000 0.7231455356894798
49.31000 0.7232429471126658
49.33000 0.7233403322520735
49.35000 0.7234376911254342
49.37000 0.7235350237504580
49.39000 0.7236323301448349
49.41000 0.7237296103262384
49.43000 0.7238268643123200
49.45000 0.7239240921207154
49.47000 0.7240212937690391
49.49000 0.7241184692748872
49.51000 0.7242156186558366
49.53000 0.7243127419294458
49.55000 0.7244098391132541
49.57000 0.7245069102247825
49.59000 0.7246039552815325
49.61000 0.7247009743009863
49.63000 0.7247979673006090
49.65000 0.7248949342978457
49.67000 0.7249918753101238
49.69000 0.7250887903548497
49.71000 0.7251856794494147
49.73000 0.7252825426111880
49.75000 0.7253793798575230
49.77000 0.7254761912057528
49.79000 0.7255729766731916
49.81000 0.7256697362771374
49.83000 0.7257664700348673
49.85000 0.7258631779636411
49.87000 0.7259598600807006
49.89000 0.7260565164032670
49.91000 0.7261531469485456
49.93000 0.7262497517337229
49.95000 0.7263463307759651
49.97000 0.7264428840924229
49.99000 0.7265394117002268
50.01000 0.7266359136164894
50.03000 0.7267323898583060
50.05000 0.7268288404427524
50.07000 0.7269252653868877
50.09000 0.7270216647077484
50.11000 0.7271180384223704
50.13000 0.7272143865477069
50.15000 0.7273107091009287
50.17000 0.7274070060983224
50.19000 0.7275032775593506
50.21000 0.7275995234916720
50.23000 0.7276957439464359
50.25000 0.7277919388141399
