0.25000 0.0000000000000000
0.27000 0.1509005374513136
0.29000 0.2981637962050601
0.31000 0.4421896484487417
0.33000 0.5832791483817470
0.35000 0.7216896198358025
0.37000 0.8576365923958620
0.39000 0.9913049179805210
0.41000 1.1228544155334186
0.43000 1.2524247758418365
0.45000 1.3801391316009617
0.47000 1.5061068676254357
0.49000 1.6304258213094558
0.51000 1.7531840346834875
0.53000 1.8744611666243536
0.55000 1.9943296449074472
0.57000 2.1128556134759973
0.59000 2.2300997168539318
0.61000 2.3461177629204522
0.63000 2.4609612720591816
0.65000 2.5746779620710187
0.67000 2.6873121392827759
0.69000 2.7989050593239742
0.71000 2.9094952234747868
0.73000 3.0191186450221057
0.75000 3.1278090704607902
0.77000 3.2355982025166847
0.79000 3.3425158562827848
0.81000 3.4485901322414270
0.83000 3.5538475516500343
0.85000 3.6583131895866301
0.87000 3.7620107761630788
0.89000 3.8649628101489815
0.91000 3.9671906460496040
0.93000 4.0687145711981261
0.95000 4.1695538853217746
0.97000 4.2697269786551502
0.99000 4.3692513820372678
1.01000 4.4681438187456832
1.03000 4.5664202682152837
1.05000 4.6640960056419063
1.07000 4.7611856560970134
1.09000 4.8577032294792719
1.11000 4.9536621430959054
1.13000 5.0490752759653184
1.15000 5.1439549924358037
1.17000 5.2383131689264575
1.19000 5.3321612257977140
1.21000 5.4255101502558745
1.23000 5.5183705146353681
1.25000 5.6107525044046040
1.27000 5.7026659403201529
1.29000 5.7941202926244761
1.31000 5.8851246978844101
1.33000 5.9756879757569044
1.35000 6.0658186493424706
1.37000 6.1555249580700657
1.39000 6.2448148679393967
1.41000 6.3336960845044281
1.43000 6.4221760633244465
1.45000 6.5102620226557368
1.47000 6.5979609576063316
1.49000 6.6852796502335599
1.51000 6.7722246798748982
1.53000 6.8588024196990931
1.55000 6.9450190697811891
1.57000 7.0308806215424786
1.59000 7.1163929289396926
1.61000 7.2015616468903865
1.63000 7.2863922819386566
1.65000 7.3708902029272991
1.67000 7.4550606081050148
1.69000 7.5389085556422435
1.71000 7.6224389884677572
1.73000 7.7056567083969245
1.75000 7.7885663792915896
1.77000 7.8711725518459419
1.79000 7.9534796733090394
1.81000 8.0354920690269704
1.83000 8.1172139468332087
1.85000 8.1986494095379303
1.87000 8.2798024721061410
1.89000 8.3606770540595186
1.91000 8.4412769728699804
1.93000 8.5216059495102581
1.95000 8.6016676161120458
1.97000 8.6814655274827892
1.99000 8.7610031625232736
2.01000 8.8402839163663796
2.03000 8.9193111037432811
2.05000 8.9980879628504606
2.07000 9.0766176596997266
2.09000 9.1549032931673242
2.11000 9.2329479008463036
2.13000 9.3107544539339120
2.15000 9.3883258570590904
2.17000 9.4656649506759756
2.19000 9.5427745137254831
2.21000 9.6196572669725668
2.23000 9.6963158754417318
2.25000 9.7727529526207135
2.27000 9.8489710625218514
2.29000 9.9249727164292434
2.31000 10.0007603740450826
2.33000 10.0763364453409068
2.35000 10.1517032924511490
2.37000 10.2268632303691724
2.39000 10.3018185296489140
2.41000 10.3765714176108350
2.43000 10.4511240805528267
2.45000 10.5254786670574436
2.47000 10.5996372854369714
2.49000 10.6736020042864439
2.51000 10.7473748529683917
2.53000 10.8209578232707671
2.55000 10.8943528698461432
2.57000 10.9675619121488008
2.59000 11.0405868355937287
2.61000 11.1134294913281408
2.63000 11.1860916993520796
2.65000 11.2585752471516010
2.67000 11.3308818940013047
2.69000 11.4030133698273044
2.71000 11.4749713751098010
2.73000 11.5467575816940080
2.75000 11.6183736312804022
2.77000 11.6898211394442697
2.79000 11.7611016933756201
2.81000 11.8322168548263686
2.83000 11.9031681580381559
2.85000 11.9739571160449287
2.87000 12.0445852115666217
2.89000 12.1150539099200696
2.91000 12.1853646481268818
2.93000 12.2555188420329912
2.95000 12.3255178886526586
2.97000 12.3953631597623843
2.99000 12.4650560084565107
3.01000 12.5345977683520040
3.03000 12.6039897496180036
3.05000 12.6732332438825033
3.07000 12.7423295246853332
3.09000 12.8112798436568465
3.11000 12.8800854338706099
3.13000 12.9487475127280351
3.15000 13.0172672782300989
3.17000 13.0856459095402293
3.19000 13.1538845697080280
3.21000 13.2219844069470120
3.23000 13.2899465510188666
3.25000 13.3577721144911941
3.27000 13.4254621954506934
3.29000 13.4930178785791437
3.31000 13.5604402313902579
3.33000 13.6277303059741097
3.35000 13.6948891406361000
3.37000 13.7619177619766884
3.39000 13.8288171818173620
3.41000 13.8955883965613562
3.43000 13.9622323887752326
3.45000 14.0287501286711276
3.47000 14.0951425753269159
3.49000 14.1614106740578478
3.51000 14.2275553558707717
3.53000 14.2935775392908386
3.55000 14.3594781315277800
3.57000 14.4252580299749003
3.59000 14.4909181199849915
3.61000 14.5564592736687555
3.63000 14.6218823515104486
3.65000 14.6871882036401669
3.67000 14.7523776705985963
3.69000 14.8174515831520477
3.71000 14.8824107608322951
3.73000 14.9472560117587037
3.75000 15.0119881342853159
3.77000 15.0766079172105822
3.79000 15.1411161403834331
3.81000 15.2055135754514854
3.83000 15.2698009839578575
3.85000 15.3339791175422402
3.87000 15.3980487187013431
3.89000 15.4620105214420462
3.91000 15.5258652512352189
3.93000 15.5896136258933975
3.95000 15.6532563551700292
3.97000 15.7167941398753541
3.99000 15.7802276723823311
4.01000 15.8435576364375681
4.03000 15.9067847082539355
4.05000 15.9699095558765993
4.07000 16.0329328408055680
4.09000 16.0958552171842371
4.11000 16.1586773322474073
4.13000 16.2213998247126590
4.15000 16.2840233268930703
4.17000 16.3465484624831205
4.19000 16.4089758495032960
4.21000 16.4713060984371324
4.23000 16.5335398134499449
4.25000 16.5956775940620176
4.27000 16.6577200316215830
4.29000 16.7196677115207066
4.31000 16.7815212129202287
4.33000 16.8432811073477247
4.35000 16.9049479609915991
4.37000 16.9665223345797642
4.39000 17.0280047814656363
4.41000 17.0893958508452677
4.43000 17.1506960869581917
4.45000 17.2119060267600723
4.47000 17.2730262021357319
4.49000 17.3340571401880261
4.51000 17.3949993613902336
4.53000 17.4558533804904741
4.55000 17.5166197079947707
4.57000 17.5772988488847552
4.59000 17.6378913028233271
4.61000 17.6983975651129768
4.63000 17.7588181272326047
4.65000 17.8191534751555842
4.67000 17.8794040892691974
4.69000 17.9395704455248968
4.71000 17.9996530158842667
4.73000 18.0596522667471469
4.75000 18.1195686591932557
4.77000 18.1794026503015473
4.79000 18.2391546937091107
4.81000 18.2988252380225340
4.83000 18.3584147273800085
4.85000 18.4179236023362414
4.87000 18.4773522998862028
4.89000 18.5367012525852921
4.91000 18.5959708883227570
4.93000 18.6551616306414907
4.95000 18.7142738992812916
4.97000 18.7733081104714152
4.99000 18.8322646760293928
5.01000 18.8911440037689076
5.03000 18.9499464974611342
5.05000 19.0086725577905433
5.07000 19.0673225827782495
5.09000 19.1258969665756560
5.11000 19.1843960992220843
5.13000 19.2428203671280649
5.15000 19.3011701539728833
5.17000 19.3594458400950806
5.19000 19.4176478016458596
5.21000 19.4757764110630482
5.23000 19.5338320373344594
5.25000 19.5918150464689198
5.27000 19.6497258019840437
5.29000 19.7075646638718922
5.31000 19.7653319887207886
5.33000 19.8230281300872200
5.35000 19.8806534385759335
5.37000 19.9382082625257340
5.39000 19.9956929472471003
5.41000 20.0531078355198140
5.43000 20.1104532659828585
5.45000 20.1677295747889467
5.47000 20.2249370943282685
5.49000 20.2820761553453117
5.51000 20.3391470859358918
5.53000 20.3961502107471162
5.55000 20.4530858518761178
5.57000 20.5099543282347732
5.59000 20.5667559561989428
5.61000 20.6234910500831070
5.63000 20.6801599216520167
5.65000 20.7367628804237967
5.67000 20.7933002333938362
5.69000 20.8497722845991440
5.71000 20.9061793360415216
5.73000 20.9625216870442728
5.75000 21.0187996343481451
5.77000 21.0750134729769165
5.79000 21.1311634953922187
5.81000 21.1872499913118233
5.83000 21.2432732479987614
5.85000 21.2992335504620449
5.87000 21.3551311810154516
5.89000 21.4109664200344163
5.91000 21.4667395467307180
5.93000 21.5224508376121406
5.95000 21.5781005666546832
5.97000 21.6336890058248379
5.99000 21.6892164249433108
6.01000 21.7446830916771781
6.03000 21.8000892718454686
6.05000 21.8554352301096024
6.07000 21.9107212290911981
6.09000 21.9659475287194894
6.11000 22.0211143868989545
6.13000 22.0762220597406724
6.15000 22.1312708011494088
6.17000 22.1862608628300926
6.19000 22.2411924947996873
6.21000 22.2960659455647310
6.23000 22.3508814618155931
6.25000 22.4056392880438864
6.27000 22.4603396670014668
6.29000 22.5149828400880310
6.31000 22.5695690463679455
6.33000 22.6240985228039015
6.35000 22.6785715048330374
6.37000 22.7329882266470342
6.39000 22.7873489207734785
6.41000 22.8416538182709843
6.43000 22.8959031485099587
6.45000 22.9500971392744724
6.47000 23.0042360168262974
6.49000 23.0583200053522042
6.51000 23.1123493271611835
6.53000 23.1663242030186858
6.55000 23.2202448525971263
6.57000 23.2741114941163545
6.59000 23.3279243442403725
6.61000 23.3816836179083154
6.63000 23.4353895284926423
6.65000 23.4890422878244891
6.67000 23.5426421063524174
6.69000 23.5961891927413916
6.71000 23.6496837542673006
6.73000 23.7031259965450189
6.75000 23.7565161245178835
6.77000 23.8098543415038790
6.79000 23.8631408495298771
6.81000 23.9163758492110503
6.83000 23.9695595395536003
6.85000 24.0226921186526248
6.87000 24.0757737830394980
6.89000 24.1288047279590963
6.91000 24.1817851472767344
6.93000 24.2347152331921016
6.95000 24.2875951770940155
6.97000 24.3404251693387543
6.99000 24.3932053988785498
7.01000 24.4459360535494916
7.03000 24.4986173198019621
7.05000 24.5512493826639364
7.07000 24.6038324263125645
7.09000 24.6563666335439677
7.11000 24.7088521855450445
7.13000 24.7612892625092158
7.15000 24.8136780432207722
7.17000 24.8660187052385453
7.19000 24.9183114253874329
7.21000 24.9705563796355179
7.23000 25.0227537426923341
7.25000 25.0749036881124354
7.27000 25.1270063882612611
7.29000 25.1790620141408183
7.31000 25.2310707358320094
7.33000 25.2830327226392058
7.35000 25.3349481425613767
7.37000 25.3868171622786072
7.39000 25.4386399475691540
7.41000 25.4904166630692437
7.43000 25.5421474723473239
7.45000 25.5938325383023511
7.47000 25.6454720231365130
7.49000 25.6970660881569657
7.51000 25.7486148933119949
7.53000 25.8001185974137179
7.55000 25.8515773585142661
7.57000 25.9029913336738247
7.59000 25.9543606790710122
7.61000 26.0056855499073087
7.63000 26.0569661003157726
7.65000 26.1082024833586601
7.67000 26.1593948509943885
7.69000 26.2105433543072657
7.71000 26.2616481437680278
7.73000 26.3127093689364848
7.75000 26.3637271785581007
7.77000 26.4147017206248265
7.79000 26.4656331422173778
7.81000 26.5165215893502726
7.83000 26.5673672069130440
7.85000 26.6181701389570122
7.87000 26.6689305290119165
7.89000 26.7196485198149034
7.91000 26.7703242529159162
7.93000 26.8209578689856656
7.95000 26.8715495079615252
7.97000 26.9220993092068532
7.99000 26.9726074109219525
8.01000 27.0230739505933677
8.03000 27.0734990649938894
8.05000 27.1238828906396705
8.07000 27.1742255630110741
8.09000 27.2245272166974992
8.11000 27.2747879855306614
8.13000 27.3250080023455979
8.15000 27.3751873994690911
8.17000 27.4253263083337018
8.19000 27.4754248596499835
8.21000 27.5254831836370251
8.23000 27.5755014096820226
8.25000 27.6254796665108167
8.27000 27.6754180818621229
8.29000 27.7253167826152982
8.31000 27.7751758950568792
8.33000 27.8249955448190249
8.35000 27.8747758569428790
8.37000 27.9245169560610265
8.39000 27.9742189659413683
8.41000 28.0238820094697481
8.43000 28.0735062090537575
8.45000 28.1230916864949236
8.47000 28.1726385626458331
8.49000 28.2221469577169159
8.51000 28.2716169911393820
8.53000 28.3210487816624514
8.55000 28.3704424477663295
8.57000 28.4197981073488570
8.59000 28.4691158774018369
8.61000 28.5183958741556225
8.63000 28.5676382132028017
8.65000 28.6168430095649633
8.67000 28.6660103778048345
8.69000 28.7151404318868053
8.71000 28.7642332851481299
8.73000 28.8132890502847054
8.75000 28.8623078396156032
8.77000 28.9112897648998697
8.79000 28.9602349371983010
8.81000 29.0091434669547326
8.83000 29.0580154639573998
8.85000 29.1068510372409506
8.87000 29.1556502952477068
8.89000 29.2044133460377537
8.91000 29.2531402971359356
8.93000 29.3018312553868618
8.95000 29.3504863272353944
8.97000 29.3991056187130120
8.99000 29.4476892351874504
9.01000 29.4962372813979563
9.03000 29.5447498616544628
9.05000 29.5932270797637536
9.07000 29.6416690387931077
9.09000 29.6900758413304615
9.11000 29.7384475895367828
9.13000 29.7867843851195531
9.15000 29.8350863293743984
9.17000 29.8833535230099976
9.19000 29.9315860662456714
9.21000 29.9797840587165929
9.23000 30.0279475994554588
9.25000 30.0760767868656096
9.27000 30.1241717190582357
9.29000 30.1722324937332580
9.31000 30.2202592080149373
9.33000 30.2682519582484879
9.35000 30.3162108404314878
9.37000 30.3641359501873715
9.39000 30.4120273827368983
9.41000 30.4598852329300982
9.43000 30.5077095949844015
9.45000 30.5555005627281631
9.47000 30.6032582295569000
9.49000 30.6509826882192158
9.51000 30.6986740310181077
9.53000 30.7463323498129775
9.55000 30.7939577362748942
9.57000 30.8415502816602896
9.59000 30.8891100765588895
9.61000 30.9366372111735295
9.63000 30.9841317753773779
9.65000 31.0315938585872146
9.67000 31.0790235497258855
9.69000 31.1264209372149026
9.71000 31.1737861090830570
9.73000 31.2211191530869350
9.75000 31.2684201564856465
9.77000 31.3156892059113048
9.79000 31.3629263875251176
9.81000 31.4101317870323484
9.83000 31.4573054898847637
9.85000 31.5044475812941975
9.87000 31.5515581461574079
9.89000 31.5986372689255184
9.91000 31.6456850336599196
9.93000 31.6927015240433434
9.95000 31.7396868233042362
9.97000 31.7866410142704474
9.99000 31.8335641794007564
10.01000 31.8804564007370423
10.03000 31.9273177601039002
10.05000 31.9741483389949259
10.07000 32.0209482183679555
10.09000 32.0677174786614074
10.11000 32.1144561999894620
10.13000 32.1611644621848214
10.15000 32.2078423447656661
10.17000 32.2544899269398186
10.19000 32.3011072875488736
10.21000 32.3476945049526918
10.23000 32.3942516571083061
10.25000 32.4407788217916391
10.27000 32.4872760763447488
10.29000 32.5337434976057978
10.31000 32.5801811620541457
10.33000 32.6265891458708097
10.35000 32.6729675249619476
10.37000 32.7193163749431761
10.39000 32.7656357711310022
10.41000 32.8119257884791296
10.43000 32.8581865015221837
10.45000 32.9044179844647218
10.47000 32.9506203113433642
10.49000 32.9967935559102230
10.51000 33.0429377914290825
10.53000 33.0890530909471394
10.55000 33.1351395271619467
10.57000 33.1811971724131780
10.59000 33.2272260986647865
10.61000 33.2732263776409667
10.63000 33.3191980807311552
10.65000 33.3651412788725636
10.67000 33.4110560426307259
10.69000 33.4569424423758051
10.71000 33.5028005483659044
10.73000 33.5486304305997294
10.75000 33.5944321587058283
10.77000 33.6402058019602777
10.79000 33.6859514292949598
10.81000 33.7316691092784069
10.83000 33.7773589101821372
10.85000 33.8230209000768625
10.87000 33.8686551467389307
10.89000 33.9142617175487686
10.91000 33.9598406795948691
10.93000 34.0053920996978860
10.95000 34.0509160443993295
10.97000 34.0964125800505187
10.99000 34.1418817726301640
11.01000 34.1873236878227473
11.03000 34.2327383911196250
11.05000 34.2781259477380473
11.07000 34.3234864226606646
11.09000 34.3688198806932519
11.11000 34.4141263863868971
11.13000 34.4594060040647250
11.15000 34.5046587977677461
11.17000 34.5498848311230375
11.19000 34.5950841673981984
11.21000 34.6402568696394724
11.23000 34.6854030006708314
11.25000 34.7305226230682607
11.27000 34.7756157991513675
11.29000 34.8206825908789241
11.31000 34.8657230599547319
11.33000 34.9107372680076367
11.35000 34.9557252763751052
11.37000 35.0006871460710158
11.39000 35.0456229379531052
11.41000 35.0905327126498747
11.43000 35.1354165304832904
11.45000 35.1802744514992085
11.47000 35.2251065354214319
11.49000 35.2699128416844943
11.51000 35.3146934295777584
11.53000 35.3594483582855474
11.55000 35.4041776867348830
11.57000 35.4488814735614639
11.59000 35.4935597771084517
11.61000 35.5382126554819848
11.63000 35.5828401665935772
11.65000 35.6274423680463599
11.67000 35.6720193172528752
11.69000 35.7165710713886000
11.71000 35.7610976874026107
11.73000 35.8055992221045756
11.75000 35.8500757321353518
11.77000 35.8945272738561201
11.79000 35.9389539034322780
11.81000 35.9833556768370570
11.83000 36.0277326498986383
11.85000 36.0720848781543566
11.87000 36.1164124168654652
11.89000 36.1607153210271690
11.91000 36.2049936453898127
11.93000 36.2492474444604724
11.95000 36.2934767725718999
11.97000 36.3376816838655827
11.99000 36.3818622322356333
12.01000 36.4260184714106074
12.03000 36.4701504549505415
12.05000 36.5142582362352428
12.07000 36.5583418684257566
12.09000 36.6024014043930848
12.11000 36.6464368968291083
12.13000 36.6904483981873355
12.15000 36.7344359607404698
12.17000 36.7783996366796160
12.19000 36.8223394779491500
12.21000 36.8662555363116695
12.23000 36.9101478632950020
12.25000 36.9540165101244753
12.27000 36.9978615279048668
12.29000 37.0416829676661408
12.31000 37.0854808802254041
12.33000 37.1292553161870202
12.35000 37.1730063259004595
12.37000 37.2167339595287601
12.39000 37.2604382670173138
12.41000 37.3041192981072527
12.43000 37.3477771023879370
12.45000 37.3914117293018009
12.47000 37.4350232280263242
12.49000 37.4786116475180791
12.51000 37.5221770366330887
12.53000 37.5657194441403490
12.55000 37.6092389187202443
12.57000 37.6527355088271278
12.59000 37.6962092626538592
12.61000 37.7396602281955609
12.63000 37.7830884533144626
12.65000 37.8264939856873781
12.67000 37.8698768728084971
12.69000 37.9132371620164221
12.71000 37.9565749004359816
12.73000 37.9998901349928175
12.75000 38.0431829124983594
12.77000 38.0864532795223667
12.79000 38.1297012824387096
12.81000 38.1729269675064984
12.83000 38.2161303808669217
12.85000 38.2593115684264120
12.87000 38.3024705759115776
12.89000 38.3456074489286465
12.91000 38.3887222329529294
12.93000 38.4318149733114751
12.95000 38.4748857151396066
12.97000 38.5179345033409390
12.99000 38.5609613826227857
13.01000 38.6039663975528740
13.03000 38.6469495925416169
13.05000 38.6899110118461351
13.07000 38.7328506996168542
13.09000 38.7757686999711879
13.11000 38.8186650568289267
13.13000 38.8615398139422012
13.15000 38.9043930148560690
13.17000 38.9472247029819414
13.19000 38.9900349215134483
13.21000 39.0328237135540945
13.23000 39.0755911220878787
13.25000 39.1183371898991581
13.27000 39.1610619595740417
13.29000 39.2037654735272554
13.31000 39.2464477741266862
13.33000 39.2891089035969188
13.35000 39.3317489039877657
13.37000 39.3743678171946385
13.39000 39.4169656849266161
13.41000 39.4595425487520330
13.43000 39.5020984501234835
13.45000 39.5446334303132190
13.47000 39.5871475305150682
13.49000 39.6296407918017124
13.51000 39.6721132551423850
13.53000 39.7145649613841201
13.55000 39.7569959511990305
13.57000 39.7994062650779483
13.59000 39.8417959433144873
13.61000 39.8841650260510434
13.63000 39.9265135533493520
13.65000 39.9688415651221831
13.67000 40.0111491011311315
13.69000 40.0534362010130707
13.71000 40.0957029043006656
13.73000 40.1379492503891626
13.75000 40.1801752785398989
13.77000 40.2223810278928440
13.79000 40.2645665374563890
13.81000 40.3067318460869757
13.83000 40.3488769924457600
13.85000 40.3910020150523863
13.87000 40.4331069523620741
13.89000 40.4751918426829320
13.91000 40.5172567241665433
13.93000 40.5593016348344406
13.95000 40.6013266126012127
13.97000 40.6433316953065358
13.99000 40.6853169206830998
14.01000 40.7272823262851702
14.03000 40.7692279495135423
14.05000 40.8111538276534702
14.07000 40.8530599978844506
14.09000 40.8949464972645274
14.11000 40.9368133627784232
14.13000 40.9786606313045922
14.15000 41.0204883396194475
14.17000 41.0622965243873850
14.19000 41.1040852221258177
14.21000 41.1458544692084800
14.23000 41.1876043019084150
14.25000 41.2293347563533885
14.27000 41.2710458685263077
14.29000 41.3127376742599708
14.31000 41.3544102093132437
14.33000 41.3960635093420564
14.35000 41.4376976098701704
14.37000 41.4793125463237971
14.39000 41.5209083540022945
14.41000 41.5624850680575193
14.43000 41.6040427235908723
14.45000 41.6455813555688650
14.47000 41.6871009988611547
14.49000 41.7286016882544999
14.51000 41.7700834584504008
14.53000 41.8115463439833874
14.55000 41.8529903791921996
14.57000 41.8944155983170319
14.59000 41.9358220355208857
14.61000 41.9772097248910683
14.63000 42.0185787003954729
14.65000 42.0599289958736549
14.67000 42.1012606451277449
14.69000 42.1425736818364811
14.71000 42.1838681395786068
14.73000 42.2251440518221415
14.75000 42.2664014518931097
14.77000 42.3076403730112034
14.79000 42.3488608482844100
14.81000 42.3900629107734659
14.83000 42.4312465934091421
14.85000 42.4724119289925000
14.87000 42.5135589502369768
14.89000 42.5546876897912298
14.91000 42.5957981802162422
14.93000 42.6368904539539955
14.95000 42.6779645433062313
14.97000 42.7190204804744837
14.99000 42.7600582975275572
15.01000 42.8010780264166115
15.03000 42.8420796990562280
15.05000 42.8830633472922358
15.07000 42.9240290028183153
15.09000 42.9649766972176792
15.11000 43.0059064619891984
15.13000 43.0468183285350747
15.15000 43.0877123281580552
15.17000 43.1285884920360729
15.19000 43.1694468512319673
15.21000 43.2102874367750118
15.23000 43.2511102796611837
15.25000 43.2919154107788984
15.27000 43.3327028609216569
15.29000 43.3734726607990524
15.31000 43.4142248410068348
15.33000 43.4549594320607184
15.35000 43.4956764644061025
15.37000 43.5363759683649505
15.39000 43.5770579741543713
15.41000 43.6177225118895677
15.43000 43.6583696115466964
15.45000 43.6989993030809813
15.47000 43.7396116164163189
15.49000 43.7802065813613126
15.51000 43.8207842276011448
15.53000 43.8613445847280232
15.55000 43.9018876822313473
15.57000 43.9424135494915333
15.59000 43.9829222158044999
15.61000 44.0234137103978114
15.63000 44.0638880624139162
15.65000 44.1043453009385686
15.67000 44.1447854549730607
15.69000 44.1852085534337817
15.71000 44.2256146251111062
15.73000 44.2660036987158207
15.75000 44.3063758028498569
15.77000 44.3467309660196491
15.79000 44.3870692166694525
15.81000 44.4273905832111566
15.83000 44.4676950939528766
15.85000 44.5079827770740621
15.87000 44.5482536607036508
15.89000 44.5885077728778967
15.91000 44.6287451415591576
15.93000 44.6689657946471286
15.95000 44.7091697599498872
15.97000 44.7493570651734771
15.99000 44.7895277379197125
16.01000 44.8296818057385025
16.03000 44.8698192961048576
16.05000 44.9099402363818427
16.07000 44.9500446538555281
16.09000 44.9901325757495201
16.11000 45.0302040292849668
16.13000 45.0702590416296403
16.15000 45.1102976398414484
16.17000 45.1503198508973895
16.19000 45.1903257016884226
16.21000 45.2303152189933328
16.23000 45.2702884295004679
16.25000 45.3102453598047887
16.27000 45.3501860363850753
16.29000 45.3901104856902720
16.31000 45.4300187341304493
16.33000 45.4699108080241601
16.35000 45.5097867335908646
16.37000 45.5496465369538015
16.39000 45.5894902441786911
16.41000 45.6293178812625442
16.43000 45.6691294741115286
16.45000 45.7089250485937910
16.47000 45.7487046305360110
16.49000 45.7884682456710195
16.51000 45.8282159196432701
16.53000 45.8679476780106441
16.55000 45.9076635462817251
16.57000 45.9473635498973181
16.59000 45.9870477142358496
16.61000 46.0267160646113922
16.63000 46.0663686262821841
16.65000 46.1060054244116273
16.67000 46.1456264840565638
16.69000 46.1852318301978002
16.71000 46.2248214877981454
16.73000 46.2643954817430725
16.75000 46.3039538368435899
16.77000 46.3434965778458263
16.79000 46.3830237294454406
16.81000 46.4225353162757841
16.83000 46.4620313629405217
16.85000 46.5015118939684839
16.87000 46.5409769338188326
16.89000 46.5804265068568171
16.91000 46.6198606373502926
16.93000 46.6592793494656704
16.95000 46.6986826673209237
16.97000 46.7380706149487466
16.99000 46.7774432163132090
17.01000 46.8168004953352295
17.03000 46.8561424759101115
17.05000 46.8954691818556171
17.07000 46.9347806369161091
17.09000 46.9740768647695859
17.11000 47.0133578890109831
17.13000 47.0526237332133590
17.15000 47.0918744209139888
17.17000 47.1311099755792640
17.19000 47.1703304205844347
17.21000 47.2095357792381876
17.23000 47.2487260747967994
17.25000 47.2879013304116640
17.27000 47.3270615691612804
17.29000 47.3662068140847197
17.31000 47.4053370881782428
17.33000 47.4444524143499322
17.35000 47.4835528154234439
17.37000 47.5226383141698889
17.39000 47.5617089332921665
17.41000 47.6007646954359274
17.43000 47.6398056232053619
17.45000 47.6788317391504179
17.47000 47.7178430657573074
17.49000 47.7568396254577010
17.51000 47.7958214406367929
17.53000 47.8347885336070533
17.55000 47.8737409265994955
17.57000 47.9126786417818380
17.59000 47.9516017012696736
17.61000 47.9905101271490580
17.63000 48.0294039414967386
17.65000 48.0682831663388939
17.67000 48.1071478236241603
17.69000 48.1459979352264043
17.71000 48.1848335229475424
17.73000 48.2236546085176272
17.75000 48.2624612136042259
17.77000 48.3012533598262692
17.79000 48.3400310687587265
17.81000 48.3787943619251948
17.83000 48.4175432607720424
17.85000 48.4562777866692329
17.87000 48.4949979609484316
17.89000 48.5337038049285425
17.91000 48.5723953398727204
17.93000 48.6110725869824165
17.95000 48.6497355673886815
17.97000 48.6883843021495721
17.99000 48.7270188122679642
18.01000 48.7656391186965550
18.03000 48.8042452423210236
18.05000 48.8428372039686423
18.07000 48.8814150244061025
18.09000 48.9199787243386837
18.11000 48.9585283244302545
18.13000 48.9970638453066201
18.15000 49.0355853075476986
18.17000 49.0740927316774673
18.19000 49.1125861381662290
18.21000 49.1510655474439275
18.23000 49.1895309798593701
18.25000 49.2279824557110643
18.27000 49.2664199952705104
18.29000 49.3048436188169248
18.31000 49.3432533465728653
18.33000 49.3816491986829504
18.35000 49.4200311952044586
18.37000 49.4583993561467992
18.39000 49.4967537014622536
18.41000 49.5350942510596894
18.43000 49.5734210248071463
18.45000 49.6117340425155149
18.47000 49.6500333239413649
18.49000 49.6883188888026766
18.51000 49.7265907567863579
18.53000 49.7648489475401163
18.55000 49.8030934806460550
18.57000 49.8413243756262787
18.59000 49.8795416519368402
18.61000 49.9177453289792723
18.63000 49.9559354261254924
18.65000 49.9941119626900203
18.67000 50.0322749579439616
18.69000 50.0704244311161091
18.71000 50.1085604013895818
18.73000 50.1466828879124193
18.75000 50.1847919097712705
18.77000 50.2228874859934820
18.79000 50.2609696355735096
18.81000 50.2990383774728471
18.83000 50.3370937306174611
18.85000 50.3751357138847595
18.87000 50.4131643460964369
18.89000 50.4511796460202504
18.91000 50.4891816323597524
18.93000 50.5271703237791030
18.95000 50.5651457388948984
18.97000 50.6031078962763985
18.99000 50.6410568144858715
19.01000 50.6789925120377021
19.03000 50.7169150073558228
19.05000 50.7548243188115009
19.07000 50.7927204647292356
19.09000 50.8306034634021273
19.11000 50.8684733330765368
19.13000 50.9063300919461099
19.15000 50.9441737581660163
19.17000 50.9820043498570641
19.19000 51.0198218851121297
19.21000 51.0576263819934937
19.23000 51.0954178585214009
19.25000 51.1331963326521688
19.27000 51.1709618222889375
19.29000 51.2087143452945313
19.31000 51.2464539194757123
19.33000 51.2841805625748819
19.35000 51.3218942922907715
19.37000 51.3595951262827697
19.39000 51.3972830821837761
19.41000 51.4349581775733142
19.43000 51.4726204299915153
19.45000 51.5102698569498543
19.47000 51.5479064759600973
19.49000 51.5855303044872926
19.51000 51.6231413599261515
19.53000 51.6607396596212141
19.55000 51.6983252208813155
19.57000 51.7358980609657522
19.59000 51.7734581971323635
19.61000 51.8110056465896704
19.63000 51.8485404264895706
19.65000 51.8860625539343516
19.67000 51.9235720459835122
19.69000 51.9610689196818711
19.71000 51.9985531920424862
19.73000 52.0360248800328407
19.75000 52.0734840005711206
19.77000 52.1109305705346983
19.79000 52.1483646067831970
19.81000 52.1857861261309850
19.83000 52.2231951453575718
19.85000 52.2605916811823192
19.87000 52.2979757502831362
19.89000 52.3353473692971320
19.91000 52.3727065548031661
19.93000 52.4100533233451813
19.95000 52.4473876914209853
19.97000 52.4847096754899454
19.99000 52.5220192919878457
20.01000 52.5593165573105097
20.03000 52.5966014878048966
20.05000 52.6338740997705017
20.07000 52.6711344094823630
20.09000 52.7083824331910833
20.11000 52.7456181871078371
20.13000 52.7828416874073909
20.15000 52.8200529502118883
20.17000 52.8572519915941754
20.19000 52.8944388276130084
20.21000 52.9316134743101259
20.23000 52.9687759476991005
20.25000 53.0059262637630084
20.27000 53.0430644384373409
20.29000 53.0801904876292951
20.31000 53.1173044272146342
20.33000 53.1544062730175568
20.35000 53.1914960408201409
20.37000 53.2285737463644537
20.39000 53.2656394053424833
20.41000 53.3026930334162259
20.43000 53.3397346462308661
20.45000 53.3767642593811615
20.47000 53.4137818884086144
20.49000 53.4507875488254314
20.51000 53.4877812561147437
20.53000 53.5247630257185634
20.55000 53.5617328730379967
20.57000 53.5986908134479023
20.59000 53.6356368623107755
20.61000 53.6725710349372562
20.63000 53.7094933465909250
20.65000 53.7464038125192118
20.67000 53.7833024479563733
20.69000 53.8201892680967688
20.71000 53.8570642880887291
20.73000 53.8939275230350106
20.75000 53.9307789879947563
20.77000 53.9676186980011607
20.79000 54.0044466680587973
20.81000 54.0412629131534388
20.83000 54.0780674482305272
20.85000 54.1148602881920908
20.87000 54.1516414478990811
20.89000 54.1884109422061542
20.91000 54.2251687859266269
20.93000 54.2619149938231971
20.95000 54.2986495806395340
20.97000 54.3353725611127629
20.99000 54.3720839499332271
21.01000 54.4087837617441537
21.03000 54.4454720111627850
21.05000 54.4821487127554960
21.07000 54.5188138810551735
21.09000 54.5554675305766921
21.11000 54.5921096757956548
21.13000 54.6287403311612181
21.15000 54.6653595111012294
21.17000 54.7019672300244437
21.19000 54.7385635023018082
21.21000 54.7751483422676415
21.23000 54.8117217642206427
21.25000 54.8482837824153222
21.27000 54.8848344110884483
21.29000 54.9213736644575832
21.31000 54.9579015566835167
21.33000 54.9944181018851879
21.35000 55.0309233141655483
21.37000 55.0674172076153710
21.39000 55.1038997963037929
21.41000 55.1403710942688434
21.43000 55.1768311155086693
21.45000 55.2132798739728301
21.47000 55.2497173835715785
21.49000 55.2861436581911789
21.51000 55.3225587116920039
21.53000 55.3589625579038582
21.55000 55.3953552106300933
21.57000 55.4317366836460508
21.59000 55.4681069906860671
21.61000 55.5044661454501451
21.63000 55.5408141616110029
21.65000 55.5771510528040764
21.67000 55.6134768326215436
21.69000 55.6497915146194941
21.71000 55.6860951123360266
21.73000 55.7223876392924211
21.75000 55.7586691089848401
21.77000 55.7949395348852377
21.79000 55.8311989304431862
21.81000 55.8674473090817187
21.83000 55.9036846841929957
21.85000 55.9399110691372670
21.87000 55.9761264772579850
21.89000 56.0123309218822811
21.91000 56.0485244163159138
21.93000 56.0847069738377186
21.95000 56.1208786076927666
21.97000 56.1570393310863949
21.99000 56.1931891571955262
22.01000 56.2293280991654925
22.03000 56.2654561701020484
22.05000 56.3015733830725225
22.07000 56.3376797511410814
22.09000 56.3737752873400382
22.11000 56.4098600046675429
22.13000 56.4459339160937930
22.15000 56.4819970345696447
22.17000 56.5180493730256543
22.19000 56.5540909443747282
22.21000 56.5901217614941743
22.23000 56.6261418372415903
22.25000 56.6621511844539469
22.27000 56.6981498159325525
22.29000 56.7341377444412984
22.31000 56.7701149827055076
22.33000 56.8060815434263517
22.35000 56.8420374392782719
22.37000 56.8779826829200417
22.39000 56.9139172869946393
22.41000 56.9498412641056504
22.43000 56.9857546268266262
22.45000 57.0216573877076556
22.47000 57.0575495592804671
22.49000 57.0934311540587487
22.51000 57.1293021845256632
22.53000 57.1651626631311700
22.55000 57.2010126022962595
22.57000 57.2368520144211885
22.59000 57.2726809118835689
22.61000 57.3084993070334647
22.63000 57.3443072122012296
22.65000 57.3801046396836796
22.67000 57.4158916017403556
22.69000 57.4516681106058869
22.71000 57.4874341784961445
22.73000 57.5231898176058962
22.75000 57.5589350401071584
22.77000 57.5946698581494871
22.79000 57.6303942838585570
22.81000 57.6661083293226113
22.83000 57.7018120066051310
22.85000 57.7375053277603953
22.87000 57.7731883048208843
22.89000 57.8088609497927095
22.91000 57.8445232746519622
22.93000 57.8801752913472001
22.95000 57.9158170118130187
22.97000 57.9514484479751175
22.99000 57.9870696117240030
23.01000 58.0226805149060283
23.03000 58.0582811693327798
23.05000 58.0938715868059674
23.07000 58.1294517791140493
23.09000 58.1650217580160245
23.11000 58.2005815352379017
23.13000 58.2361311224885796
23.15000 58.2716705314482084
23.17000 58.3071997737727230
23.19000 58.3427188610994065
23.21000 58.3782278050446735
23.23000 58.4137266172056329
23.25000 58.4492153091631437
23.27000 58.4846938924820137
23.29000 58.5201623787088536
23.31000 58.5556207793636716
23.33000 58.5910691059432907
23.35000 58.6265073699136536
23.37000 58.6619355827141504
23.39000 58.6973537557578098
23.41000 58.7327619004348307
23.43000 58.7681600280929430
23.45000 58.8035481500412232
23.47000 58.8389262775676514
23.49000 58.8742944219595685
23.51000 58.9096525944796809
23.53000 58.9450008063655133
23.55000 58.9803390688397684
23.57000 59.0156673931070230
23.59000 59.0509857903551421
23.61000 59.0862942717467874
23.63000 59.1215928484157018
23.65000 59.1568815314681729
23.67000 59.1921603319937830
23.69000 59.2274292610635911
23.71000 59.2626883297306648
23.73000 59.2979375490417766
23.75000 59.3331769300279461
23.77000 59.3684064836997152
23.79000 59.4036262210391115
23.81000 59.4388361529945684
23.83000 59.4740362904837525
23.85000 59.5092266444075193
23.87000 59.5444072256603789
23.89000 59.5795780451261479
23.91000 59.6147391136587999
23.93000 59.6498904420901113
23.95000 59.6850320412324393
23.97000 59.7201639218689735
23.99000 59.7552860947522149
24.01000 59.7903985706155012
24.03000 59.8255013601891434
24.05000 59.8605944741971214
24.07000 59.8956779233373311
24.09000 59.9307517182689082
24.11000 59.9658158696217640
24.13000 60.0008703880090906
24.15000 60.0359152840240853
24.17000 60.0709505682361993
24.19000 60.1059762511994293
24.21000 60.1409923434533198
24.23000 60.1759988555029963
24.25000 60.2109957978318207
24.27000 60.2459831809157791
24.29000 60.2809610152141033
24.31000 60.3159293111691568
24.33000 60.3508880792018374
24.35000 60.3858373297063622
24.37000 60.4207770730516458
24.39000 60.4557073195827996
24.41000 60.4906280796241234
24.43000 60.5255393634775203
24.45000 60.5604411814247356
24.47000 60.5953335437396277
24.49000 60.6302164606714555
24.51000 60.6650899424400336
24.53000 60.6999539992501624
24.55000 60.7348086413126396
24.57000 60.7696538788165839
24.59000 60.8044897219306435
24.61000 60.8393161808041256
24.63000 60.8741332655626621
24.65000 60.9089409863002444
24.67000 60.9437393530920843
24.69000 60.9785283759790033
24.71000 61.0133080649865818
24.73000 61.0480784301183590
24.75000 61.0828394813640472
24.77000 61.1175912287076244
24.79000 61.1523336821217072
24.81000 61.1870668515609211
24.83000 61.2217907469493099
24.85000 61.2565053781888267
24.87000 61.2912107551657286
24.89000 61.3259068877542930
24.91000 61.3605937858227080
24.93000 61.3952714592222932
24.95000 61.4299399177767214
24.97000 61.4645991712898905
24.99000 61.4992492295527526
25.01000 61.5338901023260334
25.03000 61.5685217993507905
25.05000 61.6031443303520163
25.07000 61.6377577050421266
25.09000 61.6723619331263890
25.11000 61.7069570242840726
25.13000 61.7415429881638573
25.15000 61.7761198343948621
25.17000 61.8106875725857705
25.19000 61.8452462123337483
25.21000 61.8797957632334459
25.23000 61.9143362348585455
25.25000 61.9488676367516575
25.27000 61.9833899784276809
25.29000 62.0179032693971308
25.31000 62.0524075191626494
25.33000 62.0869027372011075
25.35000 62.1213889329803592
25.37000 62.1558661159568331
25.39000 62.1903342955619394
25.41000 62.2247934812052392
25.43000 62.2592436822773720
25.45000 62.2936849081635984
25.47000 62.3281171682367869
25.49000 62.3625404718449161
25.51000 62.3969548283163036
25.53000 62.4313602469663991
25.55000 62.4657567371040940
25.57000 62.5001443080184487
25.59000 62.5345229689692133
25.61000 62.5688927291958308
25.63000 62.6032535979244145
25.65000 62.6376055843672503
25.67000 62.6719486977213407
25.69000 62.7062829471704006
25.71000 62.7406083418842755
25.73000 62.7749248910115298
25.75000 62.8092326036757740
25.77000 62.8435314889798207
25.79000 62.8778215560084135
25.81000 62.9121028138241272
25.83000 62.9463752714759508
25.85000 62.9806389380011211
25.87000 63.0148938224255630
25.89000 63.0491399337704550
25.91000 63.0833772810303586
25.93000 63.1176058731785687
25.95000 63.1518257191736012
25.97000 63.1860368279679534
25.99000 63.2202392084869302
26.01000 63.2544328696427272
26.03000 63.2886178203336982
26.05000 63.3227940694427005
26.07000 63.3569616258334420
26.09000 63.3911204983511780
26.11000 63.4252706958282033
26.13000 63.4594122270836110
26.15000 63.4935451009252674
26.17000 63.5276693261359569
26.19000 63.5617849114820999
26.21000 63.5958918657166876
26.23000 63.6299901975777402
26.25000 63.6640799157911204
26.27000 63.6981610290691052
26.29000 63.7322335461133562
26.31000 63.7662974756138325
26.33000 63.8003528262501263
26.35000 63.8343996066865813
26.37000 63.8684378255714336
26.39000 63.9024674915358588
26.41000 63.9364886131950954
26.43000 63.9705011991472503
26.45000 64.0045052579714309
26.47000 64.0385007982238506
26.49000 64.0724878284521111
26.51000 64.1064663571847859
26.53000 64.1404363929251815
26.55000 64.1743979441677368
26.57000 64.2083510194019738
26.59000 64.2422956270995513
26.61000 64.2762317757047867
26.63000 64.3101594736403825
26.65000 64.3440787293171041
26.67000 64.3779895511393079
26.69000 64.4118919475029088
26.71000 64.4457859267933202
26.73000 64.4796714973877982
26.75000 64.5135486676531400
26.77000 64.5474174459356647
26.79000 64.5812778405604462
26.81000 64.6151298598299206
26.83000 64.6489735120249804
26.85000 64.6828088054172667
26.87000 64.7166357482715711
26.89000 64.7504543488484217
26.91000 64.7842646153945907
26.93000 64.8180665561353209
26.95000 64.8518601792801661
26.97000 64.8856454930234463
26.99000 64.9194225055386624
27.01000 64.9531912249800030
27.03000 64.9869516594890229
27.05000 65.0207038171908209
27.07000 65.0544477061862523
27.09000 65.0881833345621885
27.11000 65.1219107103994332
27.13000 65.1556298417711872
27.15000 65.1893407367405757
27.17000 65.2230434033523210
27.19000 65.2567378496455746
27.21000 65.2904240836460161
27.23000 65.3241021133677435
27.25000 65.3577719468091658
27.27000 65.3914335919640308
27.29000 65.4250870568046565
27.31000 65.4587323492844604
27.33000 65.4923694773478218
27.35000 65.5259984489288456
27.37000 65.5596192719507513
27.39000 65.5932319543182558
27.41000 65.6268365039174597
27.43000 65.6604329286140569
27.45000 65.6940212362688101
27.47000 65.7276014347402793
27.49000 65.7611735318737800
27.51000 65.7947375354961963
27.53000 65.8282934534198034
27.55000 65.8618412934525850
27.57000 65.8953810633859263
27.59000 65.9289127709969591
27.61000 65.9624364240488319
27.63000 65.9959520302920595
27.65000 66.0294595974624912
27.67000 66.0629591332825470
27.69000 66.0964506454665610
27.71000 66.1299341417091000
27.73000 66.1634096296854750
27.75000 66.1968771170615611
27.77000 66.2303366114798706
27.79000 66.2637881205682220
27.81000 66.2972316519488203
27.83000 66.3306672132346051
27.85000 66.3640948120372656
27.87000 66.3975144559572215
27.89000 66.4309261525784507
27.91000 66.4643299094705355
27.93000 66.4977257341866022
27.95000 66.5311136342662195
27.97000 66.5644936172316903
27.99000 66.5978656905974873
28.01000 66.6312298618674248
28.03000 66.6645861385285059
28.05000 66.6979345280643514
28.07000 66.7312750379547168
28.09000 66.7646076756613525
28.11000 66.7979324486279467
28.13000 66.8312493642801400
28.15000 66.8645584300277562
28.17000 66.8978596532742813
28.19000 66.9311530414089901
28.21000 66.9644386018015325
28.23000 66.9977163418080579
28.25000 67.0309862687876290
28.27000 67.0642483900944484
28.29000 67.0975027130639745
28.31000 67.1307492450144423
28.33000 67.1639879932560717
28.35000 67.1972189650923895
28.37000 67.2304421678146582
28.39000 67.2636576087007541
28.41000 67.2968652950096811
28.43000 67.3300652339864030
28.45000 67.3632574328725298
28.47000 67.3964418988985585
28.49000 67.4296186392787718
28.51000 67.4627876612072725
28.53000 67.4959489718688559
28.55000 67.5291025784425756
28.57000 67.5622484880989873
28.59000 67.5953867079921764
28.61000 67.6285172452616479
28.63000 67.6616401070343727
28.65000 67.6947553004246316
28.67000 67.7278628325400121
28.69000 67.7609627104756953
28.71000 67.7940549413189899
28.73000 67.8271395321410893
28.75000 67.8602164899945421
28.77000 67.8932858219072557
28.79000 67.9263475348931109
28.81000 67.9594016359610578
28.83000 67.9924481321109369
28.85000 68.0254870303348440
28.87000 68.0585183376179117
28.89000 68.0915420609394033
28.91000 68.1245582072709084
28.93000 68.1575667835731736
28.95000 68.1905677967980637
28.97000 68.2235612538835454
28.99000 68.2565471617481450
29.01000 68.2895255272994319
29.03000 68.3224963574391211
29.05000 68.3554596590683587
29.07000 68.3884154390742083
29.09000 68.4213637043341123
29.11000 68.4543044617176690
29.13000 68.4872377180796406
29.15000 68.5201634802603934
29.17000 68.5530817550890106
29.19000 68.5859925493757601
29.21000 68.6188958699145246
29.23000 68.6517917234921526
29.25000 68.6846801168922951
29.27000 68.7175610568835111
29.29000 68.7504345502234457
29.31000 68.7833006036616723
29.33000 68.8161592239444957
29.35000 68.8490104178099926
29.37000 68.8818541919844591
29.39000 68.9146905531842009
29.41000 68.9475195081165140
29.43000 68.9803410634772263
29.45000 69.0131552259436631
29.47000 69.0459620021789817
29.49000 69.0787613988375142
29.51000 69.1115534225610872
29.53000 69.1443380799836973
29.55000 69.1771153777294074
29.57000 69.2098853224089368
29.59000 69.2426479206189640
29.61000 69.2754031789498441
29.63000 69.3081511039899993
29.65000 69.3408917023187428
29.67000 69.3736249805065341
29.69000 69.4063509451059701
29.71000 69.4390696026502638
29.73000 69.4717809596578064
29.75000 69.5044850226464774
29.77000 69.5371817981287705
29.79000 69.5698712926130298
29.81000 69.6025535125941133
29.83000 69.6352284645583808
29.85000 69.6678961549810083
29.87000 69.7005565903283895
29.89000 69.7332097770588177
29.91000 69.7658557216150399
29.93000 69.7984944304303809
29.95000 69.8311259099263424
29.97000 69.8637501665199494
29.99000 69.8963672066116430
30.01000 69.9289770365929684
30.03000 69.9615796628459918
30.05000 69.9941750917393932
30.07000 70.0267633296289489
30.09000 70.0593443828570912
30.11000 70.0919182577505779
30.13000 70.1244849606261056
30.15000 70.1570444977997880
30.17000 70.1895968755795110
30.19000 70.2221421002637101
30.21000 70.2546801781412995
30.23000 70.2872111154932071
30.25000 70.3197349185925873
30.27000 70.3522515937041533
30.29000 70.3847611470810932
30.31000 70.4172635849661646
30.33000 70.4497589135939251
30.35000 70.4822471391826326
30.37000 70.5147282679379401
30.39000 70.5472023060637952
30.41000 70.5796692597661348
30.43000 70.6121291352411333
30.45000 70.6445819386734968
30.47000 70.6770276762346725
30.49000 70.7094663540853361
30.51000 70.7418979783800665
30.53000 70.7743225552666502
30.55000 70.8067400908822862
30.57000 70.8391505913454154
30.59000 70.8715540627606231
30.61000 70.9039505112279187
30.63000 70.9363399428441994
30.65000 70.9687223637001381
30.67000 71.0010977798768863
30.69000 71.0334661974458896
30.71000 71.0658276224697403
30.73000 71.0981820610016371
30.75000 71.1305295190826286
30.77000 71.1628700027403767
30.79000 71.1952035179893841
30.81000 71.2275300708350159
30.83000 71.2598496672764270
30.85000 71.2921623133027111
30.87000 71.3244680148935402
30.89000 71.3567667780174162
30.91000 71.3890586086364465
30.93000 71.4213435127120988
30.95000 71.4536214961942022
30.97000 71.4858925650259351
30.99000 71.5181567251447490
31.01000 71.5504139824746233
31.03000 71.5826643429313521
31.05000 71.6149078124306584
31.07000 71.6471443968799093
31.09000 71.6793741021752311
31.11000 71.7115969341979280
31.13000 71.7438128988176942
31.15000 71.7760220018930113
31.17000 71.8082242492707650
31.19000 71.8404196467848948
31.21000 71.8726082002668250
31.23000 71.9047899155428922
31.25000 71.9369647984255352
31.27000 71.9691328547184241
31.29000 72.0012940902120562
31.31000 72.0334485106936597
31.33000 72.0655961219444094
31.35000 72.0977369297362003
31.37000 72.1298709398263043
31.39000 72.1619981579592746
31.41000 72.1941185898708113
31.43000 72.2262322412884714
31.45000 72.2583391179385757
31.47000 72.2904392255450716
31.49000 72.3225325698253272
31.51000 72.3546191564898038
31.53000 72.3866989912395837
31.55000 72.4187720797651338
31.57000 72.4508384277435340
31.59000 72.4828980408448302
31.61000 72.5149509247339665
31.63000 72.5469970850695063
31.65000 72.5790365275008895
31.67000 72.6110692576646954
31.69000 72.6430952811895594
31.71000 72.6751146036989013
31.73000 72.7071272308048719
31.75000 72.7391331681157283
31.77000 72.7711324212338724
31.79000 72.8031249957522988
31.81000 72.8351108972576640
31.83000 72.8670901313246446
31.85000 72.8990627035124419
31.87000 72.9310286193692718
31.89000 72.9629878844334172
31.91000 72.9949405042359416
31.93000 73.0268864843071839
31.95000 73.0588258301775682
31.97000 73.0907585473705979
31.99000 73.1226846413979246
32.01000 73.1546041177640802
32.03000 73.1865169819620291
32.05000 73.2184232394747312
32.07000 73.2503228957796324
32.09000 73.2822159563453397
32.11000 73.3141024266309813
32.13000 73.3459823120903849
32.15000 73.3778556181656967
32.17000 73.4097223502866569
32.19000 73.4415825138786289
32.21000 73.4734361143595436
32.23000 73.5052831571402123
32.25000 73.5371236476177046
32.27000 73.5689575911784601
32.29000 73.6007849932012590
32.31000 73.6326058590601065
32.33000 73.6644201941209786
32.35000 73.6962280037415667
32.37000 73.7280292932672410
32.39000 73.7598240680434287
32.41000 73.7916123334097733
32.43000 73.8233940946947484
32.45000 73.8551693572203192
32.47000 73.8869381263074843
32.49000 73.9187004072697107
32.51000 73.9504562054103616
32.53000 73.9822055260253677
32.55000 74.0139483744039666
32.57000 74.0456847558328519
32.59000 74.0774146755880309
32.61000 74.1091381389391159
32.63000 74.1408551511499354
32.65000 74.1725657174764734
32.67000 74.2042698431719288
32.69000 74.2359675334765399
32.71000 74.2676587936185229
32.73000 74.2993436288167857
32.75000 74.3310220442831735
32.77000 74.3626940452166139
32.79000 74.3943596368104068
32.81000 74.4260188242582927
32.83000 74.4576716127493796
32.85000 74.4893180074665509
32.87000 74.5209580135842202
32.89000 74.5525916362684029
32.91000 74.5842188806740438
32.93000 74.6158397519476893
32.95000 74.6474542552317644
32.97000 74.6790623956627968
32.99000 74.7106641783655760
33.01000 74.7422596084602873
33.03000 74.7738486910611329
33.05000 74.8054314312740303
33.07000 74.8370078341913114
33.09000 74.8685779048927742
33.11000 74.9001416484527027
33.13000 74.9316990699443437
33.15000 74.9632501744346058
33.17000 74.9947949669851255
33.19000 75.0263334526477053
33.21000 75.0578656364676675
33.23000 75.0893915234853893
33.25000 75.1209111187341421
33.27000 75.1524244272461033
33.29000 75.1839314540501533
33.31000 75.2154322041691046
33.33000 75.2469266826125818
33.35000 75.2784148943817684
33.37000 75.3098968444741814
33.39000 75.3413725378789820
33.41000 75.3728419795770606
33.43000 75.4043051745440920
33.45000 75.4357621277519002
33.47000 75.4672128441659424
33.49000 75.4986573287393838
33.51000 75.5300955864131680
33.53000 75.5615276221196837
33.55000 75.5929534407815851
33.57000 75.6243730473150180
33.59000 75.6557864466311969
33.61000 75.6871936436409669
33.63000 75.7185946432509098
33.65000 75.7499894503615110
33.67000 75.7813780698628818
33.69000 75.8127605066384120
33.71000 75.8441367655642580
33.73000 75.8755068515105080
33.75000 75.9068707693393065
33.77000 75.9382285239053800
33.79000 75.9695801200561505
33.81000 76.0009255626311955
33.83000 76.0322648564613957
33.85000 76.0635980063644723
33.87000 76.0949250171566689
33.89000 76.1262458936539019
33.91000 76.1575606406663042
33.93000 76.1888692629951123
33.95000 76.2201717654330082
33.97000 76.2514681527696609
33.99000 76.2827584297889416
34.01000 76.3140426012688948
34.03000 76.3453206719810993
34.05000 76.3765926466880671
34.07000 76.4078585301444093
34.09000 76.4391183270973471
34.11000 76.4703720422887159
34.13000 76.5016196804540982
34.15000 76.5328612463288351
34.17000 76.5640967446437202
34.19000 76.5953261801176097
34.21000 76.6265495574607058
34.23000 76.6577668813723818
34.25000 76.6889781565418076
34.27000 76.7201833876489019
34.29000 76.7513825793701727
34.31000 76.7825757363832508
34.33000 76.8137628633581926
34.35000 76.8449439649572810
34.37000 76.8761190458376547
34.39000 76.9072881106471016
34.41000 76.9384511640254800
34.43000 76.9696082106058412
34.45000 77.0007592550156659
34.47000 77.0319043018797345
34.49000 77.0630433558150543
34.51000 77.0941764214336018
34.53000 77.1253035033434031
34.55000 77.1564246061452508
34.57000 77.1875397344341820
34.59000 77.2186488927994503
34.61000 77.2497520858282201
34.63000 77.2808493181064762
34.65000 77.3119405942136382
34.67000 77.3430259187187374
34.69000 77.3741052961812699
34.71000 77.4051787311580597
34.73000 77.4362462282024921
34.75000 77.4673077918604207
34.77000 77.4983634266696129
34.79000 77.5294131371646102
34.81000 77.5604569278712859
34.83000 77.5914948033094163
34.85000 77.6225267679901094
34.87000 77.6535528264164725
34.89000 77.6845729830806135
34.91000 77.7155872424666541
34.93000 77.7465956090505586
34.95000 77.7775980873112331
34.97000 77.8085946817229370
34.99000 77.8395853967589630
35.01000 77.8705702368882413
35.03000 77.9015492065744724
35.05000 77.9325223102768234
35.07000 77.9634895524448268
35.09000 77.9944509375220036
35.11000 78.0254064699470007
35.13000 78.0563561541512740
35.15000 78.0872999945591175
35.17000 78.1182379955910449
35.19000 78.1491701616603223
35.21000 78.1800964971736931
35.23000 78.2110170065345471
35.25000 78.2419316941369658
35.27000 78.2728405643704406
35.29000 78.3037436216181675
35.31000 78.3346408702580419
35.33000 78.3655323146609817
35.35000 78.3964179591910693
35.37000 78.4272978082064753
35.39000 78.4581718660603684
35.41000 78.4890401371004742
35.43000 78.5199026256640309
35.45000 78.5507593360791248
35.47000 78.5816102726710568
35.49000 78.6124554397621154
35.51000 78.6432948416723008
35.53000 78.6741284827164264
35.55000 78.7049563672039199
35.57000 78.7357784994383820
35.59000 78.7665948837174881
35.61000 78.7974055243326319
35.63000 78.8282104255668088
35.65000 78.8590095916980687
35.67000 78.8898030269965744
35.69000 78.9205907357240335
35.71000 78.9513727221379185
35.73000 78.9821489904917513
35.75000 79.0129195450348192
35.77000 79.0436843900112649
35.79000 79.0744435296580264
35.81000 79.1051969682063287
35.83000 79.1359447098824518
35.85000 79.1666867589071330
35.87000 79.1974231194964915
35.89000 79.2281537958632498
35.91000 79.2588787922158673
35.93000 79.2895981127583269
35.95000 79.3203117616879467
35.97000 79.3510197431953088
35.99000 79.3817220614667747
36.01000 79.4124187206892032
36.03000 79.4431097250454314
36.05000 79.4737950787104666
36.07000 79.5044747858518122
36.09000 79.5351488506323676
36.11000 79.5658172772089358
36.13000 79.5964800697355201
36.15000 79.6271372323586206
36.17000 79.6577887692142781
36.19000 79.6884346844306606
36.21000 79.7190749821307918
36.23000 79.7497096664290552
36.25000 79.7803387414358411
36.27000 79.8109622112603176
36.29000 79.8415800800094786
36.31000 79.8721923517878452
36.33000 79.9027990306963858
36.35000 79.9334001208299441
36.37000 79.9639956262740554
36.39000 79.9945855511084289
36.41000 80.0251698994081977
36.43000 80.0557486752429099
36.45000 80.0863218826768275
36.47000 80.1168895257701195
36.49000 80.1474516085747553
36.51000 80.1780081351355136
36.53000 80.2085591094972585
36.55000 80.2391045356986155
36.57000 80.2696444177695128
36.59000 80.3001787597343366
36.61000 80.3307075656110356
36.63000 80.3612308394107231
36.65000 80.3917485851394531
36.67000 80.4222608068001250
36.69000 80.4527675083916165
36.71000 80.4832686939093236
36.73000 80.5137643673447201
36.75000 80.5442545326862955
36.77000 80.5747391939183757
36.79000 80.6052183550207815
36.81000 80.6356920199706195
36.83000 80.6661601927380474
36.85000 80.6966228772852361
36.87000 80.7270800775717703
36.89000 80.7575317975498166
36.91000 80.7879780411682162
36.93000 80.8184188123716467
36.95000 80.8488541150977795
36.97000 80.8792839532800230
36.99000 80.9097083308486162
37.01000 80.9401272517283275
37.03000 80.9705407198360803
37.05000 81.0009487390843645
37.07000 81.0313513133851018
37.09000 81.0617484466457228
37.11000 81.0921401427666240
37.13000 81.1225264056426028
37.15000 81.1529072391606547
37.17000 81.1832826472033986
37.19000 81.2136526336477687
37.21000 81.2440172023649438
37.23000 81.2743763572214704
37.25000 81.3047301020792048
37.27000 81.3350784407930689
37.29000 81.3654213772126127
37.31000 81.3957589151843877
37.33000 81.4260910585515916
37.35000 81.4564178111541679
37.37000 81.4867391768254805
37.39000 81.5170551593938626
37.41000 81.5473657626794761
37.43000 81.5776709905018009
37.45000 81.6079708466757126
37.47000 81.6382653350112406
37.49000 81.6685544593120625
37.51000 81.6988382233790418
37.53000 81.7291166310101573
37.55000 81.7593896860011000
37.57000 81.7896573921407537
37.59000 81.8199197532138243
37.61000 81.8501767730021470
37.63000 81.8804284552810628
37.65000 81.9106748038206689
37.67000 81.9409158223894707
37.69000 81.9711515147529042
37.71000 82.0013818846733642
37.73000 82.0316069359057707
37.75000 82.0618266721962613
37.77000 82.0920410972856729
37.79000 82.1222502149101814
37.81000 82.1524540288007898
37.83000 82.1826525426844512
37.85000 82.2128457602781566
37.87000 82.2430336852940229
37.89000 82.2732163214434706
37.91000 82.3033936724356323
37.93000 82.3335657419746525
37.95000 82.3637325337598867
37.97000 82.3938940514845228
37.99000 82.4240502988368604
38.01000 82.4542012795019872
38.03000 82.4843469971585534
38.05000 82.5144874554797099
38.07000 82.5446226581357649
38.09000 82.5747526087946397
38.11000 82.6048773111210437
38.13000 82.6349967687756504
38.15000 82.6651109854163053
38.17000 82.6952199646955393
38.19000 82.7253237102615913
38.21000 82.7554222257604550
38.23000 82.7855155148363764
38.25000 82.8156035811283289
38.27000 82.8456864282682375
38.29000 82.8757640598827976
38.31000 82.9058364795919545
38.33000 82.9359036910095426
38.35000 82.9659656977441813
38.37000 82.9960225033998569
38.39000 83.0260741115755536
38.41000 83.0561205258673851
38.43000 83.0861617498680687
38.45000 83.1161977871637276
38.47000 83.1462286413364353
38.49000 83.1762543159665597
38.51000 83.2062748146288556
38.53000 83.2362901408908584
38.55000 83.2663002983167075
38.57000 83.2963052904689221
38.59000 83.3263051209060706
38.61000 83.3562997931816057
38.63000 83.3862893108468199
38.65000 83.4162736774513718
38.67000 83.4462528965422052
38.69000 83.4762269716631806
38.71000 83.5061959063498165
38.73000 83.5361597041332828
38.75000 83.5661183685401312
38.77000 83.5960719030911577
38.79000 83.6260203113042877
38.81000 83.6559635966913504
38.83000 83.6859017627546535
38.85000 83.7158348129928385
38.87000 83.7457627509011218
38.89000 83.7756855799731994
38.91000 83.8056033036995274
38.93000 83.8355159255646782
38.95000 83.8654234490478672
38.97000 83.8953258776258366
38.99000 83.9252232147724868
39.01000 83.9551154639588617
39.03000 83.9850026286511309
39.05000 84.0148847123098506
39.07000 84.0447617183949518
39.09000 84.0746336503631824
39.11000 84.1045005116679789
39.13000 84.1343623057593959
39.15000 84.1642190360805955
39.17000 84.1940707060667535
39.19000 84.2239173191481285
39.21000 84.2537588787512561
39.23000 84.2835953882990196
39.25000 84.3134268512084759
39.27000 84.3432532708922764
39.29000 84.3730746507605147
39.31000 84.4028909942186090
39.33000 84.4327023046661225
39.35000 84.4625085855035280
39.37000 84.4923098401299626
39.39000 84.5221060719406267
39.41000 84.5518972843259604
39.43000 84.5816834806707902
39.45000 84.6114646643522690
39.47000 84.6412408387447357
39.49000 84.6710120072204546
39.51000 84.7007781731496152
39.53000 84.7305393398959694
39.55000 84.7602955108159080
39.57000 84.7900466892621836
39.59000 84.8197928785854742
39.61000 84.8495340821320809
39.63000 84.8792703032427198
39.65000 84.9090015452530764
39.67000 84.9387278114952977
39.69000 84.9684491052994417
39.71000 84.9981654299925822
39.73000 85.0278767889005422
39.75000 85.0575831853426649
39.77000 85.0872846226343285
39.79000 85.1169811040852977
39.81000 85.1466726330004207
39.83000 85.1763592126806088
39.85000 85.2060408464230079
39.87000 85.2357175375223903
39.89000 85.2653892892695495
39.91000 85.2950561049509446
39.93000 85.3247179878487287
39.95000 85.3543749412414741
39.97000 85.3840269684036883
39.99000 85.4136740726081030
40.01000 85.4433162571227314
40.03000 85.4729535252124037
40.05000 85.5025858801400318
40.07000 85.5322133251688683
40.09000 85.5618358635597787
40.11000 85.5914534985683702
40.13000 85.6210662334449353
40.15000 85.6506740714373080
40.17000 85.6802770157874676
40.19000 85.7098750697321350
40.21000 85.7394682365063261
40.23000 85.7690565193404524
40.25000 85.7986399214601505
40.27000 85.8282184460892381
40.29000 85.8577920964485344
40.31000 85.8873608757566274
40.33000 85.9169247872293482
40.35000 85.9464838340790607
40.37000 85.9760380195145615
40.39000 86.0055873467411800
40.41000 86.0351318189579786
40.43000 86.0646714393604668
40.45000 86.0942062111390243
40.47000 86.1237361374825809
40.49000 86.1532612215758320
40.51000 86.1827814665969498
40.53000 86.2122968757191330
40.55000 86.2418074521137044
40.57000 86.2713131989504660
40.59000 86.3008141193978560
40.61000 86.3303102166218963
40.63000 86.3598014937822995
40.65000 86.3892879540322980
40.67000 86.4187696005207329
40.69000 86.4482464363915852
40.71000 86.4777184647875004
40.73000 86.5071856888477697
40.75000 86.5366481117055599
40.77000 86.5661057364901723
40.79000 86.5955585663284069
40.81000 86.6250066043442075
40.83000 86.6544498536562458
40.85000 86.6838883173770682
40.87000 86.7133219986177437
40.89000 86.7427509004885877
40.91000 86.7721750260935494
40.93000 86.8015943785319450
40.95000 86.8310089608988562
40.97000 86.8604187762839359
40.99000 86.8898238277708685
41.01000 86.9192241184388337
41.03000 86.9486196513665845
41.05000 86.9780104296344803
41.07000 87.0073964563233346
41.09000 87.0367777345112188
41.11000 87.0661542672711590
41.13000 87.0955260576716626
41.15000 87.1248931087757654
41.17000 87.1542554236457221
41.19000 87.1836130053430196
41.21000 87.2129658569247681
41.23000 87.2423139814429049
41.25000 87.2716573819461274
41.27000 87.3009960614805323
41.29000 87.3303300230890045
41.31000 87.3596592698099386
41.33000 87.3889838046783467
41.35000 87.4183036307253190
41.37000 87.4476187509798848
41.39000 87.4769291684669952
41.41000 87.5062348862077641
41.43000 87.5355359072160013
41.45000 87.5648322345021910
41.47000 87.5941238710749275
41.49000 87.6234108199412702
41.51000 87.6526930841043992
41.53000 87.6819706665614405
41.55000 87.7112435703052569
41.57000 87.7405117983244196
41.59000 87.7697753536004512
41.61000 87.7990342391130554
41.63000 87.8282884578430867
41.65000 87.8575380127705046
41.67000 87.8867829068734920
41.69000 87.9160231431254147
41.71000 87.9452587244951332
41.73000 87.9744896539490924
41.75000 88.0037159344536377
41.77000 88.0329375689722866
41.79000 88.0621545604649896
41.81000 88.0913669118846911
41.83000 88.1205746261809253
41.85000 88.1497777063002133
41.87000 88.1789761551859925
41.89000 88.2081699757801942
41.91000 88.2373591710188379
41.93000 88.2665437438344327
41.95000 88.2957236971559354
41.97000 88.3248990339077267
41.99000 88.3540697570089151
42.01000 88.3832358693747011
42.03000 88.4123973739207258
42.05000 88.4415542735610245
42.07000 88.4707065712076144
42.09000 88.4998542697689601
42.11000 88.5289973721484245
42.13000 88.5581358812478356
42.15000 88.5872697999664354
42.17000 88.6163991311980794
42.19000 88.6455238778328720
42.21000 88.6746440427574498
42.23000 88.7037596288564458
42.25000 88.7328706390119208
42.27000 88.7619770761037472
42.29000 88.7910789430077330
42.31000 88.8201762425955224
42.33000 88.8492689777325495
42.35000 88.8783571512786494
42.37000 88.9074407660930461
42.39000 88.9365198250350915
42.41000 88.9655943309608546
42.43000 88.9946642867241877
42.45000 89.0237296951751631
42.47000 89.0527905591621902
42.49000 89.0818468815311775
42.51000 89.1108986651240542
42.53000 89.1399459127794103
42.55000 89.1689886273341585
42.57000 89.1980268116205082
42.59000 89.2270604684665756
42.61000 89.2560896006936986
42.63000 89.2851142111214529
42.65000 89.3141343025657903
42.67000 89.3431498778404318
42.69000 89.3721609397570518
42.71000 89.4011674911251077
42.73000 89.4301695347520109
42.75000 89.4591670734435951
42.77000 89.4881601100020845
42.79000 89.5171486472254117
42.81000 89.5461326879099317
42.83000 89.5751122348469835
42.85000 89.6040872908257171
42.87000 89.6330578586339897
42.89000 89.6620239410547839
42.91000 89.6909855408674161
42.93000 89.7199426608480906
42.95000 89.7488953037698138
42.97000 89.7778434724039016
42.99000 89.8067871695205326
43.01000 89.8357263978854377
43.03000 89.8646611602604253
43.05000 89.8935914594051013
43.07000 89.9225172980746805
43.09000 89.9514386790195601
43.11000 89.9803556049856894
43.13000 90.0092680787151949
43.15000 90.0381761029481567
43.17000 90.0670796804219265
43.19000 90.0959788138749360
43.21000 90.1248735060434853
43.23000 90.1537637596608050
43.25000 90.1826495774556207
43.27000 90.2115309621529491
43.29000 90.2404079164741546
43.31000 90.2692804431391522
43.33000 90.2981485448647305
43.35000 90.3270122243629174
43.37000 90.3558714843428135
43.39000 90.3847263275101938
43.41000 90.4135767565680055
43.43000 90.4424227742190254
43.45000 90.4712643831639696
43.47000 90.5001015861016782
43.49000 90.5289343857270410
43.51000 90.5577627847296185
43.53000 90.5865867857952765
43.55000 90.6154063916078769
43.57000 90.6442216048499319
43.59000 90.6730324282000453
43.61000 90.7018388643339222
43.63000 90.7306409159250364
43.65000 90.7594385856448298
43.67000 90.7882318761625413
43.69000 90.8170207901448663
43.71000 90.8458053302555157
43.73000 90.8745854991557280
43.75000 90.9033612995026630
43.77000 90.9321327339498424
43.79000 90.9608998051468802
43.81000 90.9896625157400791
43.83000 91.0184208683733544
43.85000 91.0471748656906641
43.87000 91.0759245103326123
43.89000 91.1046698049380979
43.91000 91.1334107521428507
43.93000 91.1621473545779821
43.95000 91.1908796148719034
43.97000 91.2196075356502973
43.99000 91.2483311195356350
44.01000 91.2770503691486681
44.03000 91.3057652871054160
44.05000 91.3344758760206474
44.07000 91.3631821385083072
44.09000 91.3918840771793271
44.11000 91.4205816946413421
44.13000 91.4492749934979230
44.15000 91.4779639763490877
44.17000 91.5066486457947974
44.19000 91.5353290044318868
44.21000 91.5640050548549738
44.23000 91.5926767996551234
44.25000 91.6213442414197061
44.27000 91.6500073827353816
44.29000 91.6786662261847027
44.31000 91.7073207743446517
44.33000 91.7359710297906332
44.35000 91.7646169950965174
44.37000 91.7932586728325930
44.39000 91.8218960655690779
44.41000 91.8505291758742004
44.43000 91.8791580063108313
44.45000 91.9077825594381750
44.47000 91.9364028378131337
44.49000 91.9650188439907481
44.51000 91.9936305805208860
44.53000 92.0222380499512980
44.55000 92.0508412548294785
44.57000 92.0794401976998671
44.59000 92.1080348811023271
44.61000 92.1366253075745334
44.63000 92.1652114796516457
44.65000 92.1937933998651999
44.67000 92.2223710707457087
44.69000 92.2509444948237700
44.71000 92.2795136746281770
44.73000 92.3080786126867991
44.75000 92.3366393115241948
44.77000 92.3651957736607017
44.79000 92.3937480016133890
44.81000 92.4222959978980469
44.83000 92.4508397650274816
44.85000 92.4793793055120972
44.87000 92.5079146218582764
44.89000 92.5364457165682097
44.91000 92.5649725921414444
44.93000 92.5934952510749412
44.95000 92.6220136958617530
44.97000 92.6505279289915364
44.99000 92.6790379529512194
45.01000 92.7075437702245324
45.03000 92.7360453832919234
45.05000 92.7645427946300885
45.07000 92.7930360067141464
45.09000 92.8215250220175960
45.11000 92.8500098430121454
45.13000 92.8784904721696165
45.15000 92.9069669119595005
45.17000 92.9354391648466134
45.19000 92.9639072332941083
45.21000 92.9923711197620406
45.23000 93.0208308267057902
45.25000 93.0492863565786337
45.27000 93.0777377118325262
45.29000 93.1061848949158417
45.31000 93.1346279082723925
45.33000 93.1630667543442001
45.35000 93.1915014355746081
45.37000 93.2199319544051264
45.39000 93.2483583132753893
45.41000 93.2767805146238231
45.43000 93.3051985608863248
45.45000 93.3336124544963610
45.47000 93.3620221978869438
45.49000 93.3904277934880156
45.51000 93.4188292437255541
45.53000 93.4472265510225810
45.55000 93.4756197177992618
45.57000 93.5040087464742697
45.59000 93.5323936394656386
45.61000 93.5607743991882330
45.63000 93.5891510280528394
45.65000 93.6175235284684533
45.67000 93.6458919028421803
45.69000 93.6742561535784262
45.71000 93.7026162830779867
45.73000 93.7309722937376222
45.75000 93.7593241879519752
45.77000 93.7876719681129885
45.79000 93.8160156366104587
45.81000 93.8443551958322786
45.83000 93.8726906481643368
45.85000 93.9010219959896091
45.87000 93.9293492416892946
45.89000 93.9576723876425746
45.91000 93.9859914362251914
45.93000 94.0143063898087803
45.95000 94.0426172507611966
45.97000 94.0709240214497271
45.99000 94.0992267042390012
46.01000 94.1275253014905360
46.03000 94.1558198155647261
46.05000 94.1841102488215398
46.07000 94.2123966036175489
46.09000 94.2406788823069661
46.11000 94.2689570872390163
46.13000 94.2972312207594285
46.15000 94.3255012852133490
46.17000 94.3537672829438634
46.19000 94.3820292162911585
46.21000 94.4102870875925220
46.23000 94.4385408991833231
46.25000 94.4667906533972257
46.27000 94.4950363525663022
46.29000 94.5232779990203369
46.31000 94.5515155950859452
46.33000 94.5797491430875539
46.35000 94.6079786453466056
46.37000 94.6362041041811892
46.39000 94.6644255219072051
46.41000 94.6926429008379671
46.43000 94.7208562432848424
46.45000 94.7490655515580329
46.47000 94.7772708279643723
46.49000 94.8054720748089608
46.51000 94.8336692943947241
46.53000 94.8618624890227977
46.55000 94.8900516609927678
46.57000 94.9182368126022169
46.59000 94.9464179461438533
46.61000 94.9745950639078274
46.63000 95.0027681681827971
46.65000 95.0309372612548202
46.67000 95.0591023454077373
46.69000 95.0872634229228737
46.71000 95.1154204960800058
46.73000 95.1435735671558263
46.75000 95.1717226384243702
46.77000 95.1998677121593602
46.79000 95.2280087906319181
46.81000 95.2561458761108781
46.83000 95.2842789708634967
46.85000 95.3124080771548705
46.87000 95.3405331972484618
46.89000 95.3686543334061270
46.91000 95.3967714878850472
46.93000 95.4248846629403289
46.95000 95.4529938608260693
46.97000 95.4810990837935663
46.99000 95.5092003340913180
47.01000 95.5372976139649666
47.03000 95.5653909256576952
47.05000 95.5934802714110816
47.07000 95.6215656534644438
47.09000 95.6496470740555367
47.11000 95.6777245354198413
47.13000 95.7057980397899826
47.15000 95.7338675893987130
47.17000 95.7619331864775631
47.19000 95.7899948332541555
47.21000 95.8180525319525032
47.23000 95.8461062847969600
47.25000 95.8741560940108286
47.27000 95.9022019618141144
47.29000 95.9302438904224459
47.31000 95.9582818820491497
47.33000 95.9863159389054772
47.35000 96.0143460632010886
47.37000 96.0423722571426879
47.39000 96.0703945229349046
47.41000 96.0984128627804637
47.43000 96.1264272788796177
47.45000 96.1544377734310558
47.47000 96.1824443486327851
47.49000 96.2104470066828270
47.51000 96.2384457497772416
47.53000 96.2664405801086360
47.55000 96.2944314998676987
47.57000 96.3224185112417786
47.59000 96.3504016164151977
47.61000 96.3783808175699477
47.63000 96.4063561168862719
47.65000 96.4343275165432772
47.67000 96.4622950187166168
47.69000 96.4902586255777521
47.71000 96.5182183392952311
47.73000 96.5461741620366354
47.75000 96.5741260959722752
47.77000 96.6020741432720627
47.79000 96.6300183061047733
47.81000 96.6579585866358144
47.83000 96.6858949870275097
47.85000 96.7138275094397812
47.87000 96.7417561560293962
47.89000 96.7696809289491853
47.91000 96.7976018303486967
47.93000 96.8255188623746221
47.95000 96.8534320271708111
47.97000 96.8813413268813122
47.99000 96.9092467636480421
48.01000 96.9371483396112268
48.03000 96.9650460569089176
48.05000 96.9929399176763525
48.07000 97.0208299240459695
48.09000 97.0487160781470806
48.11000 97.0765983821068374
48.13000 97.1044768380509140
48.15000 97.1323514481027814
48.17000 97.1602222143840493
48.19000 97.1880891390160002
48.21000 97.2159522241205138
48.23000 97.2438114718174091
48.25000 97.2716668842247145
48.27000 97.2995184634581136
48.29000 97.3273662116315847
48.31000 97.3552101308573583
48.33000 97.3830502232454052
48.35000 97.4108864909040904
48.37000 97.4387189359386099
48.39000 97.4665475604516161
48.41000 97.4943723665433026
48.43000 97.5221933563099981
48.45000 97.5500105318466808
48.47000 97.5778238952469934
48.49000 97.6056334486015515
48.51000 97.6334391939983846
48.53000 97.6612411335239159
48.55000 97.6890392692634464
48.57000 97.7168336032986957
48.59000 97.7446241377080867
48.61000 97.7724108745674414
48.63000 97.8001938159512747
48.65000 97.8279729639332771
48.67000 97.8557483205856045
48.69000 97.8835198879788209
48.71000 97.9112876681800941
48.73000 97.9390516632545172
48.75000 97.9668118752656767
48.77000 97.9945683062754256
48.79000 98.0223209583433572
48.81000 98.0500698335285534
48.83000 98.0778149338876659
48.85000 98.1055562614754280
48.87000 98.1332938183444554
48.89000 98.1610276065454315
48.91000 98.1887576281278029
48.93000 98.2164838851414146
48.95000 98.2442063796358838
48.97000 98.2719251136585967
48.99000 98.2996400892539981
49.01000 98.3273513084622266
49.03000 98.3550587733214030
49.05000 98.3827624858690086
49.07000 98.4104624481400663
49.09000 98.4381586621679077
49.11000 98.4658511299836192
49.13000 98.4935398536165394
49.15000 98.5212248350937330
49.17000 98.5489060764398488
49.19000 98.5765835796770062
49.21000 98.6042573468248946
49.23000 98.6319273799011143
49.25000 98.6595936809216028
49.27000 98.6872562519001093
49.29000 98.7149150948479388
49.31000 98.7425702117752309
49.33000 98.7702216046917414
49.35000 98.7978692756044694
49.37000 98.8255132265167902
49.39000 98.8531534594292651
49.41000 98.8807899763412763
49.43000 98.9084227792494772
49.45000 98.9360518701496829
49.47000 98.9636772510373532
49.49000 98.9912989239043242
49.51000 99.0189168907393622
49.53000 99.0465311535302817
49.55000 99.0741417142643712
49.57000 99.1017485749268587
49.59000 99.1293517375008690
49.61000 99.1569512039683190
49.63000 99.1845469763095622
49.65000 99.2121390565026502
49.67000 99.2397274465229486
49.69000 99.2673121483455674
49.71000 99.2948931639437120
49.73000 99.3224704952877318
49.75000 99.3500441443464410
49.77000 99.3776141130881996
49.79000 99.4051804034816797
49.81000 99.4327430174930811
49.83000 99.4603019570856191
49.85000 99.4878572242204484
49.87000 99.5154088208557255
49.89000 99.5429567489499050
49.91000 99.5705010104603758
49.93000 99.5980416073421821
49.95000 99.6255785415482933
49.97000 99.6531118150299733
49.99000 99.6806414297360277
50.01000 99.7081673876127184
50.03000 99.7356896906037775
50.05000 99.7632083406508912
50.07000 99.7907233396931019
50.09000 99.8182346896676620
50.11000 99.8457423925108571
50.13000 99.8732464501597264
50.15000 99.9007468645511665
50.17000 99.9282436376204970
50.19000 99.9557367712950935
50.21000 99.9832262675143681
50.23000 100.0107121281613161
50.25000 100.0381943553168185
