0.25000 3.04063908
0.26000 3.00134918
0.27000 2.96439412
0.28000 2.92954583
0.29000 2.89660574
0.30000 2.86540014
0.31000 2.83577642
0.32000 2.80759990
0.33000 2.78075129
0.34000 2.75512452
0.35000 2.73062493
0.36000 2.70716779
0.37000 2.68467701
0.38000 2.66308403
0.39000 2.64232693
0.40000 2.62234962
0.41000 2.60310116
0.42000 2.58453517
0.43000 2.56660934
0.44000 2.54928498
0.45000 2.53252661
0.46000 2.51630166
0.47000 2.50058014
0.48000 2.48533443
0.49000 2.47053900
0.50000 2.45617023
0.51000 2.44220623
0.52000 2.42862668
0.53000 2.41541269
0.54000 2.40254667
0.55000 2.39001223
0.56000 2.37779405
0.57000 2.36587780
0.58000 2.35425010
0.59000 2.34289837
0.60000 2.33181081
0.61000 2.32097637
0.62000 2.31038460
0.63000 2.30002570
0.64000 2.28989043
0.65000 2.27997005
0.66000 2.27025631
0.67000 2.26074144
0.68000 2.25141804
0.69000 2.24227914
0.70000 2.23331812
0.71000 2.22452868
0.72000 2.21590487
0.73000 2.20744102
0.74000 2.19913173
0.75000 2.19097187
0.76000 2.18295656
0.77000 2.17508114
0.78000 2.16734116
0.79000 2.15973238
0.80000 2.15225075
0.81000 2.14489240
0.82000 2.13765363
0.83000 2.13053090
0.84000 2.12352081
0.85000 2.11662012
0.86000 2.10982571
0.87000 2.10313460
0.88000 2.09654392
0.89000 2.09005092
0.90000 2.08365296
0.91000 2.07734749
0.92000 2.07113208
0.93000 2.06500438
0.94000 2.05896212
0.95000 2.05300314
0.96000 2.04712533
0.97000 2.04132668
0.98000 2.03560523
0.99000 2.02995911
1.00000 2.02438651
1.01000 2.01888567
1.02000 2.01345491
1.03000 2.00809260
1.04000 2.00279715
1.05000 1.99756706
1.06000 1.99240083
1.07000 1.98729704
1.08000 1.98225432
1.09000 1.97727134
1.10000 1.97234678
1.11000 1.96747941
1.12000 1.96266801
1.13000 1.95791140
1.14000 1.95320844
1.15000 1.94855802
1.16000 1.94395908
1.17000 1.93941056
1.18000 1.93491147
1.19000 1.93046080
1.20000 1.92605763
1.21000 1.92170100
1.22000 1.91739004
1.23000 1.91312385
1.24000 1.90890160
1.25000 1.90472245
1.26000 1.90058560
1.27000 1.89649026
1.28000 1.89243568
1.29000 1.88842111
1.30000 1.88444583
1.31000 1.88050913
1.32000 1.87661034
1.33000 1.87274879
1.34000 1.86892382
1.35000 1.86513480
1.36000 1.86138111
1.37000 1.85766216
1.38000 1.85397734
1.39000 1.85032610
1.40000 1.84670787
1.41000 1.84312210
1.42000 1.83956827
1.43000 1.83604585
1.44000 1.83255434
1.45000 1.82909323
1.46000 1.82566205
1.47000 1.82226032
1.48000 1.81888759
1.49000 1.81554339
1.50000 1.81222729
1.51000 1.80893885
1.52000 1.80567766
1.53000 1.80244330
1.54000 1.79923537
1.55000 1.79605347
1.56000 1.79289722
1.57000 1.78976624
1.58000 1.78666015
1.59000 1.78357861
1.60000 1.78052125
1.61000 1.77748773
1.62000 1.77447770
1.63000 1.77149084
1.64000 1.76852681
1.65000 1.76558531
1.66000 1.76266601
1.67000 1.75976862
1.68000 1.75689283
1.69000 1.75403834
1.70000 1.75120487
1.71000 1.74839214
1.72000 1.74559986
1.73000 1.74282777
1.74000 1.74007560
1.75000 1.73734309
1.76000 1.73462999
1.77000 1.73193603
1.78000 1.72926097
1.79000 1.72660458
1.80000 1.72396661
1.81000 1.72134683
1.82000 1.71874502
1.83000 1.71616094
1.84000 1.71359437
1.85000 1.71104510
1.86000 1.70851292
1.87000 1.70599762
1.88000 1.70349899
1.89000 1.70101682
1.90000 1.69855093
1.91000 1.69610112
1.92000 1.69366719
1.93000 1.69124896
1.94000 1.68884624
1.95000 1.68645885
1.96000 1.68408662
1.97000 1.68172936
1.98000 1.67938691
1.99000 1.67705909
2.00000 1.67474574
2.01000 1.67244669
2.02000 1.67016179
2.03000 1.66789087
2.04000 1.66563377
2.05000 1.66339035
2.06000 1.66116046
2.07000 1.65894393
2.08000 1.65674064
2.09000 1.65455043
2.10000 1.65237316
2.11000 1.65020869
2.12000 1.64805689
2.13000 1.64591761
2.14000 1.64379074
2.15000 1.64167613
2.16000 1.63957365
2.17000 1.63748319
2.18000 1.63540461
2.19000 1.63333779
2.20000 1.63128261
2.21000 1.62923896
2.22000 1.62720670
2.23000 1.62518573
2.24000 1.62317594
2.25000 1.62117720
2.26000 1.61918942
2.27000 1.61721247
2.28000 1.61524625
2.29000 1.61329066
2.30000 1.61134559
2.31000 1.60941094
2.32000 1.60748660
2.33000 1.60557248
2.34000 1.60366848
2.35000 1.60177449
2.36000 1.59989043
2.37000 1.59801620
2.38000 1.59615170
2.39000 1.59429684
2.40000 1.59245154
2.41000 1.59061570
2.42000 1.58878923
2.43000 1.58697205
2.44000 1.58516407
2.45000 1.58336521
2.46000 1.58157538
2.47000 1.57979449
2.48000 1.57802248
2.49000 1.57625925
2.50000 1.57450473
2.51000 1.57275884
2.52000 1.57102150
2.53000 1.56929264
2.54000 1.56757218
2.55000 1.56586005
2.56000 1.56415617
2.57000 1.56246047
2.58000 1.56077287
2.59000 1.55909332
2.60000 1.55742174
2.61000 1.55575805
2.62000 1.55410220
2.63000 1.55245411
2.64000 1.55081372
2.65000 1.54918096
2.66000 1.54755577
2.67000 1.54593809
2.68000 1.54432785
2.69000 1.54272498
2.70000 1.54112943
2.71000 1.53954114
2.72000 1.53796005
2.73000 1.53638609
2.74000 1.53481922
2.75000 1.53325936
2.76000 1.53170646
2.77000 1.53016048
2.78000 1.52862134
2.79000 1.52708900
2.80000 1.52556340
2.81000 1.52404449
2.82000 1.52253221
2.83000 1.52102651
2.84000 1.51952734
2.85000 1.51803465
2.86000 1.51654838
2.87000 1.51506849
2.88000 1.51359493
2.89000 1.51212764
2.90000 1.51066659
2.91000 1.50921171
2.92000 1.50776297
2.93000 1.50632031
2.94000 1.50488369
2.95000 1.50345306
2.96000 1.50202838
2.97000 1.50060961
2.98000 1.49919669
2.99000 1.49778959
3.00000 1.49638826
3.01000 1.49499266
3.02000 1.49360274
3.03000 1.49221846
3.04000 1.49083979
3.05000 1.48946668
3.06000 1.48809909
3.07000 1.48673697
3.08000 1.48538030
3.09000 1.48402902
3.10000 1.48268311
3.11000 1.48134252
3.12000 1.48000721
3.13000 1.47867714
3.14000 1.47735229
3.15000 1.47603261
3.16000 1.47471806
3.17000 1.47340861
3.18000 1.47210423
3.19000 1.47080487
3.20000 1.46951050
3.21000 1.46822109
3.22000 1.46693660
3.23000 1.46565700
3.24000 1.46438225
3.25000 1.46311233
3.26000 1.46184719
3.27000 1.46058681
3.28000 1.45933115
3.29000 1.45808018
3.30000 1.45683387
3.31000 1.45559219
3.32000 1.45435510
3.33000 1.45312258
3.34000 1.45189459
3.35000 1.45067111
3.36000 1.44945210
3.37000 1.44823754
3.38000 1.44702739
3.39000 1.44582162
3.40000 1.44462021
3.41000 1.44342314
3.42000 1.44223036
3.43000 1.44104185
3.44000 1.43985759
3.45000 1.43867754
3.46000 1.43750169
3.47000 1.43633000
3.48000 1.43516244
3.49000 1.43399899
3.50000 1.43283962
3.51000 1.43168432
3.52000 1.43053304
3.53000 1.42938577
3.54000 1.42824248
3.55000 1.42710314
3.56000 1.42596774
3.57000 1.42483624
3.58000 1.42370862
3.59000 1.42258486
3.60000 1.42146493
3.61000 1.42034881
3.62000 1.41923648
3.63000 1.41812791
3.64000 1.41702309
3.65000 1.41592197
3.66000 1.41482456
3.67000 1.41373081
3.68000 1.41264071
3.69000 1.41155424
3.70000 1.41047138
3.71000 1.40939210
3.72000 1.40831638
3.73000 1.40724421
3.74000 1.40617555
3.75000 1.40511039
3.76000 1.40404871
3.77000 1.40299049
3.78000 1.40193570
3.79000 1.40088434
3.80000 1.39983636
3.81000 1.39879177
3.82000 1.39775053
3.83000 1.39671263
3.84000 1.39567805
3.85000 1.39464676
3.86000 1.39361876
3.87000 1.39259402
3.88000 1.39157252
3.89000 1.39055424
3.90000 1.38953917
3.91000 1.38852728
3.92000 1.38751857
3.93000 1.38651300
3.94000 1.38551057
3.95000 1.38451125
3.96000 1.38351503
3.97000 1.38252189
3.98000 1.38153182
3.99000 1.38054479
4.00000 1.37956079
4.01000 1.37857980
4.02000 1.37760180
4.03000 1.37662679
4.04000 1.37565473
4.05000 1.37468563
4.06000 1.37371945
4.07000 1.37275619
4.08000 1.37179582
4.09000 1.37083834
4.10000 1.36988372
4.11000 1.36893196
4.12000 1.36798303
4.13000 1.36703692
4.14000 1.36609361
4.15000 1.36515310
4.16000 1.36421536
4.17000 1.36328038
4.18000 1.36234815
4.19000 1.36141864
4.20000 1.36049186
4.21000 1.35956777
4.22000 1.35864637
4.23000 1.35772765
4.24000 1.35681159
4.25000 1.35589817
4.26000 1.35498738
4.27000 1.35407922
4.28000 1.35317365
4.29000 1.35227068
4.30000 1.35137028
4.31000 1.35047245
4.32000 1.34957717
4.33000 1.34868443
4.34000 1.34779421
4.35000 1.34690651
4.36000 1.34602130
4.37000 1.34513858
4.38000 1.34425834
4.39000 1.34338055
4.40000 1.34250522
4.41000 1.34163232
4.42000 1.34076184
4.43000 1.33989378
4.44000 1.33902811
4.45000 1.33816484
4.46000 1.33730394
4.47000 1.33644540
4.48000 1.33558922
4.49000 1.33473538
4.50000 1.33388386
4.51000 1.33303467
4.52000 1.33218778
4.53000 1.33134318
4.54000 1.33050087
4.55000 1.32966083
4.56000 1.32882306
4.57000 1.32798753
4.58000 1.32715424
4.59000 1.32632318
4.60000 1.32549434
4.61000 1.32466771
4.62000 1.32384327
4.63000 1.32302102
4.64000 1.32220094
4.65000 1.32138303
4.66000 1.32056728
4.67000 1.31975367
4.68000 1.31894219
4.69000 1.31813284
4.70000 1.31732560
4.71000 1.31652046
4.72000 1.31571742
4.73000 1.31491647
4.74000 1.31411758
4.75000 1.31332077
4.76000 1.31252601
4.77000 1.31173329
4.78000 1.31094261
4.79000 1.31015396
4.80000 1.30936732
4.81000 1.30858270
4.82000 1.30780007
4.83000 1.30701943
4.84000 1.30624077
4.85000 1.30546408
4.86000 1.30468936
4.87000 1.30391659
4.88000 1.30314576
4.89000 1.30237687
4.90000 1.30160990
4.91000 1.30084486
4.92000 1.30008172
4.93000 1.29932048
4.94000 1.29856114
4.95000 1.29780368
4.96000 1.29704810
4.97000 1.29629438
4.98000 1.29554252
4.99000 1.29479251
5.00000 1.29404435
5.01000 1.29329801
5.02000 1.29255351
5.03000 1.29181082
5.04000 1.29106994
5.05000 1.29033086
5.06000 1.28959358
5.07000 1.28885808
5.08000 1.28812436
5.09000 1.28739242
5.10000 1.28666223
5.11000 1.28593380
5.12000 1.28520712
5.13000 1.28448217
5.14000 1.28375896
5.15000 1.28303748
5.16000 1.28231771
5.17000 1.28159965
5.18000 1.28088330
5.19000 1.28016864
5.20000 1.27945567
5.21000 1.27874438
5.22000 1.27803476
5.23000 1.27732681
5.24000 1.27662052
5.25000 1.27591589
5.26000 1.27521290
5.27000 1.27451154
5.28000 1.27381182
5.29000 1.27311373
5.30000 1.27241725
5.31000 1.27172239
5.32000 1.27102913
5.33000 1.27033747
5.34000 1.26964740
5.35000 1.26895891
5.36000 1.26827200
5.37000 1.26758667
5.38000 1.26690290
5.39000 1.26622069
5.40000 1.26554003
5.41000 1.26486091
5.42000 1.26418334
5.43000 1.26350730
5.44000 1.26283279
5.45000 1.26215980
5.46000 1.26148832
5.47000 1.26081835
5.48000 1.26014989
5.49000 1.25948292
5.50000 1.25881744
5.51000 1.25815345
5.52000 1.25749093
5.53000 1.25682989
5.54000 1.25617031
5.55000 1.25551220
5.56000 1.25485553
5.57000 1.25420032
5.58000 1.25354655
5.59000 1.25289422
5.60000 1.25224333
5.61000 1.25159385
5.62000 1.25094580
5.63000 1.25029916
5.64000 1.24965394
5.65000 1.24901011
5.66000 1.24836769
5.67000 1.24772666
5.68000 1.24708701
5.69000 1.24644875
5.70000 1.24581187
5.71000 1.24517635
5.72000 1.24454220
5.73000 1.24390942
5.74000 1.24327798
5.75000 1.24264790
5.76000 1.24201917
5.77000 1.24139177
5.78000 1.24076571
5.79000 1.24014098
5.80000 1.23951757
5.81000 1.23889548
5.82000 1.23827471
5.83000 1.23765525
5.84000 1.23703709
5.85000 1.23642023
5.86000 1.23580466
5.87000 1.23519039
5.88000 1.23457740
5.89000 1.23396569
5.90000 1.23335525
5.91000 1.23274609
5.92000 1.23213819
5.93000 1.23153155
5.94000 1.23092617
5.95000 1.23032204
5.96000 1.22971916
5.97000 1.22911752
5.98000 1.22851711
5.99000 1.22791794
6.00000 1.22732000
6.01000 1.22672328
6.02000 1.22612779
6.03000 1.22553350
6.04000 1.22494043
6.05000 1.22434856
6.06000 1.22375790
6.07000 1.22316843
6.08000 1.22258016
6.09000 1.22199307
6.10000 1.22140717
6.11000 1.22082245
6.12000 1.22023891
6.13000 1.21965653
6.14000 1.21907532
6.15000 1.21849528
6.16000 1.21791640
6.17000 1.21733867
6.18000 1.21676209
6.19000 1.21618665
6.20000 1.21561236
6.21000 1.21503921
6.22000 1.21446719
6.23000 1.21389630
6.24000 1.21332654
6.25000 1.21275790
6.26000 1.21219038
6.27000 1.21162397
6.28000 1.21105867
6.29000 1.21049448
6.30000 1.20993139
6.31000 1.20936940
6.32000 1.20880850
6.33000 1.20824870
6.34000 1.20768998
6.35000 1.20713235
6.36000 1.20657579
6.37000 1.20602032
6.38000 1.20546591
6.39000 1.20491257
6.40000 1.20436030
6.41000 1.20380908
6.42000 1.20325893
6.43000 1.20270982
6.44000 1.20216177
6.45000 1.20161477
6.46000 1.20106880
6.47000 1.20052388
6.48000 1.19997999
6.49000 1.19943714
6.50000 1.19889531
6.51000 1.19835451
6.52000 1.19781473
6.53000 1.19727596
6.54000 1.19673822
6.55000 1.19620148
6.56000 1.19566575
6.57000 1.19513103
6.58000 1.19459730
6.59000 1.19406458
6.60000 1.19353285
6.61000 1.19300211
6.62000 1.19247235
6.63000 1.19194359
6.64000 1.19141580
6.65000 1.19088899
6.66000 1.19036316
6.67000 1.18983829
6.68000 1.18931440
6.69000 1.18879147
6.70000 1.18826950
6.71000 1.18774849
6.72000 1.18722844
6.73000 1.18670933
6.74000 1.18619118
6.75000 1.18567397
6.76000 1.18515771
6.77000 1.18464239
6.78000 1.18412800
6.79000 1.18361455
6.80000 1.18310202
6.81000 1.18259043
6.82000 1.18207976
6.83000 1.18157001
6.84000 1.18106118
6.85000 1.18055326
6.86000 1.18004626
6.87000 1.17954017
6.88000 1.17903498
6.89000 1.17853070
6.90000 1.17802732
6.91000 1.17752484
6.92000 1.17702325
6.93000 1.17652255
6.94000 1.17602275
6.95000 1.17552383
6.96000 1.17502579
6.97000 1.17452864
6.98000 1.17403236
6.99000 1.17353696
7.00000 1.17304243
7.01000 1.17254878
7.02000 1.17205599
7.03000 1.17156406
7.04000 1.17107300
7.05000 1.17058279
7.06000 1.17009344
7.07000 1.16960495
7.08000 1.16911730
7.09000 1.16863051
7.10000 1.16814456
7.11000 1.16765945
7.12000 1.16717518
7.13000 1.16669175
7.14000 1.16620916
7.15000 1.16572740
7.16000 1.16524647
7.17000 1.16476636
7.18000 1.16428708
7.19000 1.16380863
7.20000 1.16333099
7.21000 1.16285417
7.22000 1.16237817
7.23000 1.16190298
7.24000 1.16142859
7.25000 1.16095502
7.26000 1.16048225
7.27000 1.16001028
7.28000 1.15953911
7.29000 1.15906874
7.30000 1.15859917
7.31000 1.15813039
7.32000 1.15766240
7.33000 1.15719519
7.34000 1.15672877
7.35000 1.15626314
7.36000 1.15579829
7.37000 1.15533421
7.38000 1.15487091
7.39000 1.15440839
7.40000 1.15394663
7.41000 1.15348565
7.42000 1.15302543
7.43000 1.15256598
7.44000 1.15210728
7.45000 1.15164935
7.46000 1.15119218
7.47000 1.15073576
7.48000 1.15028010
7.49000 1.14982519
7.50000 1.14937102
7.51000 1.14891761
7.52000 1.14846493
7.53000 1.14801300
7.54000 1.14756181
7.55000 1.14711136
7.56000 1.14666164
7.57000 1.14621266
7.58000 1.14576441
7.59000 1.14531689
7.60000 1.14487009
7.61000 1.14442402
7.62000 1.14397868
7.63000 1.14353405
7.64000 1.14309014
7.65000 1.14264695
7.66000 1.14220448
7.67000 1.14176271
7.68000 1.14132166
7.69000 1.14088132
7.70000 1.14044168
7.71000 1.14000275
7.72000 1.13956452
7.73000 1.13912699
7.74000 1.13869015
7.75000 1.13825402
7.76000 1.13781858
7.77000 1.13738383
7.78000 1.13694977
7.79000 1.13651640
7.80000 1.13608372
7.81000 1.13565172
7.82000 1.13522040
7.83000 1.13478977
7.84000 1.13435981
7.85000 1.13393053
7.86000 1.13350193
7.87000 1.13307400
7.88000 1.13264674
7.89000 1.13222015
7.90000 1.13179422
7.91000 1.13136896
7.92000 1.13094437
7.93000 1.13052044
7.94000 1.13009716
7.95000 1.12967455
7.96000 1.12925259
7.97000 1.12883129
7.98000 1.12841064
7.99000 1.12799064
8.00000 1.12757129
8.01000 1.12715258
8.02000 1.12673452
8.03000 1.12631711
8.04000 1.12590034
8.05000 1.12548421
8.06000 1.12506871
8.07000 1.12465385
8.08000 1.12423963
8.09000 1.12382604
8.10000 1.12341308
8.11000 1.12300076
8.12000 1.12258906
8.13000 1.12217798
8.14000 1.12176753
8.15000 1.12135771
8.16000 1.12094850
8.17000 1.12053992
8.18000 1.12013195
8.19000 1.11972460
8.20000 1.11931786
8.21000 1.11891173
8.22000 1.11850622
8.23000 1.11810132
8.24000 1.11769702
8.25000 1.11729333
8.26000 1.11689025
8.27000 1.11648777
8.28000 1.11608589
8.29000 1.11568460
8.30000 1.11528392
8.31000 1.11488384
8.32000 1.11448435
8.33000 1.11408545
8.34000 1.11368714
8.35000 1.11328943
8.36000 1.11289230
8.37000 1.11249576
8.38000 1.11209981
8.39000 1.11170444
8.40000 1.11130965
8.41000 1.11091544
8.42000 1.11052182
8.43000 1.11012877
8.44000 1.10973630
8.45000 1.10934440
8.46000 1.10895308
8.47000 1.10856232
8.48000 1.10817214
8.49000 1.10778253
8.50000 1.10739348
8.51000 1.10700500
8.52000 1.10661709
8.53000 1.10622974
8.54000 1.10584295
8.55000 1.10545672
8.56000 1.10507105
8.57000 1.10468593
8.58000 1.10430137
8.59000 1.10391737
8.60000 1.10353392
8.61000 1.10315102
8.62000 1.10276867
8.63000 1.10238687
8.64000 1.10200561
8.65000 1.10162491
8.66000 1.10124474
8.67000 1.10086512
8.68000 1.10048604
8.69000 1.10010750
8.70000 1.09972950
8.71000 1.09935204
8.72000 1.09897512
8.73000 1.09859873
8.74000 1.09822287
8.75000 1.09784754
8.76000 1.09747275
8.77000 1.09709848
8.78000 1.09672475
8.79000 1.09635154
8.80000 1.09597885
8.81000 1.09560669
8.82000 1.09523505
8.83000 1.09486394
8.84000 1.09449334
8.85000 1.09412326
8.86000 1.09375370
8.87000 1.09338466
8.88000 1.09301613
8.89000 1.09264812
8.90000 1.09228062
8.91000 1.09191362
8.92000 1.09154714
8.93000 1.09118117
8.94000 1.09081571
8.95000 1.09045075
8.96000 1.09008629
8.97000 1.08972234
8.98000 1.08935889
8.99000 1.08899595
9.00000 1.08863350
9.01000 1.08827155
9.02000 1.08791010
9.03000 1.08754915
9.04000 1.08718869
9.05000 1.08682872
9.06000 1.08646925
9.07000 1.08611026
9.08000 1.08575177
9.09000 1.08539377
9.10000 1.08503625
9.11000 1.08467923
9.12000 1.08432268
9.13000 1.08396663
9.14000 1.08361105
9.15000 1.08325596
9.16000 1.08290134
9.17000 1.08254721
9.18000 1.08219355
9.19000 1.08184038
9.20000 1.08148768
9.21000 1.08113545
9.22000 1.08078370
9.23000 1.08043242
9.24000 1.08008161
9.25000 1.07973127
9.26000 1.07938140
9.27000 1.07903200
9.28000 1.07868307
9.29000 1.07833460
9.30000 1.07798660
9.31000 1.07763906
9.32000 1.07729198
9.33000 1.07694537
9.34000 1.07659921
9.35000 1.07625352
9.36000 1.07590828
9.37000 1.07556350
9.38000 1.07521918
9.39000 1.07487531
9.40000 1.07453190
9.41000 1.07418894
9.42000 1.07384643
9.43000 1.07350437
9.44000 1.07316276
9.45000 1.07282160
9.46000 1.07248088
9.47000 1.07214062
9.48000 1.07180080
9.49000 1.07146142
9.50000 1.07112249
9.51000 1.07078400
9.52000 1.07044595
9.53000 1.07010834
9.54000 1.06977117
9.55000 1.06943444
9.56000 1.06909815
9.57000 1.06876229
9.58000 1.06842687
9.59000 1.06809188
9.60000 1.06775732
9.61000 1.06742320
9.62000 1.06708951
9.63000 1.06675625
9.64000 1.06642341
9.65000 1.06609101
9.66000 1.06575903
9.67000 1.06542748
9.68000 1.06509636
9.69000 1.06476566
9.70000 1.06443538
9.71000 1.06410553
9.72000 1.06377610
9.73000 1.06344708
9.74000 1.06311849
9.75000 1.06279032
9.76000 1.06246256
9.77000 1.06213522
9.78000 1.06180830
9.79000 1.06148179
9.80000 1.06115569
9.81000 1.06083001
9.82000 1.06050474
9.83000 1.06017988
9.84000 1.05985543
9.85000 1.05953139
9.86000 1.05920776
9.87000 1.05888453
9.88000 1.05856172
9.89000 1.05823930
9.90000 1.05791730
9.91000 1.05759569
9.92000 1.05727449
9.93000 1.05695369
9.94000 1.05663329
9.95000 1.05631330
9.96000 1.05599370
9.97000 1.05567450
9.98000 1.05535569
9.99000 1.05503729
10.00000 1.05471928
10.01000 1.05440166
10.02000 1.05408444
10.03000 1.05376761
10.04000 1.05345118
10.05000 1.05313513
10.06000 1.05281948
10.07000 1.05250422
10.08000 1.05218934
10.09000 1.05187485
10.10000 1.05156075
10.11000 1.05124704
10.12000 1.05093371
10.13000 1.05062076
10.14000 1.05030820
10.15000 1.04999603
10.16000 1.04968423
10.17000 1.04937282
10.18000 1.04906178
10.19000 1.04875113
10.20000 1.04844085
10.21000 1.04813095
10.22000 1.04782143
10.23000 1.04751229
10.24000 1.04720352
10.25000 1.04689513
10.26000 1.04658711
10.27000 1.04627946
10.28000 1.04597218
10.29000 1.04566528
10.30000 1.04535875
10.31000 1.04505258
10.32000 1.04474679
10.33000 1.04444136
10.34000 1.04413630
10.35000 1.04383161
10.36000 1.04352729
10.37000 1.04322333
10.38000 1.04291973
10.39000 1.04261650
10.40000 1.04231363
10.41000 1.04201112
10.42000 1.04170897
10.43000 1.04140718
10.44000 1.04110576
10.45000 1.04080469
10.46000 1.04050398
10.47000 1.04020363
10.48000 1.03990363
10.49000 1.03960399
10.50000 1.03930471
10.51000 1.03900578
10.52000 1.03870720
10.53000 1.03840898
10.54000 1.03811111
10.55000 1.03781359
10.56000 1.03751642
10.57000 1.03721960
10.58000 1.03692313
10.59000 1.03662701
10.60000 1.03633123
10.61000 1.03603580
10.62000 1.03574072
10.63000 1.03544599
10.64000 1.03515160
10.65000 1.03485755
10.66000 1.03456385
10.67000 1.03427049
10.68000 1.03397747
10.69000 1.03368479
10.70000 1.03339246
10.71000 1.03310046
10.72000 1.03280881
10.73000 1.03251749
10.74000 1.03222651
10.75000 1.03193586
10.76000 1.03164556
10.77000 1.03135558
10.78000 1.03106595
10.79000 1.03077665
10.80000 1.03048768
10.81000 1.03019904
10.82000 1.02991074
10.83000 1.02962277
10.84000 1.02933512
10.85000 1.02904781
10.86000 1.02876083
10.87000 1.02847418
10.88000 1.02818786
10.89000 1.02790186
10.90000 1.02761619
10.91000 1.02733085
10.92000 1.02704583
10.93000 1.02676114
10.94000 1.02647677
10.95000 1.02619272
10.96000 1.02590900
10.97000 1.02562560
10.98000 1.02534252
10.99000 1.02505976
11.00000 1.02477733
11.01000 1.02449521
11.02000 1.02421341
11.03000 1.02393193
11.04000 1.02365077
11.05000 1.02336992
11.06000 1.02308939
11.07000 1.02280918
11.08000 1.02252928
11.09000 1.02224970
11.10000 1.02197043
11.11000 1.02169147
11.12000 1.02141283
11.13000 1.02113450
11.14000 1.02085648
11.15000 1.02057877
11.16000 1.02030137
11.17000 1.02002428
11.18000 1.01974750
11.19000 1.01947103
11.20000 1.01919487
11.21000 1.01891901
11.22000 1.01864346
11.23000 1.01836822
11.24000 1.01809328
11.25000 1.01781864
11.26000 1.01754431
11.27000 1.01727028
11.28000 1.01699656
11.29000 1.01672314
11.30000 1.01645002
11.31000 1.01617720
11.32000 1.01590468
11.33000 1.01563247
11.34000 1.01536055
11.35000 1.01508893
11.36000 1.01481760
11.37000 1.01454658
11.38000 1.01427585
11.39000 1.01400542
11.40000 1.01373529
11.41000 1.01346545
11.42000 1.01319591
11.43000 1.01292665
11.44000 1.01265770
11.45000 1.01238903
11.46000 1.01212066
11.47000 1.01185258
11.48000 1.01158480
11.49000 1.01131730
11.50000 1.01105009
11.51000 1.01078317
11.52000 1.01051655
11.53000 1.01025021
11.54000 1.00998415
11.55000 1.00971839
11.56000 1.00945291
11.57000 1.00918772
11.58000 1.00892282
11.59000 1.00865820
11.60000 1.00839386
11.61000 1.00812981
11.62000 1.00786604
11.63000 1.00760256
11.64000 1.00733936
11.65000 1.00707643
11.66000 1.00681380
11.67000 1.00655144
11.68000 1.00628936
11.69000 1.00602756
11.70000 1.00576605
11.71000 1.00550481
11.72000 1.00524384
11.73000 1.00498316
11.74000 1.00472275
11.75000 1.00446263
11.76000 1.00420277
11.77000 1.00394319
11.78000 1.00368389
11.79000 1.00342486
11.80000 1.00316611
11.81000 1.00290763
11.82000 1.00264942
11.83000 1.00239149
11.84000 1.00213382
11.85000 1.00187643
11.86000 1.00161931
11.87000 1.00136246
11.88000 1.00110588
11.89000 1.00084957
11.90000 1.00059353
11.91000 1.00033776
11.92000 1.00008225
11.93000 0.99982702
11.94000 0.99957205
11.95000 0.99931734
11.96000 0.99906290
11.97000 0.99880873
11.98000 0.99855482
11.99000 0.99830118
12.00000 0.99804780
12.01000 0.99779469
12.02000 0.99754184
12.03000 0.99728925
12.04000 0.99703692
12.05000 0.99678485
12.06000 0.99653305
12.07000 0.99628150
12.08000 0.99603022
12.09000 0.99577920
12.10000 0.99552843
12.11000 0.99527792
12.12000 0.99502768
12.13000 0.99477769
12.14000 0.99452795
12.15000 0.99427848
12.16000 0.99402926
12.17000 0.99378029
12.18000 0.99353159
12.19000 0.99328313
12.20000 0.99303493
12.21000 0.99278699
12.22000 0.99253930
12.23000 0.99229186
12.24000 0.99204467
12.25000 0.99179774
12.26000 0.99155106
12.27000 0.99130463
12.28000 0.99105845
12.29000 0.99081252
12.30000 0.99056684
12.31000 0.99032141
12.32000 0.99007623
12.33000 0.98983130
12.34000 0.98958662
12.35000 0.98934218
12.36000 0.98909799
12.37000 0.98885405
12.38000 0.98861036
12.39000 0.98836691
12.40000 0.98812370
12.41000 0.98788074
12.42000 0.98763803
12.43000 0.98739556
12.44000 0.98715333
12.45000 0.98691135
12.46000 0.98666961
12.47000 0.98642811
12.48000 0.98618686
12.49000 0.98594584
12.50000 0.98570507
12.51000 0.98546454
12.52000 0.98522424
12.53000 0.98498419
12.54000 0.98474438
12.55000 0.98450480
12.56000 0.98426547
12.57000 0.98402637
12.58000 0.98378751
12.59000 0.98354889
12.60000 0.98331051
12.61000 0.98307236
12.62000 0.98283444
12.63000 0.98259677
12.64000 0.98235933
12.65000 0.98212212
12.66000 0.98188515
12.67000 0.98164841
12.68000 0.98141190
12.69000 0.98117563
12.70000 0.98093959
12.71000 0.98070379
12.72000 0.98046821
12.73000 0.98023287
12.74000 0.97999776
12.75000 0.97976288
12.76000 0.97952823
12.77000 0.97929381
12.78000 0.97905962
12.79000 0.97882565
12.80000 0.97859192
12.81000 0.97835842
12.82000 0.97812514
12.83000 0.97789209
12.84000 0.97765927
12.85000 0.97742667
12.86000 0.97719430
12.87000 0.97696216
12.88000 0.97673024
12.89000 0.97649855
12.90000 0.97626708
12.91000 0.97603584
12.92000 0.97580482
12.93000 0.97557403
12.94000 0.97534346
12.95000 0.97511311
12.96000 0.97488298
12.97000 0.97465308
12.98000 0.97442339
12.99000 0.97419393
13.00000 0.97396469
13.01000 0.97373567
13.02000 0.97350688
13.03000 0.97327830
13.04000 0.97304994
13.05000 0.97282180
13.06000 0.97259387
13.07000 0.97236617
13.08000 0.97213869
13.09000 0.97191142
13.10000 0.97168437
13.11000 0.97145753
13.12000 0.97123092
13.13000 0.97100452
13.14000 0.97077833
13.15000 0.97055236
13.16000 0.97032661
13.17000 0.97010107
13.18000 0.96987574
13.19000 0.96965063
13.20000 0.96942573
13.21000 0.96920105
13.22000 0.96897658
13.23000 0.96875232
13.24000 0.96852827
13.25000 0.96830444
13.26000 0.96808081
13.27000 0.96785740
13.28000 0.96763420
13.29000 0.96741121
13.30000 0.96718843
13.31000 0.96696585
13.32000 0.96674349
13.33000 0.96652134
13.34000 0.96629939
13.35000 0.96607766
13.36000 0.96585613
13.37000 0.96563481
13.38000 0.96541370
13.39000 0.96519279
13.40000 0.96497209
13.41000 0.96475160
13.42000 0.96453131
13.43000 0.96431123
13.44000 0.96409135
13.45000 0.96387168
13.46000 0.96365221
13.47000 0.96343295
13.48000 0.96321389
13.49000 0.96299504
13.50000 0.96277639
13.51000 0.96255794
13.52000 0.96233969
13.53000 0.96212164
13.54000 0.96190380
13.55000 0.96168616
13.56000 0.96146872
13.57000 0.96125148
13.58000 0.96103444
13.59000 0.96081761
13.60000 0.96060097
13.61000 0.96038453
13.62000 0.96016829
13.63000 0.95995225
13.64000 0.95973641
13.65000 0.95952076
13.66000 0.95930532
13.67000 0.95909007
13.68000 0.95887502
13.69000 0.95866017
13.70000 0.95844551
13.71000 0.95823105
13.72000 0.95801678
13.73000 0.95780271
13.74000 0.95758884
13.75000 0.95737516
13.76000 0.95716168
13.77000 0.95694839
13.78000 0.95673529
13.79000 0.95652239
13.80000 0.95630969
13.81000 0.95609717
13.82000 0.95588485
13.83000 0.95567272
13.84000 0.95546078
13.85000 0.95524904
13.86000 0.95503749
13.87000 0.95482612
13.88000 0.95461495
13.89000 0.95440397
13.90000 0.95419318
13.91000 0.95398259
13.92000 0.95377218
13.93000 0.95356196
13.94000 0.95335193
13.95000 0.95314208
13.96000 0.95293243
13.97000 0.95272297
13.98000 0.95251369
13.99000 0.95230460
14.00000 0.95209570
14.01000 0.95188698
14.02000 0.95167845
14.03000 0.95147011
14.04000 0.95126196
14.05000 0.95105399
14.06000 0.95084621
14.07000 0.95063861
14.08000 0.95043119
14.09000 0.95022397
14.10000 0.95001692
14.11000 0.94981006
14.12000 0.94960339
14.13000 0.94939690
14.14000 0.94919059
14.15000 0.94898446
14.16000 0.94877852
14.17000 0.94857276
14.18000 0.94836718
14.19000 0.94816178
14.20000 0.94795657
14.21000 0.94775153
14.22000 0.94754668
14.23000 0.94734201
14.24000 0.94713752
14.25000 0.94693321
14.26000 0.94672907
14.27000 0.94652512
14.28000 0.94632135
14.29000 0.94611776
14.30000 0.94591434
14.31000 0.94571111
14.32000 0.94550805
14.33000 0.94530517
14.34000 0.94510247
14.35000 0.94489994
14.36000 0.94469759
14.37000 0.94449542
14.38000 0.94429343
14.39000 0.94409161
14.40000 0.94388997
14.41000 0.94368850
14.42000 0.94348721
14.43000 0.94328610
14.44000 0.94308516
14.45000 0.94288439
14.46000 0.94268380
14.47000 0.94248338
14.48000 0.94228314
14.49000 0.94208307
14.50000 0.94188317
14.51000 0.94168345
14.52000 0.94148390
14.53000 0.94128452
14.54000 0.94108531
14.55000 0.94088628
14.56000 0.94068742
14.57000 0.94048873
14.58000 0.94029021
14.59000 0.94009186
14.60000 0.93989368
14.61000 0.93969568
14.62000 0.93949784
14.63000 0.93930017
14.64000 0.93910267
14.65000 0.93890535
14.66000 0.93870819
14.67000 0.93851120
14.68000 0.93831438
14.69000 0.93811772
14.70000 0.93792124
14.71000 0.93772492
14.72000 0.93752877
14.73000 0.93733279
14.74000 0.93713698
14.75000 0.93694133
14.76000 0.93674585
14.77000 0.93655053
14.78000 0.93635538
14.79000 0.93616040
14.80000 0.93596558
14.81000 0.93577093
14.82000 0.93557644
14.83000 0.93538212
14.84000 0.93518796
14.85000 0.93499397
14.86000 0.93480014
14.87000 0.93460648
14.88000 0.93441298
14.89000 0.93421964
14.90000 0.93402646
14.91000 0.93383345
14.92000 0.93364060
14.93000 0.93344791
14.94000 0.93325539
14.95000 0.93306303
14.96000 0.93287082
14.97000 0.93267879
14.98000 0.93248691
14.99000 0.93229519
15.00000 0.93210363
15.01000 0.93191224
15.02000 0.93172100
15.03000 0.93152992
15.04000 0.93133901
15.05000 0.93114825
15.06000 0.93095765
15.07000 0.93076722
15.08000 0.93057694
15.09000 0.93038681
15.10000 0.93019685
15.11000 0.93000705
15.12000 0.92981740
15.13000 0.92962791
15.14000 0.92943858
15.15000 0.92924941
15.16000 0.92906039
15.17000 0.92887153
15.18000 0.92868283
15.19000 0.92849428
15.20000 0.92830589
15.21000 0.92811765
15.22000 0.92792957
15.23000 0.92774165
15.24000 0.92755388
15.25000 0.92736626
15.26000 0.92717880
15.27000 0.92699150
15.28000 0.92680434
15.29000 0.92661735
15.30000 0.92643050
15.31000 0.92624381
15.32000 0.92605728
15.33000 0.92587089
15.34000 0.92568466
15.35000 0.92549858
15.36000 0.92531266
15.37000 0.92512689
15.38000 0.92494126
15.39000 0.92475580
15.40000 0.92457048
15.41000 0.92438531
15.42000 0.92420030
15.43000 0.92401543
15.44000 0.92383072
15.45000 0.92364615
15.46000 0.92346174
15.47000 0.92327748
15.48000 0.92309337
15.49000 0.92290940
15.50000 0.92272559
15.51000 0.92254192
15.52000 0.92235841
15.53000 0.92217504
15.54000 0.92199182
15.55000 0.92180875
15.56000 0.92162583
15.57000 0.92144306
15.58000 0.92126043
15.59000 0.92107795
15.60000 0.92089562
15.61000 0.92071343
15.62000 0.92053140
15.63000 0.92034950
15.64000 0.92016776
15.65000 0.91998616
15.66000 0.91980471
15.67000 0.91962340
15.68000 0.91944224
15.69000 0.91926123
15.70000 0.91908036
15.71000 0.91889963
15.72000 0.91871905
15.73000 0.91853861
15.74000 0.91835832
15.75000 0.91817817
15.76000 0.91799817
15.77000 0.91781831
15.78000 0.91763859
15.79000 0.91745902
15.80000 0.91727959
15.81000 0.91710030
15.82000 0.91692116
15.83000 0.91674216
15.84000 0.91656330
15.85000 0.91638458
15.86000 0.91620601
15.87000 0.91602757
15.88000 0.91584928
15.89000 0.91567113
15.90000 0.91549312
15.91000 0.91531526
15.92000 0.91513753
15.93000 0.91495994
15.94000 0.91478249
15.95000 0.91460519
15.96000 0.91442802
15.97000 0.91425099
15.98000 0.91407411
15.99000 0.91389736
16.00000 0.91372075
16.01000 0.91354428
16.02000 0.91336795
16.03000 0.91319176
16.04000 0.91301571
16.05000 0.91283979
16.06000 0.91266401
16.07000 0.91248837
16.08000 0.91231287
16.09000 0.91213751
16.10000 0.91196228
16.11000 0.91178719
16.12000 0.91161224
16.13000 0.91143742
16.14000 0.91126274
16.15000 0.91108820
16.16000 0.91091379
16.17000 0.91073952
16.18000 0.91056538
16.19000 0.91039138
16.20000 0.91021752
16.21000 0.91004379
16.22000 0.90987019
16.23000 0.90969673
16.24000 0.90952341
16.25000 0.90935022
16.26000 0.90917716
16.27000 0.90900424
16.28000 0.90883145
16.29000 0.90865880
16.30000 0.90848627
16.31000 0.90831389
16.32000 0.90814163
16.33000 0.90796951
16.34000 0.90779752
16.35000 0.90762567
16.36000 0.90745394
16.37000 0.90728235
16.38000 0.90711089
16.39000 0.90693956
16.40000 0.90676837
16.41000 0.90659731
16.42000 0.90642637
16.43000 0.90625557
16.44000 0.90608490
16.45000 0.90591436
16.46000 0.90574395
16.47000 0.90557367
16.48000 0.90540353
16.49000 0.90523351
16.50000 0.90506362
16.51000 0.90489386
16.52000 0.90472423
16.53000 0.90455473
16.54000 0.90438536
16.55000 0.90421612
16.56000 0.90404701
16.57000 0.90387803
16.58000 0.90370917
16.59000 0.90354045
16.60000 0.90337185
16.61000 0.90320338
16.62000 0.90303504
16.63000 0.90286682
16.64000 0.90269874
16.65000 0.90253078
16.66000 0.90236294
16.67000 0.90219524
16.68000 0.90202766
16.69000 0.90186021
16.70000 0.90169288
16.71000 0.90152568
16.72000 0.90135861
16.73000 0.90119166
16.74000 0.90102484
16.75000 0.90085815
16.76000 0.90069158
16.77000 0.90052513
16.78000 0.90035882
16.79000 0.90019262
16.80000 0.90002655
16.81000 0.89986061
16.82000 0.89969479
16.83000 0.89952909
16.84000 0.89936352
16.85000 0.89919807
16.86000 0.89903275
16.87000 0.89886755
16.88000 0.89870247
16.89000 0.89853752
16.90000 0.89837269
16.91000 0.89820798
16.92000 0.89804340
16.93000 0.89787894
16.94000 0.89771460
16.95000 0.89755038
16.96000 0.89738629
16.97000 0.89722231
16.98000 0.89705846
16.99000 0.89689474
17.00000 0.89673113
17.01000 0.89656764
17.02000 0.89640428
17.03000 0.89624104
17.04000 0.89607791
17.05000 0.89591491
17.06000 0.89575203
17.07000 0.89558927
17.08000 0.89542663
17.09000 0.89526411
17.10000 0.89510171
17.11000 0.89493943
17.12000 0.89477727
17.13000 0.89461523
17.14000 0.89445331
17.15000 0.89429151
17.16000 0.89412982
17.17000 0.89396826
17.18000 0.89380681
17.19000 0.89364549
17.20000 0.89348428
17.21000 0.89332319
17.22000 0.89316222
17.23000 0.89300136
17.24000 0.89284063
17.25000 0.89268001
17.26000 0.89251951
17.27000 0.89235912
17.28000 0.89219886
17.29000 0.89203871
17.30000 0.89187868
17.31000 0.89171876
17.32000 0.89155896
17.33000 0.89139928
17.34000 0.89123971
17.35000 0.89108026
17.36000 0.89092093
17.37000 0.89076171
17.38000 0.89060261
17.39000 0.89044362
17.40000 0.89028475
17.41000 0.89012600
17.42000 0.88996736
17.43000 0.88980883
17.44000 0.88965042
17.45000 0.88949212
17.46000 0.88933394
17.47000 0.88917587
17.48000 0.88901792
17.49000 0.88886008
17.50000 0.88870236
17.51000 0.88854474
17.52000 0.88838725
17.53000 0.88822986
17.54000 0.88807259
17.55000 0.88791544
17.56000 0.88775839
17.57000 0.88760146
17.58000 0.88744464
17.59000 0.88728794
17.60000 0.88713134
17.61000 0.88697486
17.62000 0.88681849
17.63000 0.88666224
17.64000 0.88650609
17.65000 0.88635006
17.66000 0.88619414
17.67000 0.88603833
17.68000 0.88588263
17.69000 0.88572704
17.70000 0.88557157
17.71000 0.88541620
17.72000 0.88526095
17.73000 0.88510580
17.74000 0.88495077
17.75000 0.88479585
17.76000 0.88464104
17.77000 0.88448633
17.78000 0.88433174
17.79000 0.88417726
17.80000 0.88402289
17.81000 0.88386862
17.82000 0.88371447
17.83000 0.88356043
17.84000 0.88340649
17.85000 0.88325266
17.86000 0.88309895
17.87000 0.88294534
17.88000 0.88279184
17.89000 0.88263845
17.90000 0.88248517
17.91000 0.88233199
17.92000 0.88217892
17.93000 0.88202597
17.94000 0.88187311
17.95000 0.88172037
17.96000 0.88156774
17.97000 0.88141521
17.98000 0.88126279
17.99000 0.88111047
18.00000 0.88095827
18.01000 0.88080617
18.02000 0.88065417
18.03000 0.88050229
18.04000 0.88035051
18.05000 0.88019883
18.06000 0.88004727
18.07000 0.87989580
18.08000 0.87974445
18.09000 0.87959320
18.10000 0.87944206
18.11000 0.87929102
18.12000 0.87914008
18.13000 0.87898926
18.14000 0.87883853
18.15000 0.87868792
18.16000 0.87853740
18.17000 0.87838700
18.18000 0.87823669
18.19000 0.87808649
18.20000 0.87793640
18.21000 0.87778641
18.22000 0.87763653
18.23000 0.87748674
18.24000 0.87733707
18.25000 0.87718749
18.26000 0.87703802
18.27000 0.87688865
18.28000 0.87673939
18.29000 0.87659023
18.30000 0.87644117
18.31000 0.87629222
18.32000 0.87614337
18.33000 0.87599462
18.34000 0.87584597
18.35000 0.87569743
18.36000 0.87554899
18.37000 0.87540065
18.38000 0.87525241
18.39000 0.87510428
18.40000 0.87495625
18.41000 0.87480832
18.42000 0.87466049
18.43000 0.87451276
18.44000 0.87436513
18.45000 0.87421761
18.46000 0.87407018
18.47000 0.87392286
18.48000 0.87377564
18.49000 0.87362852
18.50000 0.87348150
18.51000 0.87333458
18.52000 0.87318776
18.53000 0.87304104
18.54000 0.87289442
18.55000 0.87274790
18.56000 0.87260148
18.57000 0.87245516
18.58000 0.87230894
18.59000 0.87216282
18.60000 0.87201680
18.61000 0.87187088
18.62000 0.87172506
18.63000 0.87157933
18.64000 0.87143371
18.65000 0.87128818
18.66000 0.87114276
18.67000 0.87099743
18.68000 0.87085220
18.69000 0.87070707
18.70000 0.87056204
18.71000 0.87041710
18.72000 0.87027226
18.73000 0.87012753
18.74000 0.86998289
18.75000 0.86983834
18.76000 0.86969390
18.77000 0.86954955
18.78000 0.86940530
18.79000 0.86926114
18.80000 0.86911709
18.81000 0.86897313
18.82000 0.86882926
18.83000 0.86868550
18.84000 0.86854183
18.85000 0.86839826
18.86000 0.86825478
18.87000 0.86811140
18.88000 0.86796812
18.89000 0.86782493
18.90000 0.86768184
18.91000 0.86753884
18.92000 0.86739594
18.93000 0.86725313
18.94000 0.86711043
18.95000 0.86696781
18.96000 0.86682529
18.97000 0.86668287
18.98000 0.86654054
18.99000 0.86639831
19.00000 0.86625617
19.01000 0.86611413
19.02000 0.86597218
19.03000 0.86583032
19.04000 0.86568856
19.05000 0.86554689
19.06000 0.86540532
19.07000 0.86526384
19.08000 0.86512246
19.09000 0.86498117
19.10000 0.86483997
19.11000 0.86469887
19.12000 0.86455786
19.13000 0.86441695
19.14000 0.86427612
19.15000 0.86413539
19.16000 0.86399476
19.17000 0.86385421
19.18000 0.86371376
19.19000 0.86357341
19.20000 0.86343314
19.21000 0.86329297
19.22000 0.86315289
19.23000 0.86301290
19.24000 0.86287300
19.25000 0.86273320
19.26000 0.86259349
19.27000 0.86245387
19.28000 0.86231434
19.29000 0.86217490
19.30000 0.86203556
19.31000 0.86189631
19.32000 0.86175714
19.33000 0.86161807
19.34000 0.86147909
19.35000 0.86134020
19.36000 0.86120141
19.37000 0.86106270
19.38000 0.86092408
19.39000 0.86078556
19.40000 0.86064712
19.41000 0.86050878
19.42000 0.86037052
19.43000 0.86023236
19.44000 0.86009429
19.45000 0.85995630
19.46000 0.85981841
19.47000 0.85968060
19.48000 0.85954289
19.49000 0.85940526
19.50000 0.85926773
19.51000 0.85913028
19.52000 0.85899292
19.53000 0.85885566
19.54000 0.85871848
19.55000 0.85858139
19.56000 0.85844439
19.57000 0.85830747
19.58000 0.85817065
19.59000 0.85803392
19.60000 0.85789727
19.61000 0.85776071
19.62000 0.85762424
19.63000 0.85748786
19.64000 0.85735157
19.65000 0.85721536
19.66000 0.85707924
19.67000 0.85694321
19.68000 0.85680727
19.69000 0.85667141
19.70000 0.85653565
19.71000 0.85639997
19.72000 0.85626437
19.73000 0.85612887
19.74000 0.85599345
19.75000 0.85585812
19.76000 0.85572287
19.77000 0.85558771
19.78000 0.85545264
19.79000 0.85531766
19.80000 0.85518276
19.81000 0.85504795
19.82000 0.85491322
19.83000 0.85477858
19.84000 0.85464403
19.85000 0.85450956
19.86000 0.85437518
19.87000 0.85424088
19.88000 0.85410667
19.89000 0.85397255
19.90000 0.85383851
19.91000 0.85370455
19.92000 0.85357069
19.93000 0.85343690
19.94000 0.85330320
19.95000 0.85316959
19.96000 0.85303606
19.97000 0.85290262
19.98000 0.85276926
19.99000 0.85263599
20.00000 0.85250280
20.01000 0.85236969
20.02000 0.85223667
20.03000 0.85210374
20.04000 0.85197088
20.05000 0.85183812
20.06000 0.85170543
20.07000 0.85157283
20.08000 0.85144031
20.09000 0.85130788
20.10000 0.85117553
20.11000 0.85104327
20.12000 0.85091108
20.13000 0.85077899
20.14000 0.85064697
20.15000 0.85051504
20.16000 0.85038319
20.17000 0.85025142
20.18000 0.85011974
20.19000 0.84998814
20.20000 0.84985662
20.21000 0.84972518
20.22000 0.84959383
20.23000 0.84946256
20.24000 0.84933137
20.25000 0.84920026
20.26000 0.84906924
20.27000 0.84893830
20.28000 0.84880744
20.29000 0.84867666
20.30000 0.84854596
20.31000 0.84841535
20.32000 0.84828481
20.33000 0.84815436
20.34000 0.84802399
20.35000 0.84789370
20.36000 0.84776350
20.37000 0.84763337
20.38000 0.84750332
20.39000 0.84737336
20.40000 0.84724348
20.41000 0.84711367
20.42000 0.84698395
20.43000 0.84685431
20.44000 0.84672475
20.45000 0.84659527
20.46000 0.84646587
20.47000 0.84633655
20.48000 0.84620731
20.49000 0.84607815
20.50000 0.84594907
20.51000 0.84582007
20.52000 0.84569115
20.53000 0.84556231
20.54000 0.84543355
20.55000 0.84530486
20.56000 0.84517626
20.57000 0.84504774
20.58000 0.84491930
20.59000 0.84479093
20.60000 0.84466265
20.61000 0.84453444
20.62000 0.84440632
20.63000 0.84427827
20.64000 0.84415030
20.65000 0.84402241
20.66000 0.84389460
20.67000 0.84376686
20.68000 0.84363921
20.69000 0.84351163
20.70000 0.84338413
20.71000 0.84325671
20.72000 0.84312937
20.73000 0.84300211
20.74000 0.84287492
20.75000 0.84274782
20.76000 0.84262078
20.77000 0.84249383
20.78000 0.84236696
20.79000 0.84224016
20.80000 0.84211344
20.81000 0.84198680
20.82000 0.84186023
20.83000 0.84173374
20.84000 0.84160733
20.85000 0.84148100
20.86000 0.84135474
20.87000 0.84122856
20.88000 0.84110246
20.89000 0.84097643
20.90000 0.84085048
20.91000 0.84072461
20.92000 0.84059881
20.93000 0.84047309
20.94000 0.84034744
20.95000 0.84022187
20.96000 0.84009638
20.97000 0.83997097
20.98000 0.83984562
20.99000 0.83972036
21.00000 0.83959517
21.01000 0.83947006
21.02000 0.83934502
21.03000 0.83922006
21.04000 0.83909517
21.05000 0.83897036
21.06000 0.83884563
21.07000 0.83872097
21.08000 0.83859638
21.09000 0.83847187
21.10000 0.83834743
21.11000 0.83822307
21.12000 0.83809879
21.13000 0.83797458
21.14000 0.83785044
21.15000 0.83772638
21.16000 0.83760239
21.17000 0.83747848
21.18000 0.83735464
21.19000 0.83723088
21.20000 0.83710719
21.21000 0.83698357
21.22000 0.83686003
21.23000 0.83673656
21.24000 0.83661317
21.25000 0.83648985
21.26000 0.83636660
21.27000 0.83624343
21.28000 0.83612033
21.29000 0.83599731
21.30000 0.83587435
21.31000 0.83575148
21.32000 0.83562867
21.33000 0.83550594
21.34000 0.83538328
21.35000 0.83526069
21.36000 0.83513818
21.37000 0.83501574
21.38000 0.83489337
21.39000 0.83477108
21.40000 0.83464885
21.41000 0.83452670
21.42000 0.83440463
21.43000 0.83428262
21.44000 0.83416069
21.45000 0.83403883
21.46000 0.83391704
21.47000 0.83379533
21.48000 0.83367368
21.49000 0.83355211
21.50000 0.83343061
21.51000 0.83330918
21.52000 0.83318783
21.53000 0.83306654
21.54000 0.83294533
21.55000 0.83282419
21.56000 0.83270312
21.57000 0.83258212
21.58000 0.83246119
21.59000 0.83234033
21.60000 0.83221955
21.61000 0.83209884
21.62000 0.83197819
21.63000 0.83185762
21.64000 0.83173712
21.65000 0.83161669
21.66000 0.83149633
21.67000 0.83137604
21.68000 0.83125582
21.69000 0.83113567
21.70000 0.83101560
21.71000 0.83089559
21.72000 0.83077565
21.73000 0.83065579
21.74000 0.83053599
21.75000 0.83041626
21.76000 0.83029661
21.77000 0.83017702
21.78000 0.83005750
21.79000 0.82993805
21.80000 0.82981868
21.81000 0.82969937
21.82000 0.82958013
21.83000 0.82946096
21.84000 0.82934186
21.85000 0.82922283
21.86000 0.82910387
21.87000 0.82898498
21.88000 0.82886616
21.89000 0.82874741
21.90000 0.82862872
21.91000 0.82851011
21.92000 0.82839156
21.93000 0.82827308
21.94000 0.82815467
21.95000 0.82803633
21.96000 0.82791806
21.97000 0.82779986
21.98000 0.82768172
21.99000 0.82756365
22.00000 0.82744566
22.01000 0.82732773
22.02000 0.82720986
22.03000 0.82709207
22.04000 0.82697434
22.05000 0.82685669
22.06000 0.82673909
22.07000 0.82662157
22.08000 0.82650412
22.09000 0.82638673
22.10000 0.82626941
22.11000 0.82615216
22.12000 0.82603498
22.13000 0.82591786
22.14000 0.82580081
22.15000 0.82568383
22.16000 0.82556691
22.17000 0.82545006
22.18000 0.82533328
22.19000 0.82521657
22.20000 0.82509992
22.21000 0.82498334
22.22000 0.82486683
22.23000 0.82475038
22.24000 0.82463400
22.25000 0.82451768
22.26000 0.82440144
22.27000 0.82428526
22.28000 0.82416914
22.29000 0.82405309
22.30000 0.82393711
22.31000 0.82382120
22.32000 0.82370535
22.33000 0.82358956
22.34000 0.82347385
22.35000 0.82335819
22.36000 0.82324261
22.37000 0.82312709
22.38000 0.82301163
22.39000 0.82289624
22.40000 0.82278092
22.41000 0.82266566
22.42000 0.82255047
22.43000 0.82243534
22.44000 0.82232028
22.45000 0.82220529
22.46000 0.82209036
22.47000 0.82197549
22.48000 0.82186069
22.49000 0.82174595
22.50000 0.82163128
22.51000 0.82151668
22.52000 0.82140213
22.53000 0.82128766
22.54000 0.82117325
22.55000 0.82105890
22.56000 0.82094462
22.57000 0.82083040
22.58000 0.82071624
22.59000 0.82060215
22.60000 0.82048813
22.61000 0.82037417
22.62000 0.82026027
22.63000 0.82014644
22.64000 0.82003267
22.65000 0.81991896
22.66000 0.81980532
22.67000 0.81969175
22.68000 0.81957823
22.69000 0.81946478
22.70000 0.81935140
22.71000 0.81923807
22.72000 0.81912481
22.73000 0.81901162
22.74000 0.81889849
22.75000 0.81878542
22.76000 0.81867241
22.77000 0.81855947
22.78000 0.81844659
22.79000 0.81833378
22.80000 0.81822102
22.81000 0.81810833
22.82000 0.81799571
22.83000 0.81788314
22.84000 0.81777064
22.85000 0.81765820
22.86000 0.81754582
22.87000 0.81743351
22.88000 0.81732126
22.89000 0.81720907
22.90000 0.81709695
22.91000 0.81698488
22.92000 0.81687288
22.93000 0.81676094
22.94000 0.81664906
22.95000 0.81653725
22.96000 0.81642549
22.97000 0.81631380
22.98000 0.81620217
22.99000 0.81609061
23.00000 0.81597910
23.01000 0.81586766
23.02000 0.81575628
23.03000 0.81564496
23.04000 0.81553370
23.05000 0.81542250
23.06000 0.81531136
23.07000 0.81520029
23.08000 0.81508928
23.09000 0.81497832
23.10000 0.81486743
23.11000 0.81475660
23.12000 0.81464583
23.13000 0.81453513
23.14000 0.81442448
23.15000 0.81431389
23.16000 0.81420337
23.17000 0.81409291
23.18000 0.81398250
23.19000 0.81387216
23.20000 0.81376188
23.21000 0.81365166
23.22000 0.81354149
23.23000 0.81343139
23.24000 0.81332135
23.25000 0.81321137
23.26000 0.81310145
23.27000 0.81299159
23.28000 0.81288179
23.29000 0.81277206
23.30000 0.81266238
23.31000 0.81255276
23.32000 0.81244320
23.33000 0.81233370
23.34000 0.81222426
23.35000 0.81211488
23.36000 0.81200556
23.37000 0.81189630
23.38000 0.81178710
23.39000 0.81167795
23.40000 0.81156887
23.41000 0.81145985
23.42000 0.81135089
23.43000 0.81124198
23.44000 0.81113314
23.45000 0.81102435
23.46000 0.81091562
23.47000 0.81080696
23.48000 0.81069835
23.49000 0.81058980
23.50000 0.81048131
23.51000 0.81037288
23.52000 0.81026450
23.53000 0.81015619
23.54000 0.81004793
23.55000 0.80993974
23.56000 0.80983160
23.57000 0.80972352
23.58000 0.80961549
23.59000 0.80950753
23.60000 0.80939963
23.61000 0.80929178
23.62000 0.80918399
23.63000 0.80907626
23.64000 0.80896859
23.65000 0.80886097
23.66000 0.80875342
23.67000 0.80864592
23.68000 0.80853848
23.69000 0.80843110
23.70000 0.80832377
23.71000 0.80821650
23.72000 0.80810930
23.73000 0.80800214
23.74000 0.80789505
23.75000 0.80778801
23.76000 0.80768103
23.77000 0.80757411
23.78000 0.80746725
23.79000 0.80736044
23.80000 0.80725369
23.81000 0.80714700
23.82000 0.80704036
23.83000 0.80693378
23.84000 0.80682726
23.85000 0.80672079
23.86000 0.80661439
23.87000 0.80650804
23.88000 0.80640174
23.89000 0.80629550
23.90000 0.80618932
23.91000 0.80608320
23.92000 0.80597713
23.93000 0.80587112
23.94000 0.80576517
23.95000 0.80565927
23.96000 0.80555343
23.97000 0.80544764
23.98000 0.80534191
23.99000 0.80523624
24.00000 0.80513062
24.01000 0.80502506
24.02000 0.80491956
24.03000 0.80481411
24.04000 0.80470872
24.05000 0.80460338
24.06000 0.80449810
24.07000 0.80439287
24.08000 0.80428770
24.09000 0.80418259
24.10000 0.80407753
24.11000 0.80397253
24.12000 0.80386758
24.13000 0.80376269
24.14000 0.80365786
24.15000 0.80355307
24.16000 0.80344835
24.17000 0.80334368
24.18000 0.80323906
24.19000 0.80313450
24.20000 0.80303000
24.21000 0.80292555
24.22000 0.80282116
24.23000 0.80271682
24.24000 0.80261253
24.25000 0.80250830
24.26000 0.80240413
24.27000 0.80230001
24.28000 0.80219594
24.29000 0.80209193
24.30000 0.80198798
24.31000 0.80188407
24.32000 0.80178023
24.33000 0.80167644
24.34000 0.80157270
24.35000 0.80146901
24.36000 0.80136538
24.37000 0.80126181
24.38000 0.80115829
24.39000 0.80105482
24.40000 0.80095141
24.41000 0.80084805
24.42000 0.80074475
24.43000 0.80064150
24.44000 0.80053830
24.45000 0.80043516
24.46000 0.80033207
24.47000 0.80022903
24.48000 0.80012605
24.49000 0.80002312
24.50000 0.79992025
24.51000 0.79981743
24.52000 0.79971466
24.53000 0.79961195
24.54000 0.79950929
24.55000 0.79940668
24.56000 0.79930413
24.57000 0.79920163
24.58000 0.79909918
24.59000 0.79899678
24.60000 0.79889444
24.61000 0.79879216
24.62000 0.79868992
24.63000 0.79858774
24.64000 0.79848561
24.65000 0.79838354
24.66000 0.79828151
24.67000 0.79817954
24.68000 0.79807762
24.69000 0.79797576
24.70000 0.79787395
24.71000 0.79777219
24.72000 0.79767048
24.73000 0.79756883
24.74000 0.79746723
24.75000 0.79736568
24.76000 0.79726418
24.77000 0.79716273
24.78000 0.79706134
24.79000 0.79696000
24.80000 0.79685871
24.81000 0.79675748
24.82000 0.79665629
24.83000 0.79655516
24.84000 0.79645408
24.85000 0.79635305
24.86000 0.79625208
24.87000 0.79615115
24.88000 0.79605028
24.89000 0.79594946
24.90000 0.79584869
24.91000 0.79574797
24.92000 0.79564731
24.93000 0.79554669
24.94000 0.79544613
24.95000 0.79534562
24.96000 0.79524516
24.97000 0.79514475
24.98000 0.79504439
24.99000 0.79494409
25.00000 0.79484383
25.01000 0.79474363
25.02000 0.79464348
25.03000 0.79454337
25.04000 0.79444332
25.05000 0.79434332
25.06000 0.79424338
25.07000 0.79414348
25.08000 0.79404363
25.09000 0.79394384
25.10000 0.79384409
25.11000 0.79374440
25.12000 0.79364475
25.13000 0.79354516
25.14000 0.79344562
25.15000 0.79334613
25.16000 0.79324669
25.17000 0.79314730
25.18000 0.79304796
25.19000 0.79294867
25.20000 0.79284943
25.21000 0.79275024
25.22000 0.79265110
25.23000 0.79255201
25.24000 0.79245297
25.25000 0.79235398
25.26000 0.79225504
25.27000 0.79215616
25.28000 0.79205732
25.29000 0.79195853
25.30000 0.79185979
25.31000 0.79176110
25.32000 0.79166246
25.33000 0.79156387
25.34000 0.79146533
25.35000 0.79136684
25.36000 0.79126840
25.37000 0.79117001
25.38000 0.79107167
25.39000 0.79097338
25.40000 0.79087514
25.41000 0.79077694
25.42000 0.79067880
25.43000 0.79058071
25.44000 0.79048266
25.45000 0.79038466
25.46000 0.79028672
25.47000 0.79018882
25.48000 0.79009097
25.49000 0.78999317
25.50000 0.78989542
25.51000 0.78979772
25.52000 0.78970007
25.53000 0.78960247
25.54000 0.78950491
25.55000 0.78940740
25.56000 0.78930995
25.57000 0.78921254
25.58000 0.78911518
25.59000 0.78901787
25.60000 0.78892061
25.61000 0.78882339
25.62000 0.78872623
25.63000 0.78862911
25.64000 0.78853204
25.65000 0.78843502
25.66000 0.78833805
25.67000 0.78824112
25.68000 0.78814425
25.69000 0.78804742
25.70000 0.78795064
25.71000 0.78785391
25.72000 0.78775723
25.73000 0.78766059
25.74000 0.78756400
25.75000 0.78746747
25.76000 0.78737097
25.77000 0.78727453
25.78000 0.78717814
25.79000 0.78708179
25.80000 0.78698549
25.81000 0.78688924
25.82000 0.78679303
25.83000 0.78669687
25.84000 0.78660076
25.85000 0.78650470
25.86000 0.78640869
25.87000 0.78631272
25.88000 0.78621680
25.89000 0.78612093
25.90000 0.78602510
25.91000 0.78592933
25.92000 0.78583359
25.93000 0.78573791
25.94000 0.78564228
25.95000 0.78554669
25.96000 0.78545114
25.97000 0.78535565
25.98000 0.78526020
25.99000 0.78516480
26.00000 0.78506945
26.01000 0.78497414
26.02000 0.78487888
26.03000 0.78478367
26.04000 0.78468850
26.05000 0.78459338
26.06000 0.78449830
26.07000 0.78440328
26.08000 0.78430830
26.09000 0.78421336
26.10000 0.78411848
26.11000 0.78402364
26.12000 0.78392884
26.13000 0.78383409
26.14000 0.78373939
26.15000 0.78364474
26.16000 0.78355013
26.17000 0.78345556
26.18000 0.78336105
26.19000 0.78326658
26.20000 0.78317215
26.21000 0.78307777
26.22000 0.78298344
26.23000 0.78288916
26.24000 0.78279492
26.25000 0.78270072
26.26000 0.78260657
26.27000 0.78251247
26.28000 0.78241841
26.29000 0.78232440
26.30000 0.78223044
26.31000 0.78213652
26.32000 0.78204264
26.33000 0.78194881
26.34000 0.78185503
26.35000 0.78176129
26.36000 0.78166760
26.37000 0.78157396
26.38000 0.78148035
26.39000 0.78138680
26.40000 0.78129329
26.41000 0.78119982
26.42000 0.78110640
26.43000 0.78101303
26.44000 0.78091970
26.45000 0.78082641
26.46000 0.78073317
26.47000 0.78063998
26.48000 0.78054683
26.49000 0.78045373
26.50000 0.78036067
26.51000 0.78026765
26.52000 0.78017468
26.53000 0.78008176
26.54000 0.77998888
26.55000 0.77989604
26.56000 0.77980325
26.57000 0.77971051
26.58000 0.77961781
26.59000 0.77952515
26.60000 0.77943254
26.61000 0.77933997
26.62000 0.77924745
26.63000 0.77915497
26.64000 0.77906253
26.65000 0.77897014
26.66000 0.77887780
26.67000 0.77878550
26.68000 0.77869324
26.69000 0.77860103
26.70000 0.77850886
26.71000 0.77841673
26.72000 0.77832465
26.73000 0.77823262
26.74000 0.77814063
26.75000 0.77804868
26.76000 0.77795677
26.77000 0.77786491
26.78000 0.77777310
26.79000 0.77768132
26.80000 0.77758960
26.81000 0.77749791
26.82000 0.77740627
26.83000 0.77731467
26.84000 0.77722312
26.85000 0.77713161
26.86000 0.77704014
26.87000 0.77694872
26.88000 0.77685734
26.89000 0.77676600
26.90000 0.77667471
26.91000 0.77658346
26.92000 0.77649225
26.93000 0.77640109
26.94000 0.77630997
26.95000 0.77621890
26.96000 0.77612786
26.97000 0.77603687
26.98000 0.77594593
26.99000 0.77585503
27.00000 0.77576417
27.01000 0.77567335
27.02000 0.77558257
27.03000 0.77549184
27.04000 0.77540115
27.05000 0.77531051
27.06000 0.77521991
27.07000 0.77512935
27.08000 0.77503883
27.09000 0.77494836
27.10000 0.77485793
27.11000 0.77476754
27.12000 0.77467719
27.13000 0.77458689
27.14000 0.77449663
27.15000 0.77440641
27.16000 0.77431623
27.17000 0.77422610
27.18000 0.77413601
27.19000 0.77404596
27.20000 0.77395596
27.21000 0.77386599
27.22000 0.77377607
27.23000 0.77368619
27.24000 0.77359636
27.25000 0.77350656
27.26000 0.77341681
27.27000 0.77332710
27.28000 0.77323743
27.29000 0.77314780
27.30000 0.77305822
27.31000 0.77296868
27.32000 0.77287918
27.33000 0.77278972
27.34000 0.77270030
27.35000 0.77261093
27.36000 0.77252160
27.37000 0.77243231
27.38000 0.77234306
27.39000 0.77225385
27.40000 0.77216468
27.41000 0.77207556
27.42000 0.77198648
27.43000 0.77189744
27.44000 0.77180844
27.45000 0.77171948
27.46000 0.77163056
27.47000 0.77154169
27.48000 0.77145286
27.49000 0.77136406
27.50000 0.77127531
27.51000 0.77118660
27.52000 0.77109794
27.53000 0.77100931
27.54000 0.77092072
27.55000 0.77083218
27.56000 0.77074367
27.57000 0.77065521
27.58000 0.77056679
27.59000 0.77047841
27.60000 0.77039007
27.61000 0.77030177
27.62000 0.77021352
27.63000 0.77012530
27.64000 0.77003712
27.65000 0.76994899
27.66000 0.76986090
27.67000 0.76977284
27.68000 0.76968483
27.69000 0.76959686
27.70000 0.76950893
27.71000 0.76942104
27.72000 0.76933319
27.73000 0.76924538
27.74000 0.76915761
27.75000 0.76906988
27.76000 0.76898220
27.77000 0.76889455
27.78000 0.76880694
27.79000 0.76871937
27.80000 0.76863185
27.81000 0.76854436
27.82000 0.76845692
27.83000 0.76836951
27.84000 0.76828215
27.85000 0.76819482
27.86000 0.76810754
27.87000 0.76802029
27.88000 0.76793309
27.89000 0.76784592
27.90000 0.76775880
27.91000 0.76767172
27.92000 0.76758467
27.93000 0.76749767
27.94000 0.76741070
27.95000 0.76732378
27.96000 0.76723689
27.97000 0.76715005
27.98000 0.76706324
27.99000 0.76697648
28.00000 0.76688975
28.01000 0.76680306
28.02000 0.76671642
28.03000 0.76662981
28.04000 0.76654324
28.05000 0.76645671
28.06000 0.76637023
28.07000 0.76628378
28.08000 0.76619737
28.09000 0.76611100
28.10000 0.76602467
28.11000 0.76593837
28.12000 0.76585212
28.13000 0.76576591
28.14000 0.76567974
28.15000 0.76559360
28.16000 0.76550751
28.17000 0.76542145
28.18000 0.76533543
28.19000 0.76524946
28.20000 0.76516352
28.21000 0.76507762
28.22000 0.76499176
28.23000 0.76490594
28.24000 0.76482015
28.25000 0.76473441
28.26000 0.76464870
28.27000 0.76456304
28.28000 0.76447741
28.29000 0.76439182
28.30000 0.76430627
28.31000 0.76422076
28.32000 0.76413529
28.33000 0.76404985
28.34000 0.76396446
28.35000 0.76387910
28.36000 0.76379378
28.37000 0.76370851
28.38000 0.76362326
28.39000 0.76353806
28.40000 0.76345290
28.41000 0.76336777
28.42000 0.76328269
28.43000 0.76319764
28.44000 0.76311263
28.45000 0.76302765
28.46000 0.76294272
28.47000 0.76285782
28.48000 0.76277297
28.49000 0.76268815
28.50000 0.76260337
28.51000 0.76251862
28.52000 0.76243392
28.53000 0.76234925
28.54000 0.76226462
28.55000 0.76218003
28.56000 0.76209548
28.57000 0.76201096
28.58000 0.76192649
28.59000 0.76184205
28.60000 0.76175765
28.61000 0.76167328
28.62000 0.76158896
28.63000 0.76150467
28.64000 0.76142042
28.65000 0.76133621
28.66000 0.76125203
28.67000 0.76116789
28.68000 0.76108379
28.69000 0.76099973
28.70000 0.76091571
28.71000 0.76083172
28.72000 0.76074777
28.73000 0.76066386
28.74000 0.76057998
28.75000 0.76049615
28.76000 0.76041235
28.77000 0.76032858
28.78000 0.76024486
28.79000 0.76016117
28.80000 0.76007752
28.81000 0.75999391
28.82000 0.75991033
28.83000 0.75982679
28.84000 0.75974329
28.85000 0.75965982
28.86000 0.75957640
28.87000 0.75949300
28.88000 0.75940965
28.89000 0.75932633
28.90000 0.75924305
28.91000 0.75915981
28.92000 0.75907660
28.93000 0.75899344
28.94000 0.75891030
28.95000 0.75882721
28.96000 0.75874415
28.97000 0.75866113
28.98000 0.75857814
28.99000 0.75849519
29.00000 0.75841228
29.01000 0.75832941
29.02000 0.75824657
29.03000 0.75816377
29.04000 0.75808100
29.05000 0.75799827
29.06000 0.75791558
29.07000 0.75783292
29.08000 0.75775030
29.09000 0.75766772
29.10000 0.75758517
29.11000 0.75750266
29.12000 0.75742019
29.13000 0.75733775
29.14000 0.75725535
29.15000 0.75717299
29.16000 0.75709066
29.17000 0.75700837
29.18000 0.75692611
29.19000 0.75684389
29.20000 0.75676170
29.21000 0.75667956
29.22000 0.75659744
29.23000 0.75651537
29.24000 0.75643333
29.25000 0.75635132
29.26000 0.75626936
29.27000 0.75618742
29.28000 0.75610553
29.29000 0.75602367
29.30000 0.75594184
29.31000 0.75586005
29.32000 0.75577830
29.33000 0.75569658
29.34000 0.75561490
29.35000 0.75553325
29.36000 0.75545164
29.37000 0.75537007
29.38000 0.75528853
29.39000 0.75520703
29.40000 0.75512556
29.41000 0.75504413
29.42000 0.75496273
29.43000 0.75488137
29.44000 0.75480004
29.45000 0.75471875
29.46000 0.75463750
29.47000 0.75455628
29.48000 0.75447509
29.49000 0.75439394
29.50000 0.75431283
29.51000 0.75423175
29.52000 0.75415071
29.53000 0.75406970
29.54000 0.75398873
29.55000 0.75390779
29.56000 0.75382689
29.57000 0.75374602
29.58000 0.75366519
29.59000 0.75358439
29.60000 0.75350363
29.61000 0.75342290
29.62000 0.75334221
29.63000 0.75326155
29.64000 0.75318093
29.65000 0.75310034
29.66000 0.75301979
29.67000 0.75293927
29.68000 0.75285879
29.69000 0.75277834
29.70000 0.75269792
29.71000 0.75261755
29.72000 0.75253720
29.73000 0.75245689
29.74000 0.75237662
29.75000 0.75229638
29.76000 0.75221617
29.77000 0.75213600
29.78000 0.75205586
29.79000 0.75197576
29.80000 0.75189569
29.81000 0.75181566
29.82000 0.75173566
29.83000 0.75165570
29.84000 0.75157577
29.85000 0.75149587
29.86000 0.75141601
29.87000 0.75133618
29.88000 0.75125639
29.89000 0.75117663
29.90000 0.75109691
29.91000 0.75101722
29.92000 0.75093756
29.93000 0.75085794
29.94000 0.75077836
29.95000 0.75069880
29.96000 0.75061928
29.97000 0.75053980
29.98000 0.75046035
29.99000 0.75038093
30.00000 0.75030155
30.01000 0.75022220
30.02000 0.75014288
30.03000 0.75006360
30.04000 0.74998435
30.05000 0.74990514
30.06000 0.74982596
30.07000 0.74974681
30.08000 0.74966770
30.09000 0.74958862
30.10000 0.74950958
30.11000 0.74943057
30.12000 0.74935159
30.13000 0.74927264
30.14000 0.74919373
30.15000 0.74911486
30.16000 0.74903601
30.17000 0.74895721
30.18000 0.74887843
30.19000 0.74879969
30.20000 0.74872098
30.21000 0.74864230
30.22000 0.74856366
30.23000 0.74848505
30.24000 0.74840648
30.25000 0.74832793
30.26000 0.74824942
30.27000 0.74817095
30.28000 0.74809251
30.29000 0.74801410
30.30000 0.74793572
30.31000 0.74785738
30.32000 0.74777907
30.33000 0.74770079
30.34000 0.74762255
30.35000 0.74754434
30.36000 0.74746616
30.37000 0.74738802
30.38000 0.74730991
30.39000 0.74723183
30.40000 0.74715379
30.41000 0.74707577
30.42000 0.74699780
30.43000 0.74691985
30.44000 0.74684194
30.45000 0.74676406
30.46000 0.74668621
30.47000 0.74660839
30.48000 0.74653061
30.49000 0.74645286
30.50000 0.74637515
30.51000 0.74629746
30.52000 0.74621981
30.53000 0.74614219
30.54000 0.74606461
30.55000 0.74598705
30.56000 0.74590953
30.57000 0.74583204
30.58000 0.74575459
30.59000 0.74567717
30.60000 0.74559978
30.61000 0.74552242
30.62000 0.74544509
30.63000 0.74536780
30.64000 0.74529054
30.65000 0.74521331
30.66000 0.74513611
30.67000 0.74505895
30.68000 0.74498182
30.69000 0.74490472
30.70000 0.74482765
30.71000 0.74475062
30.72000 0.74467361
30.73000 0.74459664
30.74000 0.74451971
30.75000 0.74444280
30.76000 0.74436593
30.77000 0.74428908
30.78000 0.74421227
30.79000 0.74413550
30.80000 0.74405875
30.81000 0.74398204
30.82000 0.74390535
30.83000 0.74382870
30.84000 0.74375209
30.85000 0.74367550
30.86000 0.74359895
30.87000 0.74352242
30.88000 0.74344593
30.89000 0.74336947
30.90000 0.74329305
30.91000 0.74321665
30.92000 0.74314029
30.93000 0.74306396
30.94000 0.74298766
30.95000 0.74291139
30.96000 0.74283515
30.97000 0.74275895
30.98000 0.74268277
30.99000 0.74260663
31.00000 0.74253052
31.01000 0.74245444
31.02000 0.74237839
31.03000 0.74230238
31.04000 0.74222639
31.05000 0.74215044
31.06000 0.74207452
31.07000 0.74199863
31.08000 0.74192277
31.09000 0.74184694
31.10000 0.74177115
31.11000 0.74169538
31.12000 0.74161965
31.13000 0.74154395
31.14000 0.74146827
31.15000 0.74139263
31.16000 0.74131703
31.17000 0.74124145
31.18000 0.74116590
31.19000 0.74109039
31.20000 0.74101490
31.21000 0.74093945
31.22000 0.74086403
31.23000 0.74078864
31.24000 0.74071327
31.25000 0.74063795
31.26000 0.74056265
31.27000 0.74048738
31.28000 0.74041214
31.29000 0.74033694
31.30000 0.74026176
31.31000 0.74018662
31.32000 0.74011151
31.33000 0.74003643
31.34000 0.73996137
31.35000 0.73988635
31.36000 0.73981136
31.37000 0.73973640
31.38000 0.73966148
31.39000 0.73958658
31.40000 0.73951171
31.41000 0.73943687
31.42000 0.73936207
31.43000 0.73928729
31.44000 0.73921255
31.45000 0.73913783
31.46000 0.73906315
31.47000 0.73898850
31.48000 0.73891388
31.49000 0.73883928
31.50000 0.73876472
31.51000 0.73869019
31.52000 0.73861569
31.53000 0.73854122
31.54000 0.73846678
31.55000 0.73839237
31.56000 0.73831799
31.57000 0.73824364
31.58000 0.73816932
31.59000 0.73809503
31.60000 0.73802077
31.61000 0.73794654
31.62000 0.73787234
31.63000 0.73779818
31.64000 0.73772404
31.65000 0.73764993
31.66000 0.73757585
31.67000 0.73750180
31.68000 0.73742779
31.69000 0.73735380
31.70000 0.73727984
31.71000 0.73720591
31.72000 0.73713202
31.73000 0.73705815
31.74000 0.73698431
31.75000 0.73691050
31.76000 0.73683672
31.77000 0.73676297
31.78000 0.73668926
31.79000 0.73661557
31.80000 0.73654191
31.81000 0.73646828
31.82000 0.73639468
31.83000 0.73632111
31.84000 0.73624757
31.85000 0.73617406
31.86000 0.73610058
31.87000 0.73602713
31.88000 0.73595371
31.89000 0.73588031
31.90000 0.73580695
31.91000 0.73573362
31.92000 0.73566031
31.93000 0.73558704
31.94000 0.73551380
31.95000 0.73544058
31.96000 0.73536740
31.97000 0.73529424
31.98000 0.73522111
31.99000 0.73514802
32.00000 0.73507495
32.01000 0.73500191
32.02000 0.73492890
32.03000 0.73485592
32.04000 0.73478297
32.05000 0.73471005
32.06000 0.73463716
32.07000 0.73456430
32.08000 0.73449146
32.09000 0.73441866
32.10000 0.73434588
32.11000 0.73427314
32.12000 0.73420042
32.13000 0.73412773
32.14000 0.73405507
32.15000 0.73398244
32.16000 0.73390984
32.17000 0.73383727
32.18000 0.73376473
32.19000 0.73369221
32.20000 0.73361973
32.21000 0.73354727
32.22000 0.73347485
32.23000 0.73340245
32.24000 0.73333008
32.25000 0.73325774
32.26000 0.73318543
32.27000 0.73311314
32.28000 0.73304089
32.29000 0.73296866
32.30000 0.73289647
32.31000 0.73282430
32.32000 0.73275216
32.33000 0.73268005
32.34000 0.73260797
32.35000 0.73253592
32.36000 0.73246389
32.37000 0.73239190
32.38000 0.73231993
32.39000 0.73224799
32.40000 0.73217608
32.41000 0.73210420
32.42000 0.73203235
32.43000 0.73196052
32.44000 0.73188873
32.45000 0.73181696
32.46000 0.73174522
32.47000 0.73167351
32.48000 0.73160183
32.49000 0.73153017
32.50000 0.73145855
32.51000 0.73138695
32.52000 0.73131538
32.53000 0.73124384
32.54000 0.73117233
32.55000 0.73110084
32.56000 0.73102939
32.57000 0.73095796
32.58000 0.73088656
32.59000 0.73081519
32.60000 0.73074385
32.61000 0.73067253
32.62000 0.73060124
32.63000 0.73052998
32.64000 0.73045875
32.65000 0.73038755
32.66000 0.73031638
32.67000 0.73024523
32.68000 0.73017411
32.69000 0.73010302
32.70000 0.73003196
32.71000 0.72996092
32.72000 0.72988992
32.73000 0.72981894
32.74000 0.72974799
32.75000 0.72967706
32.76000 0.72960617
32.77000 0.72953530
32.78000 0.72946446
32.79000 0.72939365
32.80000 0.72932287
32.81000 0.72925211
32.82000 0.72918138
32.83000 0.72911068
32.84000 0.72904001
32.85000 0.72896936
32.86000 0.72889874
32.87000 0.72882815
32.88000 0.72875759
32.89000 0.72868705
32.90000 0.72861655
32.91000 0.72854607
32.92000 0.72847562
32.93000 0.72840519
32.94000 0.72833479
32.95000 0.72826442
32.96000 0.72819408
32.97000 0.72812377
32.98000 0.72805348
32.99000 0.72798322
33.00000 0.72791299
33.01000 0.72784278
33.02000 0.72777260
33.03000 0.72770245
33.04000 0.72763233
33.05000 0.72756223
33.06000 0.72749216
33.07000 0.72742212
33.08000 0.72735211
33.09000 0.72728212
33.10000 0.72721216
33.11000 0.72714223
33.12000 0.72707232
33.13000 0.72700244
33.14000 0.72693259
33.15000 0.72686277
33.16000 0.72679297
33.17000 0.72672320
33.18000 0.72665346
33.19000 0.72658374
33.20000 0.72651405
33.21000 0.72644439
33.22000 0.72637476
33.23000 0.72630515
33.24000 0.72623557
33.25000 0.72616601
33.26000 0.72609649
33.27000 0.72602699
33.28000 0.72595751
33.29000 0.72588807
33.30000 0.72581865
33.31000 0.72574926
33.32000 0.72567989
33.33000 0.72561055
33.34000 0.72554124
33.35000 0.72547195
33.36000 0.72540269
33.37000 0.72533346
33.38000 0.72526425
33.39000 0.72519508
33.40000 0.72512592
33.41000 0.72505680
33.42000 0.72498770
33.43000 0.72491863
33.44000 0.72484958
33.45000 0.72478056
33.46000 0.72471157
33.47000 0.72464260
33.48000 0.72457366
33.49000 0.72450475
33.50000 0.72443586
33.51000 0.72436700
33.52000 0.72429817
33.53000 0.72422936
33.54000 0.72416058
33.55000 0.72409182
33.56000 0.72402310
33.57000 0.72395439
33.58000 0.72388572
33.59000 0.72381707
33.60000 0.72374845
33.61000 0.72367985
33.62000 0.72361128
33.63000 0.72354274
33.64000 0.72347422
33.65000 0.72340573
33.66000 0.72333726
33.67000 0.72326882
33.68000 0.72320041
33.69000 0.72313202
33.70000 0.72306366
33.71000 0.72299532
33.72000 0.72292702
33.73000 0.72285873
33.74000 0.72279048
33.75000 0.72272225
33.76000 0.72265404
33.77000 0.72258586
33.78000 0.72251771
33.79000 0.72244958
33.80000 0.72238148
33.81000 0.72231341
33.82000 0.72224536
33.83000 0.72217733
33.84000 0.72210934
33.85000 0.72204137
33.86000 0.72197342
33.87000 0.72190550
33.88000 0.72183761
33.89000 0.72176974
33.90000 0.72170190
33.91000 0.72163408
33.92000 0.72156629
33.93000 0.72149852
33.94000 0.72143079
33.95000 0.72136307
33.96000 0.72129538
33.97000 0.72122772
33.98000 0.72116008
33.99000 0.72109247
34.00000 0.72102489
34.01000 0.72095733
34.02000 0.72088979
34.03000 0.72082228
34.04000 0.72075480
34.05000 0.72068734
34.06000 0.72061991
34.07000 0.72055250
34.08000 0.72048512
34.09000 0.72041777
34.10000 0.72035044
34.11000 0.72028313
34.12000 0.72021585
34.13000 0.72014860
34.14000 0.72008137
34.15000 0.72001417
34.16000 0.71994699
34.17000 0.71987983
34.18000 0.71981271
34.19000 0.71974560
34.20000 0.71967853
34.21000 0.71961148
34.22000 0.71954445
34.23000 0.71947745
34.24000 0.71941047
34.25000 0.71934352
34.26000 0.71927660
34.27000 0.71920969
34.28000 0.71914282
34.29000 0.71907597
34.30000 0.71900914
34.31000 0.71894234
34.32000 0.71887557
34.33000 0.71880882
34.34000 0.71874209
34.35000 0.71867539
34.36000 0.71860872
34.37000 0.71854207
34.38000 0.71847544
34.39000 0.71840884
34.40000 0.71834227
34.41000 0.71827572
34.42000 0.71820919
34.43000 0.71814269
34.44000 0.71807621
34.45000 0.71800976
34.46000 0.71794334
34.47000 0.71787694
34.48000 0.71781056
34.49000 0.71774421
34.50000 0.71767788
34.51000 0.71761158
34.52000 0.71754530
34.53000 0.71747905
34.54000 0.71741282
34.55000 0.71734662
34.56000 0.71728044
34.57000 0.71721429
34.58000 0.71714816
34.59000 0.71708205
34.60000 0.71701597
34.61000 0.71694992
34.62000 0.71688389
34.63000 0.71681788
34.64000 0.71675190
34.65000 0.71668594
34.66000 0.71662001
34.67000 0.71655410
34.68000 0.71648821
34.69000 0.71642236
34.70000 0.71635652
34.71000 0.71629071
34.72000 0.71622492
34.73000 0.71615916
34.74000 0.71609343
34.75000 0.71602771
34.76000 0.71596202
34.77000 0.71589636
34.78000 0.71583072
34.79000 0.71576510
34.80000 0.71569951
34.81000 0.71563395
34.82000 0.71556840
34.83000 0.71550288
34.84000 0.71543739
34.85000 0.71537192
34.86000 0.71530647
34.87000 0.71524105
34.88000 0.71517566
34.89000 0.71511028
34.90000 0.71504493
34.91000 0.71497961
34.92000 0.71491431
34.93000 0.71484903
34.94000 0.71478378
34.95000 0.71471855
34.96000 0.71465334
34.97000 0.71458816
34.98000 0.71452301
34.99000 0.71445787
35.00000 0.71439276
35.01000 0.71432768
35.02000 0.71426262
35.03000 0.71419758
35.04000 0.71413257
35.05000 0.71406758
35.06000 0.71400261
35.07000 0.71393767
35.08000 0.71387275
35.09000 0.71380786
35.10000 0.71374299
35.11000 0.71367814
35.12000 0.71361332
35.13000 0.71354852
35.14000 0.71348375
35.15000 0.71341900
35.16000 0.71335427
35.17000 0.71328957
35.18000 0.71322489
35.19000 0.71316023
35.20000 0.71309560
35.21000 0.71303099
35.22000 0.71296640
35.23000 0.71290184
35.24000 0.71283730
35.25000 0.71277279
35.26000 0.71270830
35.27000 0.71264383
35.28000 0.71257939
35.29000 0.71251497
35.30000 0.71245057
35.31000 0.71238620
35.32000 0.71232185
35.33000 0.71225752
35.34000 0.71219322
35.35000 0.71212894
35.36000 0.71206468
35.37000 0.71200045
35.38000 0.71193624
35.39000 0.71187206
35.40000 0.71180789
35.41000 0.71174375
35.42000 0.71167964
35.43000 0.71161555
35.44000 0.71155148
35.45000 0.71148743
35.46000 0.71142341
35.47000 0.71135941
35.48000 0.71129543
35.49000 0.71123148
35.50000 0.71116755
35.51000 0.71110364
35.52000 0.71103976
35.53000 0.71097590
35.54000 0.71091206
35.55000 0.71084825
35.56000 0.71078446
35.57000 0.71072069
35.58000 0.71065695
35.59000 0.71059323
35.60000 0.71052953
35.61000 0.71046585
35.62000 0.71040220
35.63000 0.71033857
35.64000 0.71027497
35.65000 0.71021138
35.66000 0.71014782
35.67000 0.71008429
35.68000 0.71002077
35.69000 0.70995728
35.70000 0.70989381
35.71000 0.70983037
35.72000 0.70976694
35.73000 0.70970354
35.74000 0.70964017
35.75000 0.70957681
35.76000 0.70951348
35.77000 0.70945017
35.78000 0.70938689
35.79000 0.70932363
35.80000 0.70926039
35.81000 0.70919717
35.82000 0.70913397
35.83000 0.70907080
35.84000 0.70900765
35.85000 0.70894453
35.86000 0.70888142
35.87000 0.70881834
35.88000 0.70875528
35.89000 0.70869225
35.90000 0.70862924
35.91000 0.70856625
35.92000 0.70850328
35.93000 0.70844033
35.94000 0.70837741
35.95000 0.70831451
35.96000 0.70825163
35.97000 0.70818878
35.98000 0.70812595
35.99000 0.70806314
36.00000 0.70800035
36.01000 0.70793758
36.02000 0.70787484
36.03000 0.70781212
36.04000 0.70774942
36.05000 0.70768675
36.06000 0.70762410
36.07000 0.70756147
36.08000 0.70749886
36.09000 0.70743627
36.10000 0.70737371
36.11000 0.70731117
36.12000 0.70724865
36.13000 0.70718615
36.14000 0.70712368
36.15000 0.70706123
36.16000 0.70699880
36.17000 0.70693639
36.18000 0.70687401
36.19000 0.70681164
36.20000 0.70674930
36.21000 0.70668698
36.22000 0.70662469
36.23000 0.70656241
36.24000 0.70650016
36.25000 0.70643793
36.26000 0.70637573
36.27000 0.70631354
36.28000 0.70625138
36.29000 0.70618924
36.30000 0.70612712
36.31000 0.70606502
36.32000 0.70600294
36.33000 0.70594089
36.34000 0.70587886
36.35000 0.70581685
36.36000 0.70575486
36.37000 0.70569290
36.38000 0.70563096
36.39000 0.70556904
36.40000 0.70550714
36.41000 0.70544526
36.42000 0.70538340
36.43000 0.70532157
36.44000 0.70525976
36.45000 0.70519797
36.46000 0.70513620
36.47000 0.70507446
36.48000 0.70501273
36.49000 0.70495103
36.50000 0.70488935
36.51000 0.70482769
36.52000 0.70476605
36.53000 0.70470444
36.54000 0.70464284
36.55000 0.70458127
36.56000 0.70451972
36.57000 0.70445819
36.58000 0.70439669
36.59000 0.70433520
36.60000 0.70427374
36.61000 0.70421230
36.62000 0.70415088
36.63000 0.70408948
36.64000 0.70402810
36.65000 0.70396675
36.66000 0.70390541
36.67000 0.70384410
36.68000 0.70378281
36.69000 0.70372154
36.70000 0.70366030
36.71000 0.70359907
36.72000 0.70353787
36.73000 0.70347668
36.74000 0.70341552
36.75000 0.70335438
36.76000 0.70329326
36.77000 0.70323217
36.78000 0.70317109
36.79000 0.70311004
36.80000 0.70304900
36.81000 0.70298799
36.82000 0.70292700
36.83000 0.70286603
36.84000 0.70280509
36.85000 0.70274416
36.86000 0.70268326
36.87000 0.70262237
36.88000 0.70256151
36.89000 0.70250067
36.90000 0.70243985
36.91000 0.70237905
36.92000 0.70231827
36.93000 0.70225752
36.94000 0.70219678
36.95000 0.70213607
36.96000 0.70207538
36.97000 0.70201471
36.98000 0.70195406
36.99000 0.70189343
37.00000 0.70183282
37.01000 0.70177223
37.02000 0.70171167
37.03000 0.70165113
37.04000 0.70159060
37.05000 0.70153010
37.06000 0.70146962
37.07000 0.70140916
37.08000 0.70134872
37.09000 0.70128830
37.10000 0.70122791
37.11000 0.70116753
37.12000 0.70110717
37.13000 0.70104684
37.14000 0.70098653
37.15000 0.70092624
37.16000 0.70086596
37.17000 0.70080571
37.18000 0.70074549
37.19000 0.70068528
37.20000 0.70062509
37.21000 0.70056492
37.22000 0.70050478
37.23000 0.70044465
37.24000 0.70038455
37.25000 0.70032446
37.26000 0.70026440
37.27000 0.70020436
37.28000 0.70014434
37.29000 0.70008434
37.30000 0.70002436
37.31000 0.69996440
37.32000 0.69990446
37.33000 0.69984455
37.34000 0.69978465
37.35000 0.69972477
37.36000 0.69966492
37.37000 0.69960508
37.38000 0.69954527
37.39000 0.69948548
37.40000 0.69942571
37.41000 0.69936595
37.42000 0.69930622
37.43000 0.69924651
37.44000 0.69918682
37.45000 0.69912715
37.46000 0.69906750
37.47000 0.69900787
37.48000 0.69894827
37.49000 0.69888868
37.50000 0.69882911
37.51000 0.69876957
37.52000 0.69871004
37.53000 0.69865053
37.54000 0.69859105
37.55000 0.69853158
37.56000 0.69847214
37.57000 0.69841272
37.58000 0.69835331
37.59000 0.69829393
37.60000 0.69823457
37.61000 0.69817523
37.62000 0.69811590
37.63000 0.69805660
37.64000 0.69799732
37.65000 0.69793806
37.66000 0.69787882
37.67000 0.69781960
37.68000 0.69776040
37.69000 0.69770122
37.70000 0.69764206
37.71000 0.69758292
37.72000 0.69752380
37.73000 0.69746470
37.74000 0.69740562
37.75000 0.69734657
37.76000 0.69728753
37.77000 0.69722851
37.78000 0.69716951
37.79000 0.69711053
37.80000 0.69705158
37.81000 0.69699264
37.82000 0.69693372
37.83000 0.69687483
37.84000 0.69681595
37.85000 0.69675709
37.86000 0.69669825
37.87000 0.69663944
37.88000 0.69658064
37.89000 0.69652186
37.90000 0.69646311
37.91000 0.69640437
37.92000 0.69634565
37.93000 0.69628696
37.94000 0.69622828
37.95000 0.69616962
37.96000 0.69611099
37.97000 0.69605237
37.98000 0.69599377
37.99000 0.69593519
38.00000 0.69587664
38.01000 0.69581810
38.02000 0.69575958
38.03000 0.69570108
38.04000 0.69564261
38.05000 0.69558415
38.06000 0.69552571
38.07000 0.69546729
38.08000 0.69540889
38.09000 0.69535051
38.10000 0.69529216
38.11000 0.69523382
38.12000 0.69517550
38.13000 0.69511720
38.14000 0.69505892
38.15000 0.69500066
38.16000 0.69494242
38.17000 0.69488420
38.18000 0.69482599
38.19000 0.69476781
38.20000 0.69470965
38.21000 0.69465151
38.22000 0.69459339
38.23000 0.69453528
38.24000 0.69447720
38.25000 0.69441914
38.26000 0.69436109
38.27000 0.69430307
38.28000 0.69424506
38.29000 0.69418708
38.30000 0.69412911
38.31000 0.69407117
38.32000 0.69401324
38.33000 0.69395533
38.34000 0.69389744
38.35000 0.69383958
38.36000 0.69378173
38.37000 0.69372390
38.38000 0.69366609
38.39000 0.69360830
38.40000 0.69355053
38.41000 0.69349277
38.42000 0.69343504
38.43000 0.69337733
38.44000 0.69331964
38.45000 0.69326196
38.46000 0.69320431
38.47000 0.69314667
38.48000 0.69308906
38.49000 0.69303146
38.50000 0.69297388
38.51000 0.69291632
38.52000 0.69285878
38.53000 0.69280127
38.54000 0.69274377
38.55000 0.69268628
38.56000 0.69262882
38.57000 0.69257138
38.58000 0.69251396
38.59000 0.69245655
38.60000 0.69239917
38.61000 0.69234180
38.62000 0.69228446
38.63000 0.69222713
38.64000 0.69216982
38.65000 0.69211253
38.66000 0.69205526
38.67000 0.69199801
38.68000 0.69194078
38.69000 0.69188357
38.70000 0.69182637
38.71000 0.69176920
38.72000 0.69171204
38.73000 0.69165491
38.74000 0.69159779
38.75000 0.69154069
38.76000 0.69148361
38.77000 0.69142655
38.78000 0.69136951
38.79000 0.69131249
38.80000 0.69125549
38.81000 0.69119850
38.82000 0.69114154
38.83000 0.69108459
38.84000 0.69102766
38.85000 0.69097076
38.86000 0.69091387
38.87000 0.69085700
38.88000 0.69080014
38.89000 0.69074331
38.90000 0.69068650
38.91000 0.69062970
38.92000 0.69057293
38.93000 0.69051617
38.94000 0.69045943
38.95000 0.69040271
38.96000 0.69034601
38.97000 0.69028933
38.98000 0.69023266
38.99000 0.69017602
39.00000 0.69011939
39.01000 0.69006279
39.02000 0.69000620
39.03000 0.68994963
39.04000 0.68989308
39.05000 0.68983654
39.06000 0.68978003
39.07000 0.68972354
39.08000 0.68966706
39.09000 0.68961060
39.10000 0.68955416
39.11000 0.68949774
39.12000 0.68944134
39.13000 0.68938496
39.14000 0.68932859
39.15000 0.68927225
39.16000 0.68921592
39.17000 0.68915961
39.18000 0.68910332
39.19000 0.68904705
39.20000 0.68899080
39.21000 0.68893456
39.22000 0.68887835
39.23000 0.68882215
39.24000 0.68876597
39.25000 0.68870981
39.26000 0.68865367
39.27000 0.68859754
39.28000 0.68854144
39.29000 0.68848535
39.30000 0.68842928
39.31000 0.68837324
39.32000 0.68831720
39.33000 0.68826119
39.34000 0.68820520
39.35000 0.68814922
39.36000 0.68809326
39.37000 0.68803732
39.38000 0.68798140
39.39000 0.68792550
39.40000 0.68786961
39.41000 0.68781375
39.42000 0.68775790
39.43000 0.68770207
39.44000 0.68764626
39.45000 0.68759047
39.46000 0.68753469
39.47000 0.68747894
39.48000 0.68742320
39.49000 0.68736748
39.50000 0.68731178
39.51000 0.68725609
39.52000 0.68720043
39.53000 0.68714478
39.54000 0.68708915
39.55000 0.68703354
39.56000 0.68697795
39.57000 0.68692237
39.58000 0.68686682
39.59000 0.68681128
39.60000 0.68675576
39.61000 0.68670026
39.62000 0.68664477
39.63000 0.68658931
39.64000 0.68653386
39.65000 0.68647843
39.66000 0.68642302
39.67000 0.68636763
39.68000 0.68631225
39.69000 0.68625689
39.70000 0.68620155
39.71000 0.68614623
39.72000 0.68609093
39.73000 0.68603564
39.74000 0.68598038
39.75000 0.68592513
39.76000 0.68586990
39.77000 0.68581468
39.78000 0.68575949
39.79000 0.68570431
39.80000 0.68564915
39.81000 0.68559401
39.82000 0.68553888
39.83000 0.68548378
39.84000 0.68542869
39.85000 0.68537362
39.86000 0.68531857
39.87000 0.68526353
39.88000 0.68520851
39.89000 0.68515351
39.90000 0.68509853
39.91000 0.68504357
39.92000 0.68498862
39.93000 0.68493370
39.94000 0.68487879
39.95000 0.68482389
39.96000 0.68476902
39.97000 0.68471416
39.98000 0.68465932
39.99000 0.68460450
40.00000 0.68454970
40.01000 0.68449491
40.02000 0.68444014
40.03000 0.68438539
40.04000 0.68433066
40.05000 0.68427595
40.06000 0.68422125
40.07000 0.68416657
40.08000 0.68411191
40.09000 0.68405726
40.10000 0.68400263
40.11000 0.68394802
40.12000 0.68389343
40.13000 0.68383886
40.14000 0.68378430
40.15000 0.68372976
40.16000 0.68367524
40.17000 0.68362074
40.18000 0.68356625
40.19000 0.68351178
40.20000 0.68345733
40.21000 0.68340290
40.22000 0.68334848
40.23000 0.68329408
40.24000 0.68323970
40.25000 0.68318533
40.26000 0.68313099
40.27000 0.68307666
40.28000 0.68302235
40.29000 0.68296805
40.30000 0.68291377
40.31000 0.68285952
40.32000 0.68280527
40.33000 0.68275105
40.34000 0.68269684
40.35000 0.68264265
40.36000 0.68258848
40.37000 0.68253432
40.38000 0.68248018
40.39000 0.68242606
40.40000 0.68237196
40.41000 0.68231787
40.42000 0.68226381
40.43000 0.68220975
40.44000 0.68215572
40.45000 0.68210170
40.46000 0.68204770
40.47000 0.68199372
40.48000 0.68193976
40.49000 0.68188581
40.50000 0.68183188
40.51000 0.68177796
40.52000 0.68172407
40.53000 0.68167019
40.54000 0.68161633
40.55000 0.68156248
40.56000 0.68150865
40.57000 0.68145484
40.58000 0.68140105
40.59000 0.68134727
40.60000 0.68129351
40.61000 0.68123977
40.62000 0.68118605
40.63000 0.68113234
40.64000 0.68107865
40.65000 0.68102498
40.66000 0.68097132
40.67000 0.68091768
40.68000 0.68086406
40.69000 0.68081045
40.70000 0.68075686
40.71000 0.68070329
40.72000 0.68064974
40.73000 0.68059620
40.74000 0.68054268
40.75000 0.68048918
40.76000 0.68043569
40.77000 0.68038222
40.78000 0.68032877
40.79000 0.68027533
40.80000 0.68022191
40.81000 0.68016851
40.82000 0.68011513
40.83000 0.68006176
40.84000 0.68000841
40.85000 0.67995507
40.86000 0.67990176
40.87000 0.67984846
40.88000 0.67979517
40.89000 0.67974190
40.90000 0.67968866
40.91000 0.67963542
40.92000 0.67958221
40.93000 0.67952901
40.94000 0.67947582
40.95000 0.67942266
40.96000 0.67936951
40.97000 0.67931638
40.98000 0.67926326
40.99000 0.67921016
41.00000 0.67915708
41.01000 0.67910402
41.02000 0.67905097
41.03000 0.67899793
41.04000 0.67894492
41.05000 0.67889192
41.06000 0.67883894
41.07000 0.67878597
41.08000 0.67873303
41.09000 0.67868009
41.10000 0.67862718
41.11000 0.67857428
41.12000 0.67852140
41.13000 0.67846853
41.14000 0.67841569
41.15000 0.67836285
41.16000 0.67831004
41.17000 0.67825724
41.18000 0.67820446
41.19000 0.67815169
41.20000 0.67809894
41.21000 0.67804621
41.22000 0.67799349
41.23000 0.67794079
41.24000 0.67788811
41.25000 0.67783545
41.26000 0.67778280
41.27000 0.67773016
41.28000 0.67767754
41.29000 0.67762494
41.30000 0.67757236
41.31000 0.67751979
41.32000 0.67746724
41.33000 0.67741471
41.34000 0.67736219
41.35000 0.67730969
41.36000 0.67725720
41.37000 0.67720473
41.38000 0.67715228
41.39000 0.67709984
41.40000 0.67704742
41.41000 0.67699502
41.42000 0.67694263
41.43000 0.67689026
41.44000 0.67683791
41.45000 0.67678557
41.46000 0.67673325
41.47000 0.67668094
41.48000 0.67662866
41.49000 0.67657638
41.50000 0.67652413
41.51000 0.67647189
41.52000 0.67641966
41.53000 0.67636745
41.54000 0.67631526
41.55000 0.67626309
41.56000 0.67621093
41.57000 0.67615879
41.58000 0.67610666
41.59000 0.67605455
41.60000 0.67600246
41.61000 0.67595038
41.62000 0.67589832
41.63000 0.67584627
41.64000 0.67579424
41.65000 0.67574223
41.66000 0.67569023
41.67000 0.67563825
41.68000 0.67558629
41.69000 0.67553434
41.70000 0.67548240
41.71000 0.67543049
41.72000 0.67537859
41.73000 0.67532670
41.74000 0.67527484
41.75000 0.67522298
41.76000 0.67517115
41.77000 0.67511933
41.78000 0.67506752
41.79000 0.67501574
41.80000 0.67496396
41.81000 0.67491221
41.82000 0.67486047
41.83000 0.67480874
41.84000 0.67475704
41.85000 0.67470534
41.86000 0.67465367
41.87000 0.67460201
41.88000 0.67455037
41.89000 0.67449874
41.90000 0.67444712
41.91000 0.67439553
41.92000 0.67434395
41.93000 0.67429238
41.94000 0.67424084
41.95000 0.67418930
41.96000 0.67413779
41.97000 0.67408629
41.98000 0.67403480
41.99000 0.67398333
42.00000 0.67393188
42.01000 0.67388044
42.02000 0.67382902
42.03000 0.67377761
42.04000 0.67372622
42.05000 0.67367485
42.06000 0.67362349
42.07000 0.67357215
42.08000 0.67352082
42.09000 0.67346951
42.10000 0.67341822
42.11000 0.67336694
42.12000 0.67331567
42.13000 0.67326443
42.14000 0.67321319
42.15000 0.67316198
42.16000 0.67311078
42.17000 0.67305959
42.18000 0.67300842
42.19000 0.67295727
42.20000 0.67290613
42.21000 0.67285501
42.22000 0.67280390
42.23000 0.67275281
42.24000 0.67270174
42.25000 0.67265068
42.26000 0.67259963
42.27000 0.67254860
42.28000 0.67249759
42.29000 0.67244659
42.30000 0.67239561
42.31000 0.67234465
42.32000 0.67229370
42.33000 0.67224276
42.34000 0.67219184
42.35000 0.67214094
42.36000 0.67209005
42.37000 0.67203918
42.38000 0.67198832
42.39000 0.67193748
42.40000 0.67188665
42.41000 0.67183584
42.42000 0.67178505
42.43000 0.67173427
42.44000 0.67168350
42.45000 0.67163276
42.46000 0.67158202
42.47000 0.67153131
42.48000 0.67148060
42.49000 0.67142992
42.50000 0.67137925
42.51000 0.67132859
42.52000 0.67127795
42.53000 0.67122732
42.54000 0.67117671
42.55000 0.67112612
42.56000 0.67107554
42.57000 0.67102498
42.58000 0.67097443
42.59000 0.67092390
42.60000 0.67087338
42.61000 0.67082288
42.62000 0.67077239
42.63000 0.67072192
42.64000 0.67067146
42.65000 0.67062102
42.66000 0.67057060
42.67000 0.67052019
42.68000 0.67046979
42.69000 0.67041941
42.70000 0.67036905
42.71000 0.67031870
42.72000 0.67026836
42.73000 0.67021804
42.74000 0.67016774
42.75000 0.67011745
42.76000 0.67006718
42.77000 0.67001692
42.78000 0.66996668
42.79000 0.66991645
42.80000 0.66986624
42.81000 0.66981604
42.82000 0.66976586
42.83000 0.66971569
42.84000 0.66966554
42.85000 0.66961541
42.86000 0.66956529
42.87000 0.66951518
42.88000 0.66946509
42.89000 0.66941501
42.90000 0.66936495
42.91000 0.66931491
42.92000 0.66926488
42.93000 0.66921486
42.94000 0.66916486
42.95000 0.66911487
42.96000 0.66906490
42.97000 0.66901495
42.98000 0.66896501
42.99000 0.66891508
43.00000 0.66886517
43.01000 0.66881528
43.02000 0.66876540
43.03000 0.66871553
43.04000 0.66866568
43.05000 0.66861585
43.06000 0.66856603
43.07000 0.66851622
43.08000 0.66846643
43.09000 0.66841666
43.10000 0.66836690
43.11000 0.66831715
43.12000 0.66826742
43.13000 0.66821771
43.14000 0.66816801
43.15000 0.66811832
43.16000 0.66806865
43.17000 0.66801899
43.18000 0.66796935
43.19000 0.66791973
43.20000 0.66787011
43.21000 0.66782052
43.22000 0.66777094
43.23000 0.66772137
43.24000 0.66767182
43.25000 0.66762228
43.26000 0.66757276
43.27000 0.66752325
43.28000 0.66747376
43.29000 0.66742428
43.30000 0.66737482
43.31000 0.66732537
43.32000 0.66727594
43.33000 0.66722652
43.34000 0.66717711
43.35000 0.66712773
43.36000 0.66707835
43.37000 0.66702899
43.38000 0.66697965
43.39000 0.66693032
43.40000 0.66688100
43.41000 0.66683170
43.42000 0.66678241
43.43000 0.66673314
43.44000 0.66668389
43.45000 0.66663464
43.46000 0.66658542
43.47000 0.66653620
43.48000 0.66648701
43.49000 0.66643782
43.50000 0.66638865
43.51000 0.66633950
43.52000 0.66629036
43.53000 0.66624123
43.54000 0.66619212
43.55000 0.66614303
43.56000 0.66609395
43.57000 0.66604488
43.58000 0.66599583
43.59000 0.66594679
43.60000 0.66589777
43.61000 0.66584876
43.62000 0.66579977
43.63000 0.66575079
43.64000 0.66570182
43.65000 0.66565287
43.66000 0.66560394
43.67000 0.66555502
43.68000 0.66550611
43.69000 0.66545722
43.70000 0.66540834
43.71000 0.66535948
43.72000 0.66531063
43.73000 0.66526179
43.74000 0.66521297
43.75000 0.66516417
43.76000 0.66511538
43.77000 0.66506660
43.78000 0.66501784
43.79000 0.66496909
43.80000 0.66492036
43.81000 0.66487164
43.82000 0.66482294
43.83000 0.66477425
43.84000 0.66472557
43.85000 0.66467691
43.86000 0.66462826
43.87000 0.66457963
43.88000 0.66453101
43.89000 0.66448241
43.90000 0.66443382
43.91000 0.66438524
43.92000 0.66433668
43.93000 0.66428813
43.94000 0.66423960
43.95000 0.66419108
43.96000 0.66414258
43.97000 0.66409409
43.98000 0.66404562
43.99000 0.66399716
44.00000 0.66394871
44.01000 0.66390028
44.02000 0.66385186
44.03000 0.66380346
44.04000 0.66375507
44.05000 0.66370669
44.06000 0.66365833
44.07000 0.66360998
44.08000 0.66356165
44.09000 0.66351333
44.10000 0.66346503
44.11000 0.66341674
44.12000 0.66336846
44.13000 0.66332020
44.14000 0.66327195
44.15000 0.66322372
44.16000 0.66317550
44.17000 0.66312729
44.18000 0.66307910
44.19000 0.66303092
44.20000 0.66298276
44.21000 0.66293461
44.22000 0.66288648
44.23000 0.66283836
44.24000 0.66279025
44.25000 0.66274216
44.26000 0.66269408
44.27000 0.66264602
44.28000 0.66259797
44.29000 0.66254993
44.30000 0.66250191
44.31000 0.66245390
44.32000 0.66240591
44.33000 0.66235793
44.34000 0.66230996
44.35000 0.66226201
44.36000 0.66221407
44.37000 0.66216615
44.38000 0.66211824
44.39000 0.66207034
44.40000 0.66202246
44.41000 0.66197459
44.42000 0.66192674
44.43000 0.66187890
44.44000 0.66183107
44.45000 0.66178326
44.46000 0.66173546
44.47000 0.66168767
44.48000 0.66163990
44.49000 0.66159215
44.50000 0.66154440
44.51000 0.66149667
44.52000 0.66144896
44.53000 0.66140126
44.54000 0.66135357
44.55000 0.66130590
44.56000 0.66125824
44.57000 0.66121059
44.58000 0.66116296
44.59000 0.66111534
44.60000 0.66106774
44.61000 0.66102015
44.62000 0.66097257
44.63000 0.66092501
44.64000 0.66087746
44.65000 0.66082993
44.66000 0.66078240
44.67000 0.66073490
44.68000 0.66068740
44.69000 0.66063992
44.70000 0.66059246
44.71000 0.66054500
44.72000 0.66049757
44.73000 0.66045014
44.74000 0.66040273
44.75000 0.66035533
44.76000 0.66030795
44.77000 0.66026058
44.78000 0.66021322
44.79000 0.66016588
44.80000 0.66011855
44.81000 0.66007123
44.82000 0.66002393
44.83000 0.65997664
44.84000 0.65992937
44.85000 0.65988211
44.86000 0.65983486
44.87000 0.65978763
44.88000 0.65974041
44.89000 0.65969320
44.90000 0.65964601
44.91000 0.65959883
44.92000 0.65955167
44.93000 0.65950451
44.94000 0.65945738
44.95000 0.65941025
44.96000 0.65936314
44.97000 0.65931604
44.98000 0.65926896
44.99000 0.65922189
45.00000 0.65917483
45.01000 0.65912779
45.02000 0.65908076
45.03000 0.65903374
45.04000 0.65898674
45.05000 0.65893975
45.06000 0.65889278
45.07000 0.65884581
45.08000 0.65879887
45.09000 0.65875193
45.10000 0.65870501
45.11000 0.65865810
45.12000 0.65861121
45.13000 0.65856432
45.14000 0.65851746
45.15000 0.65847060
45.16000 0.65842376
45.17000 0.65837693
45.18000 0.65833012
45.19000 0.65828332
45.20000 0.65823653
45.21000 0.65818976
45.22000 0.65814300
45.23000 0.65809625
45.24000 0.65804952
45.25000 0.65800280
45.26000 0.65795609
45.27000 0.65790940
45.28000 0.65786272
45.29000 0.65781605
45.30000 0.65776940
45.31000 0.65772276
45.32000 0.65767613
45.33000 0.65762952
45.34000 0.65758292
45.35000 0.65753633
45.36000 0.65748976
45.37000 0.65744320
45.38000 0.65739665
45.39000 0.65735012
45.40000 0.65730360
45.41000 0.65725709
45.42000 0.65721060
45.43000 0.65716412
45.44000 0.65711765
45.45000 0.65707119
45.46000 0.65702475
45.47000 0.65697833
45.48000 0.65693191
45.49000 0.65688551
45.50000 0.65683912
45.51000 0.65679275
45.52000 0.65674639
45.53000 0.65670004
45.54000 0.65665370
45.55000 0.65660738
45.56000 0.65656107
45.57000 0.65651478
45.58000 0.65646850
45.59000 0.65642223
45.60000 0.65637597
45.61000 0.65632973
45.62000 0.65628350
45.63000 0.65623728
45.64000 0.65619108
45.65000 0.65614489
45.66000 0.65609871
45.67000 0.65605255
45.68000 0.65600639
45.69000 0.65596026
45.70000 0.65591413
45.71000 0.65586802
45.72000 0.65582192
45.73000 0.65577584
45.74000 0.65572976
45.75000 0.65568370
45.76000 0.65563766
45.77000 0.65559162
45.78000 0.65554560
45.79000 0.65549959
45.80000 0.65545360
45.81000 0.65540762
45.82000 0.65536165
45.83000 0.65531570
45.84000 0.65526975
45.85000 0.65522382
45.86000 0.65517791
45.87000 0.65513200
45.88000 0.65508611
45.89000 0.65504024
45.90000 0.65499437
45.91000 0.65494852
45.92000 0.65490268
45.93000 0.65485685
45.94000 0.65481104
45.95000 0.65476524
45.96000 0.65471945
45.97000 0.65467368
45.98000 0.65462792
45.99000 0.65458217
46.00000 0.65453644
46.01000 0.65449071
46.02000 0.65444500
46.03000 0.65439931
46.04000 0.65435362
46.05000 0.65430795
46.06000 0.65426229
46.07000 0.65421665
46.08000 0.65417102
46.09000 0.65412540
46.10000 0.65407979
46.11000 0.65403419
46.12000 0.65398861
46.13000 0.65394304
46.14000 0.65389749
46.15000 0.65385195
46.16000 0.65380642
46.17000 0.65376090
46.18000 0.65371539
46.19000 0.65366990
46.20000 0.65362442
46.21000 0.65357896
46.22000 0.65353350
46.23000 0.65348806
46.24000 0.65344264
46.25000 0.65339722
46.26000 0.65335182
46.27000 0.65330643
46.28000 0.65326105
46.29000 0.65321569
46.30000 0.65317033
46.31000 0.65312500
46.32000 0.65307967
46.33000 0.65303436
46.34000 0.65298905
46.35000 0.65294377
46.36000 0.65289849
46.37000 0.65285323
46.38000 0.65280798
46.39000 0.65276274
46.40000 0.65271751
46.41000 0.65267230
46.42000 0.65262710
46.43000 0.65258192
46.44000 0.65253674
46.45000 0.65249158
46.46000 0.65244643
46.47000 0.65240129
46.48000 0.65235617
46.49000 0.65231106
46.50000 0.65226596
46.51000 0.65222087
46.52000 0.65217580
46.53000 0.65213074
46.54000 0.65208569
46.55000 0.65204065
46.56000 0.65199563
46.57000 0.65195062
46.58000 0.65190562
46.59000 0.65186063
46.60000 0.65181566
46.61000 0.65177070
46.62000 0.65172575
46.63000 0.65168081
46.64000 0.65163589
46.65000 0.65159098
46.66000 0.65154608
46.67000 0.65150119
46.68000 0.65145632
46.69000 0.65141146
46.70000 0.65136661
46.71000 0.65132177
46.72000 0.65127695
46.73000 0.65123214
46.74000 0.65118734
46.75000 0.65114255
46.76000 0.65109778
46.77000 0.65105302
46.78000 0.65100827
46.79000 0.65096353
46.80000 0.65091881
46.81000 0.65087409
46.82000 0.65082939
46.83000 0.65078471
46.84000 0.65074003
46.85000 0.65069537
46.86000 0.65065072
46.87000 0.65060608
46.88000 0.65056146
46.89000 0.65051684
46.90000 0.65047224
46.91000 0.65042765
46.92000 0.65038308
46.93000 0.65033851
46.94000 0.65029396
46.95000 0.65024942
46.96000 0.65020489
46.97000 0.65016038
46.98000 0.65011588
46.99000 0.65007139
47.00000 0.65002691
47.01000 0.64998244
47.02000 0.64993799
47.03000 0.64989355
47.04000 0.64984912
47.05000 0.64980470
47.06000 0.64976030
47.07000 0.64971591
47.08000 0.64967153
47.09000 0.64962716
47.10000 0.64958280
47.11000 0.64953846
47.12000 0.64949413
47.13000 0.64944981
47.14000 0.64940550
47.15000 0.64936121
47.16000 0.64931693
47.17000 0.64927266
47.18000 0.64922840
47.19000 0.64918415
47.20000 0.64913992
47.21000 0.64909570
47.22000 0.64905149
47.23000 0.64900729
47.24000 0.64896310
47.25000 0.64891893
47.26000 0.64887477
47.27000 0.64883062
47.28000 0.64878649
47.29000 0.64874236
47.30000 0.64869825
47.31000 0.64865415
47.32000 0.64861006
47.33000 0.64856598
47.34000 0.64852192
47.35000 0.64847787
47.36000 0.64843383
47.37000 0.64838980
47.38000 0.64834578
47.39000 0.64830178
47.40000 0.64825779
47.41000 0.64821381
47.42000 0.64816984
47.43000 0.64812588
47.44000 0.64808194
47.45000 0.64803801
47.46000 0.64799409
47.47000 0.64795018
47.48000 0.64790629
47.49000 0.64786240
47.50000 0.64781853
47.51000 0.64777467
47.52000 0.64773082
47.53000 0.64768699
47.54000 0.64764316
47.55000 0.64759935
47.56000 0.64755555
47.57000 0.64751176
47.58000 0.64746799
47.59000 0.64742422
47.60000 0.64738047
47.61000 0.64733673
47.62000 0.64729300
47.63000 0.64724929
47.64000 0.64720558
47.65000 0.64716189
47.66000 0.64711821
47.67000 0.64707454
47.68000 0.64703088
47.69000 0.64698724
47.70000 0.64694360
47.71000 0.64689998
47.72000 0.64685637
47.73000 0.64681277
47.74000 0.64676919
47.75000 0.64672561
47.76000 0.64668205
47.77000 0.64663850
47.78000 0.64659496
47.79000 0.64655144
47.80000 0.64650792
47.81000 0.64646442
47.82000 0.64642093
47.83000 0.64637745
47.84000 0.64633398
47.85000 0.64629052
47.86000 0.64624708
47.87000 0.64620365
47.88000 0.64616023
47.89000 0.64611682
47.90000 0.64607342
47.91000 0.64603003
47.92000 0.64598666
47.93000 0.64594330
47.94000 0.64589995
47.95000 0.64585661
47.96000 0.64581328
47.97000 0.64576997
47.98000 0.64572666
47.99000 0.64568337
48.00000 0.64564009
48.01000 0.64559682
48.02000 0.64555357
48.03000 0.64551032
48.04000 0.64546709
48.05000 0.64542387
48.06000 0.64538066
48.07000 0.64533746
48.08000 0.64529427
48.09000 0.64525110
48.10000 0.64520794
48.11000 0.64516478
48.12000 0.64512164
48.13000 0.64507852
48.14000 0.64503540
48.15000 0.64499229
48.16000 0.64494920
48.17000 0.64490612
48.18000 0.64486305
48.19000 0.64481999
48.20000 0.64477694
48.21000 0.64473391
48.22000 0.64469088
48.23000 0.64464787
48.24000 0.64460487
48.25000 0.64456188
48.26000 0.64451890
48.27000 0.64447594
48.28000 0.64443298
48.29000 0.64439004
48.30000 0.64434711
48.31000 0.64430419
48.32000 0.64426128
48.33000 0.64421838
48.34000 0.64417550
48.35000 0.64413262
48.36000 0.64408976
48.37000 0.64404691
48.38000 0.64400407
48.39000 0.64396124
48.40000 0.64391843
48.41000 0.64387562
48.42000 0.64383283
48.43000 0.64379005
48.44000 0.64374728
48.45000 0.64370452
48.46000 0.64366177
48.47000 0.64361903
48.48000 0.64357631
48.49000 0.64353359
48.50000 0.64349089
48.51000 0.64344820
48.52000 0.64340552
48.53000 0.64336285
48.54000 0.64332020
48.55000 0.64327755
48.56000 0.64323492
48.57000 0.64319230
48.58000 0.64314969
48.59000 0.64310709
48.60000 0.64306450
48.61000 0.64302192
48.62000 0.64297936
48.63000 0.64293680
48.64000 0.64289426
48.65000 0.64285173
48.66000 0.64280921
48.67000 0.64276670
48.68000 0.64272420
48.69000 0.64268172
48.70000 0.64263924
48.71000 0.64259678
48.72000 0.64255433
48.73000 0.64251189
48.74000 0.64246946
48.75000 0.64242704
48.76000 0.64238463
48.77000 0.64234224
48.78000 0.64229985
48.79000 0.64225748
48.80000 0.64221512
48.81000 0.64217277
48.82000 0.64213043
48.83000 0.64208810
48.84000 0.64204579
48.85000 0.64200348
48.86000 0.64196119
48.87000 0.64191890
48.88000 0.64187663
48.89000 0.64183437
48.90000 0.64179212
48.91000 0.64174988
48.92000 0.64170766
48.93000 0.64166544
48.94000 0.64162324
48.95000 0.64158104
48.96000 0.64153886
48.97000 0.64149669
48.98000 0.64145453
48.99000 0.64141238
49.00000 0.64137024
49.01000 0.64132812
49.02000 0.64128600
49.03000 0.64124390
49.04000 0.64120181
49.05000 0.64115972
49.06000 0.64111765
49.07000 0.64107559
49.08000 0.64103355
49.09000 0.64099151
49.10000 0.64094948
49.11000 0.64090747
49.12000 0.64086546
49.13000 0.64082347
49.14000 0.64078149
49.15000 0.64073952
49.16000 0.64069756
49.17000 0.64065561
49.18000 0.64061367
49.19000 0.64057175
49.20000 0.64052983
49.21000 0.64048793
49.22000 0.64044603
49.23000 0.64040415
49.24000 0.64036228
49.25000 0.64032042
49.26000 0.64027857
49.27000 0.64023673
49.28000 0.64019491
49.29000 0.64015309
49.30000 0.64011129
49.31000 0.64006949
49.32000 0.64002771
49.33000 0.63998594
49.34000 0.63994418
49.35000 0.63990243
49.36000 0.63986069
49.37000 0.63981896
49.38000 0.63977724
49.39000 0.63973554
49.40000 0.63969384
49.41000 0.63965216
49.42000 0.63961048
49.43000 0.63956882
49.44000 0.63952717
49.45000 0.63948553
49.46000 0.63944390
49.47000 0.63940228
49.48000 0.63936067
49.49000 0.63931908
49.50000 0.63927749
49.51000 0.63923592
49.52000 0.63919435
49.53000 0.63915280
49.54000 0.63911126
49.55000 0.63906972
49.56000 0.63902820
49.57000 0.63898669
49.58000 0.63894520
49.59000 0.63890371
49.60000 0.63886223
49.61000 0.63882076
49.62000 0.63877931
49.63000 0.63873786
49.64000 0.63869643
49.65000 0.63865501
49.66000 0.63861360
49.67000 0.63857219
49.68000 0.63853080
49.69000 0.63848942
49.70000 0.63844806
49.71000 0.63840670
49.72000 0.63836535
49.73000 0.63832401
49.74000 0.63828269
49.75000 0.63824137
49.76000 0.63820007
49.77000 0.63815878
49.78000 0.63811749
49.79000 0.63807622
49.80000 0.63803496
49.81000 0.63799371
49.82000 0.63795247
49.83000 0.63791124
49.84000 0.63787002
49.85000 0.63782882
49.86000 0.63778762
49.87000 0.63774644
49.88000 0.63770526
49.89000 0.63766410
49.90000 0.63762294
49.91000 0.63758180
49.92000 0.63754067
49.93000 0.63749955
49.94000 0.63745843
49.95000 0.63741733
49.96000 0.63737624
49.97000 0.63733517
49.98000 0.63729410
49.99000 0.63725304
50.00000 0.63721199
50.01000 0.63717096
50.02000 0.63712993
50.03000 0.63708892
50.04000 0.63704791
50.05000 0.63700692
50.06000 0.63696594
50.07000 0.63692496
50.08000 0.63688400
50.09000 0.63684305
50.10000 0.63680211
50.11000 0.63676118
50.12000 0.63672026
50.13000 0.63667935
50.14000 0.63663845
50.15000 0.63659757
50.16000 0.63655669
50.17000 0.63651582
50.18000 0.63647497
50.19000 0.63643412
50.20000 0.63639329
50.21000 0.63635246
50.22000 0.63631165
50.23000 0.63627085
50.24000 0.63623005
50.25000 0.63618927
