0.25000 3.04063908
0.26000 3.00134976
0.27000 2.96439454
0.28000 2.92954627
0.29000 2.89660615
0.30000 2.86540053
0.31000 2.83577676
0.32000 2.80760016
0.33000 2.78075144
0.34000 2.75512451
0.35000 2.73062470
0.36000 2.70716727
0.37000 2.68467610
0.38000 2.66308265
0.39000 2.64232496
0.40000 2.62234694
0.41000 2.60309764
0.42000 2.58453068
0.43000 2.56660374
0.44000 2.54927810
0.45000 2.53251830
0.46000 2.51629175
0.47000 2.50056847
0.48000 2.48532081
0.49000 2.47052326
0.50000 2.45615218
0.51000 2.44218570
0.52000 2.42860347
0.53000 2.41538663
0.54000 2.40251757
0.55000 2.38997990
0.56000 2.37775830
0.57000 2.36583846
0.58000 2.35420696
0.59000 2.34285126
0.60000 2.33175957
0.61000 2.32092079
0.62000 2.31032452
0.63000 2.29996095
0.64000 2.28982083
0.65000 2.27989544
0.66000 2.27017653
0.67000 2.26065632
0.68000 2.25132743
0.69000 2.24218288
0.70000 2.23321605
0.71000 2.22442067
0.72000 2.21579077
0.73000 2.20732069
0.74000 2.19900503
0.75000 2.19083868
0.76000 2.18281674
0.77000 2.17493457
0.78000 2.16718771
0.79000 2.15957194
0.80000 2.15208321
0.81000 2.14471765
0.82000 2.13747156
0.83000 2.13034140
0.84000 2.12332379
0.85000 2.11641548
0.86000 2.10961336
0.87000 2.10291445
0.88000 2.09631588
0.89000 2.08981491
0.90000 2.08340890
0.91000 2.07709530
0.92000 2.07087170
0.93000 2.06473572
0.94000 2.05868513
0.95000 2.05271775
0.96000 2.04683148
0.97000 2.04102430
0.98000 2.03529427
0.99000 2.02963952
1.00000 2.02405823
1.01000 2.01854867
1.02000 2.01310913
1.03000 2.00773800
1.04000 2.00243369
1.05000 1.99719469
1.06000 1.99201952
1.07000 1.98690677
1.08000 1.98185505
1.09000 1.97686302
1.10000 1.97192940
1.11000 1.96705294
1.12000 1.96223243
1.13000 1.95746668
1.14000 1.95275456
1.15000 1.94809497
1.16000 1.94348683
1.17000 1.93892911
1.18000 1.93442079
1.19000 1.92996089
1.20000 1.92554847
1.21000 1.92118259
1.22000 1.91686236
1.23000 1.91258690
1.24000 1.90835537
1.25000 1.90416694
1.26000 1.90002081
1.27000 1.89591619
1.28000 1.89185232
1.29000 1.88782847
1.30000 1.88384391
1.31000 1.87989794
1.32000 1.87598988
1.33000 1.87211905
1.34000 1.86828482
1.35000 1.86448655
1.36000 1.86072362
1.37000 1.85699542
1.38000 1.85330138
1.39000 1.84964093
1.40000 1.84601349
1.41000 1.84241853
1.42000 1.83885552
1.43000 1.83532394
1.44000 1.83182327
1.45000 1.82835304
1.46000 1.82491274
1.47000 1.82150191
1.48000 1.81812009
1.49000 1.81476682
1.50000 1.81144168
1.51000 1.80814421
1.52000 1.80487401
1.53000 1.80163067
1.54000 1.79841377
1.55000 1.79522292
1.56000 1.79205775
1.57000 1.78891786
1.58000 1.78580290
1.59000 1.78271250
1.60000 1.77964631
1.61000 1.77660398
1.62000 1.77358517
1.63000 1.77058955
1.64000 1.76761679
1.65000 1.76466657
1.66000 1.76173859
1.67000 1.75883254
1.68000 1.75594812
1.69000 1.75308502
1.70000 1.75024298
1.71000 1.74742169
1.72000 1.74462089
1.73000 1.74184031
1.74000 1.73907967
1.75000 1.73633872
1.76000 1.73361719
1.77000 1.73091485
1.78000 1.72823144
1.79000 1.72556672
1.80000 1.72292045
1.81000 1.72029241
1.82000 1.71768235
1.83000 1.71509005
1.84000 1.71251531
1.85000 1.70995789
1.86000 1.70741759
1.87000 1.70489419
1.88000 1.70238749
1.89000 1.69989730
1.90000 1.69742340
1.91000 1.69496562
1.92000 1.69252375
1.93000 1.69009760
1.94000 1.68768700
1.95000 1.68529176
1.96000 1.68291171
1.97000 1.68054666
1.98000 1.67819645
1.99000 1.67586090
2.00000 1.67353985
2.01000 1.67123313
2.02000 1.66894059
2.03000 1.66666206
2.04000 1.66439739
2.05000 1.66214643
2.06000 1.65990902
2.07000 1.65768501
2.08000 1.65547426
2.09000 1.65327663
2.10000 1.65109197
2.11000 1.64892014
2.12000 1.64676101
2.13000 1.64461443
2.14000 1.64248029
2.15000 1.64035844
2.16000 1.63824876
2.17000 1.63615112
2.18000 1.63406539
2.19000 1.63199146
2.20000 1.62992919
2.21000 1.62787848
2.22000 1.62583920
2.23000 1.62381124
2.24000 1.62179448
2.25000 1.61978881
2.26000 1.61779412
2.27000 1.61581029
2.28000 1.61383723
2.29000 1.61187483
2.30000 1.60992297
2.31000 1.60798157
2.32000 1.60605051
2.33000 1.60412969
2.34000 1.60221902
2.35000 1.60031840
2.36000 1.59842773
2.37000 1.59654692
2.38000 1.59467587
2.39000 1.59281450
2.40000 1.59096271
2.41000 1.58912040
2.42000 1.58728750
2.43000 1.58546392
2.44000 1.58364957
2.45000 1.58184436
2.46000 1.58004821
2.47000 1.57826104
2.48000 1.57648276
2.49000 1.57471330
2.50000 1.57295258
2.51000 1.57120052
2.52000 1.56945703
2.53000 1.56772205
2.54000 1.56599550
2.55000 1.56427730
2.56000 1.56256739
2.57000 1.56086568
2.58000 1.55917211
2.59000 1.55748660
2.60000 1.55580909
2.61000 1.55413951
2.62000 1.55247778
2.63000 1.55082385
2.64000 1.54917764
2.65000 1.54753910
2.66000 1.54590814
2.67000 1.54428472
2.68000 1.54266877
2.69000 1.54106022
2.70000 1.53945902
2.71000 1.53786509
2.72000 1.53627840
2.73000 1.53469886
2.74000 1.53312643
2.75000 1.53156104
2.76000 1.53000265
2.77000 1.52845118
2.78000 1.52690660
2.79000 1.52536883
2.80000 1.52383783
2.81000 1.52231354
2.82000 1.52079592
2.83000 1.51928489
2.84000 1.51778042
2.85000 1.51628246
2.86000 1.51479094
2.87000 1.51330583
2.88000 1.51182706
2.89000 1.51035460
2.90000 1.50888839
2.91000 1.50742839
2.92000 1.50597454
2.93000 1.50452680
2.94000 1.50308512
2.95000 1.50164947
2.96000 1.50021978
2.97000 1.49879602
2.98000 1.49737814
2.99000 1.49596610
3.00000 1.49455986
3.01000 1.49315936
3.02000 1.49176458
3.03000 1.49037545
3.04000 1.48899196
3.05000 1.48761405
3.06000 1.48624168
3.07000 1.48487481
3.08000 1.48351340
3.09000 1.48215741
3.10000 1.48080681
3.11000 1.47946156
3.12000 1.47812160
3.13000 1.47678692
3.14000 1.47545747
3.15000 1.47413321
3.16000 1.47281410
3.17000 1.47150012
3.18000 1.47019122
3.19000 1.46888737
3.20000 1.46758853
3.21000 1.46629467
3.22000 1.46500575
3.23000 1.46372175
3.24000 1.46244262
3.25000 1.46116833
3.26000 1.45989884
3.27000 1.45863414
3.28000 1.45737418
3.29000 1.45611892
3.30000 1.45486835
3.31000 1.45362243
3.32000 1.45238112
3.33000 1.45114439
3.34000 1.44991222
3.35000 1.44868458
3.36000 1.44746143
3.37000 1.44624274
3.38000 1.44502849
3.39000 1.44381864
3.40000 1.44261317
3.41000 1.44141205
3.42000 1.44021524
3.43000 1.43902273
3.44000 1.43783448
3.45000 1.43665047
3.46000 1.43547066
3.47000 1.43429504
3.48000 1.43312357
3.49000 1.43195623
3.50000 1.43079299
3.51000 1.42963382
3.52000 1.42847871
3.53000 1.42732761
3.54000 1.42618052
3.55000 1.42503740
3.56000 1.42389823
3.57000 1.42276299
3.58000 1.42163164
3.59000 1.42050417
3.60000 1.41938055
3.61000 1.41826075
3.62000 1.41714476
3.63000 1.41603255
3.64000 1.41492410
3.65000 1.41381938
3.66000 1.41271837
3.67000 1.41162105
3.68000 1.41052740
3.69000 1.40943740
3.70000 1.40835101
3.71000 1.40726823
3.72000 1.40618902
3.73000 1.40511337
3.74000 1.40404126
3.75000 1.40297266
3.76000 1.40190756
3.77000 1.40084593
3.78000 1.39978776
3.79000 1.39873302
3.80000 1.39768169
3.81000 1.39663375
3.82000 1.39558919
3.83000 1.39454798
3.84000 1.39351010
3.85000 1.39247554
3.86000 1.39144428
3.87000 1.39041629
3.88000 1.38939155
3.89000 1.38837006
3.90000 1.38735179
3.91000 1.38633672
3.92000 1.38532483
3.93000 1.38431611
3.94000 1.38331054
3.95000 1.38230810
3.96000 1.38130877
3.97000 1.38031254
3.98000 1.37931938
3.99000 1.37832928
4.00000 1.37734223
4.01000 1.37635821
4.02000 1.37537719
4.03000 1.37439917
4.04000 1.37342412
4.05000 1.37245204
4.06000 1.37148290
4.07000 1.37051669
4.08000 1.36955338
4.09000 1.36859298
4.10000 1.36763546
4.11000 1.36668080
4.12000 1.36572899
4.13000 1.36478001
4.14000 1.36383385
4.15000 1.36289050
4.16000 1.36194993
4.17000 1.36101214
4.18000 1.36007711
4.19000 1.35914482
4.20000 1.35821526
4.21000 1.35728842
4.22000 1.35636428
4.23000 1.35544282
4.24000 1.35452404
4.25000 1.35360792
4.26000 1.35269444
4.27000 1.35178359
4.28000 1.35087536
4.29000 1.34996973
4.30000 1.34906670
4.31000 1.34816624
4.32000 1.34726834
4.33000 1.34637299
4.34000 1.34548018
4.35000 1.34458990
4.36000 1.34370213
4.37000 1.34281685
4.38000 1.34193407
4.39000 1.34105375
4.40000 1.34017590
4.41000 1.33930049
4.42000 1.33842752
4.43000 1.33755698
4.44000 1.33668884
4.45000 1.33582311
4.46000 1.33495977
4.47000 1.33409880
4.48000 1.33324019
4.49000 1.33238394
4.50000 1.33153002
4.51000 1.33067844
4.52000 1.32982917
4.53000 1.32898221
4.54000 1.32813755
4.55000 1.32729517
4.56000 1.32645506
4.57000 1.32561721
4.58000 1.32478162
4.59000 1.32394826
4.60000 1.32311713
4.61000 1.32228822
4.62000 1.32146152
4.63000 1.32063702
4.64000 1.31981470
4.65000 1.31899456
4.66000 1.31817658
4.67000 1.31736076
4.68000 1.31654708
4.69000 1.31573554
4.70000 1.31492612
4.71000 1.31411882
4.72000 1.31331362
4.73000 1.31251052
4.74000 1.31170950
4.75000 1.31091056
4.76000 1.31011368
4.77000 1.30931886
4.78000 1.30852608
4.79000 1.30773535
4.80000 1.30694664
4.81000 1.30615994
4.82000 1.30537526
4.83000 1.30459257
4.84000 1.30381188
4.85000 1.30303317
4.86000 1.30225643
4.87000 1.30148165
4.88000 1.30070882
4.89000 1.29993795
4.90000 1.29916900
4.91000 1.29840199
4.92000 1.29763690
4.93000 1.29687371
4.94000 1.29611243
4.95000 1.29535304
4.96000 1.29459553
4.97000 1.29383991
4.98000 1.29308615
4.99000 1.29233424
5.00000 1.29158420
5.01000 1.29083599
5.02000 1.29008962
5.03000 1.28934507
5.04000 1.28860235
5.05000 1.28786143
5.06000 1.28712232
5.07000 1.28638500
5.08000 1.28564947
5.09000 1.28491572
5.10000 1.28418375
5.11000 1.28345353
5.12000 1.28272507
5.13000 1.28199836
5.14000 1.28127339
5.15000 1.28055016
5.16000 1.27982865
5.17000 1.27910886
5.18000 1.27839078
5.19000 1.27767440
5.20000 1.27695973
5.21000 1.27624674
5.22000 1.27553543
5.23000 1.27482580
5.24000 1.27411783
5.25000 1.27341153
5.26000 1.27270688
5.27000 1.27200388
5.28000 1.27130252
5.29000 1.27060279
5.30000 1.26990469
5.31000 1.26920821
5.32000 1.26851334
5.33000 1.26782008
5.34000 1.26712841
5.35000 1.26643834
5.36000 1.26574985
5.37000 1.26506295
5.38000 1.26437762
5.39000 1.26369385
5.40000 1.26301164
5.41000 1.26233099
5.42000 1.26165189
5.43000 1.26097432
5.44000 1.26029829
5.45000 1.25962379
5.46000 1.25895082
5.47000 1.25827935
5.48000 1.25760940
5.49000 1.25694095
5.50000 1.25627400
5.51000 1.25560854
5.52000 1.25494457
5.53000 1.25428208
5.54000 1.25362106
5.55000 1.25296151
5.56000 1.25230342
5.57000 1.25164679
5.58000 1.25099160
5.59000 1.25033787
5.60000 1.24968557
5.61000 1.24903470
5.62000 1.24838526
5.63000 1.24773725
5.64000 1.24709065
5.65000 1.24644546
5.66000 1.24580168
5.67000 1.24515929
5.68000 1.24451830
5.69000 1.24387870
5.70000 1.24324049
5.71000 1.24260365
5.72000 1.24196818
5.73000 1.24133408
5.74000 1.24070135
5.75000 1.24006997
5.76000 1.23943994
5.77000 1.23881126
5.78000 1.23818392
5.79000 1.23755791
5.80000 1.23693324
5.81000 1.23630990
5.82000 1.23568787
5.83000 1.23506716
5.84000 1.23444776
5.85000 1.23382967
5.86000 1.23321287
5.87000 1.23259738
5.88000 1.23198317
5.89000 1.23137025
5.90000 1.23075862
5.91000 1.23014825
5.92000 1.22953917
5.93000 1.22893134
5.94000 1.22832478
5.95000 1.22771948
5.96000 1.22711543
5.97000 1.22651263
5.98000 1.22591107
5.99000 1.22531076
6.00000 1.22471167
6.01000 1.22411382
6.02000 1.22351719
6.03000 1.22292178
6.04000 1.22232759
6.05000 1.22173461
6.06000 1.22114284
6.07000 1.22055227
6.08000 1.21996290
6.09000 1.21937472
6.10000 1.21878774
6.11000 1.21820194
6.12000 1.21761732
6.13000 1.21703388
6.14000 1.21645161
6.15000 1.21587051
6.16000 1.21529057
6.17000 1.21471180
6.18000 1.21413418
6.19000 1.21355771
6.20000 1.21298239
6.21000 1.21240821
6.22000 1.21183517
6.23000 1.21126327
6.24000 1.21069250
6.25000 1.21012286
6.26000 1.20955434
6.27000 1.20898694
6.28000 1.20842066
6.29000 1.20785548
6.30000 1.20729142
6.31000 1.20672846
6.32000 1.20616660
6.33000 1.20560583
6.34000 1.20504616
6.35000 1.20448757
6.36000 1.20393007
6.37000 1.20337365
6.38000 1.20281831
6.39000 1.20226404
6.40000 1.20171084
6.41000 1.20115871
6.42000 1.20060764
6.43000 1.20005762
6.44000 1.19950867
6.45000 1.19896076
6.46000 1.19841390
6.47000 1.19786809
6.48000 1.19732331
6.49000 1.19677957
6.50000 1.19623687
6.51000 1.19569519
6.52000 1.19515455
6.53000 1.19461492
6.54000 1.19407632
6.55000 1.19353873
6.56000 1.19300215
6.57000 1.19246658
6.58000 1.19193202
6.59000 1.19139846
6.60000 1.19086590
6.61000 1.19033433
6.62000 1.18980376
6.63000 1.18927417
6.64000 1.18874558
6.65000 1.18821796
6.66000 1.18769132
6.67000 1.18716566
6.68000 1.18664097
6.69000 1.18611725
6.70000 1.18559450
6.71000 1.18507271
6.72000 1.18455188
6.73000 1.18403200
6.74000 1.18351308
6.75000 1.18299511
6.76000 1.18247809
6.77000 1.18196201
6.78000 1.18144687
6.79000 1.18093267
6.80000 1.18041940
6.81000 1.17990707
6.82000 1.17939567
6.83000 1.17888519
6.84000 1.17837563
6.85000 1.17786699
6.86000 1.17735927
6.87000 1.17685247
6.88000 1.17634657
6.89000 1.17584159
6.90000 1.17533750
6.91000 1.17483432
6.92000 1.17433204
6.93000 1.17383066
6.94000 1.17333017
6.95000 1.17283057
6.96000 1.17233186
6.97000 1.17183403
6.98000 1.17133708
6.99000 1.17084102
7.00000 1.17034583
7.01000 1.16985151
7.02000 1.16935807
7.03000 1.16886549
7.04000 1.16837378
7.05000 1.16788293
7.06000 1.16739295
7.07000 1.16690382
7.08000 1.16641554
7.09000 1.16592812
7.10000 1.16544154
7.11000 1.16495582
7.12000 1.16447093
7.13000 1.16398689
7.14000 1.16350369
7.15000 1.16302132
7.16000 1.16253979
7.17000 1.16205909
7.18000 1.16157921
7.19000 1.16110017
7.20000 1.16062194
7.21000 1.16014454
7.22000 1.15966796
7.23000 1.15919219
7.24000 1.15871723
7.25000 1.15824309
7.26000 1.15776975
7.27000 1.15729722
7.28000 1.15682549
7.29000 1.15635457
7.30000 1.15588444
7.31000 1.15541511
7.32000 1.15494657
7.33000 1.15447883
7.34000 1.15401187
7.35000 1.15354570
7.36000 1.15308032
7.37000 1.15261571
7.38000 1.15215189
7.39000 1.15168884
7.40000 1.15122657
7.41000 1.15076507
7.42000 1.15030434
7.43000 1.14984437
7.44000 1.14938518
7.45000 1.14892674
7.46000 1.14846907
7.47000 1.14801216
7.48000 1.14755600
7.49000 1.14710060
7.50000 1.14664595
7.51000 1.14619205
7.52000 1.14573890
7.53000 1.14528649
7.54000 1.14483482
7.55000 1.14438390
7.56000 1.14393372
7.57000 1.14348427
7.58000 1.14303556
7.59000 1.14258757
7.60000 1.14214032
7.61000 1.14169380
7.62000 1.14124801
7.63000 1.14080293
7.64000 1.14035858
7.65000 1.13991495
7.66000 1.13947204
7.67000 1.13902984
7.68000 1.13858836
7.69000 1.13814759
7.70000 1.13770752
7.71000 1.13726817
7.72000 1.13682952
7.73000 1.13639157
7.74000 1.13595432
7.75000 1.13551778
7.76000 1.13508193
7.77000 1.13464677
7.78000 1.13421231
7.79000 1.13377854
7.80000 1.13334546
7.81000 1.13291307
7.82000 1.13248136
7.83000 1.13205034
7.84000 1.13161999
7.85000 1.13119033
7.86000 1.13076135
7.87000 1.13033304
7.88000 1.12990540
7.89000 1.12947844
7.90000 1.12905215
7.91000 1.12862652
7.92000 1.12820156
7.93000 1.12777727
7.94000 1.12735364
7.95000 1.12693067
7.96000 1.12650835
7.97000 1.12608670
7.98000 1.12566570
7.99000 1.12524535
8.00000 1.12482566
8.01000 1.12440662
8.02000 1.12398822
8.03000 1.12357047
8.04000 1.12315336
8.05000 1.12273690
8.06000 1.12232108
8.07000 1.12190590
8.08000 1.12149135
8.09000 1.12107744
8.10000 1.12066417
8.11000 1.12025152
8.12000 1.11983951
8.13000 1.11942813
8.14000 1.11901737
8.15000 1.11860724
8.16000 1.11819773
8.17000 1.11778884
8.18000 1.11738058
8.19000 1.11697293
8.20000 1.11656590
8.21000 1.11615948
8.22000 1.11575368
8.23000 1.11534849
8.24000 1.11494391
8.25000 1.11453994
8.26000 1.11413658
8.27000 1.11373382
8.28000 1.11333166
8.29000 1.11293011
8.30000 1.11252916
8.31000 1.11212880
8.32000 1.11172905
8.33000 1.11132989
8.34000 1.11093132
8.35000 1.11053335
8.36000 1.11013596
8.37000 1.10973917
8.38000 1.10934296
8.39000 1.10894734
8.40000 1.10855231
8.41000 1.10815786
8.42000 1.10776399
8.43000 1.10737070
8.44000 1.10697799
8.45000 1.10658585
8.46000 1.10619430
8.47000 1.10580331
8.48000 1.10541290
8.49000 1.10502306
8.50000 1.10463379
8.51000 1.10424509
8.52000 1.10385695
8.53000 1.10346938
8.54000 1.10308237
8.55000 1.10269593
8.56000 1.10231004
8.57000 1.10192472
8.58000 1.10153995
8.59000 1.10115574
8.60000 1.10077208
8.61000 1.10038898
8.62000 1.10000643
8.63000 1.09962443
8.64000 1.09924298
8.65000 1.09886208
8.66000 1.09848172
8.67000 1.09810191
8.68000 1.09772264
8.69000 1.09734392
8.70000 1.09696573
8.71000 1.09658809
8.72000 1.09621098
8.73000 1.09583441
8.74000 1.09545838
8.75000 1.09508288
8.76000 1.09470791
8.77000 1.09433347
8.78000 1.09395957
8.79000 1.09358619
8.80000 1.09321334
8.81000 1.09284102
8.82000 1.09246922
8.83000 1.09209794
8.84000 1.09172719
8.85000 1.09135695
8.86000 1.09098724
8.87000 1.09061804
8.88000 1.09024937
8.89000 1.08988120
8.90000 1.08951355
8.91000 1.08914642
8.92000 1.08877979
8.93000 1.08841368
8.94000 1.08804808
8.95000 1.08768298
8.96000 1.08731839
8.97000 1.08695430
8.98000 1.08659072
8.99000 1.08622765
9.00000 1.08586507
9.01000 1.08550299
9.02000 1.08514142
9.03000 1.08478034
9.04000 1.08441976
9.05000 1.08405967
9.06000 1.08370008
9.07000 1.08334098
9.08000 1.08298238
9.09000 1.08262426
9.10000 1.08226663
9.11000 1.08190949
9.12000 1.08155284
9.13000 1.08119668
9.14000 1.08084100
9.15000 1.08048580
9.16000 1.08013109
9.17000 1.07977685
9.18000 1.07942310
9.19000 1.07906983
9.20000 1.07871703
9.21000 1.07836471
9.22000 1.07801287
9.23000 1.07766150
9.24000 1.07731060
9.25000 1.07696017
9.26000 1.07661022
9.27000 1.07626074
9.28000 1.07591172
9.29000 1.07556317
9.30000 1.07521509
9.31000 1.07486747
9.32000 1.07452032
9.33000 1.07417363
9.34000 1.07382741
9.35000 1.07348164
9.36000 1.07313633
9.37000 1.07279149
9.38000 1.07244710
9.39000 1.07210316
9.40000 1.07175969
9.41000 1.07141666
9.42000 1.07107409
9.43000 1.07073197
9.44000 1.07039031
9.45000 1.07004909
9.46000 1.06970832
9.47000 1.06936800
9.48000 1.06902813
9.49000 1.06868870
9.50000 1.06834972
9.51000 1.06801118
9.52000 1.06767309
9.53000 1.06733544
9.54000 1.06699822
9.55000 1.06666145
9.56000 1.06632512
9.57000 1.06598922
9.58000 1.06565376
9.59000 1.06531874
9.60000 1.06498415
9.61000 1.06464999
9.62000 1.06431627
9.63000 1.06398298
9.64000 1.06365012
9.65000 1.06331768
9.66000 1.06298568
9.67000 1.06265411
9.68000 1.06232296
9.69000 1.06199224
9.70000 1.06166194
9.71000 1.06133207
9.72000 1.06100261
9.73000 1.06067359
9.74000 1.06034498
9.75000 1.06001679
9.76000 1.05968902
9.77000 1.05936167
9.78000 1.05903473
9.79000 1.05870822
9.80000 1.05838211
9.81000 1.05805642
9.82000 1.05773115
9.83000 1.05740629
9.84000 1.05708183
9.85000 1.05675779
9.86000 1.05643416
9.87000 1.05611094
9.88000 1.05578812
9.89000 1.05546572
9.90000 1.05514371
9.91000 1.05482212
9.92000 1.05450092
9.93000 1.05418013
9.94000 1.05385974
9.95000 1.05353976
9.96000 1.05322017
9.97000 1.05290099
9.98000 1.05258220
9.99000 1.05226381
10.00000 1.05194582
10.01000 1.05162822
10.02000 1.05131102
10.03000 1.05099421
10.04000 1.05067780
10.05000 1.05036178
10.06000 1.05004615
10.07000 1.04973091
10.08000 1.04941606
10.09000 1.04910160
10.10000 1.04878753
10.11000 1.04847385
10.12000 1.04816055
10.13000 1.04784764
10.14000 1.04753511
10.15000 1.04722297
10.16000 1.04691121
10.17000 1.04659983
10.18000 1.04628884
10.19000 1.04597822
10.20000 1.04566799
10.21000 1.04535813
10.22000 1.04504865
10.23000 1.04473955
10.24000 1.04443083
10.25000 1.04412248
10.26000 1.04381451
10.27000 1.04350691
10.28000 1.04319969
10.29000 1.04289283
10.30000 1.04258635
10.31000 1.04228024
10.32000 1.04197450
10.33000 1.04166913
10.34000 1.04136413
10.35000 1.04105949
10.36000 1.04075523
10.37000 1.04045132
10.38000 1.04014779
10.39000 1.03984462
10.40000 1.03954181
10.41000 1.03923936
10.42000 1.03893728
10.43000 1.03863556
10.44000 1.03833420
10.45000 1.03803320
10.46000 1.03773256
10.47000 1.03743227
10.48000 1.03713235
10.49000 1.03683278
10.50000 1.03653357
10.51000 1.03623471
10.52000 1.03593621
10.53000 1.03563806
10.54000 1.03534027
10.55000 1.03504283
10.56000 1.03474573
10.57000 1.03444899
10.58000 1.03415261
10.59000 1.03385656
10.60000 1.03356087
10.61000 1.03326553
10.62000 1.03297053
10.63000 1.03267588
10.64000 1.03238158
10.65000 1.03208762
10.66000 1.03179401
10.67000 1.03150074
10.68000 1.03120781
10.69000 1.03091522
10.70000 1.03062298
10.71000 1.03033107
10.72000 1.03003951
10.73000 1.02974829
10.74000 1.02945740
10.75000 1.02916686
10.76000 1.02887665
10.77000 1.02858677
10.78000 1.02829724
10.79000 1.02800803
10.80000 1.02771917
10.81000 1.02743063
10.82000 1.02714243
10.83000 1.02685456
10.84000 1.02656703
10.85000 1.02627982
10.86000 1.02599295
10.87000 1.02570640
10.88000 1.02542019
10.89000 1.02513430
10.90000 1.02484874
10.91000 1.02456351
10.92000 1.02427860
10.93000 1.02399402
10.94000 1.02370976
10.95000 1.02342583
10.96000 1.02314223
10.97000 1.02285894
10.98000 1.02257598
10.99000 1.02229334
11.00000 1.02201102
11.01000 1.02172902
11.02000 1.02144735
11.03000 1.02116599
11.04000 1.02088495
11.05000 1.02060422
11.06000 1.02032382
11.07000 1.02004373
11.08000 1.01976396
11.09000 1.01948450
11.10000 1.01920536
11.11000 1.01892653
11.12000 1.01864801
11.13000 1.01836981
11.14000 1.01809192
11.15000 1.01781434
11.16000 1.01753707
11.17000 1.01726012
11.18000 1.01698347
11.19000 1.01670713
11.20000 1.01643110
11.21000 1.01615538
11.22000 1.01587997
11.23000 1.01560486
11.24000 1.01533006
11.25000 1.01505556
11.26000 1.01478137
11.27000 1.01450749
11.28000 1.01423390
11.29000 1.01396062
11.30000 1.01368764
11.31000 1.01341497
11.32000 1.01314259
11.33000 1.01287052
11.34000 1.01259875
11.35000 1.01232727
11.36000 1.01205610
11.37000 1.01178522
11.38000 1.01151464
11.39000 1.01124436
11.40000 1.01097438
11.41000 1.01070469
11.42000 1.01043529
11.43000 1.01016620
11.44000 1.00989739
11.45000 1.00962888
11.46000 1.00936066
11.47000 1.00909274
11.48000 1.00882511
11.49000 1.00855777
11.50000 1.00829072
11.51000 1.00802396
11.52000 1.00775749
11.53000 1.00749130
11.54000 1.00722541
11.55000 1.00695981
11.56000 1.00669449
11.57000 1.00642946
11.58000 1.00616472
11.59000 1.00590026
11.60000 1.00563609
11.61000 1.00537220
11.62000 1.00510860
11.63000 1.00484528
11.64000 1.00458225
11.65000 1.00431949
11.66000 1.00405702
11.67000 1.00379483
11.68000 1.00353292
11.69000 1.00327130
11.70000 1.00300995
11.71000 1.00274888
11.72000 1.00248809
11.73000 1.00222758
11.74000 1.00196734
11.75000 1.00170739
11.76000 1.00144771
11.77000 1.00118831
11.78000 1.00092918
11.79000 1.00067033
11.80000 1.00041175
11.81000 1.00015345
11.82000 0.99989542
11.83000 0.99963766
11.84000 0.99938018
11.85000 0.99912296
11.86000 0.99886602
11.87000 0.99860936
11.88000 0.99835296
11.89000 0.99809683
11.90000 0.99784097
11.91000 0.99758538
11.92000 0.99733006
11.93000 0.99707501
11.94000 0.99682022
11.95000 0.99656570
11.96000 0.99631145
11.97000 0.99605747
11.98000 0.99580375
11.99000 0.99555029
12.00000 0.99529710
12.01000 0.99504418
12.02000 0.99479152
12.03000 0.99453912
12.04000 0.99428698
12.05000 0.99403511
12.06000 0.99378349
12.07000 0.99353214
12.08000 0.99328105
12.09000 0.99303022
12.10000 0.99277965
12.11000 0.99252934
12.12000 0.99227929
12.13000 0.99202949
12.14000 0.99177996
12.15000 0.99153068
12.16000 0.99128166
12.17000 0.99103289
12.18000 0.99078438
12.19000 0.99053613
12.20000 0.99028813
12.21000 0.99004039
12.22000 0.98979290
12.23000 0.98954566
12.24000 0.98929868
12.25000 0.98905195
12.26000 0.98880547
12.27000 0.98855924
12.28000 0.98831327
12.29000 0.98806754
12.30000 0.98782207
12.31000 0.98757685
12.32000 0.98733187
12.33000 0.98708715
12.34000 0.98684267
12.35000 0.98659844
12.36000 0.98635446
12.37000 0.98611073
12.38000 0.98586725
12.39000 0.98562401
12.40000 0.98538101
12.41000 0.98513826
12.42000 0.98489576
12.43000 0.98465350
12.44000 0.98441149
12.45000 0.98416972
12.46000 0.98392819
12.47000 0.98368691
12.48000 0.98344587
12.49000 0.98320507
12.50000 0.98296451
12.51000 0.98272420
12.52000 0.98248412
12.53000 0.98224429
12.54000 0.98200469
12.55000 0.98176533
12.56000 0.98152622
12.57000 0.98128734
12.58000 0.98104870
12.59000 0.98081030
12.60000 0.98057213
12.61000 0.98033421
12.62000 0.98009651
12.63000 0.97985906
12.64000 0.97962184
12.65000 0.97938486
12.66000 0.97914811
12.67000 0.97891159
12.68000 0.97867531
12.69000 0.97843927
12.70000 0.97820345
12.71000 0.97796787
12.72000 0.97773252
12.73000 0.97749741
12.74000 0.97726252
12.75000 0.97702787
12.76000 0.97679345
12.77000 0.97655925
12.78000 0.97632529
12.79000 0.97609156
12.80000 0.97585805
12.81000 0.97562478
12.82000 0.97539173
12.83000 0.97515892
12.84000 0.97492633
12.85000 0.97469396
12.86000 0.97446183
12.87000 0.97422992
12.88000 0.97399823
12.89000 0.97376677
12.90000 0.97353554
12.91000 0.97330453
12.92000 0.97307375
12.93000 0.97284319
12.94000 0.97261285
12.95000 0.97238274
12.96000 0.97215285
12.97000 0.97192318
12.98000 0.97169374
12.99000 0.97146451
13.00000 0.97123551
13.01000 0.97100673
13.02000 0.97077817
13.03000 0.97054983
13.04000 0.97032171
13.05000 0.97009381
13.06000 0.96986613
13.07000 0.96963867
13.08000 0.96941143
13.09000 0.96918440
13.10000 0.96895759
13.11000 0.96873100
13.12000 0.96850463
13.13000 0.96827847
13.14000 0.96805253
13.15000 0.96782680
13.16000 0.96760129
13.17000 0.96737600
13.18000 0.96715092
13.19000 0.96692605
13.20000 0.96670140
13.21000 0.96647696
13.22000 0.96625274
13.23000 0.96602873
13.24000 0.96580493
13.25000 0.96558134
13.26000 0.96535797
13.27000 0.96513480
13.28000 0.96491185
13.29000 0.96468911
13.30000 0.96446658
13.31000 0.96424426
13.32000 0.96402215
13.33000 0.96380025
13.34000 0.96357855
13.35000 0.96335707
13.36000 0.96313579
13.37000 0.96291473
13.38000 0.96269387
13.39000 0.96247321
13.40000 0.96225277
13.41000 0.96203253
13.42000 0.96181250
13.43000 0.96159267
13.44000 0.96137305
13.45000 0.96115363
13.46000 0.96093442
13.47000 0.96071541
13.48000 0.96049661
13.49000 0.96027801
13.50000 0.96005962
13.51000 0.95984143
13.52000 0.95962344
13.53000 0.95940565
13.54000 0.95918807
13.55000 0.95897069
13.56000 0.95875351
13.57000 0.95853653
13.58000 0.95831975
13.59000 0.95810317
13.60000 0.95788680
13.61000 0.95767062
13.62000 0.95745464
13.63000 0.95723886
13.64000 0.95702328
13.65000 0.95680790
13.66000 0.95659272
13.67000 0.95637773
13.68000 0.95616295
13.69000 0.95594836
13.70000 0.95573396
13.71000 0.95551977
13.72000 0.95530577
13.73000 0.95509196
13.74000 0.95487836
13.75000 0.95466494
13.76000 0.95445173
13.77000 0.95423870
13.78000 0.95402588
13.79000 0.95381324
13.80000 0.95360080
13.81000 0.95338856
13.82000 0.95317650
13.83000 0.95296464
13.84000 0.95275297
13.85000 0.95254150
13.86000 0.95233021
13.87000 0.95211912
13.88000 0.95190822
13.89000 0.95169751
13.90000 0.95148699
13.91000 0.95127666
13.92000 0.95106653
13.93000 0.95085658
13.94000 0.95064682
13.95000 0.95043725
13.96000 0.95022787
13.97000 0.95001868
13.98000 0.94980967
13.99000 0.94960086
14.00000 0.94939223
14.01000 0.94918379
14.02000 0.94897553
14.03000 0.94876747
14.04000 0.94855959
14.05000 0.94835189
14.06000 0.94814439
14.07000 0.94793706
14.08000 0.94772993
14.09000 0.94752297
14.10000 0.94731621
14.11000 0.94710962
14.12000 0.94690323
14.13000 0.94669701
14.14000 0.94649098
14.15000 0.94628513
14.16000 0.94607947
14.17000 0.94587399
14.18000 0.94566869
14.19000 0.94546357
14.20000 0.94525863
14.21000 0.94505388
14.22000 0.94484931
14.23000 0.94464492
14.24000 0.94444070
14.25000 0.94423667
14.26000 0.94403282
14.27000 0.94382915
14.28000 0.94362566
14.29000 0.94342235
14.30000 0.94321922
14.31000 0.94301627
14.32000 0.94281349
14.33000 0.94261089
14.34000 0.94240848
14.35000 0.94220623
14.36000 0.94200417
14.37000 0.94180228
14.38000 0.94160057
14.39000 0.94139904
14.40000 0.94119768
14.41000 0.94099650
14.42000 0.94079550
14.43000 0.94059467
14.44000 0.94039401
14.45000 0.94019353
14.46000 0.93999323
14.47000 0.93979310
14.48000 0.93959314
14.49000 0.93939336
14.50000 0.93919375
14.51000 0.93899432
14.52000 0.93879505
14.53000 0.93859596
14.54000 0.93839705
14.55000 0.93819830
14.56000 0.93799973
14.57000 0.93780133
14.58000 0.93760310
14.59000 0.93740504
14.60000 0.93720715
14.61000 0.93700943
14.62000 0.93681189
14.63000 0.93661451
14.64000 0.93641731
14.65000 0.93622027
14.66000 0.93602340
14.67000 0.93582670
14.68000 0.93563017
14.69000 0.93543381
14.70000 0.93523762
14.71000 0.93504160
14.72000 0.93484574
14.73000 0.93465005
14.74000 0.93445453
14.75000 0.93425918
14.76000 0.93406399
14.77000 0.93386897
14.78000 0.93367412
14.79000 0.93347943
14.80000 0.93328490
14.81000 0.93309055
14.82000 0.93289636
14.83000 0.93270233
14.84000 0.93250847
14.85000 0.93231477
14.86000 0.93212124
14.87000 0.93192787
14.88000 0.93173467
14.89000 0.93154162
14.90000 0.93134875
14.91000 0.93115603
14.92000 0.93096348
14.93000 0.93077109
14.94000 0.93057886
14.95000 0.93038680
14.96000 0.93019490
14.97000 0.93000316
14.98000 0.92981158
14.99000 0.92962016
15.00000 0.92942890
15.01000 0.92923781
15.02000 0.92904687
15.03000 0.92885609
15.04000 0.92866548
15.05000 0.92847502
15.06000 0.92828473
15.07000 0.92809459
15.08000 0.92790461
15.09000 0.92771479
15.10000 0.92752513
15.11000 0.92733563
15.12000 0.92714628
15.13000 0.92695710
15.14000 0.92676807
15.15000 0.92657920
15.16000 0.92639048
15.17000 0.92620193
15.18000 0.92601352
15.19000 0.92582528
15.20000 0.92563719
15.21000 0.92544926
15.22000 0.92526149
15.23000 0.92507386
15.24000 0.92488640
15.25000 0.92469909
15.26000 0.92451194
15.27000 0.92432493
15.28000 0.92413809
15.29000 0.92395140
15.30000 0.92376486
15.31000 0.92357848
15.32000 0.92339225
15.33000 0.92320617
15.34000 0.92302025
15.35000 0.92283447
15.36000 0.92264886
15.37000 0.92246339
15.38000 0.92227808
15.39000 0.92209291
15.40000 0.92190790
15.41000 0.92172305
15.42000 0.92153834
15.43000 0.92135378
15.44000 0.92116938
15.45000 0.92098512
15.46000 0.92080102
15.47000 0.92061707
15.48000 0.92043326
15.49000 0.92024961
15.50000 0.92006611
15.51000 0.91988275
15.52000 0.91969955
15.53000 0.91951649
15.54000 0.91933358
15.55000 0.91915082
15.56000 0.91896821
15.57000 0.91878575
15.58000 0.91860343
15.59000 0.91842127
15.60000 0.91823925
15.61000 0.91805737
15.62000 0.91787565
15.63000 0.91769407
15.64000 0.91751264
15.65000 0.91733135
15.66000 0.91715021
15.67000 0.91696922
15.68000 0.91678837
15.69000 0.91660767
15.70000 0.91642711
15.71000 0.91624670
15.72000 0.91606643
15.73000 0.91588631
15.74000 0.91570633
15.75000 0.91552650
15.76000 0.91534681
15.77000 0.91516727
15.78000 0.91498787
15.79000 0.91480861
15.80000 0.91462949
15.81000 0.91445052
15.82000 0.91427170
15.83000 0.91409301
15.84000 0.91391447
15.85000 0.91373607
15.86000 0.91355781
15.87000 0.91337969
15.88000 0.91320172
15.89000 0.91302388
15.90000 0.91284619
15.91000 0.91266864
15.92000 0.91249123
15.93000 0.91231396
15.94000 0.91213683
15.95000 0.91195985
15.96000 0.91178300
15.97000 0.91160629
15.98000 0.91142972
15.99000 0.91125329
16.00000 0.91107700
16.01000 0.91090085
16.02000 0.91072484
16.03000 0.91054897
16.04000 0.91037323
16.05000 0.91019764
16.06000 0.91002218
16.07000 0.90984686
16.08000 0.90967168
16.09000 0.90949664
16.10000 0.90932173
16.11000 0.90914696
16.12000 0.90897233
16.13000 0.90879783
16.14000 0.90862348
16.15000 0.90844925
16.16000 0.90827517
16.17000 0.90810122
16.18000 0.90792740
16.19000 0.90775373
16.20000 0.90758018
16.21000 0.90740678
16.22000 0.90723350
16.23000 0.90706037
16.24000 0.90688737
16.25000 0.90671450
16.26000 0.90654177
16.27000 0.90636917
16.28000 0.90619670
16.29000 0.90602437
16.30000 0.90585217
16.31000 0.90568011
16.32000 0.90550818
16.33000 0.90533638
16.34000 0.90516472
16.35000 0.90499319
16.36000 0.90482179
16.37000 0.90465052
16.38000 0.90447939
16.39000 0.90430839
16.40000 0.90413752
16.41000 0.90396678
16.42000 0.90379617
16.43000 0.90362570
16.44000 0.90345535
16.45000 0.90328514
16.46000 0.90311506
16.47000 0.90294510
16.48000 0.90277528
16.49000 0.90260559
16.50000 0.90243603
16.51000 0.90226660
16.52000 0.90209730
16.53000 0.90192813
16.54000 0.90175909
16.55000 0.90159017
16.56000 0.90142139
16.57000 0.90125273
16.58000 0.90108421
16.59000 0.90091581
16.60000 0.90074754
16.61000 0.90057940
16.62000 0.90041139
16.63000 0.90024350
16.64000 0.90007574
16.65000 0.89990811
16.66000 0.89974061
16.67000 0.89957323
16.68000 0.89940599
16.69000 0.89923886
16.70000 0.89907187
16.71000 0.89890500
16.72000 0.89873826
16.73000 0.89857164
16.74000 0.89840515
16.75000 0.89823879
16.76000 0.89807255
16.77000 0.89790644
16.78000 0.89774045
16.79000 0.89757458
16.80000 0.89740885
16.81000 0.89724323
16.82000 0.89707775
16.83000 0.89691238
16.84000 0.89674714
16.85000 0.89658203
16.86000 0.89641704
16.87000 0.89625217
16.88000 0.89608742
16.89000 0.89592280
16.90000 0.89575831
16.91000 0.89559393
16.92000 0.89542968
16.93000 0.89526555
16.94000 0.89510155
16.95000 0.89493767
16.96000 0.89477390
16.97000 0.89461027
16.98000 0.89444675
16.99000 0.89428336
17.00000 0.89412008
17.01000 0.89395693
17.02000 0.89379390
17.03000 0.89363099
17.04000 0.89346821
17.05000 0.89330554
17.06000 0.89314300
17.07000 0.89298057
17.08000 0.89281827
17.09000 0.89265608
17.10000 0.89249402
17.11000 0.89233207
17.12000 0.89217025
17.13000 0.89200854
17.14000 0.89184696
17.15000 0.89168549
17.16000 0.89152415
17.17000 0.89136292
17.18000 0.89120181
17.19000 0.89104082
17.20000 0.89087995
17.21000 0.89071920
17.22000 0.89055856
17.23000 0.89039805
17.24000 0.89023765
17.25000 0.89007737
17.26000 0.88991720
17.27000 0.88975716
17.28000 0.88959723
17.29000 0.88943742
17.30000 0.88927772
17.31000 0.88911815
17.32000 0.88895869
17.33000 0.88879934
17.34000 0.88864012
17.35000 0.88848101
17.36000 0.88832201
17.37000 0.88816313
17.38000 0.88800437
17.39000 0.88784572
17.40000 0.88768719
17.41000 0.88752877
17.42000 0.88737047
17.43000 0.88721229
17.44000 0.88705422
17.45000 0.88689626
17.46000 0.88673842
17.47000 0.88658069
17.48000 0.88642308
17.49000 0.88626558
17.50000 0.88610820
17.51000 0.88595093
17.52000 0.88579377
17.53000 0.88563673
17.54000 0.88547980
17.55000 0.88532298
17.56000 0.88516628
17.57000 0.88500969
17.58000 0.88485322
17.59000 0.88469685
17.60000 0.88454060
17.61000 0.88438446
17.62000 0.88422844
17.63000 0.88407252
17.64000 0.88391672
17.65000 0.88376103
17.66000 0.88360545
17.67000 0.88344998
17.68000 0.88329463
17.69000 0.88313939
17.70000 0.88298425
17.71000 0.88282923
17.72000 0.88267432
17.73000 0.88251952
17.74000 0.88236483
17.75000 0.88221025
17.76000 0.88205579
17.77000 0.88190143
17.78000 0.88174718
17.79000 0.88159304
17.80000 0.88143901
17.81000 0.88128510
17.82000 0.88113129
17.83000 0.88097759
17.84000 0.88082400
17.85000 0.88067052
17.86000 0.88051715
17.87000 0.88036388
17.88000 0.88021073
17.89000 0.88005768
17.90000 0.87990475
17.91000 0.87975192
17.92000 0.87959920
17.93000 0.87944658
17.94000 0.87929408
17.95000 0.87914168
17.96000 0.87898939
17.97000 0.87883721
17.98000 0.87868514
17.99000 0.87853317
18.00000 0.87838131
18.01000 0.87822956
18.02000 0.87807791
18.03000 0.87792637
18.04000 0.87777494
18.05000 0.87762362
18.06000 0.87747240
18.07000 0.87732128
18.08000 0.87717027
18.09000 0.87701937
18.10000 0.87686858
18.11000 0.87671789
18.12000 0.87656730
18.13000 0.87641682
18.14000 0.87626645
18.15000 0.87611618
18.16000 0.87596602
18.17000 0.87581596
18.18000 0.87566601
18.19000 0.87551616
18.20000 0.87536641
18.21000 0.87521677
18.22000 0.87506723
18.23000 0.87491780
18.24000 0.87476847
18.25000 0.87461925
18.26000 0.87447013
18.27000 0.87432111
18.28000 0.87417220
18.29000 0.87402339
18.30000 0.87387468
18.31000 0.87372608
18.32000 0.87357758
18.33000 0.87342918
18.34000 0.87328089
18.35000 0.87313269
18.36000 0.87298461
18.37000 0.87283662
18.38000 0.87268873
18.39000 0.87254095
18.40000 0.87239327
18.41000 0.87224569
18.42000 0.87209821
18.43000 0.87195084
18.44000 0.87180356
18.45000 0.87165639
18.46000 0.87150932
18.47000 0.87136235
18.48000 0.87121548
18.49000 0.87106871
18.50000 0.87092204
18.51000 0.87077547
18.52000 0.87062901
18.53000 0.87048264
18.54000 0.87033637
18.55000 0.87019021
18.56000 0.87004414
18.57000 0.86989818
18.58000 0.86975231
18.59000 0.86960654
18.60000 0.86946088
18.61000 0.86931531
18.62000 0.86916984
18.63000 0.86902447
18.64000 0.86887920
18.65000 0.86873403
18.66000 0.86858896
18.67000 0.86844398
18.68000 0.86829911
18.69000 0.86815433
18.70000 0.86800966
18.71000 0.86786508
18.72000 0.86772059
18.73000 0.86757621
18.74000 0.86743193
18.75000 0.86728774
18.76000 0.86714365
18.77000 0.86699965
18.78000 0.86685576
18.79000 0.86671196
18.80000 0.86656826
18.81000 0.86642466
18.82000 0.86628115
18.83000 0.86613774
18.84000 0.86599443
18.85000 0.86585121
18.86000 0.86570809
18.87000 0.86556507
18.88000 0.86542214
18.89000 0.86527931
18.90000 0.86513658
18.91000 0.86499394
18.92000 0.86485139
18.93000 0.86470895
18.94000 0.86456659
18.95000 0.86442434
18.96000 0.86428218
18.97000 0.86414011
18.98000 0.86399814
18.99000 0.86385627
19.00000 0.86371448
19.01000 0.86357280
19.02000 0.86343121
19.03000 0.86328971
19.04000 0.86314831
19.05000 0.86300700
19.06000 0.86286579
19.07000 0.86272467
19.08000 0.86258364
19.09000 0.86244271
19.10000 0.86230188
19.11000 0.86216113
19.12000 0.86202048
19.13000 0.86187993
19.14000 0.86173946
19.15000 0.86159909
19.16000 0.86145882
19.17000 0.86131863
19.18000 0.86117854
19.19000 0.86103854
19.20000 0.86089864
19.21000 0.86075883
19.22000 0.86061911
19.23000 0.86047948
19.24000 0.86033994
19.25000 0.86020050
19.26000 0.86006115
19.27000 0.85992189
19.28000 0.85978272
19.29000 0.85964365
19.30000 0.85950467
19.31000 0.85936577
19.32000 0.85922697
19.33000 0.85908826
19.34000 0.85894965
19.35000 0.85881112
19.36000 0.85867268
19.37000 0.85853434
19.38000 0.85839608
19.39000 0.85825792
19.40000 0.85811985
19.41000 0.85798186
19.42000 0.85784397
19.43000 0.85770617
19.44000 0.85756846
19.45000 0.85743084
19.46000 0.85729331
19.47000 0.85715587
19.48000 0.85701851
19.49000 0.85688125
19.50000 0.85674408
19.51000 0.85660700
19.52000 0.85647000
19.53000 0.85633310
19.54000 0.85619628
19.55000 0.85605956
19.56000 0.85592292
19.57000 0.85578637
19.58000 0.85564991
19.59000 0.85551354
19.60000 0.85537726
19.61000 0.85524106
19.62000 0.85510496
19.63000 0.85496894
19.64000 0.85483301
19.65000 0.85469717
19.66000 0.85456142
19.67000 0.85442575
19.68000 0.85429018
19.69000 0.85415469
19.70000 0.85401928
19.71000 0.85388397
19.72000 0.85374874
19.73000 0.85361360
19.74000 0.85347855
19.75000 0.85334358
19.76000 0.85320870
19.77000 0.85307391
19.78000 0.85293921
19.79000 0.85280459
19.80000 0.85267005
19.81000 0.85253561
19.82000 0.85240125
19.83000 0.85226698
19.84000 0.85213279
19.85000 0.85199869
19.86000 0.85186467
19.87000 0.85173074
19.88000 0.85159690
19.89000 0.85146314
19.90000 0.85132947
19.91000 0.85119588
19.92000 0.85106238
19.93000 0.85092897
19.94000 0.85079564
19.95000 0.85066239
19.96000 0.85052923
19.97000 0.85039616
19.98000 0.85026317
19.99000 0.85013026
20.00000 0.84999744
20.01000 0.84986470
20.02000 0.84973205
20.03000 0.84959948
20.04000 0.84946700
20.05000 0.84933460
20.06000 0.84920228
20.07000 0.84907005
20.08000 0.84893790
20.09000 0.84880584
20.10000 0.84867386
20.11000 0.84854196
20.12000 0.84841015
20.13000 0.84827842
20.14000 0.84814678
20.15000 0.84801521
20.16000 0.84788373
20.17000 0.84775234
20.18000 0.84762102
20.19000 0.84748979
20.20000 0.84735864
20.21000 0.84722758
20.22000 0.84709660
20.23000 0.84696570
20.24000 0.84683488
20.25000 0.84670414
20.26000 0.84657349
20.27000 0.84644292
20.28000 0.84631243
20.29000 0.84618202
20.30000 0.84605170
20.31000 0.84592145
20.32000 0.84579129
20.33000 0.84566121
20.34000 0.84553121
20.35000 0.84540129
20.36000 0.84527146
20.37000 0.84514170
20.38000 0.84501203
20.39000 0.84488244
20.40000 0.84475293
20.41000 0.84462349
20.42000 0.84449414
20.43000 0.84436488
20.44000 0.84423569
20.45000 0.84410658
20.46000 0.84397755
20.47000 0.84384860
20.48000 0.84371974
20.49000 0.84359095
20.50000 0.84346224
20.51000 0.84333362
20.52000 0.84320507
20.53000 0.84307660
20.54000 0.84294822
20.55000 0.84281991
20.56000 0.84269168
20.57000 0.84256353
20.58000 0.84243546
20.59000 0.84230747
20.60000 0.84217956
20.61000 0.84205173
20.62000 0.84192398
20.63000 0.84179630
20.64000 0.84166871
20.65000 0.84154119
20.66000 0.84141376
20.67000 0.84128640
20.68000 0.84115912
20.69000 0.84103192
20.70000 0.84090479
20.71000 0.84077775
20.72000 0.84065078
20.73000 0.84052389
20.74000 0.84039708
20.75000 0.84027035
20.76000 0.84014370
20.77000 0.84001712
20.78000 0.83989062
20.79000 0.83976420
20.80000 0.83963785
20.81000 0.83951159
20.82000 0.83938540
20.83000 0.83925929
20.84000 0.83913325
20.85000 0.83900729
20.86000 0.83888141
20.87000 0.83875561
20.88000 0.83862988
20.89000 0.83850423
20.90000 0.83837866
20.91000 0.83825316
20.92000 0.83812774
20.93000 0.83800240
20.94000 0.83787713
20.95000 0.83775194
20.96000 0.83762683
20.97000 0.83750179
20.98000 0.83737682
20.99000 0.83725194
21.00000 0.83712713
21.01000 0.83700239
21.02000 0.83687773
21.03000 0.83675315
21.04000 0.83662864
21.05000 0.83650421
21.06000 0.83637985
21.07000 0.83625557
21.08000 0.83613136
21.09000 0.83600723
21.10000 0.83588317
21.11000 0.83575919
21.12000 0.83563529
21.13000 0.83551145
21.14000 0.83538770
21.15000 0.83526401
21.16000 0.83514041
21.17000 0.83501687
21.18000 0.83489342
21.19000 0.83477003
21.20000 0.83464672
21.21000 0.83452349
21.22000 0.83440032
21.23000 0.83427724
21.24000 0.83415422
21.25000 0.83403128
21.26000 0.83390842
21.27000 0.83378562
21.28000 0.83366291
21.29000 0.83354026
21.30000 0.83341769
21.31000 0.83329519
21.32000 0.83317277
21.33000 0.83305042
21.34000 0.83292814
21.35000 0.83280593
21.36000 0.83268380
21.37000 0.83256174
21.38000 0.83243976
21.39000 0.83231784
21.40000 0.83219600
21.41000 0.83207423
21.42000 0.83195254
21.43000 0.83183092
21.44000 0.83170937
21.45000 0.83158789
21.46000 0.83146648
21.47000 0.83134515
21.48000 0.83122389
21.49000 0.83110270
21.50000 0.83098158
21.51000 0.83086054
21.52000 0.83073956
21.53000 0.83061866
21.54000 0.83049783
21.55000 0.83037707
21.56000 0.83025639
21.57000 0.83013577
21.58000 0.83001523
21.59000 0.82989475
21.60000 0.82977435
21.61000 0.82965402
21.62000 0.82953376
21.63000 0.82941358
21.64000 0.82929346
21.65000 0.82917341
21.66000 0.82905344
21.67000 0.82893353
21.68000 0.82881370
21.69000 0.82869393
21.70000 0.82857424
21.71000 0.82845462
21.72000 0.82833507
21.73000 0.82821558
21.74000 0.82809617
21.75000 0.82797683
21.76000 0.82785756
21.77000 0.82773836
21.78000 0.82761923
21.79000 0.82750016
21.80000 0.82738117
21.81000 0.82726225
21.82000 0.82714340
21.83000 0.82702461
21.84000 0.82690590
21.85000 0.82678726
21.86000 0.82666868
21.87000 0.82655018
21.88000 0.82643174
21.89000 0.82631337
21.90000 0.82619508
21.91000 0.82607685
21.92000 0.82595869
21.93000 0.82584060
21.94000 0.82572257
21.95000 0.82560462
21.96000 0.82548674
21.97000 0.82536892
21.98000 0.82525117
21.99000 0.82513349
22.00000 0.82501588
22.01000 0.82489834
22.02000 0.82478086
22.03000 0.82466346
22.04000 0.82454612
22.05000 0.82442885
22.06000 0.82431165
22.07000 0.82419451
22.08000 0.82407745
22.09000 0.82396045
22.10000 0.82384352
22.11000 0.82372665
22.12000 0.82360986
22.13000 0.82349313
22.14000 0.82337647
22.15000 0.82325987
22.16000 0.82314335
22.17000 0.82302689
22.18000 0.82291050
22.19000 0.82279417
22.20000 0.82267791
22.21000 0.82256172
22.22000 0.82244560
22.23000 0.82232954
22.24000 0.82221355
22.25000 0.82209762
22.26000 0.82198177
22.27000 0.82186598
22.28000 0.82175025
22.29000 0.82163459
22.30000 0.82151900
22.31000 0.82140348
22.32000 0.82128802
22.33000 0.82117262
22.34000 0.82105730
22.35000 0.82094204
22.36000 0.82082684
22.37000 0.82071171
22.38000 0.82059665
22.39000 0.82048165
22.40000 0.82036672
22.41000 0.82025185
22.42000 0.82013705
22.43000 0.82002232
22.44000 0.81990765
22.45000 0.81979304
22.46000 0.81967850
22.47000 0.81956403
22.48000 0.81944962
22.49000 0.81933528
22.50000 0.81922100
22.51000 0.81910678
22.52000 0.81899263
22.53000 0.81887855
22.54000 0.81876453
22.55000 0.81865057
22.56000 0.81853668
22.57000 0.81842286
22.58000 0.81830910
22.59000 0.81819540
22.60000 0.81808177
22.61000 0.81796820
22.62000 0.81785470
22.63000 0.81774126
22.64000 0.81762788
22.65000 0.81751457
22.66000 0.81740132
22.67000 0.81728814
22.68000 0.81717502
22.69000 0.81706196
22.70000 0.81694897
22.71000 0.81683604
22.72000 0.81672318
22.73000 0.81661038
22.74000 0.81649764
22.75000 0.81638497
22.76000 0.81627236
22.77000 0.81615981
22.78000 0.81604732
22.79000 0.81593490
22.80000 0.81582254
22.81000 0.81571025
22.82000 0.81559802
22.83000 0.81548585
22.84000 0.81537374
22.85000 0.81526170
22.86000 0.81514972
22.87000 0.81503780
22.88000 0.81492594
22.89000 0.81481415
22.90000 0.81470242
22.91000 0.81459075
22.92000 0.81447915
22.93000 0.81436760
22.94000 0.81425612
22.95000 0.81414470
22.96000 0.81403335
22.97000 0.81392205
22.98000 0.81381082
22.99000 0.81369965
23.00000 0.81358854
23.01000 0.81347749
23.02000 0.81336651
23.03000 0.81325559
23.04000 0.81314472
23.05000 0.81303392
23.06000 0.81292319
23.07000 0.81281251
23.08000 0.81270189
23.09000 0.81259134
23.10000 0.81248085
23.11000 0.81237041
23.12000 0.81226004
23.13000 0.81214973
23.14000 0.81203948
23.15000 0.81192930
23.16000 0.81181917
23.17000 0.81170910
23.18000 0.81159910
23.19000 0.81148916
23.20000 0.81137927
23.21000 0.81126945
23.22000 0.81115969
23.23000 0.81104999
23.24000 0.81094034
23.25000 0.81083076
23.26000 0.81072124
23.27000 0.81061178
23.28000 0.81050238
23.29000 0.81039304
23.30000 0.81028376
23.31000 0.81017454
23.32000 0.81006538
23.33000 0.80995629
23.34000 0.80984725
23.35000 0.80973827
23.36000 0.80962935
23.37000 0.80952048
23.38000 0.80941168
23.39000 0.80930294
23.40000 0.80919426
23.41000 0.80908564
23.42000 0.80897708
23.43000 0.80886857
23.44000 0.80876013
23.45000 0.80865174
23.46000 0.80854342
23.47000 0.80843515
23.48000 0.80832695
23.49000 0.80821880
23.50000 0.80811071
23.51000 0.80800268
23.52000 0.80789471
23.53000 0.80778679
23.54000 0.80767894
23.55000 0.80757114
23.56000 0.80746341
23.57000 0.80735573
23.58000 0.80724811
23.59000 0.80714055
23.60000 0.80703305
23.61000 0.80692560
23.62000 0.80681822
23.63000 0.80671089
23.64000 0.80660362
23.65000 0.80649641
23.66000 0.80638925
23.67000 0.80628216
23.68000 0.80617512
23.69000 0.80606814
23.70000 0.80596122
23.71000 0.80585436
23.72000 0.80574755
23.73000 0.80564080
23.74000 0.80553411
23.75000 0.80542748
23.76000 0.80532090
23.77000 0.80521439
23.78000 0.80510793
23.79000 0.80500152
23.80000 0.80489518
23.81000 0.80478889
23.82000 0.80468266
23.83000 0.80457648
23.84000 0.80447037
23.85000 0.80436431
23.86000 0.80425830
23.87000 0.80415236
23.88000 0.80404647
23.89000 0.80394064
23.90000 0.80383486
23.91000 0.80372914
23.92000 0.80362348
23.93000 0.80351787
23.94000 0.80341232
23.95000 0.80330683
23.96000 0.80320140
23.97000 0.80309602
23.98000 0.80299069
23.99000 0.80288543
24.00000 0.80278022
24.01000 0.80267506
24.02000 0.80256996
24.03000 0.80246492
24.04000 0.80235994
24.05000 0.80225500
24.06000 0.80215013
24.07000 0.80204531
24.08000 0.80194055
24.09000 0.80183584
24.10000 0.80173119
24.11000 0.80162660
24.12000 0.80152206
24.13000 0.80141757
24.14000 0.80131315
24.15000 0.80120877
24.16000 0.80110445
24.17000 0.80100019
24.18000 0.80089599
24.19000 0.80079183
24.20000 0.80068774
24.21000 0.80058370
24.22000 0.80047971
24.23000 0.80037578
24.24000 0.80027190
24.25000 0.80016808
24.26000 0.80006432
24.27000 0.79996060
24.28000 0.79985695
24.29000 0.79975335
24.30000 0.79964980
24.31000 0.79954631
24.32000 0.79944287
24.33000 0.79933949
24.34000 0.79923616
24.35000 0.79913288
24.36000 0.79902966
24.37000 0.79892650
24.38000 0.79882339
24.39000 0.79872033
24.40000 0.79861733
24.41000 0.79851438
24.42000 0.79841148
24.43000 0.79830864
24.44000 0.79820586
24.45000 0.79810312
24.46000 0.79800045
24.47000 0.79789782
24.48000 0.79779525
24.49000 0.79769273
24.50000 0.79759027
24.51000 0.79748786
24.52000 0.79738550
24.53000 0.79728320
24.54000 0.79718095
24.55000 0.79707876
24.56000 0.79697661
24.57000 0.79687453
24.58000 0.79677249
24.59000 0.79667051
24.60000 0.79656858
24.61000 0.79646670
24.62000 0.79636488
24.63000 0.79626311
24.64000 0.79616140
24.65000 0.79605973
24.66000 0.79595812
24.67000 0.79585656
24.68000 0.79575506
24.69000 0.79565361
24.70000 0.79555221
24.71000 0.79545086
24.72000 0.79534957
24.73000 0.79524832
24.74000 0.79514714
24.75000 0.79504600
24.76000 0.79494492
24.77000 0.79484388
24.78000 0.79474290
24.79000 0.79464198
24.80000 0.79454110
24.81000 0.79444028
24.82000 0.79433951
24.83000 0.79423879
24.84000 0.79413813
24.85000 0.79403751
24.86000 0.79393695
24.87000 0.79383644
24.88000 0.79373598
24.89000 0.79363558
24.90000 0.79353522
24.91000 0.79343492
24.92000 0.79333467
24.93000 0.79323447
24.94000 0.79313432
24.95000 0.79303422
24.96000 0.79293418
24.97000 0.79283419
24.98000 0.79273424
24.99000 0.79263435
25.00000 0.79253451
25.01000 0.79243473
25.02000 0.79233499
25.03000 0.79223530
25.04000 0.79213567
25.05000 0.79203609
25.06000 0.79193656
25.07000 0.79183707
25.08000 0.79173764
25.09000 0.79163826
25.10000 0.79153894
25.11000 0.79143966
25.12000 0.79134043
25.13000 0.79124126
25.14000 0.79114213
25.15000 0.79104306
25.16000 0.79094403
25.17000 0.79084506
25.18000 0.79074614
25.19000 0.79064726
25.20000 0.79054844
25.21000 0.79044967
25.22000 0.79035095
25.23000 0.79025228
25.24000 0.79015366
25.25000 0.79005508
25.26000 0.78995656
25.27000 0.78985809
25.28000 0.78975967
25.29000 0.78966130
25.30000 0.78956298
25.31000 0.78946471
25.32000 0.78936649
25.33000 0.78926832
25.34000 0.78917020
25.35000 0.78907213
25.36000 0.78897411
25.37000 0.78887613
25.38000 0.78877821
25.39000 0.78868034
25.40000 0.78858252
25.41000 0.78848474
25.42000 0.78838702
25.43000 0.78828934
25.44000 0.78819172
25.45000 0.78809414
25.46000 0.78799662
25.47000 0.78789914
25.48000 0.78780171
25.49000 0.78770433
25.50000 0.78760700
25.51000 0.78750972
25.52000 0.78741249
25.53000 0.78731530
25.54000 0.78721817
25.55000 0.78712108
25.56000 0.78702405
25.57000 0.78692706
25.58000 0.78683012
25.59000 0.78673323
25.60000 0.78663639
25.61000 0.78653960
25.62000 0.78644285
25.63000 0.78634616
25.64000 0.78624951
25.65000 0.78615291
25.66000 0.78605636
25.67000 0.78595986
25.68000 0.78586340
25.69000 0.78576700
25.70000 0.78567064
25.71000 0.78557433
25.72000 0.78547807
25.73000 0.78538186
25.74000 0.78528569
25.75000 0.78518958
25.76000 0.78509351
25.77000 0.78499749
25.78000 0.78490151
25.79000 0.78480559
25.80000 0.78470971
25.81000 0.78461388
25.82000 0.78451810
25.83000 0.78442237
25.84000 0.78432668
25.85000 0.78423104
25.86000 0.78413545
25.87000 0.78403991
25.88000 0.78394441
25.89000 0.78384896
25.90000 0.78375356
25.91000 0.78365821
25.92000 0.78356290
25.93000 0.78346764
25.94000 0.78337243
25.95000 0.78327726
25.96000 0.78318215
25.97000 0.78308708
25.98000 0.78299205
25.99000 0.78289708
26.00000 0.78280215
26.01000 0.78270727
26.02000 0.78261243
26.03000 0.78251764
26.04000 0.78242290
26.05000 0.78232820
26.06000 0.78223356
26.07000 0.78213895
26.08000 0.78204440
26.09000 0.78194989
26.10000 0.78185543
26.11000 0.78176102
26.12000 0.78166665
26.13000 0.78157232
26.14000 0.78147805
26.15000 0.78138382
26.16000 0.78128964
26.17000 0.78119550
26.18000 0.78110141
26.19000 0.78100737
26.20000 0.78091337
26.21000 0.78081942
26.22000 0.78072551
26.23000 0.78063165
26.24000 0.78053784
26.25000 0.78044407
26.26000 0.78035035
26.27000 0.78025667
26.28000 0.78016304
26.29000 0.78006946
26.30000 0.77997592
26.31000 0.77988243
26.32000 0.77978898
26.33000 0.77969558
26.34000 0.77960223
26.35000 0.77950892
26.36000 0.77941565
26.37000 0.77932243
26.38000 0.77922926
26.39000 0.77913613
26.40000 0.77904305
26.41000 0.77895002
26.42000 0.77885702
26.43000 0.77876408
26.44000 0.77867118
26.45000 0.77857832
26.46000 0.77848551
26.47000 0.77839275
26.48000 0.77830003
26.49000 0.77820735
26.50000 0.77811472
26.51000 0.77802214
26.52000 0.77792959
26.53000 0.77783710
26.54000 0.77774465
26.55000 0.77765224
26.56000 0.77755988
26.57000 0.77746757
26.58000 0.77737530
26.59000 0.77728307
26.60000 0.77719089
26.61000 0.77709875
26.62000 0.77700666
26.63000 0.77691461
26.64000 0.77682261
26.65000 0.77673065
26.66000 0.77663873
26.67000 0.77654686
26.68000 0.77645503
26.69000 0.77636325
26.70000 0.77627152
26.71000 0.77617982
26.72000 0.77608817
26.73000 0.77599657
26.74000 0.77590501
26.75000 0.77581349
26.76000 0.77572202
26.77000 0.77563059
26.78000 0.77553921
26.79000 0.77544786
26.80000 0.77535657
26.81000 0.77526531
26.82000 0.77517411
26.83000 0.77508294
26.84000 0.77499182
26.85000 0.77490074
26.86000 0.77480971
26.87000 0.77471872
26.88000 0.77462777
26.89000 0.77453687
26.90000 0.77444601
26.91000 0.77435519
26.92000 0.77426442
26.93000 0.77417369
26.94000 0.77408300
26.95000 0.77399236
26.96000 0.77390176
26.97000 0.77381120
26.98000 0.77372069
26.99000 0.77363022
27.00000 0.77353980
27.01000 0.77344941
27.02000 0.77335907
27.03000 0.77326877
27.04000 0.77317852
27.05000 0.77308831
27.06000 0.77299814
27.07000 0.77290802
27.08000 0.77281793
27.09000 0.77272789
27.10000 0.77263790
27.11000 0.77254794
27.12000 0.77245803
27.13000 0.77236817
27.14000 0.77227834
27.15000 0.77218856
27.16000 0.77209882
27.17000 0.77200912
27.18000 0.77191946
27.19000 0.77182985
27.20000 0.77174028
27.21000 0.77165075
27.22000 0.77156127
27.23000 0.77147182
27.24000 0.77138242
27.25000 0.77129306
27.26000 0.77120375
27.27000 0.77111447
27.28000 0.77102524
27.29000 0.77093605
27.30000 0.77084690
27.31000 0.77075780
27.32000 0.77066873
27.33000 0.77057971
27.34000 0.77049073
27.35000 0.77040180
27.36000 0.77031290
27.37000 0.77022405
27.38000 0.77013523
27.39000 0.77004646
27.40000 0.76995774
27.41000 0.76986905
27.42000 0.76978040
27.43000 0.76969180
27.44000 0.76960324
27.45000 0.76951472
27.46000 0.76942624
27.47000 0.76933780
27.48000 0.76924941
27.49000 0.76916105
27.50000 0.76907274
27.51000 0.76898447
27.52000 0.76889624
27.53000 0.76880805
27.54000 0.76871990
27.55000 0.76863180
27.56000 0.76854373
27.57000 0.76845571
27.58000 0.76836773
27.59000 0.76827979
27.60000 0.76819189
27.61000 0.76810403
27.62000 0.76801621
27.63000 0.76792843
27.64000 0.76784070
27.65000 0.76775300
27.66000 0.76766535
27.67000 0.76757773
27.68000 0.76749016
27.69000 0.76740263
27.70000 0.76731514
27.71000 0.76722769
27.72000 0.76714028
27.73000 0.76705291
27.74000 0.76696558
27.75000 0.76687829
27.76000 0.76679104
27.77000 0.76670384
27.78000 0.76661667
27.79000 0.76652955
27.80000 0.76644246
27.81000 0.76635542
27.82000 0.76626841
27.83000 0.76618145
27.84000 0.76609452
27.85000 0.76600764
27.86000 0.76592080
27.87000 0.76583399
27.88000 0.76574723
27.89000 0.76566051
27.90000 0.76557382
27.91000 0.76548718
27.92000 0.76540058
27.93000 0.76531402
27.94000 0.76522749
27.95000 0.76514101
27.96000 0.76505457
27.97000 0.76496816
27.98000 0.76488180
27.99000 0.76479548
28.00000 0.76470919
28.01000 0.76462295
28.02000 0.76453675
28.03000 0.76445058
28.04000 0.76436446
28.05000 0.76427837
28.06000 0.76419233
28.07000 0.76410632
28.08000 0.76402035
28.09000 0.76393443
28.10000 0.76384854
28.11000 0.76376269
28.12000 0.76367688
28.13000 0.76359111
28.14000 0.76350538
28.15000 0.76341969
28.16000 0.76333404
28.17000 0.76324843
28.18000 0.76316286
28.19000 0.76307732
28.20000 0.76299183
28.21000 0.76290637
28.22000 0.76282096
28.23000 0.76273558
28.24000 0.76265024
28.25000 0.76256494
28.26000 0.76247968
28.27000 0.76239446
28.28000 0.76230928
28.29000 0.76222413
28.30000 0.76213903
28.31000 0.76205396
28.32000 0.76196893
28.33000 0.76188394
28.34000 0.76179900
28.35000 0.76171408
28.36000 0.76162921
28.37000 0.76154438
28.38000 0.76145958
28.39000 0.76137483
28.40000 0.76129011
28.41000 0.76120543
28.42000 0.76112079
28.43000 0.76103618
28.44000 0.76095162
28.45000 0.76086709
28.46000 0.76078261
28.47000 0.76069816
28.48000 0.76061375
28.49000 0.76052937
28.50000 0.76044504
28.51000 0.76036074
28.52000 0.76027648
28.53000 0.76019226
28.54000 0.76010808
28.55000 0.76002394
28.56000 0.75993983
28.57000 0.75985576
28.58000 0.75977173
28.59000 0.75968774
28.60000 0.75960379
28.61000 0.75951987
28.62000 0.75943599
28.63000 0.75935215
28.64000 0.75926835
28.65000 0.75918459
28.66000 0.75910086
28.67000 0.75901717
28.68000 0.75893352
28.69000 0.75884990
28.70000 0.75876633
28.71000 0.75868279
28.72000 0.75859929
28.73000 0.75851582
28.74000 0.75843240
28.75000 0.75834901
28.76000 0.75826566
28.77000 0.75818234
28.78000 0.75809907
28.79000 0.75801583
28.80000 0.75793263
28.81000 0.75784946
28.82000 0.75776633
28.83000 0.75768324
28.84000 0.75760019
28.85000 0.75751718
28.86000 0.75743420
28.87000 0.75735126
28.88000 0.75726835
28.89000 0.75718549
28.90000 0.75710266
28.91000 0.75701986
28.92000 0.75693711
28.93000 0.75685439
28.94000 0.75677171
28.95000 0.75668906
28.96000 0.75660645
28.97000 0.75652388
28.98000 0.75644135
28.99000 0.75635885
29.00000 0.75627639
29.01000 0.75619396
29.02000 0.75611157
29.03000 0.75602922
29.04000 0.75594691
29.05000 0.75586463
29.06000 0.75578239
29.07000 0.75570019
29.08000 0.75561802
29.09000 0.75553589
29.10000 0.75545379
29.11000 0.75537173
29.12000 0.75528971
29.13000 0.75520772
29.14000 0.75512577
29.15000 0.75504386
29.16000 0.75496198
29.17000 0.75488014
29.18000 0.75479834
29.19000 0.75471657
29.20000 0.75463484
29.21000 0.75455314
29.22000 0.75447148
29.23000 0.75438986
29.24000 0.75430827
29.25000 0.75422672
29.26000 0.75414521
29.27000 0.75406373
29.28000 0.75398228
29.29000 0.75390087
29.30000 0.75381950
29.31000 0.75373817
29.32000 0.75365687
29.33000 0.75357560
29.34000 0.75349438
29.35000 0.75341318
29.36000 0.75333203
29.37000 0.75325091
29.38000 0.75316982
29.39000 0.75308877
29.40000 0.75300776
29.41000 0.75292678
29.42000 0.75284583
29.43000 0.75276493
29.44000 0.75268406
29.45000 0.75260322
29.46000 0.75252242
29.47000 0.75244165
29.48000 0.75236092
29.49000 0.75228023
29.50000 0.75219957
29.51000 0.75211895
29.52000 0.75203836
29.53000 0.75195780
29.54000 0.75187729
29.55000 0.75179680
29.56000 0.75171636
29.57000 0.75163594
29.58000 0.75155557
29.59000 0.75147522
29.60000 0.75139492
29.61000 0.75131465
29.62000 0.75123441
29.63000 0.75115421
29.64000 0.75107404
29.65000 0.75099391
29.66000 0.75091381
29.67000 0.75083375
29.68000 0.75075372
29.69000 0.75067373
29.70000 0.75059377
29.71000 0.75051385
29.72000 0.75043396
29.73000 0.75035411
29.74000 0.75027429
29.75000 0.75019451
29.76000 0.75011476
29.77000 0.75003504
29.78000 0.74995536
29.79000 0.74987572
29.80000 0.74979611
29.81000 0.74971653
29.82000 0.74963699
29.83000 0.74955748
29.84000 0.74947801
29.85000 0.74939857
29.86000 0.74931917
29.87000 0.74923980
29.88000 0.74916046
29.89000 0.74908116
29.90000 0.74900190
29.91000 0.74892266
29.92000 0.74884346
29.93000 0.74876430
29.94000 0.74868517
29.95000 0.74860608
29.96000 0.74852702
29.97000 0.74844799
29.98000 0.74836900
29.99000 0.74829004
30.00000 0.74821111
30.01000 0.74813222
30.02000 0.74805336
30.03000 0.74797454
30.04000 0.74789575
30.05000 0.74781700
30.06000 0.74773828
30.07000 0.74765959
30.08000 0.74758094
30.09000 0.74750232
30.10000 0.74742373
30.11000 0.74734518
30.12000 0.74726666
30.13000 0.74718818
30.14000 0.74710973
30.15000 0.74703131
30.16000 0.74695292
30.17000 0.74687457
30.18000 0.74679626
30.19000 0.74671798
30.20000 0.74663973
30.21000 0.74656151
30.22000 0.74648333
30.23000 0.74640518
30.24000 0.74632706
30.25000 0.74624898
30.26000 0.74617093
30.27000 0.74609292
30.28000 0.74601494
30.29000 0.74593699
30.30000 0.74585907
30.31000 0.74578119
30.32000 0.74570334
30.33000 0.74562553
30.34000 0.74554775
30.35000 0.74547000
30.36000 0.74539228
30.37000 0.74531460
30.38000 0.74523695
30.39000 0.74515933
30.40000 0.74508175
30.41000 0.74500420
30.42000 0.74492668
30.43000 0.74484919
30.44000 0.74477174
30.45000 0.74469432
30.46000 0.74461694
30.47000 0.74453959
30.48000 0.74446227
30.49000 0.74438498
30.50000 0.74430772
30.51000 0.74423050
30.52000 0.74415331
30.53000 0.74407616
30.54000 0.74399903
30.55000 0.74392194
30.56000 0.74384488
30.57000 0.74376786
30.58000 0.74369086
30.59000 0.74361390
30.60000 0.74353698
30.61000 0.74346008
30.62000 0.74338322
30.63000 0.74330639
30.64000 0.74322959
30.65000 0.74315282
30.66000 0.74307609
30.67000 0.74299939
30.68000 0.74292272
30.69000 0.74284609
30.70000 0.74276948
30.71000 0.74269291
30.72000 0.74261637
30.73000 0.74253987
30.74000 0.74246339
30.75000 0.74238695
30.76000 0.74231054
30.77000 0.74223416
30.78000 0.74215782
30.79000 0.74208150
30.80000 0.74200522
30.81000 0.74192897
30.82000 0.74185275
30.83000 0.74177657
30.84000 0.74170041
30.85000 0.74162429
30.86000 0.74154820
30.87000 0.74147214
30.88000 0.74139612
30.89000 0.74132012
30.90000 0.74124416
30.91000 0.74116823
30.92000 0.74109233
30.93000 0.74101647
30.94000 0.74094063
30.95000 0.74086483
30.96000 0.74078906
30.97000 0.74071332
30.98000 0.74063761
30.99000 0.74056193
31.00000 0.74048629
31.01000 0.74041067
31.02000 0.74033509
31.03000 0.74025954
31.04000 0.74018402
31.05000 0.74010854
31.06000 0.74003308
31.07000 0.73995766
31.08000 0.73988226
31.09000 0.73980690
31.10000 0.73973157
31.11000 0.73965627
31.12000 0.73958100
31.13000 0.73950577
31.14000 0.73943056
31.15000 0.73935539
31.16000 0.73928025
31.17000 0.73920514
31.18000 0.73913006
31.19000 0.73905501
31.20000 0.73897999
31.21000 0.73890500
31.22000 0.73883005
31.23000 0.73875513
31.24000 0.73868023
31.25000 0.73860537
31.26000 0.73853054
31.27000 0.73845574
31.28000 0.73838097
31.29000 0.73830623
31.30000 0.73823153
31.31000 0.73815685
31.32000 0.73808220
31.33000 0.73800759
31.34000 0.73793301
31.35000 0.73785845
31.36000 0.73778393
31.37000 0.73770944
31.38000 0.73763498
31.39000 0.73756055
31.40000 0.73748615
31.41000 0.73741178
31.42000 0.73733744
31.43000 0.73726314
31.44000 0.73718886
31.45000 0.73711462
31.46000 0.73704040
31.47000 0.73696622
31.48000 0.73689206
31.49000 0.73681794
31.50000 0.73674384
31.51000 0.73666978
31.52000 0.73659575
31.53000 0.73652175
31.54000 0.73644778
31.55000 0.73637384
31.56000 0.73629992
31.57000 0.73622604
31.58000 0.73615219
31.59000 0.73607838
31.60000 0.73600459
31.61000 0.73593083
31.62000 0.73585710
31.63000 0.73578340
31.64000 0.73570973
31.65000 0.73563609
31.66000 0.73556248
31.67000 0.73548891
31.68000 0.73541536
31.69000 0.73534184
31.70000 0.73526835
31.71000 0.73519489
31.72000 0.73512147
31.73000 0.73504807
31.74000 0.73497470
31.75000 0.73490136
31.76000 0.73482806
31.77000 0.73475478
31.78000 0.73468153
31.79000 0.73460831
31.80000 0.73453512
31.81000 0.73446196
31.82000 0.73438883
31.83000 0.73431574
31.84000 0.73424267
31.85000 0.73416963
31.86000 0.73409662
31.87000 0.73402364
31.88000 0.73395069
31.89000 0.73387777
31.90000 0.73380487
31.91000 0.73373201
31.92000 0.73365918
31.93000 0.73358638
31.94000 0.73351361
31.95000 0.73344086
31.96000 0.73336815
31.97000 0.73329546
31.98000 0.73322281
31.99000 0.73315018
32.00000 0.73307759
32.01000 0.73300502
32.02000 0.73293248
32.03000 0.73285998
32.04000 0.73278750
32.05000 0.73271505
32.06000 0.73264263
32.07000 0.73257024
32.08000 0.73249788
32.09000 0.73242555
32.10000 0.73235324
32.11000 0.73228097
32.12000 0.73220872
32.13000 0.73213651
32.14000 0.73206432
32.15000 0.73199217
32.16000 0.73192004
32.17000 0.73184794
32.18000 0.73177587
32.19000 0.73170383
32.20000 0.73163182
32.21000 0.73155983
32.22000 0.73148788
32.23000 0.73141595
32.24000 0.73134406
32.25000 0.73127219
32.26000 0.73120035
32.27000 0.73112854
32.28000 0.73105676
32.29000 0.73098501
32.30000 0.73091329
32.31000 0.73084159
32.32000 0.73076993
32.33000 0.73069829
32.34000 0.73062668
32.35000 0.73055511
32.36000 0.73048356
32.37000 0.73041203
32.38000 0.73034054
32.39000 0.73026908
32.40000 0.73019764
32.41000 0.73012623
32.42000 0.73005485
32.43000 0.72998350
32.44000 0.72991218
32.45000 0.72984089
32.46000 0.72976962
32.47000 0.72969839
32.48000 0.72962718
32.49000 0.72955600
32.50000 0.72948485
32.51000 0.72941373
32.52000 0.72934263
32.53000 0.72927157
32.54000 0.72920053
32.55000 0.72912952
32.56000 0.72905854
32.57000 0.72898759
32.58000 0.72891666
32.59000 0.72884577
32.60000 0.72877490
32.61000 0.72870406
32.62000 0.72863325
32.63000 0.72856246
32.64000 0.72849171
32.65000 0.72842098
32.66000 0.72835028
32.67000 0.72827961
32.68000 0.72820897
32.69000 0.72813835
32.70000 0.72806777
32.71000 0.72799721
32.72000 0.72792668
32.73000 0.72785617
32.74000 0.72778570
32.75000 0.72771525
32.76000 0.72764483
32.77000 0.72757444
32.78000 0.72750408
32.79000 0.72743374
32.80000 0.72736343
32.81000 0.72729315
32.82000 0.72722290
32.83000 0.72715268
32.84000 0.72708248
32.85000 0.72701231
32.86000 0.72694217
32.87000 0.72687206
32.88000 0.72680197
32.89000 0.72673191
32.90000 0.72666188
32.91000 0.72659188
32.92000 0.72652190
32.93000 0.72645196
32.94000 0.72638204
32.95000 0.72631214
32.96000 0.72624228
32.97000 0.72617244
32.98000 0.72610263
32.99000 0.72603285
33.00000 0.72596309
33.01000 0.72589336
33.02000 0.72582366
33.03000 0.72575399
33.04000 0.72568434
33.05000 0.72561473
33.06000 0.72554514
33.07000 0.72547557
33.08000 0.72540603
33.09000 0.72533653
33.10000 0.72526704
33.11000 0.72519759
33.12000 0.72512816
33.13000 0.72505876
33.14000 0.72498939
33.15000 0.72492004
33.16000 0.72485072
33.17000 0.72478143
33.18000 0.72471217
33.19000 0.72464293
33.20000 0.72457372
33.21000 0.72450454
33.22000 0.72443538
33.23000 0.72436625
33.24000 0.72429715
33.25000 0.72422807
33.26000 0.72415902
33.27000 0.72409000
33.28000 0.72402101
33.29000 0.72395204
33.30000 0.72388310
33.31000 0.72381418
33.32000 0.72374530
33.33000 0.72367644
33.34000 0.72360760
33.35000 0.72353880
33.36000 0.72347002
33.37000 0.72340126
33.38000 0.72333254
33.39000 0.72326384
33.40000 0.72319517
33.41000 0.72312652
33.42000 0.72305790
33.43000 0.72298931
33.44000 0.72292074
33.45000 0.72285220
33.46000 0.72278369
33.47000 0.72271520
33.48000 0.72264674
33.49000 0.72257831
33.50000 0.72250990
33.51000 0.72244152
33.52000 0.72237317
33.53000 0.72230484
33.54000 0.72223654
33.55000 0.72216826
33.56000 0.72210001
33.57000 0.72203179
33.58000 0.72196360
33.59000 0.72189543
33.60000 0.72182728
33.61000 0.72175917
33.62000 0.72169108
33.63000 0.72162301
33.64000 0.72155498
33.65000 0.72148697
33.66000 0.72141898
33.67000 0.72135102
33.68000 0.72128309
33.69000 0.72121518
33.70000 0.72114730
33.71000 0.72107945
33.72000 0.72101162
33.73000 0.72094382
33.74000 0.72087604
33.75000 0.72080829
33.76000 0.72074057
33.77000 0.72067287
33.78000 0.72060520
33.79000 0.72053755
33.80000 0.72046993
33.81000 0.72040234
33.82000 0.72033477
33.83000 0.72026723
33.84000 0.72019972
33.85000 0.72013223
33.86000 0.72006476
33.87000 0.71999732
33.88000 0.71992991
33.89000 0.71986252
33.90000 0.71979516
33.91000 0.71972783
33.92000 0.71966052
33.93000 0.71959324
33.94000 0.71952598
33.95000 0.71945875
33.96000 0.71939154
33.97000 0.71932436
33.98000 0.71925721
33.99000 0.71919008
34.00000 0.71912297
34.01000 0.71905590
34.02000 0.71898884
34.03000 0.71892182
34.04000 0.71885482
34.05000 0.71878784
34.06000 0.71872089
34.07000 0.71865397
34.08000 0.71858707
34.09000 0.71852019
34.10000 0.71845334
34.11000 0.71838652
34.12000 0.71831973
34.13000 0.71825295
34.14000 0.71818621
34.15000 0.71811949
34.16000 0.71805279
34.17000 0.71798612
34.18000 0.71791948
34.19000 0.71785286
34.20000 0.71778626
34.21000 0.71771969
34.22000 0.71765315
34.23000 0.71758663
34.24000 0.71752014
34.25000 0.71745367
34.26000 0.71738723
34.27000 0.71732081
34.28000 0.71725442
34.29000 0.71718805
34.30000 0.71712171
34.31000 0.71705539
34.32000 0.71698910
34.33000 0.71692283
34.34000 0.71685659
34.35000 0.71679037
34.36000 0.71672418
34.37000 0.71665802
34.38000 0.71659187
34.39000 0.71652576
34.40000 0.71645967
34.41000 0.71639360
34.42000 0.71632756
34.43000 0.71626154
34.44000 0.71619555
34.45000 0.71612958
34.46000 0.71606364
34.47000 0.71599772
34.48000 0.71593183
34.49000 0.71586596
34.50000 0.71580012
34.51000 0.71573430
34.52000 0.71566851
34.53000 0.71560274
34.54000 0.71553700
34.55000 0.71547128
34.56000 0.71540558
34.57000 0.71533991
34.58000 0.71527427
34.59000 0.71520865
34.60000 0.71514305
34.61000 0.71507748
34.62000 0.71501193
34.63000 0.71494641
34.64000 0.71488091
34.65000 0.71481544
34.66000 0.71474999
34.67000 0.71468457
34.68000 0.71461917
34.69000 0.71455380
34.70000 0.71448845
34.71000 0.71442312
34.72000 0.71435782
34.73000 0.71429254
34.74000 0.71422729
34.75000 0.71416206
34.76000 0.71409686
34.77000 0.71403168
34.78000 0.71396652
34.79000 0.71390139
34.80000 0.71383629
34.81000 0.71377121
34.82000 0.71370615
34.83000 0.71364112
34.84000 0.71357611
34.85000 0.71351112
34.86000 0.71344616
34.87000 0.71338122
34.88000 0.71331631
34.89000 0.71325142
34.90000 0.71318656
34.91000 0.71312172
34.92000 0.71305691
34.93000 0.71299211
34.94000 0.71292735
34.95000 0.71286260
34.96000 0.71279788
34.97000 0.71273319
34.98000 0.71266852
34.99000 0.71260387
35.00000 0.71253925
35.01000 0.71247465
35.02000 0.71241007
35.03000 0.71234552
35.04000 0.71228100
35.05000 0.71221649
35.06000 0.71215201
35.07000 0.71208756
35.08000 0.71202313
35.09000 0.71195872
35.10000 0.71189433
35.11000 0.71182997
35.12000 0.71176564
35.13000 0.71170133
35.14000 0.71163704
35.15000 0.71157277
35.16000 0.71150853
35.17000 0.71144431
35.18000 0.71138012
35.19000 0.71131595
35.20000 0.71125180
35.21000 0.71118768
35.22000 0.71112358
35.23000 0.71105951
35.24000 0.71099546
35.25000 0.71093143
35.26000 0.71086742
35.27000 0.71080344
35.28000 0.71073949
35.29000 0.71067555
35.30000 0.71061164
35.31000 0.71054776
35.32000 0.71048389
35.33000 0.71042005
35.34000 0.71035624
35.35000 0.71029244
35.36000 0.71022868
35.37000 0.71016493
35.38000 0.71010121
35.39000 0.71003751
35.40000 0.70997383
35.41000 0.70991018
35.42000 0.70984655
35.43000 0.70978295
35.44000 0.70971937
35.45000 0.70965581
35.46000 0.70959227
35.47000 0.70952876
35.48000 0.70946527
35.49000 0.70940181
35.50000 0.70933836
35.51000 0.70927494
35.52000 0.70921155
35.53000 0.70914818
35.54000 0.70908483
35.55000 0.70902150
35.56000 0.70895820
35.57000 0.70889492
35.58000 0.70883166
35.59000 0.70876843
35.60000 0.70870522
35.61000 0.70864203
35.62000 0.70857886
35.63000 0.70851572
35.64000 0.70845260
35.65000 0.70838951
35.66000 0.70832644
35.67000 0.70826339
35.68000 0.70820036
35.69000 0.70813736
35.70000 0.70807438
35.71000 0.70801142
35.72000 0.70794848
35.73000 0.70788557
35.74000 0.70782268
35.75000 0.70775982
35.76000 0.70769697
35.77000 0.70763415
35.78000 0.70757136
35.79000 0.70750858
35.80000 0.70744583
35.81000 0.70738310
35.82000 0.70732039
35.83000 0.70725771
35.84000 0.70719505
35.85000 0.70713241
35.86000 0.70706980
35.87000 0.70700720
35.88000 0.70694463
35.89000 0.70688209
35.90000 0.70681956
35.91000 0.70675706
35.92000 0.70669458
35.93000 0.70663212
35.94000 0.70656969
35.95000 0.70650728
35.96000 0.70644489
35.97000 0.70638252
35.98000 0.70632018
35.99000 0.70625786
36.00000 0.70619556
36.01000 0.70613328
36.02000 0.70607103
36.03000 0.70600880
36.04000 0.70594659
36.05000 0.70588440
36.06000 0.70582224
36.07000 0.70576010
36.08000 0.70569798
36.09000 0.70563588
36.10000 0.70557381
36.11000 0.70551175
36.12000 0.70544972
36.13000 0.70538772
36.14000 0.70532573
36.15000 0.70526377
36.16000 0.70520183
36.17000 0.70513991
36.18000 0.70507801
36.19000 0.70501614
36.20000 0.70495429
36.21000 0.70489246
36.22000 0.70483065
36.23000 0.70476887
36.24000 0.70470711
36.25000 0.70464536
36.26000 0.70458365
36.27000 0.70452195
36.28000 0.70446028
36.29000 0.70439862
36.30000 0.70433699
36.31000 0.70427539
36.32000 0.70421380
36.33000 0.70415224
36.34000 0.70409069
36.35000 0.70402918
36.36000 0.70396768
36.37000 0.70390620
36.38000 0.70384475
36.39000 0.70378332
36.40000 0.70372191
36.41000 0.70366052
36.42000 0.70359915
36.43000 0.70353781
36.44000 0.70347649
36.45000 0.70341519
36.46000 0.70335391
36.47000 0.70329265
36.48000 0.70323142
36.49000 0.70317020
36.50000 0.70310901
36.51000 0.70304784
36.52000 0.70298670
36.53000 0.70292557
36.54000 0.70286447
36.55000 0.70280339
36.56000 0.70274233
36.57000 0.70268129
36.58000 0.70262027
36.59000 0.70255927
36.60000 0.70249830
36.61000 0.70243735
36.62000 0.70237642
36.63000 0.70231551
36.64000 0.70225462
36.65000 0.70219376
36.66000 0.70213291
36.67000 0.70207209
36.68000 0.70201129
36.69000 0.70195051
36.70000 0.70188976
36.71000 0.70182902
36.72000 0.70176831
36.73000 0.70170761
36.74000 0.70164694
36.75000 0.70158629
36.76000 0.70152566
36.77000 0.70146506
36.78000 0.70140447
36.79000 0.70134391
36.80000 0.70128336
36.81000 0.70122284
36.82000 0.70116234
36.83000 0.70110186
36.84000 0.70104141
36.85000 0.70098097
36.86000 0.70092056
36.87000 0.70086016
36.88000 0.70079979
36.89000 0.70073944
36.90000 0.70067911
36.91000 0.70061880
36.92000 0.70055852
36.93000 0.70049825
36.94000 0.70043801
36.95000 0.70037778
36.96000 0.70031758
36.97000 0.70025740
36.98000 0.70019724
36.99000 0.70013710
37.00000 0.70007699
37.01000 0.70001689
37.02000 0.69995682
37.03000 0.69989676
37.04000 0.69983673
37.05000 0.69977672
37.06000 0.69971673
37.07000 0.69965676
37.08000 0.69959681
37.09000 0.69953688
37.10000 0.69947698
37.11000 0.69941709
37.12000 0.69935723
37.13000 0.69929738
37.14000 0.69923756
37.15000 0.69917776
37.16000 0.69911798
37.17000 0.69905822
37.18000 0.69899848
37.19000 0.69893876
37.20000 0.69887906
37.21000 0.69881939
37.22000 0.69875973
37.23000 0.69870010
37.24000 0.69864049
37.25000 0.69858089
37.26000 0.69852132
37.27000 0.69846177
37.28000 0.69840224
37.29000 0.69834273
37.30000 0.69828324
37.31000 0.69822377
37.32000 0.69816433
37.33000 0.69810490
37.34000 0.69804549
37.35000 0.69798611
37.36000 0.69792675
37.37000 0.69786740
37.38000 0.69780808
37.39000 0.69774878
37.40000 0.69768949
37.41000 0.69763023
37.42000 0.69757099
37.43000 0.69751177
37.44000 0.69745257
37.45000 0.69739340
37.46000 0.69733424
37.47000 0.69727510
37.48000 0.69721598
37.49000 0.69715689
37.50000 0.69709781
37.51000 0.69703875
37.52000 0.69697972
37.53000 0.69692070
37.54000 0.69686171
37.55000 0.69680274
37.56000 0.69674378
37.57000 0.69668485
37.58000 0.69662594
37.59000 0.69656705
37.60000 0.69650818
37.61000 0.69644932
37.62000 0.69639049
37.63000 0.69633168
37.64000 0.69627289
37.65000 0.69621412
37.66000 0.69615537
37.67000 0.69609664
37.68000 0.69603793
37.69000 0.69597925
37.70000 0.69592058
37.71000 0.69586193
37.72000 0.69580330
37.73000 0.69574469
37.74000 0.69568611
37.75000 0.69562754
37.76000 0.69556899
37.77000 0.69551047
37.78000 0.69545196
37.79000 0.69539347
37.80000 0.69533501
37.81000 0.69527656
37.82000 0.69521813
37.83000 0.69515973
37.84000 0.69510134
37.85000 0.69504298
37.86000 0.69498463
37.87000 0.69492630
37.88000 0.69486800
37.89000 0.69480971
37.90000 0.69475145
37.91000 0.69469320
37.92000 0.69463498
37.93000 0.69457677
37.94000 0.69451858
37.95000 0.69446042
37.96000 0.69440227
37.97000 0.69434415
37.98000 0.69428604
37.99000 0.69422795
38.00000 0.69416989
38.01000 0.69411184
38.02000 0.69405382
38.03000 0.69399581
38.04000 0.69393782
38.05000 0.69387986
38.06000 0.69382191
38.07000 0.69376398
38.08000 0.69370607
38.09000 0.69364819
38.10000 0.69359032
38.11000 0.69353247
38.12000 0.69347464
38.13000 0.69341683
38.14000 0.69335905
38.15000 0.69330128
38.16000 0.69324353
38.17000 0.69318580
38.18000 0.69312809
38.19000 0.69307040
38.20000 0.69301273
38.21000 0.69295508
38.22000 0.69289744
38.23000 0.69283983
38.24000 0.69278224
38.25000 0.69272467
38.26000 0.69266712
38.27000 0.69260958
38.28000 0.69255207
38.29000 0.69249457
38.30000 0.69243710
38.31000 0.69237964
38.32000 0.69232221
38.33000 0.69226479
38.34000 0.69220740
38.35000 0.69215002
38.36000 0.69209266
38.37000 0.69203532
38.38000 0.69197801
38.39000 0.69192071
38.40000 0.69186343
38.41000 0.69180617
38.42000 0.69174892
38.43000 0.69169170
38.44000 0.69163450
38.45000 0.69157732
38.46000 0.69152015
38.47000 0.69146301
38.48000 0.69140589
38.49000 0.69134878
38.50000 0.69129169
38.51000 0.69123463
38.52000 0.69117758
38.53000 0.69112055
38.54000 0.69106354
38.55000 0.69100655
38.56000 0.69094958
38.57000 0.69089263
38.58000 0.69083570
38.59000 0.69077879
38.60000 0.69072189
38.61000 0.69066502
38.62000 0.69060816
38.63000 0.69055133
38.64000 0.69049451
38.65000 0.69043771
38.66000 0.69038093
38.67000 0.69032417
38.68000 0.69026743
38.69000 0.69021071
38.70000 0.69015401
38.71000 0.69009733
38.72000 0.69004066
38.73000 0.68998402
38.74000 0.68992739
38.75000 0.68987078
38.76000 0.68981420
38.77000 0.68975763
38.78000 0.68970108
38.79000 0.68964455
38.80000 0.68958803
38.81000 0.68953154
38.82000 0.68947507
38.83000 0.68941861
38.84000 0.68936218
38.85000 0.68930576
38.86000 0.68924936
38.87000 0.68919298
38.88000 0.68913662
38.89000 0.68908028
38.90000 0.68902396
38.91000 0.68896765
38.92000 0.68891137
38.93000 0.68885510
38.94000 0.68879885
38.95000 0.68874262
38.96000 0.68868641
38.97000 0.68863022
38.98000 0.68857405
38.99000 0.68851790
39.00000 0.68846176
39.01000 0.68840565
39.02000 0.68834955
39.03000 0.68829347
39.04000 0.68823741
39.05000 0.68818137
39.06000 0.68812535
39.07000 0.68806934
39.08000 0.68801336
39.09000 0.68795739
39.10000 0.68790144
39.11000 0.68784551
39.12000 0.68778960
39.13000 0.68773371
39.14000 0.68767784
39.15000 0.68762198
39.16000 0.68756614
39.17000 0.68751033
39.18000 0.68745453
39.19000 0.68739875
39.20000 0.68734298
39.21000 0.68728724
39.22000 0.68723152
39.23000 0.68717581
39.24000 0.68712012
39.25000 0.68706445
39.26000 0.68700880
39.27000 0.68695317
39.28000 0.68689755
39.29000 0.68684196
39.30000 0.68678638
39.31000 0.68673082
39.32000 0.68667528
39.33000 0.68661976
39.34000 0.68656426
39.35000 0.68650877
39.36000 0.68645330
39.37000 0.68639785
39.38000 0.68634242
39.39000 0.68628701
39.40000 0.68623162
39.41000 0.68617624
39.42000 0.68612089
39.43000 0.68606555
39.44000 0.68601023
39.45000 0.68595492
39.46000 0.68589964
39.47000 0.68584437
39.48000 0.68578913
39.49000 0.68573390
39.50000 0.68567869
39.51000 0.68562349
39.52000 0.68556832
39.53000 0.68551316
39.54000 0.68545802
39.55000 0.68540290
39.56000 0.68534780
39.57000 0.68529272
39.58000 0.68523765
39.59000 0.68518260
39.60000 0.68512757
39.61000 0.68507256
39.62000 0.68501757
39.63000 0.68496259
39.64000 0.68490764
39.65000 0.68485270
39.66000 0.68479778
39.67000 0.68474287
39.68000 0.68468799
39.69000 0.68463312
39.70000 0.68457827
39.71000 0.68452344
39.72000 0.68446863
39.73000 0.68441383
39.74000 0.68435905
39.75000 0.68430430
39.76000 0.68424955
39.77000 0.68419483
39.78000 0.68414013
39.79000 0.68408544
39.80000 0.68403077
39.81000 0.68397612
39.82000 0.68392148
39.83000 0.68386687
39.84000 0.68381227
39.85000 0.68375769
39.86000 0.68370313
39.87000 0.68364858
39.88000 0.68359405
39.89000 0.68353955
39.90000 0.68348505
39.91000 0.68343058
39.92000 0.68337613
39.93000 0.68332169
39.94000 0.68326727
39.95000 0.68321287
39.96000 0.68315848
39.97000 0.68310411
39.98000 0.68304976
39.99000 0.68299543
40.00000 0.68294112
40.01000 0.68288682
40.02000 0.68283254
40.03000 0.68277828
40.04000 0.68272404
40.05000 0.68266982
40.06000 0.68261561
40.07000 0.68256142
40.08000 0.68250724
40.09000 0.68245309
40.10000 0.68239895
40.11000 0.68234483
40.12000 0.68229073
40.13000 0.68223665
40.14000 0.68218258
40.15000 0.68212853
40.16000 0.68207450
40.17000 0.68202048
40.18000 0.68196648
40.19000 0.68191251
40.20000 0.68185854
40.21000 0.68180460
40.22000 0.68175067
40.23000 0.68169676
40.24000 0.68164287
40.25000 0.68158900
40.26000 0.68153514
40.27000 0.68148130
40.28000 0.68142748
40.29000 0.68137367
40.30000 0.68131988
40.31000 0.68126611
40.32000 0.68121236
40.33000 0.68115862
40.34000 0.68110491
40.35000 0.68105121
40.36000 0.68099752
40.37000 0.68094386
40.38000 0.68089021
40.39000 0.68083658
40.40000 0.68078296
40.41000 0.68072936
40.42000 0.68067578
40.43000 0.68062222
40.44000 0.68056868
40.45000 0.68051515
40.46000 0.68046164
40.47000 0.68040814
40.48000 0.68035467
40.49000 0.68030121
40.50000 0.68024777
40.51000 0.68019434
40.52000 0.68014094
40.53000 0.68008755
40.54000 0.68003417
40.55000 0.67998082
40.56000 0.67992748
40.57000 0.67987416
40.58000 0.67982085
40.59000 0.67976756
40.60000 0.67971429
40.61000 0.67966104
40.62000 0.67960780
40.63000 0.67955458
40.64000 0.67950138
40.65000 0.67944820
40.66000 0.67939503
40.67000 0.67934188
40.68000 0.67928874
40.69000 0.67923563
40.70000 0.67918253
40.71000 0.67912944
40.72000 0.67907638
40.73000 0.67902333
40.74000 0.67897030
40.75000 0.67891728
40.76000 0.67886428
40.77000 0.67881130
40.78000 0.67875834
40.79000 0.67870539
40.80000 0.67865246
40.81000 0.67859955
40.82000 0.67854665
40.83000 0.67849377
40.84000 0.67844091
40.85000 0.67838806
40.86000 0.67833523
40.87000 0.67828242
40.88000 0.67822963
40.89000 0.67817685
40.90000 0.67812408
40.91000 0.67807134
40.92000 0.67801861
40.93000 0.67796590
40.94000 0.67791321
40.95000 0.67786053
40.96000 0.67780787
40.97000 0.67775522
40.98000 0.67770259
40.99000 0.67764998
41.00000 0.67759739
41.01000 0.67754481
41.02000 0.67749225
41.03000 0.67743971
41.04000 0.67738718
41.05000 0.67733467
41.06000 0.67728217
41.07000 0.67722970
41.08000 0.67717724
41.09000 0.67712479
41.10000 0.67707236
41.11000 0.67701995
41.12000 0.67696756
41.13000 0.67691518
41.14000 0.67686282
41.15000 0.67681048
41.16000 0.67675815
41.17000 0.67670584
41.18000 0.67665354
41.19000 0.67660126
41.20000 0.67654900
41.21000 0.67649676
41.22000 0.67644453
41.23000 0.67639231
41.24000 0.67634012
41.25000 0.67628794
41.26000 0.67623578
41.27000 0.67618363
41.28000 0.67613150
41.29000 0.67607939
41.30000 0.67602729
41.31000 0.67597521
41.32000 0.67592315
41.33000 0.67587110
41.34000 0.67581907
41.35000 0.67576705
41.36000 0.67571505
41.37000 0.67566307
41.38000 0.67561110
41.39000 0.67555916
41.40000 0.67550722
41.41000 0.67545531
41.42000 0.67540340
41.43000 0.67535152
41.44000 0.67529965
41.45000 0.67524780
41.46000 0.67519597
41.47000 0.67514415
41.48000 0.67509235
41.49000 0.67504056
41.50000 0.67498879
41.51000 0.67493703
41.52000 0.67488530
41.53000 0.67483358
41.54000 0.67478187
41.55000 0.67473018
41.56000 0.67467851
41.57000 0.67462685
41.58000 0.67457521
41.59000 0.67452359
41.60000 0.67447198
41.61000 0.67442039
41.62000 0.67436881
41.63000 0.67431725
41.64000 0.67426571
41.65000 0.67421418
41.66000 0.67416267
41.67000 0.67411118
41.68000 0.67405970
41.69000 0.67400823
41.70000 0.67395679
41.71000 0.67390536
41.72000 0.67385394
41.73000 0.67380254
41.74000 0.67375116
41.75000 0.67369980
41.76000 0.67364844
41.77000 0.67359711
41.78000 0.67354579
41.79000 0.67349449
41.80000 0.67344320
41.81000 0.67339193
41.82000 0.67334068
41.83000 0.67328944
41.84000 0.67323822
41.85000 0.67318701
41.86000 0.67313582
41.87000 0.67308464
41.88000 0.67303349
41.89000 0.67298234
41.90000 0.67293122
41.91000 0.67288011
41.92000 0.67282901
41.93000 0.67277793
41.94000 0.67272687
41.95000 0.67267582
41.96000 0.67262479
41.97000 0.67257377
41.98000 0.67252277
41.99000 0.67247179
42.00000 0.67242082
42.01000 0.67236987
42.02000 0.67231893
42.03000 0.67226801
42.04000 0.67221710
42.05000 0.67216621
42.06000 0.67211534
42.07000 0.67206448
42.08000 0.67201364
42.09000 0.67196281
42.10000 0.67191200
42.11000 0.67186121
42.12000 0.67181043
42.13000 0.67175967
42.14000 0.67170892
42.15000 0.67165819
42.16000 0.67160747
42.17000 0.67155677
42.18000 0.67150608
42.19000 0.67145541
42.20000 0.67140476
42.21000 0.67135412
42.22000 0.67130350
42.23000 0.67125289
42.24000 0.67120230
42.25000 0.67115172
42.26000 0.67110116
42.27000 0.67105062
42.28000 0.67100009
42.29000 0.67094958
42.30000 0.67089908
42.31000 0.67084860
42.32000 0.67079813
42.33000 0.67074768
42.34000 0.67069724
42.35000 0.67064682
42.36000 0.67059642
42.37000 0.67054603
42.38000 0.67049566
42.39000 0.67044530
42.40000 0.67039495
42.41000 0.67034463
42.42000 0.67029432
42.43000 0.67024402
42.44000 0.67019374
42.45000 0.67014347
42.46000 0.67009322
42.47000 0.67004299
42.48000 0.66999277
42.49000 0.66994257
42.50000 0.66989238
42.51000 0.66984220
42.52000 0.66979205
42.53000 0.66974190
42.54000 0.66969178
42.55000 0.66964167
42.56000 0.66959157
42.57000 0.66954149
42.58000 0.66949142
42.59000 0.66944137
42.60000 0.66939134
42.61000 0.66934132
42.62000 0.66929131
42.63000 0.66924132
42.64000 0.66919135
42.65000 0.66914139
42.66000 0.66909145
42.67000 0.66904152
42.68000 0.66899161
42.69000 0.66894171
42.70000 0.66889183
42.71000 0.66884196
42.72000 0.66879211
42.73000 0.66874227
42.74000 0.66869245
42.75000 0.66864264
42.76000 0.66859285
42.77000 0.66854308
42.78000 0.66849332
42.79000 0.66844357
42.80000 0.66839384
42.81000 0.66834413
42.82000 0.66829443
42.83000 0.66824474
42.84000 0.66819507
42.85000 0.66814542
42.86000 0.66809578
42.87000 0.66804615
42.88000 0.66799654
42.89000 0.66794695
42.90000 0.66789737
42.91000 0.66784780
42.92000 0.66779825
42.93000 0.66774872
42.94000 0.66769920
42.95000 0.66764970
42.96000 0.66760021
42.97000 0.66755073
42.98000 0.66750127
42.99000 0.66745183
43.00000 0.66740240
43.01000 0.66735298
43.02000 0.66730359
43.03000 0.66725420
43.04000 0.66720483
43.05000 0.66715548
43.06000 0.66710614
43.07000 0.66705681
43.08000 0.66700750
43.09000 0.66695821
43.10000 0.66690893
43.11000 0.66685966
43.12000 0.66681041
43.13000 0.66676118
43.14000 0.66671196
43.15000 0.66666275
43.16000 0.66661356
43.17000 0.66656439
43.18000 0.66651523
43.19000 0.66646608
43.20000 0.66641695
43.21000 0.66636783
43.22000 0.66631873
43.23000 0.66626964
43.24000 0.66622057
43.25000 0.66617151
43.26000 0.66612247
43.27000 0.66607344
43.28000 0.66602443
43.29000 0.66597543
43.30000 0.66592645
43.31000 0.66587748
43.32000 0.66582853
43.33000 0.66577959
43.34000 0.66573066
43.35000 0.66568175
43.36000 0.66563286
43.37000 0.66558398
43.38000 0.66553511
43.39000 0.66548626
43.40000 0.66543742
43.41000 0.66538860
43.42000 0.66533979
43.43000 0.66529100
43.44000 0.66524222
43.45000 0.66519346
43.46000 0.66514471
43.47000 0.66509598
43.48000 0.66504726
43.49000 0.66499855
43.50000 0.66494986
43.51000 0.66490119
43.52000 0.66485253
43.53000 0.66480388
43.54000 0.66475525
43.55000 0.66470663
43.56000 0.66465803
43.57000 0.66460944
43.58000 0.66456087
43.59000 0.66451231
43.60000 0.66446376
43.61000 0.66441523
43.62000 0.66436672
43.63000 0.66431822
43.64000 0.66426973
43.65000 0.66422126
43.66000 0.66417280
43.67000 0.66412436
43.68000 0.66407593
43.69000 0.66402751
43.70000 0.66397911
43.71000 0.66393073
43.72000 0.66388236
43.73000 0.66383400
43.74000 0.66378566
43.75000 0.66373733
43.76000 0.66368902
43.77000 0.66364072
43.78000 0.66359243
43.79000 0.66354416
43.80000 0.66349590
43.81000 0.66344766
43.82000 0.66339944
43.83000 0.66335122
43.84000 0.66330302
43.85000 0.66325484
43.86000 0.66320667
43.87000 0.66315851
43.88000 0.66311037
43.89000 0.66306224
43.90000 0.66301413
43.91000 0.66296603
43.92000 0.66291795
43.93000 0.66286988
43.94000 0.66282182
43.95000 0.66277378
43.96000 0.66272575
43.97000 0.66267774
43.98000 0.66262974
43.99000 0.66258176
44.00000 0.66253379
44.01000 0.66248583
44.02000 0.66243789
44.03000 0.66238996
44.04000 0.66234205
44.05000 0.66229415
44.06000 0.66224626
44.07000 0.66219839
44.08000 0.66215053
44.09000 0.66210269
44.10000 0.66205486
44.11000 0.66200705
44.12000 0.66195925
44.13000 0.66191146
44.14000 0.66186369
44.15000 0.66181593
44.16000 0.66176819
44.17000 0.66172046
44.18000 0.66167274
44.19000 0.66162504
44.20000 0.66157735
44.21000 0.66152968
44.22000 0.66148202
44.23000 0.66143437
44.24000 0.66138674
44.25000 0.66133912
44.26000 0.66129152
44.27000 0.66124393
44.28000 0.66119635
44.29000 0.66114879
44.30000 0.66110125
44.31000 0.66105371
44.32000 0.66100619
44.33000 0.66095869
44.34000 0.66091119
44.35000 0.66086372
44.36000 0.66081625
44.37000 0.66076880
44.38000 0.66072137
44.39000 0.66067395
44.40000 0.66062654
44.41000 0.66057914
44.42000 0.66053176
44.43000 0.66048440
44.44000 0.66043704
44.45000 0.66038971
44.46000 0.66034238
44.47000 0.66029507
44.48000 0.66024777
44.49000 0.66020049
44.50000 0.66015322
44.51000 0.66010596
44.52000 0.66005872
44.53000 0.66001150
44.54000 0.65996428
44.55000 0.65991708
44.56000 0.65986989
44.57000 0.65982272
44.58000 0.65977556
44.59000 0.65972842
44.60000 0.65968129
44.61000 0.65963417
44.62000 0.65958707
44.63000 0.65953998
44.64000 0.65949290
44.65000 0.65944584
44.66000 0.65939879
44.67000 0.65935175
44.68000 0.65930473
44.69000 0.65925772
44.70000 0.65921073
44.71000 0.65916375
44.72000 0.65911678
44.73000 0.65906983
44.74000 0.65902289
44.75000 0.65897597
44.76000 0.65892905
44.77000 0.65888216
44.78000 0.65883527
44.79000 0.65878840
44.80000 0.65874154
44.81000 0.65869470
44.82000 0.65864787
44.83000 0.65860105
44.84000 0.65855425
44.85000 0.65850746
44.86000 0.65846069
44.87000 0.65841392
44.88000 0.65836717
44.89000 0.65832044
44.90000 0.65827372
44.91000 0.65822701
44.92000 0.65818032
44.93000 0.65813364
44.94000 0.65808697
44.95000 0.65804031
44.96000 0.65799367
44.97000 0.65794705
44.98000 0.65790043
44.99000 0.65785384
45.00000 0.65780725
45.01000 0.65776068
45.02000 0.65771412
45.03000 0.65766757
45.04000 0.65762104
45.05000 0.65757452
45.06000 0.65752802
45.07000 0.65748152
45.08000 0.65743504
45.09000 0.65738858
45.10000 0.65734213
45.11000 0.65729569
45.12000 0.65724927
45.13000 0.65720285
45.14000 0.65715646
45.15000 0.65711007
45.16000 0.65706370
45.17000 0.65701734
45.18000 0.65697100
45.19000 0.65692467
45.20000 0.65687835
45.21000 0.65683204
45.22000 0.65678575
45.23000 0.65673948
45.24000 0.65669321
45.25000 0.65664696
45.26000 0.65660072
45.27000 0.65655450
45.28000 0.65650829
45.29000 0.65646209
45.30000 0.65641590
45.31000 0.65636973
45.32000 0.65632358
45.33000 0.65627743
45.34000 0.65623130
45.35000 0.65618518
45.36000 0.65613908
45.37000 0.65609298
45.38000 0.65604691
45.39000 0.65600084
45.40000 0.65595479
45.41000 0.65590875
45.42000 0.65586272
45.43000 0.65581671
45.44000 0.65577071
45.45000 0.65572473
45.46000 0.65567875
45.47000 0.65563279
45.48000 0.65558685
45.49000 0.65554091
45.50000 0.65549499
45.51000 0.65544909
45.52000 0.65540319
45.53000 0.65535731
45.54000 0.65531144
45.55000 0.65526559
45.56000 0.65521975
45.57000 0.65517392
45.58000 0.65512810
45.59000 0.65508230
45.60000 0.65503651
45.61000 0.65499074
45.62000 0.65494497
45.63000 0.65489922
45.64000 0.65485349
45.65000 0.65480776
45.66000 0.65476205
45.67000 0.65471635
45.68000 0.65467067
45.69000 0.65462500
45.70000 0.65457934
45.71000 0.65453369
45.72000 0.65448806
45.73000 0.65444244
45.74000 0.65439683
45.75000 0.65435124
45.76000 0.65430566
45.77000 0.65426009
45.78000 0.65421454
45.79000 0.65416900
45.80000 0.65412347
45.81000 0.65407795
45.82000 0.65403245
45.83000 0.65398696
45.84000 0.65394148
45.85000 0.65389602
45.86000 0.65385057
45.87000 0.65380513
45.88000 0.65375970
45.89000 0.65371429
45.90000 0.65366889
45.91000 0.65362350
45.92000 0.65357813
45.93000 0.65353277
45.94000 0.65348742
45.95000 0.65344208
45.96000 0.65339676
45.97000 0.65335145
45.98000 0.65330616
45.99000 0.65326087
46.00000 0.65321560
46.01000 0.65317034
46.02000 0.65312510
46.03000 0.65307986
46.04000 0.65303464
46.05000 0.65298944
46.06000 0.65294424
46.07000 0.65289906
46.08000 0.65285389
46.09000 0.65280874
46.10000 0.65276359
46.11000 0.65271846
46.12000 0.65267335
46.13000 0.65262824
46.14000 0.65258315
46.15000 0.65253807
46.16000 0.65249300
46.17000 0.65244795
46.18000 0.65240291
46.19000 0.65235788
46.20000 0.65231286
46.21000 0.65226786
46.22000 0.65222287
46.23000 0.65217789
46.24000 0.65213293
46.25000 0.65208797
46.26000 0.65204303
46.27000 0.65199811
46.28000 0.65195319
46.29000 0.65190829
46.30000 0.65186340
46.31000 0.65181852
46.32000 0.65177366
46.33000 0.65172881
46.34000 0.65168397
46.35000 0.65163914
46.36000 0.65159433
46.37000 0.65154953
46.38000 0.65150474
46.39000 0.65145996
46.40000 0.65141520
46.41000 0.65137045
46.42000 0.65132571
46.43000 0.65128098
46.44000 0.65123627
46.45000 0.65119157
46.46000 0.65114688
46.47000 0.65110221
46.48000 0.65105754
46.49000 0.65101289
46.50000 0.65096825
46.51000 0.65092363
46.52000 0.65087902
46.53000 0.65083442
46.54000 0.65078983
46.55000 0.65074525
46.56000 0.65070069
46.57000 0.65065614
46.58000 0.65061160
46.59000 0.65056707
46.60000 0.65052256
46.61000 0.65047806
46.62000 0.65043357
46.63000 0.65038910
46.64000 0.65034463
46.65000 0.65030018
46.66000 0.65025574
46.67000 0.65021132
46.68000 0.65016690
46.69000 0.65012250
46.70000 0.65007811
46.71000 0.65003373
46.72000 0.64998937
46.73000 0.64994502
46.74000 0.64990068
46.75000 0.64985635
46.76000 0.64981204
46.77000 0.64976773
46.78000 0.64972344
46.79000 0.64967916
46.80000 0.64963490
46.81000 0.64959065
46.82000 0.64954640
46.83000 0.64950218
46.84000 0.64945796
46.85000 0.64941375
46.86000 0.64936956
46.87000 0.64932538
46.88000 0.64928122
46.89000 0.64923706
46.90000 0.64919292
46.91000 0.64914879
46.92000 0.64910467
46.93000 0.64906056
46.94000 0.64901647
46.95000 0.64897239
46.96000 0.64892832
46.97000 0.64888426
46.98000 0.64884022
46.99000 0.64879618
47.00000 0.64875216
47.01000 0.64870815
47.02000 0.64866416
47.03000 0.64862017
47.04000 0.64857620
47.05000 0.64853224
47.06000 0.64848830
47.07000 0.64844436
47.08000 0.64840044
47.09000 0.64835653
47.10000 0.64831263
47.11000 0.64826874
47.12000 0.64822487
47.13000 0.64818100
47.14000 0.64813715
47.15000 0.64809331
47.16000 0.64804949
47.17000 0.64800567
47.18000 0.64796187
47.19000 0.64791808
47.20000 0.64787430
47.21000 0.64783054
47.22000 0.64778679
47.23000 0.64774304
47.24000 0.64769931
47.25000 0.64765560
47.26000 0.64761189
47.27000 0.64756820
47.28000 0.64752452
47.29000 0.64748085
47.30000 0.64743719
47.31000 0.64739354
47.32000 0.64734991
47.33000 0.64730629
47.34000 0.64726268
47.35000 0.64721908
47.36000 0.64717550
47.37000 0.64713193
47.38000 0.64708836
47.39000 0.64704481
47.40000 0.64700128
47.41000 0.64695775
47.42000 0.64691424
47.43000 0.64687074
47.44000 0.64682725
47.45000 0.64678377
47.46000 0.64674030
47.47000 0.64669685
47.48000 0.64665341
47.49000 0.64660998
47.50000 0.64656656
47.51000 0.64652315
47.52000 0.64647976
47.53000 0.64643638
47.54000 0.64639301
47.55000 0.64634965
47.56000 0.64630630
47.57000 0.64626297
47.58000 0.64621964
47.59000 0.64617633
47.60000 0.64613303
47.61000 0.64608975
47.62000 0.64604647
47.63000 0.64600321
47.64000 0.64595995
47.65000 0.64591671
47.66000 0.64587349
47.67000 0.64583027
47.68000 0.64578706
47.69000 0.64574387
47.70000 0.64570069
47.71000 0.64565752
47.72000 0.64561436
47.73000 0.64557122
47.74000 0.64552808
47.75000 0.64548496
47.76000 0.64544185
47.77000 0.64539875
47.78000 0.64535566
47.79000 0.64531259
47.80000 0.64526953
47.81000 0.64522647
47.82000 0.64518343
47.83000 0.64514041
47.84000 0.64509739
47.85000 0.64505438
47.86000 0.64501139
47.87000 0.64496841
47.88000 0.64492544
47.89000 0.64488248
47.90000 0.64483953
47.91000 0.64479660
47.92000 0.64475368
47.93000 0.64471076
47.94000 0.64466786
47.95000 0.64462498
47.96000 0.64458210
47.97000 0.64453923
47.98000 0.64449638
47.99000 0.64445354
48.00000 0.64441071
48.01000 0.64436789
48.02000 0.64432508
48.03000 0.64428229
48.04000 0.64423951
48.05000 0.64419673
48.06000 0.64415397
48.07000 0.64411122
48.08000 0.64406849
48.09000 0.64402576
48.10000 0.64398305
48.11000 0.64394034
48.12000 0.64389765
48.13000 0.64385497
48.14000 0.64381231
48.15000 0.64376965
48.16000 0.64372700
48.17000 0.64368437
48.18000 0.64364175
48.19000 0.64359914
48.20000 0.64355654
48.21000 0.64351395
48.22000 0.64347138
48.23000 0.64342881
48.24000 0.64338626
48.25000 0.64334372
48.26000 0.64330119
48.27000 0.64325867
48.28000 0.64321616
48.29000 0.64317367
48.30000 0.64313118
48.31000 0.64308871
48.32000 0.64304625
48.33000 0.64300380
48.34000 0.64296136
48.35000 0.64291893
48.36000 0.64287652
48.37000 0.64283411
48.38000 0.64279172
48.39000 0.64274934
48.40000 0.64270697
48.41000 0.64266461
48.42000 0.64262227
48.43000 0.64257993
48.44000 0.64253761
48.45000 0.64249529
48.46000 0.64245299
48.47000 0.64241070
48.48000 0.64236842
48.49000 0.64232615
48.50000 0.64228390
48.51000 0.64224165
48.52000 0.64219942
48.53000 0.64215720
48.54000 0.64211499
48.55000 0.64207279
48.56000 0.64203060
48.57000 0.64198842
48.58000 0.64194626
48.59000 0.64190410
48.60000 0.64186196
48.61000 0.64181983
48.62000 0.64177771
48.63000 0.64173560
48.64000 0.64169350
48.65000 0.64165141
48.66000 0.64160934
48.67000 0.64156727
48.68000 0.64152522
48.69000 0.64148318
48.70000 0.64144115
48.71000 0.64139913
48.72000 0.64135712
48.73000 0.64131513
48.74000 0.64127314
48.75000 0.64123117
48.76000 0.64118920
48.77000 0.64114725
48.78000 0.64110531
48.79000 0.64106338
48.80000 0.64102146
48.81000 0.64097956
48.82000 0.64093766
48.83000 0.64089578
48.84000 0.64085390
48.85000 0.64081204
48.86000 0.64077019
48.87000 0.64072835
48.88000 0.64068652
48.89000 0.64064470
48.90000 0.64060289
48.91000 0.64056110
48.92000 0.64051931
48.93000 0.64047754
48.94000 0.64043578
48.95000 0.64039403
48.96000 0.64035229
48.97000 0.64031056
48.98000 0.64026884
48.99000 0.64022713
49.00000 0.64018544
49.01000 0.64014375
49.02000 0.64010208
49.03000 0.64006042
49.04000 0.64001877
49.05000 0.63997713
49.06000 0.63993550
49.07000 0.63989388
49.08000 0.63985227
49.09000 0.63981067
49.10000 0.63976909
49.11000 0.63972751
49.12000 0.63968595
49.13000 0.63964440
49.14000 0.63960286
49.15000 0.63956133
49.16000 0.63951981
49.17000 0.63947830
49.18000 0.63943680
49.19000 0.63939532
49.20000 0.63935384
49.21000 0.63931238
49.22000 0.63927092
49.23000 0.63922948
49.24000 0.63918805
49.25000 0.63914663
49.26000 0.63910522
49.27000 0.63906382
49.28000 0.63902243
49.29000 0.63898106
49.30000 0.63893969
49.31000 0.63889834
49.32000 0.63885699
49.33000 0.63881566
49.34000 0.63877434
49.35000 0.63873303
49.36000 0.63869173
49.37000 0.63865044
49.38000 0.63860916
49.39000 0.63856789
49.40000 0.63852663
49.41000 0.63848539
49.42000 0.63844415
49.43000 0.63840293
49.44000 0.63836171
49.45000 0.63832051
49.46000 0.63827932
49.47000 0.63823814
49.48000 0.63819697
49.49000 0.63815581
49.50000 0.63811466
49.51000 0.63807352
49.52000 0.63803240
49.53000 0.63799128
49.54000 0.63795018
49.55000 0.63790908
49.56000 0.63786800
49.57000 0.63782693
49.58000 0.63778586
49.59000 0.63774481
49.60000 0.63770377
49.61000 0.63766274
49.62000 0.63762172
49.63000 0.63758071
49.64000 0.63753972
49.65000 0.63749873
49.66000 0.63745775
49.67000 0.63741679
49.68000 0.63737584
49.69000 0.63733489
49.70000 0.63729396
49.71000 0.63725304
49.72000 0.63721212
49.73000 0.63717122
49.74000 0.63713033
49.75000 0.63708945
49.76000 0.63704858
49.77000 0.63700773
49.78000 0.63696688
49.79000 0.63692604
49.80000 0.63688522
49.81000 0.63684440
49.82000 0.63680360
49.83000 0.63676280
49.84000 0.63672202
49.85000 0.63668125
49.86000 0.63664048
49.87000 0.63659973
49.88000 0.63655899
49.89000 0.63651826
49.90000 0.63647754
49.91000 0.63643683
49.92000 0.63639613
49.93000 0.63635544
49.94000 0.63631477
49.95000 0.63627410
49.96000 0.63623344
49.97000 0.63619280
49.98000 0.63615216
49.99000 0.63611154
50.00000 0.63607093
50.01000 0.63603032
50.02000 0.63598973
50.03000 0.63594915
50.04000 0.63590858
50.05000 0.63586802
50.06000 0.63582747
50.07000 0.63578693
50.08000 0.63574640
50.09000 0.63570588
50.10000 0.63566537
50.11000 0.63562487
50.12000 0.63558438
50.13000 0.63554391
50.14000 0.63550344
50.15000 0.63546298
50.16000 0.63542254
50.17000 0.63538210
50.18000 0.63534168
50.19000 0.63530127
50.20000 0.63526086
50.21000 0.63522047
50.22000 0.63518009
50.23000 0.63513972
50.24000 0.63509935
50.25000 0.63505900
